Pi:  0.282017  0.318565 0.0994968  0.299922
S:  0.110239  0.275494 0.0991724  0.089524  0.325916 0.0996543
