Pi: 0.282982 0.317864 0.100079 0.299076
S:  0.109118   0.27696  0.100036 0.0901712  0.323772 0.0999429
