
Alignment summary:
A: A=441 C=472 G=132 T=455
B: A=439 C=475 G=133 T=453
C: A=438 C=476 G=132 T=454
D: A=439 C=475 G=134 T=452
E: A=441 C=471 G=143 T=445
F: A=434 C=470 G=146 T=450
G: A=443 C=474 G=146 T=437
H: A=437 C=477 G=146 T=440
I: A=434 C=470 G=154 T=442
J: A=433 C=472 G=152 T=443
K: A=432 C=483 G=150 T=435
L: A=425 C=483 G=152 T=440
M: A=427 C=472 G=150 T=451
N: A=428 C=479 G=154 T=439
O: A=424 C=481 G=155 T=440
P: A=433 C=477 G=149 T=441

Seed = 2993630992
Jukes-Cantor Distance Matrix:

         0 0.00602413  0.0100673  0.0107432  0.0661682  0.0727504  0.0823611  0.0756944   0.205828   0.205828   0.202327   0.204075   0.206705   0.216429   0.200583   0.219102
0.00602413          0 0.00871713 0.00939189  0.0654404  0.0720162  0.0816175  0.0749573   0.204075   0.204075   0.200583   0.201454   0.204951   0.215539   0.199712    0.21821
 0.0100673 0.00871713          0 0.00468125  0.0683558  0.0749573  0.0845966  0.0779101   0.205828   0.206705   0.202327   0.204075   0.205828   0.214651   0.202327   0.219102
 0.0107432 0.00939189 0.00468125          0  0.0690865  0.0756944  0.0853433  0.0786501   0.206705   0.207584   0.203201   0.204951   0.204951   0.216429   0.201454   0.219996
 0.0661682  0.0654404  0.0683558  0.0690865          0  0.0216426  0.0404023  0.0333994   0.197974   0.198843   0.192784   0.197107   0.199712   0.200583   0.191062   0.212878
 0.0727504  0.0720162  0.0749573  0.0756944  0.0216426          0  0.0474711   0.039699   0.207584   0.208464   0.202327   0.204075   0.209345   0.209345   0.204075    0.22089
 0.0823611  0.0816175  0.0845966  0.0853433  0.0404023  0.0474711          0  0.0299224   0.216429    0.21821   0.213764   0.217319   0.217319   0.221786   0.211109   0.229894
 0.0756944  0.0749573  0.0779101  0.0786501  0.0333994   0.039699  0.0299224          0   0.205828   0.205828   0.200583   0.206705   0.210226   0.212878   0.204075   0.225379
  0.205828   0.204075   0.205828   0.206705   0.197974   0.207584   0.216429   0.205828          0  0.0230162  0.0538906  0.0801323   0.101197   0.129179   0.145998   0.185065
  0.205828   0.204075   0.206705   0.207584   0.198843   0.208464    0.21821   0.205828  0.0230162          0  0.0524593  0.0793908   0.095875   0.129179   0.145189   0.187629
  0.202327   0.200583   0.202327   0.203201   0.192784   0.202327   0.213764   0.200583  0.0538906  0.0524593          0   0.074221  0.0951178   0.122085   0.131559   0.179963
  0.204075   0.201454   0.204075   0.204951   0.197107   0.204075   0.217319   0.206705  0.0801323  0.0793908   0.074221          0    0.10196   0.129972    0.14762   0.184212
  0.206705   0.204951   0.205828   0.204951   0.199712   0.209345   0.217319   0.210226   0.101197   0.095875  0.0951178    0.10196          0   0.122085   0.141154   0.187629
  0.216429   0.215539   0.214651   0.216429   0.200583   0.209345   0.221786   0.212878   0.129179   0.129179   0.122085   0.129972   0.122085          0   0.145998   0.188486
  0.200583   0.199712   0.202327   0.201454   0.191062   0.204075   0.211109   0.204075   0.145998   0.145189   0.131559    0.14762   0.141154   0.145998          0   0.183361
  0.219102    0.21821   0.219102   0.219996   0.212878    0.22089   0.229894   0.225379   0.185065   0.187629   0.179963   0.184212   0.187629   0.188486   0.183361          0


JC Tree topology:
(1,2,((3,4),(((5,6),(7,8)),(((((((9,10),11),12),13),14),15),16))));

MLE Branch Lengths
((15:0.0719732,((((1:0.0040629,2:0.0026043):0.0000100,(4:0.0027039,3:0.0020342):0.0041652):0.0346769,((6:0.0144501,5:0.0073872):0.0047905,(7:0.0183618,8:0.0115359):0.0100405):0.0172636):0.0871065,16:0.0996483):0.0144887):0.0119536,14:0.0656372,((((10:0.0107447,9:0.0121464):0.0178285,11:0.0244571):0.0096074,12:0.0407093):0.0104961,13:0.0480658):0.0122179);
stationary acceptance: 0.317016
symmetric acceptance: 0.442102
branch length acceptance: 0.906644
avgP: 0.282982 0.317864 0.100079 0.299076
sP: 0.000116469 0.000129961 2.68102e-05 0.000106029
avgS:  0.109118   0.27696  0.100036 0.0901712  0.323772 0.0999429
sS: 0.000132489  0.00028959 9.12796e-05 0.000103734  0.00029448 8.35136e-05
0.282982 0.317864 0.100079 0.299076
 0.109118   0.27696  0.100036 0.0901712  0.323772 0.0999429

-0.858913    0.1928   0.48936  0.176753
 0.171642 -0.822775  0.141839  0.509294
  1.38371  0.450502  -2.33354  0.499322
 0.167242  0.541288  0.167086 -0.875616

mean p: 0.282982 0.317864 0.100079 0.299076
var p: 0.000116469 0.000129961 2.68102e-05 0.000106029
Scale for p0 is 1742.12
Scale for p1 is 1668.39
Scale for p2 is 3359.28
Scale for p3 is 1977.1
Dirichlet for P scale: 1668.39
mean s:  0.109118   0.27696  0.100036 0.0901712  0.323772 0.0999429
var s: 0.000132489  0.00028959 9.12796e-05 0.000103734  0.00029448 8.35136e-05
Scale for s0 is 733.731
Scale for s1 is 691.506
Scale for s2 is 986.296
Scale for s3 is 790.869
Scale for s4 is 743.492
Scale for s5 is 1077.12
Dirichlet for QP scale: 691.506
GTR Distance Matrix:

         0 0.00613587  0.0102677  0.0109427  0.0682204  0.0749738   0.084844  0.0779691   0.216033   0.216037   0.213082   0.214568   0.217548   0.227072   0.209963   0.231563
0.00613587          0 0.00889078  0.0095664  0.0674754  0.0742231  0.0840848   0.077216     0.2142   0.214205   0.211249   0.211843   0.215708   0.226173   0.209035   0.230641
 0.0102677 0.00889078          0 0.00476717  0.0705944  0.0773775  0.0872922  0.0803857   0.216414   0.217277   0.213458   0.214947   0.216829   0.225674   0.211841   0.232003
 0.0109427  0.0095664 0.00476717          0  0.0712479   0.078027  0.0879357  0.0810332   0.216977    0.21784   0.214026   0.215512   0.215565   0.227158   0.210617   0.232557
 0.0682204  0.0674754  0.0705944  0.0712479          0   0.021894  0.0409093  0.0338116   0.205702    0.20655   0.200993   0.205388    0.20808   0.208404   0.198663   0.222818
 0.0749738  0.0742231  0.0773775   0.078027   0.021894          0  0.0480946   0.040228   0.215943   0.216799   0.211205   0.213003    0.21837   0.217689   0.212338   0.231435
  0.084844  0.0840848  0.0872922  0.0879357  0.0409093  0.0480946          0  0.0302165   0.224786   0.226593   0.223017   0.226552     0.2266   0.230498   0.219618   0.240579
 0.0779691   0.077216  0.0803857  0.0810332  0.0338116   0.040228  0.0302165          0   0.213911   0.213893   0.209232   0.215383   0.219009   0.221134   0.212123   0.235572
  0.216033     0.2142   0.216414   0.216977   0.205702   0.215943   0.224786   0.213911          0  0.0230646  0.0544551  0.0813215   0.102856   0.131821   0.148809   0.191612
  0.216037   0.214205   0.217277    0.21784    0.20655   0.216799   0.226593   0.213893  0.0230646          0  0.0529386  0.0805114  0.0974098   0.131904   0.148074   0.194325
  0.213082   0.211249   0.213458   0.214026   0.200993   0.211205   0.223017   0.209232  0.0544551  0.0529386          0  0.0753338  0.0968419   0.124935   0.134561   0.186973
  0.214568   0.211843   0.214947   0.215512   0.205388   0.213003   0.226552   0.215383  0.0813215  0.0805114  0.0753338          0   0.103918   0.133036   0.150922   0.191041
  0.217548   0.215708   0.216829   0.215565    0.20808    0.21837     0.2266   0.219009   0.102856  0.0974098  0.0968419   0.103918          0   0.125062   0.144563   0.194607
  0.227072   0.226173   0.225674   0.227158   0.208404   0.217689   0.230498   0.221134   0.131821   0.131904   0.124935   0.133036   0.125062          0   0.149019   0.194736
  0.209963   0.209035   0.211841   0.210617   0.198663   0.212338   0.219618   0.212123   0.148809   0.148074   0.134561   0.150922   0.144563   0.149019          0   0.189339
  0.231563   0.230641   0.232003   0.232557   0.222818   0.231435   0.240579   0.235572   0.191612   0.194325   0.186973   0.191041   0.194607   0.194736   0.189339          0

meanTree = (1:0.00362249,2:0.00247234,((3:0.00562516,4:0.00295466):0.0035779,(((5:0.00726415,6:0.0147269):0.00433526,(7:0.0185503,8:0.011558):0.0103949):0.0181572,(((((((9:0.0115949,10:0.0116364):0.0180347,11:0.0241991):0.0110468,12:0.0402551):0.010654,13:0.0512783):0.00997691,14:0.0673256):0.0139415,15:0.0692897):0.0136023,16:0.104135):0.0885008):0.0335707):0.000797047);
(1,(2,(3,4)),(((5,6),(7,8)),(((((((9,10),11),12),13),14),15),16))); 0.0211362
(1,(2,(3,4)),(((5,6),(7,8)),(((((((9,10),11),12),13),14),15),16))); 0.0228923
(1,2,((3,4),(((5,6),(7,8)),(((((((9,10),11),12),13),14),15),16)))); 0.0219711
(1,2,((3,4),(((5,6),(7,8)),(((((((9,10),11),12),13),14),15),16)))); 0.0249832
(1,2,((3,4),(((5,6),(7,8)),(((((((9,10),11),12),13),14),15),16)))); 0.0183422
(1,(2,(3,4)),(((5,6),(7,8)),(((((((9,10),11),12),13),14),15),16))); 0.0256143
(1,2,((3,4),(((5,6),(7,8)),(((((((9,10),11),12),13),14),15),16)))); 0.0222374
(1,2,((3,4),(((5,6),(7,8)),(((((((9,10),11),12),13),14),15),16)))); 0.0222751
(1,2,((3,4),(((5,6),(7,8)),(((((((9,10),11),12),13),14),15),16)))); 0.0229775
(1,(2,(((5,6),(7,8)),(((((((9,10),11),12),13),14),15),16))),(3,4)); 0.0230298
(1,2,((3,4),(((5,6),(7,8)),(((((((9,10),11),12),13),14),15),16)))); 0.0223806
(1,(2,(3,4)),(((5,6),(7,8)),(((((((9,10),11),12),13),14),15),16))); 0.0247944
(1,(2,(3,4)),(((5,6),(7,8)),(((((((9,10),11),12),13),14),15),16))); 0.027075
(1,2,((3,4),(((5,6),(7,8)),(((((((9,10),11),12),13),14),15),16)))); 0.025917
(1,2,((3,4),(((5,6),(7,8)),(((((((9,10),11),12),13),14),15),16)))); 0.0217399
(1,2,((3,4),(((5,6),(7,8)),(((((((9,10),11),12),13),14),15),16)))); 0.021807
(1,2,((3,4),(((5,6),(7,8)),(((((((9,10),11),12),13),14),15),16)))); 0.0323734
(1,2,((3,4),(((5,6),(7,8)),(((((((9,10),11),12),13),14),15),16)))); 0.0301253
(1,2,((3,4),(((5,6),(7,8)),(((((((9,10),11),12),13),14),15),16)))); 0.015054
(1,2,((3,4),(((5,6),(7,8)),(((((((9,10),11),12),13),14),15),16)))); 0.0188391
(1,2,((3,4),(((5,6),(7,8)),(((((((9,10),11),12),13),14),15),16)))); 0.0237617
(1,2,((3,4),(((5,6),(7,8)),(((((((9,10),11),12),13),14),15),16)))); 0.0252431
(1,2,((3,4),(((5,6),(7,8)),(((((((9,10),11),12),13),14),15),16)))); 0.0188594
(1,2,((3,4),(((5,6),(7,8)),(((((((9,10),11),12),13),14),15),16)))); 0.0271021
(1,2,((3,4),(((5,6),(7,8)),(((((((9,10),11),12),13),14),15),16)))); 0.0211477
(1,2,((3,4),(((5,6),(7,8)),(((((((9,10),11),12),13),14),15),16)))); 0.0198442
(1,(2,(3,4)),(((5,6),(7,8)),(((((((9,10),11),12),13),14),15),16))); 0.0289642
(1,2,((3,4),(((5,6),(7,8)),(((((((9,10),11),12),13),14),15),16)))); 0.0196468
(1,(2,(((5,6),(7,8)),(((((((9,10),11),12),13),14),15),16))),(3,4)); 0.0214909
(1,2,((3,4),(((5,6),(7,8)),(((((((9,10),11),12),13),14),15),16)))); 0.0313974
(1,2,((3,4),(((5,6),(7,8)),(((((((9,10),11),12),13),14),15),16)))); 0.0195526
(1,2,((3,4),(((5,6),(7,8)),(((((((9,10),11),12),13),14),15),16)))); 0.0159387
(1,2,((3,4),(((5,6),(7,8)),(((((((9,10),11),12),13),14),15),16)))); 0.0347101
(1,2,((3,4),(((5,6),(7,8)),(((((((9,10),11),12),13),14),15),16)))); 0.0228939
(1,2,((3,4),(((5,6),(7,8)),(((((((9,10),11),12),13),14),15),16)))); 0.0274984
(1,2,((3,4),(((5,6),(7,8)),(((((((9,10),11),12),13),14),15),16)))); 0.0263818
(1,2,((3,4),(((5,6),(7,8)),(((((((9,10),11),12),13),14),15),16)))); 0.023279
(1,2,((3,4),(((5,6),(7,8)),(((((((9,10),11),12),13),14),16),15)))); 0.025829
(1,2,((3,4),(((5,6),(7,8)),(((((((9,10),11),12),13),14),15),16)))); 0.0301459
(1,2,((3,4),(((5,6),(7,8)),(((((((9,10),11),12),13),14),15),16)))); 0.0249737
(1,2,((3,4),(((5,6),(7,8)),(((((((9,10),11),12),13),14),15),16)))); 0.0243521
(1,2,((3,4),(((5,6),(7,8)),(((((((9,10),11),12),13),14),15),16)))); 0.0234898
(1,2,((3,4),(((5,6),(7,8)),(((((((9,10),11),12),13),14),15),16)))); 0.0257821
(1,2,((3,4),(((5,6),(7,8)),(((((((9,10),11),12),13),14),15),16)))); 0.0197431
(1,2,((3,4),(((5,6),(7,8)),(((((((9,10),11),12),13),14),15),16)))); 0.024975
(1,2,((3,4),(((5,6),(7,8)),(((((((9,10),11),12),13),14),15),16)))); 0.0204874
(1,2,((3,4),(((5,6),(7,8)),(((((((9,10),11),12),13),14),15),16)))); 0.023468
(1,2,((3,4),(((5,6),(7,8)),(((((((9,10),11),12),13),14),15),16)))); 0.0207838
(1,2,((3,4),(((5,6),(7,8)),(((((((9,10),11),12),13),14),15),16)))); 0.0259477
(1,2,((3,4),(((5,6),(7,8)),(((((((9,10),11),12),13),14),15),16)))); 0.0194891
(1,2,((3,4),(((5,6),(7,8)),(((((((9,10),11),12),13),14),15),16)))); 0.0274782
(1,2,((3,4),(((5,6),(7,8)),(((((((9,10),11),12),13),14),15),16)))); 0.028121
(1,2,((3,4),(((5,6),(7,8)),(((((((9,10),11),12),13),14),15),16)))); 0.0298883
(1,2,((3,4),(((5,6),(7,8)),(((((((9,10),11),12),13),14),15),16)))); 0.0304352
(1,2,((3,4),(((5,6),(7,8)),(((((((9,10),11),12),13),14),15),16)))); 0.0268325
(1,2,((3,4),(((5,6),(7,8)),(((((((9,10),11),12),13),14),15),16)))); 0.0304714
(1,(2,(3,4)),(((5,6),(7,8)),(((((((9,10),11),12),13),14),15),16))); 0.0273532
(1,2,((3,4),(((5,6),(7,8)),(((((((9,10),11),12),13),14),15),16)))); 0.0361203
(1,2,((3,4),(((5,6),(7,8)),(((((((9,10),11),12),13),14),15),16)))); 0.0357889
(1,2,((3,4),(((5,6),(7,8)),(((((((9,10),11),12),13),14),15),16)))); 0.0269807
(1,(2,(3,4)),(((5,6),(7,8)),(((((((9,10),11),12),13),14),15),16))); 0.0210885
(1,2,((3,4),(((5,6),(7,8)),(((((((9,10),11),12),13),14),15),16)))); 0.0254607
(1,2,((3,4),(((5,6),(7,8)),(((((((9,10),11),12),13),14),15),16)))); 0.0309508
(1,2,((3,4),(((5,6),(7,8)),(((((((9,10),11),12),13),14),15),16)))); 0.0191052
(1,2,((3,4),(((5,6),(7,8)),(((((((9,10),11),12),13),14),15),16)))); 0.0308578
(1,2,((3,4),(((5,6),(7,8)),(((((((9,10),11),12),13),14),15),16)))); 0.0205752
(1,(2,(3,4)),(((5,6),(7,8)),(((((((9,10),11),12),13),14),15),16))); 0.0279052
(1,2,((3,4),(((5,6),(7,8)),(((((((9,10),11),12),13),14),15),16)))); 0.036506
(1,2,((3,4),(((5,6),(7,8)),(((((((9,10),11),12),13),14),15),16)))); 0.0194928
(1,2,((3,4),(((5,6),(7,8)),(((((((9,10),11),12),13),14),15),16)))); 0.020325
(1,2,((3,4),(((5,6),(7,8)),(((((((9,10),11),12),13),14),15),16)))); 0.0293554
(1,2,((3,4),(((5,6),(7,8)),(((((((9,10),11),12),13),14),15),16)))); 0.0216488
(1,2,((3,4),((5,(6,(7,8))),(((((((9,10),11),12),13),14),15),16)))); 0.0200275
(1,2,((3,4),(((5,6),(7,8)),(((((((9,10),11),12),13),14),15),16)))); 0.0235121
(1,2,((3,4),(((5,6),(7,8)),(((((((9,10),11),12),13),14),15),16)))); 0.0215241
(1,2,((3,4),(((5,6),(7,8)),(((((((9,10),11),12),13),14),15),16)))); 0.0207876
(1,2,((3,4),(((5,6),(7,8)),(((((((9,10),11),12),13),14),15),16)))); 0.0164024
(1,2,((3,4),(((5,6),(7,8)),(((((((9,10),11),12),13),14),15),16)))); 0.0276311
(1,2,((3,4),(((5,6),(7,8)),(((((((9,10),11),12),13),14),15),16)))); 0.0238842
(1,2,((3,4),(((5,6),(7,8)),(((((((9,10),11),12),13),14),15),16)))); 0.0249126
(1,2,((3,4),(((5,6),(7,8)),(((((((9,10),11),12),13),14),15),16)))); 0.0318709
(1,2,((3,4),(((5,6),(7,8)),(((((((9,10),11),12),13),14),15),16)))); 0.0335708
(1,2,((3,4),(((5,6),(7,8)),(((((((9,10),11),12),13),14),15),16)))); 0.0232921
(1,2,((3,4),(((5,6),(7,8)),(((((((9,10),11),12),13),14),15),16)))); 0.0231813
(1,2,((3,4),(((5,6),(7,8)),(((((((9,10),11),12),13),14),15),16)))); 0.0200747
(1,(2,(3,4)),(((5,6),(7,8)),(((((((9,10),11),12),13),14),15),16))); 0.0297786
(1,2,((3,4),(((5,6),(7,8)),(((((((9,10),11),12),13),14),15),16)))); 0.0220358
(1,2,((3,4),(((5,6),(7,8)),(((((((9,10),11),12),13),14),15),16)))); 0.0230203
(1,2,((3,4),(((5,6),(7,8)),(((((((9,10),11),12),13),14),15),16)))); 0.0282507
(1,2,((3,4),(((5,6),(7,8)),(((((((9,10),11),12),13),14),15),16)))); 0.0351204
(1,2,((3,4),(((5,6),(7,8)),(((((((9,10),11),12),13),14),15),16)))); 0.0278526
(1,2,((3,4),(((5,6),(7,8)),(((((((9,10),11),12),13),14),15),16)))); 0.0242917
(1,2,((3,4),(((5,6),(7,8)),(((((((9,10),11),12),13),14),15),16)))); 0.0399714
(1,2,((3,4),(((5,6),(7,8)),(((((((9,10),11),12),13),14),15),16)))); 0.0335847
(1,2,((3,4),(((5,6),(7,8)),(((((((9,10),11),12),13),14),15),16)))); 0.0161109
(1,2,((3,4),(((5,6),(7,8)),(((((((9,10),11),12),13),14),15),16)))); 0.01886
(1,2,((3,4),(((5,6),(7,8)),(((((((9,10),11),12),13),14),15),16)))); 0.0232815
(1,2,((3,4),(((5,6),(7,8)),(((((((9,10),11),12),13),14),15),16)))); 0.0256782
(1,(2,(3,4)),(((5,6),(7,8)),(((((((9,10),11),12),13),14),15),16))); 0.0250579
(1,2,((3,4),(((5,6),(7,8)),(((((((9,10),11),12),13),14),15),16)))); 0.0241883
(1,2,((3,4),(((5,6),(7,8)),(((((((9,10),11),12),13),14),15),16)))); 0.018894
(1,2,((3,4),(((5,6),(7,8)),(((((((9,10),11),12),13),14),15),16)))); 0.0215937
(1,2,((3,4),(((5,6),(7,8)),(((((((9,10),11),12),13),14),15),16)))); 0.0354408
(1,2,((3,4),(((5,6),(7,8)),(((((((9,10),11),12),13),14),15),16)))); 0.0281355
(1,2,((3,4),(((5,6),(7,8)),(((((((9,10),11),12),13),14),15),16)))); 0.0300214
(1,2,((3,4),(((5,6),(7,8)),(((((((9,10),11),12),13),14),15),16)))); 0.0173117
(1,2,((3,4),(((5,6),(7,8)),(((((((9,10),11),12),13),14),15),16)))); 0.0236648
(1,2,((3,4),(((5,6),(7,8)),(((((((9,10),11),12),13),14),15),16)))); 0.0261695
(1,2,((3,4),(((5,6),(7,8)),(((((((9,10),11),12),13),14),15),16)))); 0.0313447
(1,(2,(3,4)),(((5,6),(7,8)),(((((((9,10),11),12),13),14),15),16))); 0.0235601
(1,2,((3,4),(((5,6),(7,8)),(((((((9,10),11),12),13),14),15),16)))); 0.016151
(1,2,((3,4),(((5,6),(7,8)),(((((((9,10),11),12),13),14),15),16)))); 0.0219995
(1,2,((3,4),(((5,6),(7,8)),(((((((9,10),11),12),13),14),15),16)))); 0.026621
(1,2,((3,4),(((5,6),(7,8)),(((((((9,10),11),12),13),14),15),16)))); 0.0286172
(1,2,((3,4),(((5,6),(7,8)),(((((((9,10),11),12),13),14),15),16)))); 0.02617
(1,2,((3,4),(((5,6),(7,8)),(((((((9,10),11),12),13),14),15),16)))); 0.0222952
(1,2,((3,4),(((5,6),(7,8)),(((((((9,10),11),12),13),14),15),16)))); 0.0228809
(1,(2,(3,4)),(((5,6),(7,8)),(((((((9,10),11),12),13),14),15),16))); 0.0193952
(1,2,((3,4),(((5,6),(7,8)),(((((((9,10),11),12),13),14),15),16)))); 0.0199078
(1,2,((3,4),(((5,6),(7,8)),(((((((9,10),11),12),13),14),15),16)))); 0.0174066
(1,(2,(3,4)),(((5,6),(7,8)),(((((((9,10),11),12),13),14),15),16))); 0.0210685
(1,2,((3,4),(((5,6),(7,8)),(((((((9,10),11),12),13),14),15),16)))); 0.0285005
(1,2,((3,4),(((5,6),(7,8)),(((((((9,10),11),12),13),14),15),16)))); 0.0272468
(1,2,((3,4),(((5,6),(7,8)),(((((((9,10),11),12),13),14),15),16)))); 0.0227519
(1,(2,(3,4)),(((5,6),(7,8)),(((((((9,10),11),12),13),14),15),16))); 0.0256644
(1,2,((3,4),(((5,6),(7,8)),(((((((9,10),11),12),13),14),15),16)))); 0.019143
(1,(2,(3,4)),(((5,6),(7,8)),(((((((9,10),11),12),13),14),15),16))); 0.0140102
(1,2,((3,4),(((5,6),(7,8)),(((((((9,10),11),12),13),14),15),16)))); 0.0200869
(1,2,((3,4),(((5,6),(7,8)),(((((((9,10),11),12),13),14),15),16)))); 0.0285962
(1,2,((3,4),(((5,6),(7,8)),(((((((9,10),11),12),13),14),15),16)))); 0.0206557
(1,2,((3,4),(((5,6),(7,8)),(((((((9,10),11),12),13),14),15),16)))); 0.0248762
(1,2,((3,4),(((5,6),(7,8)),(((((((9,10),11),12),13),14),15),16)))); 0.0274607
(1,(2,(3,4)),(((5,6),(7,8)),(((((((9,10),11),12),13),14),15),16))); 0.0263333
(1,2,((3,4),(((5,6),(7,8)),(((((((9,10),11),12),13),14),15),16)))); 0.0184292
(1,2,((3,4),(((5,6),(7,8)),(((((((9,10),11),12),13),14),15),16)))); 0.0219294
(1,2,((3,4),(((5,6),(7,8)),(((((((9,10),11),12),13),14),15),16)))); 0.0318786
(1,2,((3,4),(((5,6),(7,8)),(((((((9,10),11),12),13),14),15),16)))); 0.0191683
(1,2,((3,4),(((5,6),(7,8)),(((((((9,10),11),12),13),14),15),16)))); 0.0336262
(1,(2,(3,4)),(((5,(7,8)),6),(((((((9,10),11),12),13),14),15),16))); 0.0152601
(1,2,((3,4),(((5,6),(7,8)),(((((((9,10),11),12),13),14),15),16)))); 0.0226325
(1,2,((3,4),(((5,6),(7,8)),(((((((9,10),11),12),13),14),15),16)))); 0.0224933
(1,2,((3,4),(((5,6),(7,8)),(((((((9,10),11),12),13),14),15),16)))); 0.0254489
(1,2,((3,4),(((5,6),(7,8)),(((((((9,10),11),12),13),14),15),16)))); 0.016574
(1,2,((3,4),(((5,6),(7,8)),(((((((9,10),11),12),13),14),15),16)))); 0.0226557
(1,(2,(3,4)),(((5,6),(7,8)),(((((((9,10),11),12),13),14),15),16))); 0.0278085
(1,2,((3,4),((5,(6,(7,8))),(((((((9,10),11),12),13),14),15),16)))); 0.0249608
(1,2,((3,4),(((5,6),(7,8)),(((((((9,10),11),12),13),14),15),16)))); 0.0243744
(1,2,((3,4),(((5,6),(7,8)),((((((9,10),11),12),(13,14)),15),16)))); 0.0235164
(1,2,((3,4),(((5,6),(7,8)),(((((((9,10),11),12),13),14),15),16)))); 0.0179751
(1,2,((3,4),(((5,6),(7,8)),(((((((9,10),11),12),13),14),15),16)))); 0.0235957
(1,2,((3,4),(((5,6),(7,8)),(((((((9,10),11),12),13),14),15),16)))); 0.0180909
(1,2,((3,4),(((5,6),(7,8)),(((((((9,10),11),12),13),14),15),16)))); 0.0197821
(1,2,((3,4),(((5,6),(7,8)),(((((((9,10),11),12),13),14),15),16)))); 0.0225253
(1,2,((3,4),(((5,6),(7,8)),(((((((9,10),11),12),13),14),15),16)))); 0.0187804
(1,2,((3,4),(((5,6),(7,8)),(((((((9,10),11),12),13),14),15),16)))); 0.0232379
(1,2,((3,4),(((5,6),(7,8)),(((((((9,10),11),12),13),14),15),16)))); 0.0344769
(1,2,((3,4),(((5,6),(7,8)),(((((((9,10),11),12),13),14),15),16)))); 0.0218729
(1,2,((3,4),(((5,6),(7,8)),(((((((9,10),11),12),13),14),15),16)))); 0.0232276
(1,2,((3,4),(((5,6),(7,8)),(((((((9,10),11),12),13),14),15),16)))); 0.0313794
(1,2,((3,4),(((5,6),(7,8)),(((((((9,10),11),12),13),14),15),16)))); 0.0244096
(1,(2,(3,4)),(((5,6),(7,8)),(((((((9,10),11),12),13),14),15),16))); 0.029053
(1,2,((3,4),(((5,6),(7,8)),(((((((9,10),11),12),13),14),15),16)))); 0.0332243
(1,2,((3,4),(((5,6),(7,8)),(((((((9,10),11),12),13),14),15),16)))); 0.0235268
(1,2,((3,4),(((5,6),(7,8)),(((((((9,10),11),12),13),14),15),16)))); 0.0246756
(1,2,((3,4),((5,(6,(7,8))),(((((((9,10),11),12),13),14),15),16)))); 0.0247659
(1,2,((3,4),(((5,6),(7,8)),(((((((9,10),11),12),13),14),15),16)))); 0.0269074
(1,2,((3,4),(((5,6),(7,8)),(((((((9,10),11),12),13),14),15),16)))); 0.0257886
(1,(2,(3,4)),(((5,6),(7,8)),(((((((9,10),11),12),13),14),15),16))); 0.0184788
(1,2,((3,4),(((5,6),(7,8)),(((((((9,10),11),12),13),14),15),16)))); 0.0254022
(1,2,((3,4),(((5,6),(7,8)),(((((((9,10),11),12),13),14),15),16)))); 0.0258562
(1,2,((3,4),(((5,6),(7,8)),(((((((9,10),11),12),13),14),15),16)))); 0.0179128
(1,2,((3,4),(((5,6),(7,8)),(((((((9,10),11),12),13),14),15),16)))); 0.0292198
(1,(2,(3,4)),(((5,6),(7,8)),(((((((9,10),11),12),13),14),15),16))); 0.0288346
(1,2,((3,4),(((5,6),(7,8)),(((((((9,10),11),12),13),14),15),16)))); 0.0221072
(1,2,((3,4),(((5,6),(7,8)),(((((((9,10),11),12),13),14),15),16)))); 0.0212873
(1,2,((3,4),(((5,6),(7,8)),(((((((9,10),11),12),13),14),15),16)))); 0.0203393
(1,2,((3,4),(((5,6),(7,8)),(((((((9,10),11),12),13),14),15),16)))); 0.023843
(1,2,((3,4),(((5,6),(7,8)),(((((((9,10),11),12),13),14),15),16)))); 0.0266459
(1,2,((3,4),(((5,6),(7,8)),(((((((9,10),11),12),13),14),15),16)))); 0.0286844
(1,2,((3,4),(((5,6),(7,8)),(((((((9,10),11),12),13),14),15),16)))); 0.0165661
(1,2,((3,4),(((5,6),(7,8)),(((((((9,10),11),12),13),14),15),16)))); 0.0238122
(1,(2,(3,4)),(((5,6),(7,8)),(((((((9,10),11),12),13),14),15),16))); 0.0246086
(1,2,((3,4),(((5,6),(7,8)),(((((((9,10),11),12),13),14),15),16)))); 0.0243607
(1,2,((3,4),(((5,6),(7,8)),(((((((9,10),11),12),13),14),15),16)))); 0.0343401
(1,2,((3,4),(((5,6),(7,8)),(((((((9,10),11),13),12),14),15),16)))); 0.0309147
(1,(2,(3,4)),(((5,6),(7,8)),((((((9,10),11),12),(13,14)),15),16))); 0.0215154
(1,2,((3,4),(((5,6),(7,8)),(((((((9,10),11),12),13),14),15),16)))); 0.0158716
(1,(2,(3,4)),(((5,6),(7,8)),(((((((9,10),11),12),13),14),15),16))); 0.0292246
(1,(2,(3,4)),(((5,6),(7,8)),(((((((9,10),11),12),13),14),15),16))); 0.0210624
(1,(2,(3,4)),(((5,6),(7,8)),(((((((9,10),11),12),13),14),15),16))); 0.0426929
(1,(2,(3,4)),(((5,6),(7,8)),(((((((9,10),11),12),13),14),15),16))); 0.0223363
(1,2,((3,4),(((5,6),(7,8)),(((((((9,10),11),12),13),14),15),16)))); 0.0183765
(1,2,((3,4),(((5,6),(7,8)),(((((((9,10),11),12),13),14),15),16)))); 0.0247706
(1,2,((3,4),(((5,6),(7,8)),(((((((9,10),11),12),13),14),15),16)))); 0.0186533
(1,(2,(3,4)),(((5,6),(7,8)),(((((((9,10),11),12),13),14),15),16))); 0.0256491
(1,2,((3,4),(((5,6),(7,8)),(((((((9,10),11),12),13),14),15),16)))); 0.0264653
(1,2,((3,4),(((5,6),(7,8)),(((((((9,10),11),12),13),14),15),16)))); 0.0164567
(1,2,((3,4),(((5,6),(7,8)),(((((((9,10),11),12),13),14),15),16)))); 0.0228756
(1,2,((3,4),(((5,6),(7,8)),(((((((9,10),11),12),13),14),15),16)))); 0.0256107
(1,2,((3,4),((5,(6,(7,8))),(((((((9,10),11),12),13),14),15),16)))); 0.0275634
(1,2,((3,4),(((5,6),(7,8)),(((((((9,10),11),12),13),14),15),16)))); 0.0190479
(1,2,((3,4),(((5,6),(7,8)),(((((((9,10),11),12),13),14),15),16)))); 0.0212124
(1,2,((3,4),(((5,6),(7,8)),(((((((9,10),11),12),13),14),15),16)))); 0.0250216
(1,2,((3,4),(((5,6),(7,8)),(((((((9,10),11),12),13),14),15),16)))); 0.0214623
(1,2,((3,4),(((5,6),(7,8)),(((((((9,10),11),12),13),14),15),16)))); 0.0189374
(1,2,((3,4),(((5,6),(7,8)),(((((((9,10),11),12),13),14),15),16)))); 0.0315702
(1,2,((3,4),(((5,6),(7,8)),(((((((9,10),11),12),13),14),15),16)))); 0.0260203
(1,2,((3,4),(((5,6),(7,8)),(((((((9,10),11),12),13),14),15),16)))); 0.0166062
(1,(2,(3,4)),(((5,6),(7,8)),((((((9,10),11),12),(13,14)),15),16))); 0.0213488
(1,(2,(3,4)),(((5,6),(7,8)),(((((((9,10),11),12),13),14),15),16))); 0.0259459
(1,2,((3,4),(((5,6),(7,8)),(((((((9,10),11),12),13),14),15),16)))); 0.0223477
(1,2,((3,4),(((5,6),(7,8)),(((((((9,10),11),12),13),14),15),16)))); 0.022597
(1,2,((3,4),(((5,6),(7,8)),(((((((9,10),11),12),13),14),15),16)))); 0.0209979
(1,2,((3,4),(((5,6),(7,8)),(((((((9,10),11),12),13),14),15),16)))); 0.024196
(1,2,((3,4),(((5,6),(7,8)),(((((((9,10),11),12),13),14),15),16)))); 0.0256324
(1,(2,(3,4)),(((5,6),(7,8)),(((((((9,10),11),12),13),14),15),16))); 0.0304202
(1,2,((3,4),(((5,6),(7,8)),(((((((9,10),11),12),13),14),15),16)))); 0.0323974
(1,2,((3,4),(((5,6),(7,8)),(((((((9,10),11),12),13),14),15),16)))); 0.0228593
(1,2,((3,4),(((5,6),(7,8)),(((((((9,10),11),12),13),14),15),16)))); 0.0180532
(1,2,((3,4),(((5,6),(7,8)),(((((((9,10),11),12),13),14),15),16)))); 0.0168546
(1,2,((3,4),(((5,6),(7,8)),(((((((9,10),11),12),13),14),15),16)))); 0.0262404
(1,2,((3,4),(((5,6),(7,8)),(((((((9,10),11),12),13),14),15),16)))); 0.0196429
(1,2,((3,4),(((5,6),(7,8)),(((((((9,10),11),12),13),14),15),16)))); 0.0239206
(1,2,((3,4),(((5,6),(7,8)),(((((((9,10),11),12),13),14),15),16)))); 0.0244132
(1,2,((3,4),(((5,6),(7,8)),(((((((9,10),11),12),13),14),15),16)))); 0.0329156
(1,2,((3,4),(((5,6),(7,8)),(((((((9,10),11),12),13),14),15),16)))); 0.0240533
(1,2,((3,4),(((5,6),(7,8)),(((((((9,10),11),12),13),14),15),16)))); 0.0141045
(1,2,((3,4),(((5,6),(7,8)),(((((((9,10),11),12),13),14),15),16)))); 0.0354125
(1,(2,(3,4)),(((5,6),(7,8)),(((((((9,10),11),12),13),14),15),16))); 0.0246619
(1,2,((3,4),(((5,6),(7,8)),(((((((9,10),11),12),13),14),15),16)))); 0.0223278
(1,2,((3,4),(((5,6),(7,8)),(((((((9,10),11),12),13),14),15),16)))); 0.0200265
(1,2,((3,4),(((5,6),(7,8)),(((((((9,10),11),12),13),14),15),16)))); 0.0265675
(1,2,((3,4),(((5,6),(7,8)),(((((((9,10),11),12),13),14),15),16)))); 0.0280793
(1,2,((3,4),(((5,6),(7,8)),(((((((9,10),11),12),13),14),15),16)))); 0.0163076
(1,2,((3,4),(((5,6),(7,8)),(((((((9,10),11),12),13),14),15),16)))); 0.0250975
(1,2,((3,4),(((5,6),(7,8)),(((((((9,10),11),12),13),14),15),16)))); 0.0212794
(1,2,((3,4),(((5,6),(7,8)),(((((((9,10),11),12),13),14),15),16)))); 0.0119932
(1,2,((3,4),(((5,6),(7,8)),(((((((9,10),11),12),13),14),15),16)))); 0.0203103
(1,2,((3,4),(((5,6),(7,8)),(((((((9,10),11),12),13),14),15),16)))); 0.0248859
(1,2,((3,4),(((5,6),(7,8)),(((((((9,10),11),12),13),14),15),16)))); 0.0205805
(1,2,((3,4),(((5,6),(7,8)),(((((((9,10),11),12),13),14),15),16)))); 0.0260426
(1,(2,(((5,6),(7,8)),(((((((9,10),11),12),13),14),15),16))),(3,4)); 0.0168843
(1,2,((3,4),(((5,6),(7,8)),(((((((9,10),11),12),13),14),15),16)))); 0.025357
(1,2,((3,4),(((5,6),(7,8)),(((((((9,10),11),12),13),14),15),16)))); 0.0226673
(1,2,((3,4),((5,(6,(7,8))),(((((((9,10),11),12),13),14),15),16)))); 0.022377
(1,2,((3,4),(((5,6),(7,8)),(((((((9,10),11),12),13),14),15),16)))); 0.0172529
(1,2,((3,4),(((5,6),(7,8)),(((((((9,10),11),12),13),14),15),16)))); 0.0222929
(1,2,((3,4),(((5,6),(7,8)),(((((((9,10),11),12),13),14),15),16)))); 0.0259508
(1,(2,(3,4)),(((5,6),(7,8)),(((((((9,10),11),12),13),14),15),16))); 0.0249738
(1,2,((3,4),(((5,6),(7,8)),(((((((9,10),11),12),13),14),15),16)))); 0.0158585
(1,2,((3,4),(((5,6),(7,8)),(((((((9,10),11),12),13),14),15),16)))); 0.0220088
(1,2,((3,4),(((5,6),(7,8)),(((((((9,10),11),12),13),14),15),16)))); 0.0297597
(1,2,((3,4),(((5,6),(7,8)),(((((((9,10),11),12),13),14),15),16)))); 0.0240833
(1,2,((3,4),(((5,6),(7,8)),(((((((9,10),11),12),13),14),15),16)))); 0.0259948
(1,2,((3,4),(((5,6),(7,8)),(((((((9,10),11),12),13),14),15),16)))); 0.0250094
(1,2,((3,4),(((5,6),(7,8)),(((((((9,10),11),12),13),14),15),16)))); 0.0225078
(1,2,((3,4),(((5,6),(7,8)),(((((((9,10),11),12),13),14),15),16)))); 0.018667
(1,2,((3,4),(((5,6),(7,8)),(((((((9,10),11),12),13),14),15),16)))); 0.0362956
(1,2,((3,4),(((5,6),(7,8)),(((((((9,10),11),12),13),14),15),16)))); 0.0210631
(1,2,((3,4),(((5,6),(7,8)),(((((((9,10),11),12),13),14),15),16)))); 0.0218465
(1,2,((3,4),(((5,6),(7,8)),(((((((9,10),11),12),13),14),15),16)))); 0.0241398
(1,(2,(3,4)),(((5,6),(7,8)),(((((((9,10),11),12),13),14),15),16))); 0.0226277
(1,(2,(3,4)),(((5,6),(7,8)),(((((((9,10),11),12),13),14),15),16))); 0.0203003
(1,(2,(3,4)),(((5,6),(7,8)),(((((((9,10),11),12),13),14),15),16))); 0.027968
(1,2,((3,4),(((5,6),(7,8)),(((((((9,10),11),12),13),14),15),16)))); 0.0196595
(1,2,((3,4),(((5,6),(7,8)),(((((((9,10),11),12),13),14),15),16)))); 0.0289662
(1,2,((3,4),(((5,6),(7,8)),(((((((9,10),11),12),13),14),15),16)))); 0.0295147
(1,2,((3,4),(((5,6),(7,8)),(((((((9,10),11),12),13),14),15),16)))); 0.0158615
(1,(2,(3,4)),(((5,6),(7,8)),(((((((9,10),11),12),13),14),15),16))); 0.0163727
(1,2,((3,4),(((5,6),(7,8)),(((((((9,10),11),12),13),14),15),16)))); 0.0237861
(1,2,((3,4),(((5,6),(7,8)),(((((((9,10),11),12),13),14),15),16)))); 0.0256129
(1,2,((3,4),(((5,6),(7,8)),(((((((9,10),11),12),13),14),15),16)))); 0.0411659
(1,2,((3,4),(((5,6),(7,8)),(((((((9,10),11),12),13),14),15),16)))); 0.0210554
(1,2,((3,4),(((5,6),(7,8)),(((((((9,10),11),12),13),14),15),16)))); 0.0247311
(1,2,((3,4),(((5,6),(7,8)),(((((((9,10),11),12),13),14),15),16)))); 0.0198025
(1,2,((3,4),(((5,6),(7,8)),(((((((9,10),11),12),13),14),15),16)))); 0.0213135
(1,2,((3,4),(((5,6),(7,8)),(((((((9,10),11),12),13),14),15),16)))); 0.0216572
(1,2,((3,4),(((5,6),(7,8)),(((((((9,10),11),12),13),14),15),16)))); 0.030976
(1,2,((3,4),(((5,6),(7,8)),(((((((9,10),11),12),13),14),15),16)))); 0.0197855
(1,2,((3,4),(((5,6),(7,8)),(((((((9,10),11),12),13),14),15),16)))); 0.0234335
(1,2,((3,4),(((5,6),(7,8)),((((((9,10),11),12),(13,14)),15),16)))); 0.0269251
(1,2,((3,4),(((5,6),(7,8)),(((((((9,10),11),12),13),14),15),16)))); 0.0281323
(1,2,((3,4),(((5,6),(7,8)),(((((((9,10),11),12),13),14),15),16)))); 0.0380832
(1,2,((3,4),(((5,6),(7,8)),(((((((9,10),11),12),13),14),15),16)))); 0.03371
(1,2,((3,4),(((5,6),(7,8)),(((((((9,10),11),12),13),14),15),16)))); 0.0221872
(1,(2,(3,4)),(((5,6),(7,8)),(((((((9,10),11),12),13),14),15),16))); 0.0222011
(1,(2,(3,4)),(((5,6),(7,8)),(((((((9,10),11),12),13),14),15),16))); 0.0191932
(1,(2,(3,4)),(((5,6),(7,8)),(((((((9,10),11),12),13),14),15),16))); 0.0207316
(1,2,((3,4),(((5,6),(7,8)),(((((((9,10),11),12),13),14),15),16)))); 0.023864
(1,2,((3,4),(((5,6),(7,8)),(((((((9,10),11),12),13),14),15),16)))); 0.0218073
(1,(2,(3,4)),(((5,6),(7,8)),(((((((9,10),11),12),13),14),15),16))); 0.016674
(1,2,((3,4),(((5,6),(7,8)),(((((((9,10),11),12),13),14),15),16)))); 0.0213151
(1,2,((3,4),(((5,6),(7,8)),((((((9,10),11),12),(13,14)),15),16)))); 0.0244463
(1,2,((3,4),(((5,6),(7,8)),(((((((9,10),11),12),13),14),15),16)))); 0.0263191
(1,2,((3,4),(((5,6),(7,8)),(((((((9,10),11),12),13),14),15),16)))); 0.0291853
(1,2,((3,4),(((5,6),(7,8)),(((((((9,10),11),12),13),14),15),16)))); 0.0181141
(1,2,((3,4),(((5,6),(7,8)),((((((9,10),11),12),(13,14)),15),16)))); 0.043177
(1,2,((3,4),(((5,6),(7,8)),(((((((9,10),11),12),13),14),15),16)))); 0.0260514
(1,2,((3,4),(((5,6),(7,8)),(((((((9,10),11),12),13),14),15),16)))); 0.0257535
(1,2,((3,4),(((5,6),(7,8)),(((((((9,10),11),12),13),14),15),16)))); 0.0216062
(1,2,((3,4),(((5,6),(7,8)),(((((((9,10),11),12),13),14),15),16)))); 0.0212294
(1,2,((3,4),(((5,6),(7,8)),(((((((9,10),11),12),13),14),15),16)))); 0.0209993
(1,2,((3,4),(((5,6),(7,8)),(((((((9,10),11),12),13),14),15),16)))); 0.0184924
(1,2,((3,4),(((5,6),(7,8)),(((((((9,10),11),12),13),14),15),16)))); 0.0143796
(1,2,((3,4),(((5,6),(7,8)),((((((9,10),11),12),(13,14)),15),16)))); 0.0217339
(1,2,((3,4),(((5,6),(7,8)),(((((((9,10),11),12),13),14),15),16)))); 0.0296259
(1,2,((3,4),(((5,6),(7,8)),(((((((9,10),11),12),13),14),15),16)))); 0.0289458
(1,2,((3,4),(((5,6),(7,8)),(((((((9,10),11),12),13),14),15),16)))); 0.0200724
(1,2,((3,4),(((5,6),(7,8)),(((((((9,10),11),12),13),14),15),16)))); 0.0232948
(1,2,((3,4),(((5,6),(7,8)),(((((((9,10),11),12),13),14),15),16)))); 0.0241348
(1,2,((3,4),(((5,6),(7,8)),(((((((9,10),11),12),13),14),15),16)))); 0.0226831
(1,2,((3,4),(((5,6),(7,8)),(((((((9,10),11),12),13),14),15),16)))); 0.0220413
(1,2,((3,4),(((5,6),(7,8)),(((((((9,10),11),12),13),14),15),16)))); 0.0227922
(1,2,((3,4),(((5,6),(7,8)),(((((((9,10),11),12),13),14),15),16)))); 0.0285755
(1,2,((3,4),(((5,6),(7,8)),(((((((9,10),11),12),13),14),15),16)))); 0.0255833
(1,2,((3,4),(((5,6),(7,8)),(((((((9,10),11),12),13),14),15),16)))); 0.0327707
(1,2,((3,4),(((5,6),(7,8)),(((((((9,10),11),12),13),14),15),16)))); 0.0160319
(1,2,((3,4),(((5,6),(7,8)),(((((((9,10),11),12),13),14),15),16)))); 0.0243026
(1,2,((3,4),(((5,6),(7,8)),(((((((9,10),11),12),13),14),15),16)))); 0.0228933
(1,2,((3,4),(((5,6),(7,8)),(((((((9,10),11),12),13),14),15),16)))); 0.0245573
(1,2,((3,4),(((5,6),(7,8)),(((((((9,10),11),12),13),14),15),16)))); 0.0198034
(1,2,((3,4),(((5,6),(7,8)),(((((((9,10),11),12),13),14),15),16)))); 0.0235498
(1,2,((3,4),(((5,6),(7,8)),(((((((9,10),11),12),13),14),15),16)))); 0.0173426
(1,2,((3,4),(((5,6),(7,8)),(((((((9,10),11),12),13),14),15),16)))); 0.0184998
(1,2,((3,4),(((5,6),(7,8)),(((((((9,10),11),12),13),14),15),16)))); 0.0235692
(1,2,((3,4),(((5,6),(7,8)),(((((((9,10),11),12),13),14),15),16)))); 0.0194291
(1,2,((3,4),(((5,6),(7,8)),(((((((9,10),11),12),13),14),15),16)))); 0.039402
(1,2,((3,4),((5,(6,(7,8))),(((((((9,10),11),12),13),14),15),16)))); 0.0245124
(1,2,((3,4),(((5,6),(7,8)),(((((((9,10),11),12),13),14),15),16)))); 0.0274769
(1,2,((3,4),(((5,6),(7,8)),(((((((9,10),11),12),13),14),15),16)))); 0.0235712
(1,2,((3,4),(((5,6),(7,8)),(((((((9,10),11),12),13),14),15),16)))); 0.0317274
(1,2,((3,4),(((5,6),(7,8)),(((((((9,10),11),12),13),14),15),16)))); 0.0197395
(1,2,((3,4),(((5,6),(7,8)),(((((((9,10),11),12),13),14),15),16)))); 0.0297676
(1,2,((3,4),(((5,6),(7,8)),(((((((9,10),11),12),13),14),15),16)))); 0.0221814
(1,2,((3,4),(((5,6),(7,8)),(((((((9,10),11),12),13),14),15),16)))); 0.0278373
(1,2,((3,4),(((5,6),(7,8)),(((((((9,10),11),12),13),14),15),16)))); 0.0243468
(1,2,((3,4),(((5,6),(7,8)),(((((((9,10),11),12),13),14),15),16)))); 0.0253458
(1,2,((3,4),(((5,6),(7,8)),(((((((9,10),11),12),13),14),15),16)))); 0.0153951
(1,(2,(3,4)),(((5,6),(7,8)),(((((((9,10),11),12),13),14),15),16))); 0.022784
(1,2,((3,4),(((5,(7,8)),6),(((((((9,10),11),12),13),14),15),16)))); 0.0202957
(1,2,((3,4),(((5,6),(7,8)),(((((((9,10),11),12),13),14),15),16)))); 0.0197074
(1,2,((3,4),(((5,6),(7,8)),(((((((9,10),11),12),13),14),15),16)))); 0.021508
(1,2,((3,4),(((5,6),(7,8)),(((((((9,10),11),12),13),14),15),16)))); 0.0210787
(1,(2,(3,4)),(((5,6),(7,8)),(((((((9,10),11),12),13),14),15),16))); 0.0179546
(1,(2,(3,4)),(((5,6),(7,8)),(((((((9,10),11),12),13),14),15),16))); 0.0287043
(1,2,((3,4),((5,(6,(7,8))),(((((((9,10),11),12),13),14),15),16)))); 0.0192926
(1,(2,(3,4)),(((5,6),(7,8)),(((((((9,10),11),12),13),14),15),16))); 0.0221172
(1,2,((3,4),(((5,6),(7,8)),(((((((9,10),11),12),13),14),15),16)))); 0.0183391
(1,2,((3,4),(((5,6),(7,8)),(((((((9,10),11),12),13),14),15),16)))); 0.020783
(1,2,((3,4),(((5,6),(7,8)),(((((((9,10),11),12),13),14),15),16)))); 0.0331083
(1,2,((3,4),(((5,6),(7,8)),(((((((9,10),11),12),13),14),15),16)))); 0.0177783
(1,2,((3,4),(((5,6),(7,8)),(((((((9,10),11),12),13),14),15),16)))); 0.0275562
(1,2,((3,4),(((5,6),(7,8)),(((((((9,10),11),12),13),14),15),16)))); 0.0298225
(1,(2,(3,4)),(((5,6),(7,8)),(((((((9,10),11),12),13),14),15),16))); 0.0237943
(1,2,((3,4),(((5,6),(7,8)),(((((((9,10),11),12),13),14),15),16)))); 0.0296935
(1,2,((3,4),(((5,6),(7,8)),(((((((9,10),11),12),13),14),15),16)))); 0.0247393
(1,2,((3,4),(((5,(7,8)),6),(((((((9,10),11),12),13),14),15),16)))); 0.0199681
(1,2,((3,4),(((5,6),(7,8)),(((((((9,10),11),12),13),14),15),16)))); 0.0240568
(1,2,((3,4),(((5,6),(7,8)),(((((((9,10),11),12),13),14),15),16)))); 0.0217758
(1,2,((3,4),(((5,6),(7,8)),(((((((9,10),11),12),13),14),15),16)))); 0.0212963
(1,2,((3,4),(((5,6),(7,8)),(((((((9,10),11),12),13),14),15),16)))); 0.0172648
(1,2,((3,4),(((5,6),(7,8)),(((((((9,10),11),12),13),14),15),16)))); 0.0206955
(1,2,((3,4),(((5,6),(7,8)),(((((((9,10),11),12),13),14),15),16)))); 0.0194758
(1,(2,(3,4)),(((5,6),(7,8)),(((((((9,10),11),12),13),14),15),16))); 0.0234701
(1,2,((3,4),(((5,6),(7,8)),(((((((9,10),11),12),13),14),15),16)))); 0.0182823
(1,(2,(3,4)),(((5,6),(7,8)),(((((((9,10),11),12),13),14),15),16))); 0.0172866
(1,2,((3,4),(((5,6),(7,8)),(((((((9,10),11),12),13),14),15),16)))); 0.0275656
(1,2,((3,4),(((5,6),(7,8)),(((((((9,10),11),12),13),14),15),16)))); 0.022277
(1,2,((3,4),(((5,6),(7,8)),(((((((9,10),11),12),13),14),15),16)))); 0.0245186
(1,2,((3,4),(((5,6),(7,8)),(((((((9,10),11),12),13),14),15),16)))); 0.0240551
(1,2,((3,4),(((5,6),(7,8)),(((((((9,10),11),12),13),14),15),16)))); 0.0321724
(1,2,((3,4),(((5,6),(7,8)),(((((((9,10),11),12),13),14),15),16)))); 0.019534
(1,2,((3,4),(((5,6),(7,8)),(((((((9,10),11),12),13),14),15),16)))); 0.0245349
(1,2,((3,4),(((5,6),(7,8)),(((((((9,10),11),12),13),14),15),16)))); 0.0231878
(1,2,((3,4),(((5,6),(7,8)),(((((((9,10),11),12),13),14),15),16)))); 0.025479
(1,(2,(3,4)),(((5,6),(7,8)),(((((((9,10),11),12),13),14),15),16))); 0.022547
(1,(2,(3,4)),(((5,6),(7,8)),(((((((9,10),11),12),13),14),15),16))); 0.0250286
(1,2,((3,4),(((5,6),(7,8)),(((((((9,10),11),12),13),14),15),16)))); 0.0240242
(1,2,((3,4),(((5,6),(7,8)),(((((((9,10),11),12),13),14),15),16)))); 0.0301334
(1,2,((3,4),(((5,6),(7,8)),(((((((9,10),11),12),13),14),15),16)))); 0.0283418
(1,2,((3,4),(((5,6),(7,8)),(((((((9,10),11),12),13),14),15),16)))); 0.0208996
(1,2,((3,4),(((5,6),(7,8)),(((((((9,10),11),12),13),14),15),16)))); 0.0316012
(1,2,((3,4),(((5,6),(7,8)),((((((9,10),11),12),(13,14)),15),16)))); 0.0230006
(1,2,((3,4),(((5,6),(7,8)),(((((((9,10),11),12),13),14),15),16)))); 0.0253526
(1,2,((3,4),(((5,6),(7,8)),(((((((9,10),11),12),13),14),15),16)))); 0.0290364
(1,2,((3,4),(((5,6),(7,8)),(((((((9,10),11),12),13),14),15),16)))); 0.0271009
(1,2,((3,4),(((5,6),(7,8)),(((((((9,10),11),12),13),14),15),16)))); 0.0209029
(1,2,((3,4),(((5,6),(7,8)),(((((((9,10),11),12),13),14),15),16)))); 0.0183358
(1,2,((3,4),((5,(6,(7,8))),(((((((9,10),11),12),13),14),15),16)))); 0.0227468
(1,2,((3,4),(((5,6),(7,8)),(((((((9,10),11),12),13),14),15),16)))); 0.0186159
(1,2,((3,4),(((5,6),(7,8)),(((((((9,10),11),12),13),14),15),16)))); 0.0272786
(1,2,((3,4),(((5,6),(7,8)),(((((((9,10),11),12),13),14),15),16)))); 0.0222534
(1,2,((3,4),(((5,6),(7,8)),(((((((9,10),11),12),13),14),15),16)))); 0.0178711
(1,2,((3,4),(((5,6),(7,8)),(((((((9,10),11),12),13),14),15),16)))); 0.0185428
(1,2,((3,4),(((5,6),(7,8)),(((((((9,10),11),12),13),14),15),16)))); 0.0216392
(1,2,((3,4),(((5,6),(7,8)),(((((((9,10),11),12),13),14),15),16)))); 0.024855
(1,2,((3,4),(((5,6),(7,8)),(((((((9,10),11),12),13),14),16),15)))); 0.0344285
(1,2,((3,4),(((5,6),(7,8)),(((((((9,10),11),12),13),14),15),16)))); 0.0263008
(1,2,((3,4),(((5,6),(7,8)),(((((((9,10),11),12),13),14),15),16)))); 0.027281
(1,2,((3,4),(((5,6),(7,8)),((((((9,10),11),12),(13,14)),15),16)))); 0.0245097
(1,(2,(((((((((4,16),15),14),13),(((9,10),11),12)),8),7),5),6)),3); 2.08807
(1,2,((3,4),(((5,6),(7,8)),(((((((9,10),11),12),13),14),15),16)))); 0.0232467
(1,2,((3,4),(((5,6),(7,8)),(((((((9,10),11),12),13),14),15),16)))); 0.0295183
(1,(2,(3,4)),(((5,6),(7,8)),(((((((9,10),11),12),13),14),15),16))); 0.0240378
(1,2,((3,4),(((5,6),(7,8)),(((((((9,10),11),12),13),14),15),16)))); 0.0218307
(1,2,((3,4),(((5,6),(7,8)),(((((((9,10),11),12),13),14),15),16)))); 0.0172807
(1,2,((3,4),(((5,6),(7,8)),(((((((9,10),11),12),13),14),15),16)))); 0.035419
(1,2,((3,4),(((5,6),(7,8)),(((((((9,10),11),12),13),14),15),16)))); 0.0300791
(1,2,((3,4),(((5,6),(7,8)),(((((((9,10),11),12),13),14),15),16)))); 0.0273455
