Pi: 0.244082 0.232649 0.205421 0.317847
S:  0.0483245   0.300179  0.0670184  0.0139438   0.561599 0.00893508
