Pi: 0.243459 0.235369  0.20492 0.316251
S:  0.0473704   0.295538  0.0690262  0.0141763   0.564439 0.00944956
