
Alignment summary:
Felis_catus___domestic_cat: A=414 C=366 G=278 T=487
Acinonyx_jubatus___cheetah: A=422 C=354 G=266 T=503
Neofelis_nebulosa___clouded_leopard: A=398 C=368 G=294 T=485
Uncia_uncia___snow_leopard: A=402 C=354 G=294 T=495
Panthera_pardus___leopard: A=412 C=359 G=285 T=489
Panthera_tigris___tiger: A=402 C=369 G=295 T=479
Canis_lupus_familiaris___domestic_dog: A=414 C=355 G=276 T=500
Canis_lupus___gray_wolf: A=418 C=354 G=273 T=500
Canis_latrans___coyote: A=416 C=351 G=275 T=503
Cuon_alpinus___dhole: A=415 C=362 G=278 T=490
Vulpes_vulpes___red_fox: A=415 C=378 G=275 T=477
Nyctereutes_procyonoides___raccoon_dog: A=424 C=381 G=276 T=464

Seed = 2230351603
Jukes-Cantor Distance Matrix:

         0   0.121271   0.155518   0.122794   0.129687   0.142883   0.224714   0.225588   0.219493   0.237042   0.219493   0.225588
  0.121271          0    0.16272   0.157911   0.147596   0.157911   0.228216   0.225588   0.227339   0.224714   0.224714   0.232616
  0.155518    0.16272          0    0.12815   0.129687   0.134318   0.246873   0.244179   0.240602   0.237042   0.232616   0.240602
  0.122794   0.157911    0.12815          0  0.0755226   0.106206   0.233499   0.230853    0.22297   0.239711   0.230853   0.230853
  0.129687   0.147596   0.129687  0.0755226          0   0.105461   0.229094   0.226463   0.226463   0.237931   0.231734   0.222099
  0.142883   0.157911   0.134318   0.106206   0.105461          0   0.233499   0.229094   0.235269   0.237931   0.226463   0.229094
  0.224714   0.228216   0.246873   0.233499   0.229094   0.233499          0 0.00454448  0.0439833   0.106206   0.171617   0.178976
  0.225588   0.225588   0.244179   0.230853   0.226463   0.229094 0.00454448          0  0.0446699   0.103972   0.165943   0.176515
  0.219493   0.227339   0.240602    0.22297   0.226463   0.235269  0.0439833  0.0446699          0  0.0907075   0.174879   0.174879
  0.237042   0.224714   0.237042   0.239711   0.237931   0.237931   0.106206   0.103972  0.0907075          0   0.172431    0.18475
  0.219493   0.224714   0.232616   0.230853   0.231734   0.226463   0.171617   0.165943   0.174879   0.172431          0   0.172431
  0.225588   0.232616   0.240602   0.230853   0.222099   0.229094   0.178976   0.176515   0.174879    0.18475   0.172431          0


JC Tree topology:
(1,2,((3,((4,5),6)),(((((7,8),9),10),11),12)));

Putting MLE Branch Lengths
p: 0.267098
0.234682
0.181499
0.316721
s: 0.0769495
 0.271456
 0.111628
0.0284513
 0.483571
0.0279449
Q: -0.861168  0.144047  0.508157  0.208964
 0.163944  -1.25483 0.0606168   1.03027
 0.747814 0.0783785 -0.903176 0.0769833
 0.176224  0.763403  0.044116 -0.983743
(((8:0.0021665,7:0.0023867):0.0283825,9:0.0144126):0.0296503,10:0.0507159,((((2:0.0774763,1:0.0459901):0.0242649,((6:0.0591356,(5:0.0370414,4:0.0391073):0.0182044):0.0165109,3:0.0771679):0.0244140):0.1290187,12:0.0844595):0.0214199,11:0.0870217):0.0586054);
stationary acceptance: 0.332449
symmetric acceptance: 0.399334
branch length acceptance: 0.881513
avgP: 0.244082 0.232649 0.205421 0.317847
sP: 9.44091e-05 7.55363e-05 8.35765e-05 9.83903e-05
avgS:  0.0483245   0.300179  0.0670184  0.0139438   0.561599 0.00893508
sS:  3.9716e-05 0.000210815 6.04417e-05 1.44088e-05 0.000218138  1.4419e-05
0.244082 0.232649 0.205421 0.317847
 0.0483245   0.300179  0.0670184  0.0139438   0.561599 0.00893508

-0.851192 0.0989922  0.614913  0.137286
 0.103857  -1.34079 0.0299674   1.20697
 0.730642 0.0339394  -0.78633 0.0217482
 0.105425  0.883442 0.0140556  -1.00292

GTR Distance Matrix:

         0   0.123939   0.159903   0.126285   0.132889   0.147111   0.251099   0.251026   0.243886   0.265307   0.242183     0.2533
  0.123939          0   0.168452   0.164497   0.152328   0.163468   0.255421   0.251488   0.253623   0.250251   0.248602   0.260521
  0.159903   0.168452          0   0.131165   0.132215   0.137189   0.280711   0.276524   0.272269   0.267196   0.259218   0.272162
  0.126285   0.164497   0.131165          0  0.0764127   0.108373    0.26278   0.258766   0.249659    0.26994   0.257219   0.260532
  0.132889   0.152328   0.132215  0.0764127          0   0.106996   0.256232   0.252298    0.25169   0.265722   0.257108   0.248369
  0.147111   0.163468   0.137189   0.108373   0.106996          0   0.262412   0.256373   0.263571   0.267202    0.25249   0.256627
  0.251099   0.255421   0.280711    0.26278   0.256232   0.262412          0 0.00454633  0.0443193   0.108638   0.181155   0.187197
  0.251026   0.251488   0.276524   0.258766   0.252298   0.256373 0.00454633          0  0.0449779   0.106228   0.174835   0.184385
  0.243886   0.253623   0.272269   0.249659    0.25169   0.263571  0.0443193  0.0449779          0  0.0924106   0.183741    0.18179
  0.265307   0.250251   0.267196    0.26994   0.265722   0.267202   0.108638   0.106228  0.0924106          0   0.180995   0.192871
  0.242183   0.248602   0.259218   0.257219   0.257108    0.25249   0.181155   0.174835   0.183741   0.180995          0   0.179783
    0.2533   0.260521   0.272162   0.260532   0.248369   0.256627   0.187197   0.184385    0.18179   0.192871   0.179783          0

Seed = 1040907711
Seeds per core: 
     1561689456
     3396127103
     4042819430
     1789974454
      486157156
     1835996645
     2334558333
     1978840033
      723651736
     1724985461
     3954837125
     2419906713
     3047998534
     1335302992
     3777601769
     1501846526
ESS = 265.86, or 26.59 percent.
Times: 
MCMC: 167 seconds
Bootstrap: 0 seconds
Estimate ccdprobs from bootstrap: 0 seconds
Importance sampling: 237 seconds
