Pi: 0.241523 0.235778 0.203726 0.318973
S:  0.0474404   0.294582  0.0652806  0.0147215   0.568304 0.00967091
