Pi:  0.24444 0.234073 0.204927 0.316559
S: 0.0491302  0.302516 0.0669452 0.0131939  0.557943 0.0102724
