Pi: 0.243092 0.234804 0.204633  0.31747
S:  0.0471938   0.298982   0.067495  0.0127764   0.563717 0.00983571
