Pi: 0.244132 0.234398  0.20514 0.316331
S: 0.0480363  0.298688 0.0653619 0.0140505  0.564533 0.0093298
