        0 0.0460896 0.0400132  0.049703 0.0398586 0.0343284 0.0432651 0.0558462 0.0597099 0.0550801 0.0435464 0.0489364 0.0618371 0.0492912 0.0580943 0.0467715 0.0534451 0.0487913 0.0515236  0.051974 0.0367226 0.0445102 0.0322724 0.0621186 0.0590904 0.0556375 0.0354253  0.039229 0.0373089 0.0285458  0.050158 0.0408271 0.0655717 0.0360169 0.0540461 0.0506267 0.0440547 0.0656296 0.0372554 0.0492354  0.060149 0.0548262 0.0399285 0.0492184 0.0670652 0.0598407 0.0576792 0.0587261 0.0638755 0.0529294 0.0694041 0.0608499 0.0494527  0.045021 0.0241558 0.0528157   0.04314 0.0461585 0.0514032  0.046761  0.064879 0.0474746 0.0382334   0.03732 0.0397924 0.0322211 0.0436645 0.0618939 0.0539426 0.0344709 0.0555724 0.0444989 0.0438671 0.0565701 0.0430567 0.0493477 0.0487278    0.0615 0.0491086 0.0387259 0.0338908 0.0455915  0.044714 0.0410809 0.0678653 0.0373724  0.042057 0.0409627 0.0564243 0.0403574 0.0725582 0.0574389 0.0435134 0.0664241 0.0535476 0.0468414 0.0350154 0.0442648 0.0441794 0.0301378         0
0.0460896         0 0.0567352 0.0472689 0.0450286 0.0498055 0.0636616 0.0545325 0.0593145 0.0684191 0.0516567   0.06564 0.0693846 0.0611846 0.0692676 0.0539339  0.072923 0.0577883 0.0661886  0.066929 0.0527553 0.0487613 0.0401762  0.059737 0.0723958 0.0677605 0.0423433 0.0454132 0.0384791 0.0424443 0.0441547 0.0488378 0.0485442 0.0393174 0.0582844 0.0646301 0.0471736 0.0681884 0.0383023 0.0646312 0.0473659 0.0433708 0.0530388  0.070789 0.0509609 0.0659274 0.0677322  0.059867 0.0736646 0.0761016 0.0625649 0.0746604 0.0542674 0.0578139 0.0517533 0.0536628 0.0573729 0.0570394 0.0562483 0.0486788  0.073801 0.0623237 0.0540392 0.0584032  0.047465  0.049673 0.0635162 0.0596554 0.0443178   0.04063 0.0624804 0.0611872 0.0506842 0.0662804  0.040915  0.041741 0.0684158 0.0590078 0.0664909 0.0555148  0.051582 0.0579175 0.0545587 0.0430892 0.0777915  0.046128 0.0473652 0.0385771 0.0695222 0.0480952 0.0764327 0.0633734  0.059133 0.0790887 0.0456929 0.0482857 0.0577687 0.0424818 0.0567897 0.0447466         0
0.0400132 0.0567352         0 0.0594543 0.0464223 0.0492311 0.0496923 0.0543688 0.0426937 0.0648112 0.0360892 0.0485369 0.0658542 0.0570184 0.0457839 0.0477342 0.0500739 0.0539804 0.0438984 0.0587777 0.0486503 0.0495526 0.0401185 0.0469906 0.0658569 0.0454012 0.0401795 0.0362345 0.0437103 0.0367247 0.0544895 0.0348785 0.0719837 0.0397223 0.0431841 0.0583827 0.0541483 0.0505453 0.0589847 0.0412064 0.0659966 0.0590628 0.0390066 0.0613755 0.0711194 0.0603993 0.0461389 0.0523059 0.0661621  0.063742 0.0662076 0.0561512 0.0610202 0.0367774 0.0431496 0.0450511 0.0591949 0.0473505 0.0502426 0.0483829 0.0733473 0.0481416 0.0421929 0.0260109 0.0439489 0.0408892 0.0467535 0.0439517 0.0577035 0.0548679 0.0505906 0.0528877 0.0407813 0.0601758 0.0388266 0.0446401 0.0474854 0.0445958 0.0528646 0.0330281 0.0476342 0.0357503 0.0422474  0.045807 0.0516497 0.0544124 0.0409809 0.0578726 0.0602116  0.046246 0.0691554 0.0655133 0.0379846 0.0678431 0.0473652 0.0348548 0.0441303 0.0483864  0.033465 0.0286617         0
 0.049703 0.0472689 0.0594543         0 0.0469035 0.0430439 0.0631009 0.0598427 0.0672449 0.0719383 0.0603714  0.062291 0.0732945 0.0529274 0.0636569 0.0626585 0.0650101 0.0664649 0.0645017 0.0710941 0.0637722 0.0443472 0.0393719 0.0680557 0.0676586 0.0642399 0.0511601  0.043532 0.0415556 0.0469223 0.0387759 0.0483544 0.0546866 0.0388147  0.069876 0.0689581  0.043041 0.0683898 0.0482094 0.0650496 0.0523608 0.0538882 0.0601762 0.0669047 0.0631339 0.0660718 0.0627443 0.0635729 0.0780662 0.0759432 0.0750738 0.0667863 0.0516688 0.0600969 0.0481027 0.0640702 0.0424533 0.0614245 0.0619266 0.0463179 0.0735676 0.0563689  0.066197 0.0598442  0.044133 0.0478168 0.0612696 0.0654319 0.0469098 0.0420076 0.0652709 0.0674639  0.048157  0.069847 0.0512724 0.0478844 0.0635823 0.0668591 0.0689767   0.05583 0.0371397 0.0615572 0.0560424 0.0386108 0.0837091 0.0455334  0.052499 0.0438508 0.0683837 0.0560457 0.0824839 0.0738937 0.0647573 0.0698099  0.045245 0.0489221 0.0578708 0.0493672  0.057887   0.05078         0
0.0398586 0.0450286 0.0464223 0.0469035         0 0.0462342 0.0554605 0.0508904 0.0520497 0.0651481 0.0435416 0.0563116 0.0643007  0.060709 0.0518685 0.0457944 0.0606596 0.0504876 0.0548797 0.0639313 0.0503369 0.0472712 0.0246923 0.0601077 0.0630368  0.054125   0.03721 0.0390023 0.0301258 0.0343889 0.0414102 0.0273154 0.0457985 0.0342313 0.0490377  0.062843 0.0395068 0.0586748 0.0388772 0.0502922 0.0430234 0.0433749 0.0459828 0.0638067  0.048092 0.0610428 0.0617968  0.050747 0.0622316 0.0650211 0.0641321  0.069044 0.0497736 0.0445755 0.0421726 0.0447376 0.0476118 0.0564318 0.0530293 0.0381656 0.0684363  0.049178 0.0519461 0.0450817 0.0317607 0.0512656 0.0558573 0.0498343 0.0460126 0.0415312 0.0513807 0.0598768 0.0419858 0.0590324 0.0424042 0.0374262 0.0589937 0.0573027 0.0504082 0.0498072 0.0372618 0.0449563 0.0538737  0.031538 0.0730943 0.0420034 0.0401458 0.0438822 0.0627743 0.0397067 0.0697143 0.0569764 0.0471932 0.0673101 0.0468736 0.0445488 0.0476457 0.0468601 0.0464894  0.033082         0
0.0343284 0.0498055 0.0492311 0.0430439 0.0462342         0 0.0452051 0.0566812 0.0624862 0.0481538  0.049364 0.0436888  0.061236  0.044646 0.0583513 0.0519142 0.0568983  0.059039 0.0539325 0.0662755 0.0384339 0.0386736 0.0353906 0.0610904 0.0604703 0.0519103 0.0446009 0.0388164 0.0364922 0.0409912  0.044021 0.0471883 0.0657167 0.0392892 0.0604066 0.0556036 0.0345386 0.0715597 0.0429254 0.0520678 0.0615872 0.0546178 0.0514096 0.0433884 0.0711208 0.0584849  0.053158 0.0587921 0.0710349 0.0524309 0.0708338 0.0598527 0.0470624 0.0516118 0.0289699 0.0547176 0.0457762   0.04396 0.0495813 0.0497794 0.0531723 0.0566317 0.0521947 0.0434735 0.0482438 0.0465414 0.0519935 0.0605586 0.0516166  0.034691 0.0577588 0.0417806 0.0494854 0.0615942 0.0539225  0.051024 0.0481211 0.0597419 0.0549142 0.0442104 0.0392315 0.0498266 0.0457761 0.0488799  0.075805 0.0362922 0.0383969 0.0398708 0.0564949 0.0540173 0.0736482 0.0581616 0.0505257  0.061004 0.0539762 0.0496195  0.043001 0.0438242 0.0513592 0.0357534         0
0.0432651 0.0636616 0.0496923 0.0631009 0.0554605 0.0452051         0 0.0596528 0.0466968 0.0680302 0.0471706 0.0290921 0.0648615 0.0654288 0.0403528  0.066277 0.0392871 0.0588391 0.0601363 0.0688624 0.0461775 0.0509551 0.0500791 0.0729957 0.0664512 0.0301146 0.0615058 0.0500407 0.0509077 0.0488959 0.0561053 0.0510338 0.0743255 0.0452091  0.043559 0.0688183 0.0550787 0.0661831 0.0565758 0.0403211 0.0725804 0.0687661 0.0510231 0.0392243  0.073488 0.0713871  0.051908 0.0480377 0.0668068 0.0621214 0.0778683  0.063407 0.0650517 0.0329237 0.0401079 0.0603477  0.055158 0.0548295  0.055615   0.06075 0.0596968 0.0618378 0.0332803 0.0347686 0.0506461 0.0574238 0.0348487 0.0550563 0.0592724 0.0506906 0.0644979  0.048893 0.0573974 0.0629606 0.0653859 0.0678119  0.042076 0.0591727 0.0390683 0.0365541 0.0503536 0.0359134 0.0627623 0.0553158 0.0528829 0.0532717 0.0554846 0.0553566 0.0671238 0.0583865 0.0828171 0.0634812 0.0411475 0.0496061 0.0620206 0.0558334 0.0509426 0.0646981 0.0413086 0.0370382         0
0.0558462 0.0545325 0.0543688 0.0598427 0.0508904 0.0566812 0.0596528         0 0.0619644 0.0751773 0.0607688 0.0557295 0.0718609 0.0529525 0.0647792 0.0621257 0.0672661 0.0669656 0.0701292 0.0833263 0.0605522 0.0576223 0.0428018 0.0670687 0.0758947 0.0613809 0.0579195 0.0445056 0.0464385 0.0544761 0.0448576 0.0365221 0.0656904 0.0444486 0.0560605  0.067856 0.0525775 0.0673235 0.0617445 0.0544094 0.0615952 0.0688767  0.061887 0.0734522 0.0604677  0.072058 0.0764897 0.0612973 0.0561749  0.069049 0.0788677 0.0805782   0.04986 0.0530002 0.0504357 0.0591225 0.0621309 0.0623045 0.0594206 0.0385717 0.0667154 0.0515711 0.0541523 0.0499555 0.0437447 0.0595796  0.064368  0.054475  0.063757 0.0584112 0.0727513 0.0657542 0.0619065 0.0651179 0.0570631 0.0500271 0.0686725 0.0687636 0.0560057 0.0622768 0.0492007 0.0541667 0.0707403 0.0503178 0.0778125 0.0607396 0.0510828 0.0508575   0.07794 0.0539096 0.0778914 0.0628971 0.0534959 0.0827943 0.0627439 0.0468472  0.057315  0.051887 0.0582794 0.0497929         0
0.0597099 0.0593145 0.0426937 0.0672449 0.0520497 0.0624862 0.0466968 0.0619644         0 0.0744542 0.0387498 0.0511165 0.0707731 0.0744917 0.0393994 0.0643458 0.0481718 0.0631106 0.0652489 0.0732009 0.0560069 0.0616926  0.053108 0.0621913 0.0780459  0.037584 0.0580861 0.0526436 0.0526464 0.0494164 0.0586922   0.04962 0.0698205 0.0480559 0.0347189 0.0775385 0.0552124 0.0580785 0.0642804 0.0445162 0.0690824 0.0629912 0.0569022 0.0706504 0.0677239 0.0727769 0.0522113 0.0460552 0.0738372 0.0795583 0.0705163  0.070096 0.0671093 0.0346444 0.0613821 0.0533534 0.0750105 0.0642444 0.0580054  0.064575  0.077045 0.0716777 0.0399948 0.0372374 0.0558408 0.0692233 0.0503398 0.0322589 0.0586334 0.0623093 0.0638159 0.0613527 0.0588501 0.0651675 0.0592639 0.0540709 0.0539574 0.0478548  0.049372 0.0431921 0.0611924 0.0330037 0.0634919 0.0566335  0.043609 0.0645486 0.0560198 0.0614593 0.0737388 0.0621007  0.083581 0.0667133 0.0462814  0.066408 0.0545066 0.0537233 0.0647712 0.0653272 0.0389864 0.0418603         0
0.0550801 0.0684191 0.0648112 0.0719383 0.0651481 0.0481538 0.0680302 0.0751773 0.0744542         0 0.0618041 0.0611919 0.0461158 0.0605425 0.0825263 0.0442861 0.0642969  0.061156 0.0658502 0.0658928 0.0408981 0.0696925 0.0588011 0.0592542 0.0569654 0.0737638 0.0562551 0.0648784 0.0678929 0.0583873 0.0748817 0.0700946 0.0795226 0.0692291 0.0731098  0.046778 0.0569444 0.0950296 0.0618998 0.0622433 0.0734576 0.0720561 0.0672181 0.0701317 0.0944573 0.0486888 0.0740575 0.0742791 0.0693409  0.040689  0.070469 0.0692056 0.0527428 0.0686746 0.0561012 0.0589796 0.0768822 0.0459997 0.0464679 0.0724959 0.0533913 0.0757708 0.0677638 0.0586485 0.0778771 0.0659586 0.0634406 0.0736179 0.0812877  0.065571 0.0609019 0.0466262 0.0690971 0.0501247 0.0720461 0.0726085 0.0625228 0.0742785 0.0677514 0.0651351 0.0698517 0.0686679 0.0526619 0.0761737 0.0897454  0.056603 0.0573105 0.0657336 0.0503843 0.0682098 0.0627283 0.0481112 0.0621926 0.0790893 0.0797317 0.0711688 0.0515646 0.0622513 0.0722678 0.0541073         0
0.0435464 0.0516567 0.0360892 0.0603714 0.0435416  0.049364 0.0471706 0.0607688 0.0387498 0.0618041         0 0.0461471 0.0659605 0.0604941  0.047837 0.0486276 0.0545215 0.0523804 0.0455379 0.0609411  0.044755 0.0563098 0.0454702 0.0561316 0.0674372 0.0496875 0.0428833 0.0448447 0.0431888 0.0428243 0.0598258 0.0432655 0.0671635 0.0437939 0.0399414 0.0600951 0.0542457 0.0617301 0.0530267 0.0418195 0.0648139 0.0535707 0.0372223 0.0626274 0.0694273 0.0630033 0.0531045 0.0496627 0.0695643 0.0662298 0.0717121 0.0642293 0.0559748 0.0368724 0.0459666 0.0472217 0.0626557 0.0477476 0.0546509 0.0554393 0.0713997 0.0589547 0.0383775 0.0336148 0.0511979 0.0552824 0.0471283 0.0480407 0.0586228 0.0536163 0.0580509 0.0549648 0.0435959 0.0644197 0.0463885  0.052743 0.0518853 0.0535132 0.0522471 0.0407513  0.054198 0.0343911 0.0512814 0.0496329 0.0477148  0.047534 0.0517511 0.0585257 0.0646504 0.0472514 0.0743261 0.0605581 0.0387197 0.0648125 0.0512241 0.0516591 0.0496112 0.0512259 0.0407771 0.0321997         0
0.0489364   0.06564 0.0485369  0.062291 0.0563116 0.0436888 0.0290921 0.0557295 0.0511165 0.0611919 0.0461471         0 0.0608923 0.0639022 0.0409187 0.0572642 0.0387676 0.0543951 0.0527571 0.0693391 0.0504789 0.0475479 0.0499685 0.0650669 0.0562643 0.0375676  0.056253 0.0526769 0.0550463 0.0507541 0.0613587 0.0519912 0.0679727 0.0490813 0.0435006   0.05658 0.0580385 0.0650014 0.0602815 0.0362552  0.065934 0.0618182 0.0505039 0.0444932 0.0722905 0.0586522 0.0502543 0.0418689 0.0628996 0.0538531  0.071017 0.0496378  0.060613  0.031883    0.0404 0.0555703 0.0520572 0.0492002 0.0532415  0.055566 0.0526024 0.0524773 0.0441076 0.0361832 0.0550409  0.057511 0.0402669 0.0545889 0.0603531 0.0543352 0.0599323 0.0521977 0.0548299 0.0593023 0.0622387  0.067422 0.0376589 0.0547832 0.0362197 0.0403324 0.0563484 0.0356966 0.0563152 0.0568675 0.0587634 0.0479943 0.0534821 0.0617425 0.0631391 0.0609172 0.0706562 0.0605263 0.0341449  0.047911 0.0636917 0.0558282 0.0435506 0.0599959 0.0464775  0.033604         0
0.0618371 0.0693846 0.0658542 0.0732945 0.0643007  0.061236 0.0648615 0.0718609 0.0707731 0.0461158 0.0659605 0.0608923         0 0.0765542 0.0707409 0.0460124 0.0646795 0.0409043 0.0715894  0.054235 0.0446825 0.0657273 0.0622327 0.0516093  0.047881 0.0682159 0.0642874 0.0628318 0.0675593 0.0610752 0.0702482  0.064721 0.0721398 0.0635996 0.0663197 0.0499422 0.0666985 0.0861583 0.0673696  0.069062 0.0699856  0.067481 0.0680101 0.0734184 0.0819436 0.0454476 0.0783802 0.0688729 0.0465891 0.0424918 0.0560432 0.0752573 0.0654889 0.0639784 0.0585588 0.0423227 0.0712797  0.038824 0.0320061 0.0698472  0.046084 0.0722445 0.0665056 0.0626334 0.0704902 0.0684871 0.0643815  0.072012 0.0717661 0.0644395 0.0423529 0.0423274 0.0672385 0.0302762 0.0703761  0.074943 0.0678233 0.0706966  0.067557 0.0647101 0.0724332 0.0659067 0.0537156  0.069885 0.0881033 0.0630459 0.0624784 0.0675426 0.0401654 0.0670866  0.045398 0.0355457 0.0648658 0.0817642 0.0732612 0.0642174 0.0566786 0.0710969 0.0711297 0.0542599         0
0.0492912 0.0611846 0.0570184 0.0529274  0.060709  0.044646 0.0654288 0.0529525 0.0744917 0.0605425 0.0604941 0.0639022 0.0765542         0 0.0788448 0.0665487 0.0691973 0.0774017 0.0606352 0.0846279 0.0581715 0.0633478 0.0478524   0.07002 0.0832134 0.0723834 0.0592344 0.0456506 0.0526316 0.0592527 0.0538311 0.0538122 0.0865805 0.0592825 0.0740564 0.0704497 0.0485689 0.0789525 0.0672759 0.0598349 0.0766614  0.076781 0.0605996 0.0700464 0.0901256  0.069373 0.0734723 0.0699636  0.077891 0.0670734 0.0948454 0.0786763 0.0487801 0.0691333 0.0471833 0.0723707 0.0680649  0.056709 0.0596537 0.0571632 0.0640402 0.0639688 0.0592169 0.0516703 0.0596738 0.0537791 0.0611911 0.0658821 0.0807412 0.0623882 0.0804705 0.0688351  0.064529 0.0726652  0.063092 0.0594295 0.0654956 0.0728903 0.0686581  0.059805 0.0505687 0.0632473 0.0637117 0.0604355 0.0833338 0.0595727 0.0570227 0.0582375  0.067508 0.0573278  0.081799 0.0737266 0.0569489 0.0831423 0.0747288 0.0616161 0.0555428 0.0562531 0.0627623  0.055867         0
0.0580943 0.0692676 0.0457839 0.0636569 0.0518685 0.0583513 0.0403528 0.0647792 0.0393994 0.0825263  0.047837 0.0409187 0.0707409 0.0788448         0 0.0672755 0.0476272 0.0594232 0.0604699 0.0700542 0.0602276 0.0522922 0.0520364 0.0660731 0.0693466 0.0340456 0.0616256 0.0533906 0.0507793 0.0510232 0.0593021 0.0468713 0.0688083 0.0432251 0.0403571 0.0757029  0.061496 0.0503692 0.0686759 0.0483985 0.0689478 0.0587943  0.055995 0.0602591 0.0645312 0.0721154 0.0489947  0.042116 0.0713925 0.0754202 0.0713279 0.0626307 0.0764641 0.0308974 0.0530055 0.0513082 0.0572933   0.06052 0.0614017  0.060453 0.0703168 0.0596133 0.0502509 0.0426261 0.0475634 0.0657864 0.0516906 0.0469639   0.04991  0.057558 0.0556698 0.0617796 0.0543928 0.0674214 0.0602441 0.0609546 0.0511169 0.0515879 0.0480261  0.042786  0.056101 0.0353485 0.0605999 0.0509675 0.0542596 0.0609094 0.0579146 0.0666363  0.070577  0.063053  0.080012  0.071651 0.0477314 0.0559668 0.0511588 0.0528043 0.0591597 0.0683861 0.0416787 0.0397797         0
0.0467715 0.0539339 0.0477342 0.0626585 0.0457944 0.0519142  0.066277 0.0621257 0.0643458 0.0442861 0.0486276 0.0572642 0.0460124 0.0665487 0.0672755         0 0.0615415 0.0417218 0.0547715 0.0470625 0.0485345 0.0540544  0.044471 0.0419321 0.0438382 0.0649351 0.0324606 0.0531383 0.0501304 0.0425867 0.0658424 0.0506705 0.0573127 0.0511684 0.0565944 0.0305217 0.0605041 0.0720785 0.0520284 0.0553263 0.0529883  0.050791 0.0469846 0.0670848 0.0693856 0.0383619 0.0610133 0.0600815 0.0556135 0.0437564 0.0502158 0.0564414 0.0549026 0.0525488 0.0486944 0.0368945 0.0579427 0.0392471 0.0404983 0.0530889 0.0633506 0.0477468 0.0632199 0.0516124 0.0588174 0.0488423 0.0594075 0.0601737 0.0626354  0.057217 0.0363729 0.0506869 0.0500702 0.0491457 0.0467902 0.0570212 0.0581281 0.0557842 0.0581762 0.0568782 0.0608148 0.0579948 0.0390438 0.0561639 0.0795598 0.0463363 0.0433813 0.0612915 0.0460759 0.0486745 0.0467331 0.0463555 0.0502305 0.0725313 0.0576202 0.0508763 0.0443314 0.0501637 0.0587394 0.0375853         0
0.0534451  0.072923 0.0500739 0.0650101 0.0606596 0.0568983 0.0392871 0.0672661 0.0481718 0.0642969 0.0545215 0.0387676 0.0646795 0.0691973 0.0476272 0.0615415         0 0.0675805 0.0618091  0.070534 0.0592716 0.0649734 0.0542462 0.0717758 0.0628517 0.0353725 0.0616208 0.0592669 0.0630279 0.0539355 0.0672717  0.057839 0.0747459 0.0563855 0.0531868 0.0653827 0.0622258 0.0694294 0.0683374 0.0379819 0.0722181 0.0747755 0.0611044 0.0579737 0.0846229 0.0672618 0.0533747 0.0503697 0.0746132 0.0635396 0.0779747 0.0508234 0.0660428 0.0360987 0.0515823 0.0660026 0.0631161 0.0602938 0.0584515 0.0646089 0.0668891  0.063339 0.0479248 0.0383983 0.0609538 0.0592114 0.0398219 0.0532801 0.0713954 0.0638777 0.0655822 0.0596823 0.0666597 0.0620231 0.0700719 0.0708498 0.0332647 0.0561612 0.0438426 0.0428754 0.0576317 0.0433895 0.0617955 0.0647206 0.0537406 0.0638298 0.0573182 0.0641871 0.0700707 0.0648964 0.0793416 0.0720822 0.0429604  0.053534 0.0684432 0.0601839 0.0536457 0.0681059 0.0436628 0.0437434         0
0.0487913 0.0577883 0.0539804 0.0664649 0.0504876  0.059039 0.0588391 0.0669656 0.0631106  0.061156 0.0523804 0.0543951 0.0409043 0.0774017 0.0594232 0.0417218 0.0675805         0 0.0610983 0.0403315 0.0474204 0.0478391 0.0539159 0.0513324 0.0494797  0.065798 0.0478301 0.0538976 0.0574357 0.0441759  0.063837 0.0536151 0.0601241 0.0514042 0.0494705  0.047918 0.0647385 0.0732006  0.052032 0.0659176 0.0567314 0.0457246 0.0476598 0.0667699 0.0604745 0.0460965 0.0692009  0.060532 0.0491858 0.0497279 0.0507028 0.0680377 0.0620381 0.0521627 0.0488648 0.0362202 0.0567215  0.042423 0.0415197 0.0586351 0.0637278 0.0535561 0.0562941 0.0553273 0.0584346 0.0565548 0.0557425 0.0693359 0.0550391 0.0517893 0.0379006 0.0478347 0.0440303 0.0434953 0.0480656 0.0652641  0.066028 0.0636288 0.0569805 0.0562022 0.0656107 0.0556799 0.0491967 0.0515809 0.0802914  0.044337 0.0584961 0.0634457 0.0456847  0.050782  0.050382 0.0433621 0.0540829 0.0766842 0.0591496 0.0525138 0.0436316 0.0636297 0.0633508 0.0407285         0
0.0515236 0.0661886 0.0438984 0.0645017 0.0548797 0.0539325 0.0601363 0.0701292 0.0652489 0.0658502 0.0455379 0.0527571 0.0715894 0.0606352 0.0604699 0.0547715 0.0618091 0.0610983         0 0.0627827 0.0570018 0.0607882 0.0494745 0.0510965  0.058566 0.0612588 0.0492333 0.0525389 0.0604995 0.0553972 0.0691575 0.0490466  0.072342 0.0599253 0.0638231 0.0601933 0.0660326 0.0575581 0.0683006 0.0513508  0.065116 0.0636474 0.0313139 0.0592289 0.0834003 0.0514402 0.0559148 0.0501264 0.0773399 0.0706581 0.0712478 0.0485158  0.073798  0.050032  0.046433 0.0579987 0.0647093 0.0446954 0.0545755 0.0569512 0.0706958 0.0519021 0.0599067 0.0447756  0.057164 0.0531568 0.0495824 0.0649013 0.0685145 0.0660893 0.0618757 0.0703517 0.0416297 0.0635719  0.048991 0.0643999 0.0606946 0.0561192 0.0648628 0.0464678 0.0602512 0.0501793 0.0458484 0.0580181 0.0696255 0.0522651 0.0628464 0.0716548 0.0598468 0.0519519  0.060221 0.0728766  0.044003  0.056636 0.0628378 0.0558087 0.0438827 0.0542625 0.0459851 0.0389781         0
 0.051974  0.066929 0.0587777 0.0710941 0.0639313 0.0662755 0.0688624 0.0833263 0.0732009 0.0658928 0.0609411 0.0693391  0.054235 0.0846279 0.0700542 0.0470625  0.070534 0.0403315 0.0627827         0 0.0526715 0.0641237 0.0607112 0.0526477  0.046094 0.0732925 0.0490741 0.0640283 0.0674744 0.0473212 0.0763144 0.0657838 0.0731979 0.0597203  0.067639 0.0471094 0.0750893 0.0803778 0.0597878 0.0753717 0.0699426 0.0611065 0.0526032 0.0721218 0.0765637 0.0506021 0.0686589 0.0758681 0.0666775 0.0596851 0.0537074 0.0629747 0.0757239 0.0582578  0.056439 0.0489262 0.0658646 0.0497851  0.054097 0.0682035 0.0814743 0.0609169 0.0667228 0.0628625 0.0683877 0.0576413 0.0633256 0.0833245 0.0630496 0.0608633 0.0454539 0.0543135 0.0525423 0.0509294 0.0509651 0.0710685  0.072705 0.0732237 0.0719088 0.0648121 0.0678999 0.0693107 0.0481671 0.0619635 0.0817172 0.0516387 0.0690515 0.0691687 0.0512029 0.0571973 0.0595231 0.0561628 0.0675254 0.0782684 0.0591714  0.062079  0.053564 0.0638762 0.0651645 0.0525743         0
0.0367226 0.0527553 0.0486503 0.0637722 0.0503369 0.0384339 0.0461775 0.0605522 0.0560069 0.0408981  0.044755 0.0504789 0.0446825 0.0581715 0.0602276 0.0485345 0.0592716 0.0474204 0.0570018 0.0526715         0 0.0573924 0.0434851 0.0524404 0.0568639 0.0573955 0.0483602 0.0467677 0.0491592 0.0412638  0.056353 0.0501244 0.0712964  0.046588 0.0550107 0.0520986 0.0442076 0.0769108 0.0478484 0.0542766 0.0675194 0.0595744 0.0525799 0.0589798 0.0741793 0.0555819 0.0662586 0.0632258 0.0577893  0.048279 0.0622297   0.07087 0.0533165 0.0493289 0.0392779 0.0419283 0.0649262 0.0377612 0.0415962 0.0579982 0.0529441 0.0673715 0.0422992 0.0421151 0.0549943   0.05682 0.0531498 0.0633617 0.0584858 0.0445476 0.0522966 0.0281282 0.0539649   0.04144 0.0550753 0.0547977 0.0588608 0.0666302 0.0570757 0.0490101 0.0508048 0.0494041 0.0469832 0.0561465 0.0702317 0.0461555 0.0501343 0.0465681 0.0509242 0.0527692 0.0650971 0.0381354 0.0522397 0.0724885 0.0596174 0.0553942 0.0436212 0.0489598 0.0530363 0.0382162         0
0.0445102 0.0487613 0.0495526 0.0443472 0.0472712 0.0386736 0.0509551 0.0576223 0.0616926 0.0696925 0.0563098 0.0475479 0.0657273 0.0633478 0.0522922 0.0540544 0.0649734 0.0478391 0.0607882 0.0641237 0.0573924         0  0.043381 0.0601138 0.0627765 0.0542083 0.0477692 0.0434943 0.0379247 0.0390445 0.0456733 0.0475376 0.0585912  0.036866 0.0515807 0.0596922 0.0493893  0.060084 0.0474109  0.059071 0.0541724 0.0436789 0.0469936 0.0460851 0.0546454  0.058147 0.0464897 0.0513526  0.068058 0.0622906 0.0615327 0.0585664 0.0609383 0.0509404 0.0409679 0.0517672 0.0366327 0.0508267 0.0506054 0.0518168  0.063858 0.0443123 0.0584348 0.0513331 0.0457653 0.0439541 0.0524352 0.0574869 0.0399449 0.0407375 0.0493037 0.0543197  0.040622 0.0661039 0.0471604 0.0538409  0.053221   0.05163 0.0526804 0.0443518  0.049817 0.0503055 0.0475861 0.0422468 0.0806455  0.040402 0.0403128 0.0530819 0.0562329 0.0541699 0.0715487  0.063892 0.0509627 0.0609731 0.0465553   0.04101 0.0488387 0.0572213 0.0540858 0.0356543         0
0.0322724 0.0401762 0.0401185 0.0393719 0.0246923 0.0353906 0.0500791 0.0428018  0.053108 0.0588011 0.0454702 0.0499685 0.0622327 0.0478524 0.0520364  0.044471 0.0542462 0.0539159 0.0494745 0.0607112 0.0434851  0.043381         0 0.0532701 0.0597854 0.0507444 0.0308479 0.0294632 0.0283434 0.0293082 0.0336126 0.0274666 0.0499865 0.0296979  0.050908 0.0571198 0.0347428 0.0575513 0.0383792 0.0468566 0.0435044 0.0446574 0.0438139 0.0587596 0.0533514 0.0558129 0.0566098 0.0502547 0.0630099 0.0597507 0.0632933 0.0605622  0.046232 0.0410177 0.0331149 0.0443355 0.0439823 0.0494574 0.0483015 0.0285005 0.0633131 0.0438848  0.047731 0.0392562 0.0305829 0.0404484 0.0527234 0.0505418 0.0447643  0.035247 0.0518713 0.0548229 0.0421176 0.0550831 0.0353641 0.0310936 0.0541207 0.0522099 0.0493597  0.045688 0.0289029 0.0450587 0.0467718 0.0290486 0.0694028 0.0359185 0.0355461 0.0352877 0.0587562 0.0350425 0.0657492 0.0572059 0.0433839 0.0645809 0.0439154 0.0388648 0.0391263 0.0324102 0.0419314 0.0290648         0
0.0621186  0.059737 0.0469906 0.0680557 0.0601077 0.0610904 0.0729957 0.0670687 0.0621913 0.0592542 0.0561316 0.0650669 0.0516093   0.07002 0.0660731 0.0419321 0.0717758 0.0513324 0.0510965 0.0526477 0.0524404 0.0601138 0.0532701         0 0.0558013 0.0672081 0.0465992 0.0513701 0.0604163 0.0524719 0.0675001 0.0555751 0.0695116 0.0566511 0.0635975 0.0519261 0.0676549  0.063122 0.0700831  0.066448 0.0668286 0.0566922 0.0529714 0.0777115 0.0741933 0.0352619 0.0606184 0.0611186 0.0624805 0.0656331 0.0441042 0.0605962 0.0734514 0.0580116 0.0619908 0.0316396   0.07352 0.0392606 0.0374439  0.059429 0.0676826 0.0620465 0.0672611 0.0571465 0.0631568 0.0587144 0.0685284 0.0605119  0.064212 0.0693084 0.0407397 0.0605267 0.0530106  0.047108 0.0456185 0.0548515  0.069519 0.0506083 0.0744139 0.0589992 0.0689284 0.0618814 0.0333848  0.058759 0.0793817 0.0596376  0.054893 0.0707032 0.0445305 0.0610864 0.0422199 0.0541203 0.0601001 0.0786304 0.0537302 0.0535255 0.0579875 0.0533764 0.0565498 0.0460978         0
0.0590904 0.0723958 0.0658569 0.0676586 0.0630368 0.0604703 0.0664512 0.0758947 0.0780459 0.0569654 0.0674372 0.0562643  0.047881 0.0832134 0.0693466 0.0438382 0.0628517 0.0494797  0.058566  0.046094 0.0568639 0.0627765 0.0597854 0.0558013         0 0.0686312 0.0564619 0.0698154 0.0700867  0.057828 0.0783264 0.0640464 0.0601883 0.0615666  0.073466 0.0353257 0.0727705 0.0781328 0.0631553  0.064643  0.062011 0.0670344 0.0600239 0.0638208 0.0781076 0.0402811 0.0684073 0.0669516 0.0564653 0.0533425 0.0464696 0.0487739  0.073399 0.0565745 0.0554329 0.0526159 0.0581168 0.0489445 0.0528599 0.0632517 0.0640528 0.0562242 0.0747753 0.0643232 0.0656511 0.0615543 0.0622899 0.0802868 0.0641085 0.0649682 0.0462862 0.0571127 0.0575587 0.0428881 0.0652394 0.0755385 0.0649429 0.0744138 0.0676287 0.0637991 0.0653598 0.0669763 0.0480178 0.0669523 0.0892078 0.0543986 0.0654932 0.0706071 0.0533487 0.0688955 0.0519376  0.051752  0.064593  0.061512 0.0656882 0.0643907 0.0527806 0.0620025 0.0651165 0.0512832         0
0.0556375 0.0677605 0.0454012 0.0642399  0.054125 0.0519103 0.0301146 0.0613809  0.037584 0.0737638 0.0496875 0.0375676 0.0682159 0.0723834 0.0340456 0.0649351 0.0353725  0.065798 0.0612588 0.0732925 0.0573955 0.0542083 0.0507444 0.0672081 0.0686312         0  0.061102 0.0486862  0.051009 0.0522336 0.0557292 0.0491392 0.0718464 0.0455389 0.0451477 0.0734198 0.0590152 0.0570182 0.0640547 0.0411872 0.0733089 0.0695829   0.05621 0.0488023  0.071393 0.0710088 0.0424055 0.0458853  0.071476 0.0700477 0.0731036 0.0586417 0.0709557 0.0304232 0.0516295 0.0576903 0.0602837 0.0606147  0.056198 0.0596772 0.0676629 0.0638563 0.0446454 0.0363888 0.0507048 0.0620152 0.0463693 0.0432615 0.0590459 0.0594272 0.0608139 0.0571049 0.0614206  0.066949 0.0655079 0.0626959  0.039143 0.0461087 0.0448238 0.0383782  0.053813 0.0353867  0.061652 0.0557837 0.0481413 0.0618031 0.0505578  0.059335 0.0702573 0.0643551 0.0815355 0.0690224 0.0447546  0.049031 0.0562369 0.0531371 0.0615438 0.0653144 0.0332549 0.0389097         0
0.0354253 0.0423433 0.0401795 0.0511601   0.03721 0.0446009 0.0615058 0.0579195 0.0580861 0.0562551 0.0428833  0.056253 0.0642874 0.0592344 0.0616256 0.0324606 0.0616208 0.0478301 0.0492333 0.0490741 0.0483602 0.0477692 0.0308479 0.0465992 0.0564619  0.061102         0 0.0393974 0.0408807 0.0300098 0.0537554 0.0433031 0.0525117 0.0392442  0.054894 0.0476796 0.0529024  0.062824 0.0399976 0.0569906 0.0496156 0.0401013 0.0407066 0.0661285 0.0583736  0.048351 0.0563322 0.0590793 0.0679201 0.0595503 0.0568038 0.0546789 0.0509949 0.0472999 0.0422803 0.0427911 0.0517932 0.0493384 0.0510284 0.0407352 0.0743759 0.0454813 0.0540742 0.0469804 0.0474593 0.0408948 0.0583484 0.0593173 0.0514038 0.0445618 0.0489994 0.0567342 0.0411359 0.0589485 0.0271804 0.0411228 0.0588552 0.0508484 0.0577647 0.0514478 0.0485777 0.0541539 0.0387572 0.0381787 0.0721011 0.0326731 0.0423597  0.048847 0.0569777 0.0408375 0.0621446 0.0591626 0.0494587 0.0722682 0.0450335 0.0464936 0.0413882 0.0341931 0.0493806 0.0319213         0
 0.039229 0.0454132 0.0362345  0.043532 0.0390023 0.0388164 0.0500407 0.0445056 0.0526436 0.0648784 0.0448447 0.0526769 0.0628318 0.0456506 0.0533906 0.0531383 0.0592669 0.0538976 0.0525389 0.0640283 0.0467677 0.0434943 0.0294632 0.0513701 0.0698154 0.0486862 0.0393974         0 0.0331895 0.0374465 0.0303275 0.0310412 0.0633276 0.0297364 0.0523732 0.0652856 0.0454603 0.0596493  0.047699 0.0565337 0.0607677   0.05192 0.0462388  0.063015 0.0596823 0.0608791 0.0590768 0.0586929 0.0654972 0.0642092 0.0710008 0.0690686 0.0484087 0.0472514 0.0388224 0.0455534 0.0508923 0.0480235 0.0463557 0.0346135 0.0671093 0.0523677 0.0456078 0.0414441 0.0360046 0.0412324 0.0558598  0.052671 0.0513077 0.0430602 0.0558362 0.0539075 0.0427702 0.0613545 0.0369362 0.0385248 0.0581129 0.0507631 0.0605561 0.0460609 0.0390759 0.0489066  0.048888  0.028982  0.066903 0.0437203 0.0396335 0.0412507 0.0605988 0.0410012 0.0708402 0.0629767 0.0510034 0.0749473 0.0417225 0.0360816 0.0469475 0.0404675 0.0441895 0.0349347         0
0.0373089 0.0384791 0.0437103 0.0415556 0.0301258 0.0364922 0.0509077 0.0464385 0.0526464 0.0678929 0.0431888 0.0550463 0.0675593 0.0526316 0.0507793 0.0501304 0.0630279 0.0574357 0.0604995 0.0674744 0.0491592 0.0379247 0.0283434 0.0604163 0.0700867  0.051009 0.0408807 0.0331895         0 0.0368456 0.0352063 0.0309602 0.0572178 0.0233225 0.0506496  0.064325 0.0381653 0.0558281 0.0429271 0.0522313 0.0551889 0.0478918 0.0471412  0.056397  0.053283 0.0669868 0.0543018 0.0529242 0.0656256 0.0662784 0.0698103 0.0712628 0.0522411 0.0477675 0.0380611 0.0470311 0.0438106 0.0521182 0.0525274 0.0430173 0.0653053  0.050379  0.049593 0.0442837 0.0299832 0.0461725 0.0566865 0.0455851 0.0426719 0.0365852 0.0536873 0.0533118  0.046717 0.0669362 0.0444101 0.0368269    0.0562 0.0531668 0.0535524 0.0450832 0.0343432 0.0451647 0.0514885 0.0343001 0.0705449 0.0453998  0.033925  0.039711 0.0627117 0.0444634 0.0770689 0.0609114 0.0500763 0.0684291 0.0410286 0.0404889 0.0540263 0.0461484  0.045004 0.0346041         0
0.0285458 0.0424443 0.0367247 0.0469223 0.0343889 0.0409912 0.0488959 0.0544761 0.0494164 0.0583873 0.0428243 0.0507541 0.0610752 0.0592527 0.0510232 0.0425867 0.0539355 0.0441759 0.0553972 0.0473212 0.0412638 0.0390445 0.0293082 0.0524719  0.057828 0.0522336 0.0300098 0.0374465 0.0368456         0 0.0460781 0.0392293 0.0568444 0.0302367 0.0429882 0.0504801 0.0413154 0.0645334 0.0349009 0.0506979 0.0513573 0.0420851 0.0423537 0.0582137 0.0529769 0.0552748 0.0505079  0.056147 0.0650097  0.056996 0.0570255 0.0573257   0.04908 0.0376964 0.0377959 0.0425271 0.0465964 0.0497293 0.0495257 0.0431134  0.071579 0.0453978  0.044705 0.0393875 0.0419764  0.037611 0.0488829 0.0552464 0.0426364 0.0377041 0.0466512 0.0469561 0.0370153 0.0550841 0.0326415 0.0382465 0.0508098  0.055708 0.0489704  0.044989 0.0383852 0.0461969  0.043109 0.0350712  0.067747 0.0337729 0.0344227 0.0424311 0.0577107 0.0385468 0.0703996 0.0546687  0.045859  0.066139 0.0381997 0.0388123 0.0381215  0.042083 0.0444121  0.027622         0
 0.050158 0.0441547 0.0544895 0.0387759 0.0414102  0.044021 0.0561053 0.0448576 0.0586922 0.0748817 0.0598258 0.0613587 0.0702482 0.0538311 0.0593021 0.0658424 0.0672717  0.063837 0.0691575 0.0763144  0.056353 0.0456733 0.0336126 0.0675001 0.0783264 0.0557292 0.0537554 0.0303275 0.0352063 0.0460781         0 0.0374734 0.0586286 0.0351732 0.0573049 0.0772639 0.0366208 0.0692193 0.0457982 0.0631427  0.052755 0.0544108 0.0609325  0.067812 0.0534361 0.0742594 0.0692188 0.0632753 0.0713557 0.0729757 0.0766369 0.0806587 0.0490695  0.056318 0.0460997 0.0571914 0.0529647 0.0620955  0.057182 0.0376072 0.0710071 0.0603337 0.0558392  0.053023 0.0389951 0.0542529 0.0628751 0.0578433 0.0450907 0.0365638 0.0651183 0.0603325 0.0514106 0.0683549 0.0488021 0.0400918 0.0677679 0.0624779 0.0625479  0.057162  0.039318 0.0563654 0.0656588 0.0351765 0.0770382 0.0492068  0.046867 0.0312928 0.0718385 0.0463513 0.0810906 0.0681652 0.0603865   0.07871  0.048051 0.0387314 0.0562576 0.0487255 0.0569055 0.0483279         0
0.0408271 0.0488378 0.0348785 0.0483544 0.0273154 0.0471883 0.0510338 0.0365221   0.04962 0.0700946 0.0432655 0.0519912  0.064721 0.0538122 0.0468713 0.0506705  0.057839 0.0536151 0.0490466 0.0657838 0.0501244 0.0475376 0.0274666 0.0555751 0.0640464 0.0491392 0.0433031 0.0310412 0.0309602 0.0392293 0.0374734         0 0.0558978 0.0295299 0.0476054 0.0635168 0.0433102 0.0498402 0.0513324 0.0457782 0.0510576 0.0553265 0.0419857 0.0622447 0.0556566 0.0634511 0.0616032 0.0498294 0.0569909 0.0665009 0.0680476  0.068502  0.052636 0.0403022 0.0365036 0.0452944 0.0506257 0.0511102 0.0499403 0.0327278  0.066589 0.0422143  0.047279 0.0357946 0.0231347 0.0476188 0.0507274  0.045368 0.0481596 0.0461869 0.0549755 0.0573449 0.0387509 0.0572791 0.0407598 0.0382239 0.0600526 0.0562723 0.0517739  0.044543 0.0342516 0.0396395 0.0542906 0.0334226   0.06711 0.0497631 0.0427616 0.0453803 0.0651411 0.0378484 0.0693292 0.0604201 0.0444364 0.0685683 0.0448914 0.0303187 0.0453867 0.0454623 0.0400855 0.0318536         0
0.0655717 0.0485442 0.0719837 0.0546866 0.0457985 0.0657167 0.0743255 0.0656904 0.0698205 0.0795226 0.0671635 0.0679727 0.0721398 0.0865805 0.0688083 0.0573127 0.0747459 0.0601241  0.072342 0.0731979 0.0712964 0.0585912 0.0499865 0.0695116 0.0601883 0.0718464 0.0525117 0.0633276 0.0572178 0.0568444 0.0586286 0.0558978         0 0.0508807 0.0673183 0.0690092 0.0637108  0.072066 0.0481103 0.0712339 0.0293919 0.0433778 0.0667251 0.0804987 0.0425409 0.0667563 0.0777015  0.061369 0.0745735  0.082784 0.0545659 0.0710248 0.0665446 0.0605595 0.0648251 0.0582831 0.0552318 0.0712008 0.0679774 0.0492482 0.0813934 0.0627992 0.0756301 0.0731583 0.0535411 0.0661668 0.0743656 0.0704904 0.0424858 0.0530544 0.0611859 0.0760608 0.0564388 0.0682234 0.0552258 0.0574386 0.0765396 0.0675219 0.0712109 0.0695473 0.0626214 0.0678414 0.0653358  0.049416 0.0908388 0.0528158 0.0608564  0.055454 0.0798732  0.062185 0.0742159 0.0708444 0.0697157 0.0752524 0.0521544 0.0580473 0.0643748 0.0545191 0.0681803  0.054182         0
0.0360169 0.0393174 0.0397223 0.0388147 0.0342313 0.0392892 0.0452091 0.0444486 0.0480559 0.0692291 0.0437939 0.0490813 0.0635996 0.0592825 0.0432251 0.0511684 0.0563855 0.0514042 0.0599253 0.0597203  0.046588  0.036866 0.0296979 0.0566511 0.0615666 0.0455389 0.0392442 0.0297364 0.0233225 0.0302367 0.0351732 0.0295299 0.0508807         0 0.0477576 0.0604983 0.0429565  0.054066 0.0397588 0.0523078 0.0541422 0.0465057 0.0489751 0.0585795 0.0464034 0.0644502 0.0542221 0.0543667 0.0607515 0.0667868 0.0613692 0.0651666 0.0523013 0.0390358 0.0383962  0.042481 0.0391269 0.0520813  0.052598 0.0362704 0.0683295 0.0485495 0.0456294 0.0435254  0.024085 0.0416493 0.0543613 0.0498124 0.0324029 0.0337657 0.0499801 0.0487944 0.0412914 0.0602202 0.0394669 0.0358087 0.0543771 0.0544005 0.0551535 0.0426238 0.0305161 0.0441924 0.0476644 0.0256414 0.0656437 0.0429038  0.035995 0.0361038 0.0648639 0.0466536 0.0767416  0.059499 0.0525799 0.0671436 0.0274935 0.0342182  0.050638 0.0406447 0.0406839 0.0316791         0
0.0540461 0.0582844 0.0431841  0.069876 0.0490377 0.0604066  0.043559 0.0560605 0.0347189 0.0731098 0.0399414 0.0435006 0.0663197 0.0740564 0.0403571 0.0565944 0.0531868 0.0494705 0.0638231  0.067639 0.0550107 0.0515807  0.050908 0.0635975  0.073466 0.0451477  0.054894 0.0523732 0.0506496 0.0429882 0.0573049 0.0476054 0.0673183 0.0477576         0 0.0676365 0.0585772 0.0665995 0.0581513 0.0420483 0.0600514 0.0537177 0.0486795 0.0647171 0.0598662 0.0700442 0.0553866 0.0451058 0.0654924 0.0650651 0.0701098 0.0696277 0.0626918 0.0322143 0.0536673 0.0477317 0.0647468 0.0577086 0.0557753 0.0577576 0.0726061 0.0561335 0.0423356 0.0383087  0.056483 0.0615381 0.0464193 0.0436162 0.0567723 0.0575045 0.0558367 0.0575306 0.0497651 0.0661915 0.0525522 0.0596734 0.0540473 0.0519276 0.0386973 0.0493435 0.0633342 0.0379468  0.065109  0.053535 0.0530024 0.0544049 0.0513836 0.0636146 0.0696706 0.0474819 0.0756789 0.0622111 0.0365661 0.0666419 0.0566975 0.0465479 0.0501316 0.0653018 0.0513046 0.0366657         0
0.0506267 0.0646301 0.0583827 0.0689581  0.062843 0.0556036 0.0688183  0.067856 0.0775385  0.046778 0.0600951   0.05658 0.0499422 0.0704497 0.0757029 0.0305217 0.0653827  0.047918 0.0601933 0.0471094 0.0520986 0.0596922 0.0571198 0.0519261 0.0353257 0.0734198 0.0476796 0.0652856  0.064325 0.0504801 0.0772639 0.0635168 0.0690092 0.0604983 0.0676365         0 0.0689895 0.0822723 0.0592296 0.0609645 0.0655282 0.0637831 0.0559608 0.0658817 0.0784734 0.0401646 0.0671875 0.0700825 0.0562049 0.0400363   0.05378 0.0527174 0.0612986 0.0577704 0.0515366 0.0510796 0.0586231 0.0431389 0.0517637 0.0604456 0.0648129 0.0501581 0.0676265 0.0587461 0.0677733 0.0512813 0.0632583 0.0769615 0.0700195 0.0630436 0.0489645 0.0515757 0.0585152 0.0495882 0.0577317 0.0689943 0.0585799 0.0723197 0.0635279 0.0629704 0.0647722 0.0647985 0.0439787 0.0670823 0.0854863 0.0511111 0.0545446 0.0675283 0.0519493  0.062164 0.0522179 0.0471359 0.0564546 0.0736418 0.0674248 0.0618836 0.0468291 0.0547947 0.0660555 0.0483793         0
0.0440547 0.0471736 0.0541483  0.043041 0.0395068 0.0345386 0.0550787 0.0525775 0.0552124 0.0569444 0.0542457 0.0580385 0.0666985 0.0485689  0.061496 0.0605041 0.0622258 0.0647385 0.0660326 0.0750893 0.0442076 0.0493893 0.0347428 0.0676549 0.0727705 0.0590152 0.0529024 0.0454603 0.0381653 0.0413154 0.0366208 0.0433102 0.0637108 0.0429565 0.0585772 0.0689895         0 0.0740955 0.0446272 0.0537889 0.0550726 0.0574223 0.0606971  0.062014 0.0663435 0.0686126 0.0648518 0.0604815 0.0727591 0.0655897 0.0741036 0.0752601 0.0418731 0.0554403 0.0425585  0.059291 0.0600093 0.0586312 0.0553605 0.0527937  0.062457 0.0650669 0.0530854  0.045435 0.0477103 0.0592744 0.0560359 0.0543073  0.051428 0.0378965  0.065934 0.0511036 0.0539568 0.0604487  0.057386   0.04076 0.0598197 0.0679227 0.0543098 0.0516786 0.0374649 0.0492343 0.0600989 0.0506102 0.0792619 0.0482394 0.0436692 0.0344015 0.0664782 0.0540349 0.0814588 0.0581405 0.0547276 0.0716283 0.0576153 0.0493816 0.0518205 0.0509303 0.0554112 0.0446672         0
0.0656296 0.0681884 0.0505453 0.0683898 0.0586748 0.0715597 0.0661831 0.0673235 0.0580785 0.0950296 0.0617301 0.0650014 0.0861583 0.0789525 0.0503692 0.0720785 0.0694294 0.0732006 0.0575581 0.0803778 0.0769108  0.060084 0.0575513  0.063122 0.0781328 0.0570182  0.062824 0.0596493 0.0558281 0.0645334 0.0692193 0.0498402  0.072066  0.054066 0.0665995 0.0822723 0.0740955         0 0.0801621 0.0612438 0.0746069 0.0696185 0.0550404 0.0704845 0.0701161 0.0718299 0.0546299 0.0445748 0.0770059 0.0941761  0.071046 0.0647657 0.0913759  0.053872 0.0652279  0.062675 0.0656593 0.0695366 0.0674285 0.0641513 0.0820646 0.0606858 0.0626231 0.0564963 0.0443167 0.0641304  0.065559 0.0494879 0.0625582 0.0727961 0.0668042 0.0838881 0.0625733 0.0750324 0.0595289 0.0592597  0.065089 0.0468242 0.0667796 0.0450807 0.0614535 0.0474991 0.0575305 0.0545632  0.069121 0.0755247 0.0647765  0.076351 0.0737343 0.0725906 0.0787534 0.0838255  0.056227 0.0664003 0.0594784 0.0607623 0.0749554 0.0698242 0.0376612  0.050222         0
0.0372554 0.0383023 0.0589847 0.0482094 0.0388772 0.0429254 0.0565758 0.0617445 0.0642804 0.0618998 0.0530267 0.0602815 0.0673696 0.0672759 0.0686759 0.0520284 0.0683374  0.052032 0.0683006 0.0597878 0.0478484 0.0474109 0.0383792 0.0700831 0.0631553 0.0640547 0.0399976  0.047699 0.0429271 0.0349009 0.0457982 0.0513324 0.0481103 0.0397588 0.0581513 0.0592296 0.0446272 0.0801621         0 0.0625695 0.0479618 0.0457492 0.0555686 0.0629401 0.0503537 0.0678856 0.0682105 0.0693155 0.0704544 0.0637655 0.0642489 0.0720612 0.0451873 0.0543346 0.0460945 0.0561905 0.0471302 0.0623808 0.0626485  0.045223 0.0777448 0.0604844 0.0549662 0.0573392 0.0489028 0.0487156 0.0618155 0.0712928 0.0433994 0.0291824 0.0596992 0.0529701  0.047298 0.0651888  0.046201 0.0479988 0.0633958 0.0702944 0.0603685 0.0580512 0.0438129 0.0594079  0.058621 0.0409179 0.0781879 0.0322668 0.0464955 0.0321985 0.0700408 0.0474489 0.0806216 0.0580374 0.0601753 0.0738711 0.0492488 0.0521358  0.050008  0.041656 0.0601268 0.0444516         0
