Pi:  0.24454 0.234752 0.203104 0.317605
S: 0.0462762  0.294328 0.0686344 0.0136663  0.566625 0.0104702
