Pi: 0.240736 0.237266 0.201751 0.320246
S: 0.0489546  0.288151 0.0665125 0.0137402  0.572444 0.0101971
