
Alignment summary:
Felis_catus___domestic_cat: A=414 C=366 G=278 T=487
Acinonyx_jubatus___cheetah: A=422 C=354 G=266 T=503
Neofelis_nebulosa___clouded_leopard: A=398 C=368 G=294 T=485
Uncia_uncia___snow_leopard: A=402 C=354 G=294 T=495
Panthera_pardus___leopard: A=412 C=359 G=285 T=489
Panthera_tigris___tiger: A=402 C=369 G=295 T=479
Canis_lupus_familiaris___domestic_dog: A=414 C=355 G=276 T=500
Canis_lupus___gray_wolf: A=418 C=354 G=273 T=500
Canis_latrans___coyote: A=416 C=351 G=275 T=503
Cuon_alpinus___dhole: A=415 C=362 G=278 T=490
Vulpes_vulpes___red_fox: A=415 C=378 G=275 T=477
Nyctereutes_procyonoides___raccoon_dog: A=424 C=381 G=276 T=464

Seed = 1246343141
Jukes-Cantor Distance Matrix:

         0   0.121271   0.155518   0.122794   0.129687   0.142883   0.224714   0.225588   0.219493   0.237042   0.219493   0.225588
  0.121271          0    0.16272   0.157911   0.147596   0.157911   0.228216   0.225588   0.227339   0.224714   0.224714   0.232616
  0.155518    0.16272          0    0.12815   0.129687   0.134318   0.246873   0.244179   0.240602   0.237042   0.232616   0.240602
  0.122794   0.157911    0.12815          0  0.0755226   0.106206   0.233499   0.230853    0.22297   0.239711   0.230853   0.230853
  0.129687   0.147596   0.129687  0.0755226          0   0.105461   0.229094   0.226463   0.226463   0.237931   0.231734   0.222099
  0.142883   0.157911   0.134318   0.106206   0.105461          0   0.233499   0.229094   0.235269   0.237931   0.226463   0.229094
  0.224714   0.228216   0.246873   0.233499   0.229094   0.233499          0 0.00454448  0.0439833   0.106206   0.171617   0.178976
  0.225588   0.225588   0.244179   0.230853   0.226463   0.229094 0.00454448          0  0.0446699   0.103972   0.165943   0.176515
  0.219493   0.227339   0.240602    0.22297   0.226463   0.235269  0.0439833  0.0446699          0  0.0907075   0.174879   0.174879
  0.237042   0.224714   0.237042   0.239711   0.237931   0.237931   0.106206   0.103972  0.0907075          0   0.172431    0.18475
  0.219493   0.224714   0.232616   0.230853   0.231734   0.226463   0.171617   0.165943   0.174879   0.172431          0   0.172431
  0.225588   0.232616   0.240602   0.230853   0.222099   0.229094   0.178976   0.176515   0.174879    0.18475   0.172431          0


JC Tree topology:
(1,2,((3,((4,5),6)),(((((7,8),9),10),11),12)));

Putting MLE Branch Lengths
p: 0.267098
0.234682
0.181499
0.316721
s: 0.0769495
 0.271456
 0.111628
0.0284513
 0.483571
0.0279449
Q: -0.861168  0.144047  0.508157  0.208964
 0.163944  -1.25483 0.0606168   1.03027
 0.747814 0.0783785 -0.903176 0.0769833
 0.176224  0.763403  0.044116 -0.983743
(2:0.0775090,((3:0.0771819,(6:0.0591430,(4:0.0391059,5:0.0370427):0.0182067):0.0165006):0.0244246,(12:0.0844440,((10:0.0507152,((8:0.0021655,7:0.0023875):0.0283759,9:0.0144151):0.0296491):0.0586109,11:0.0870192):0.0214209):0.1290303):0.0242917,1:0.0459717);
stationary acceptance: 0.33567
symmetric acceptance: 0.399614
branch length acceptance: 0.881792
avgP: 0.241523 0.235778 0.203726 0.318973
sP: 9.50677e-05 5.82657e-05 9.25092e-05 0.000107052
avgS:  0.0474404   0.294582  0.0652806  0.0147215   0.568304 0.00967091
sS:  4.4001e-05 0.000194469 4.66388e-05  2.2941e-05 0.000244224 1.24454e-05
0.241523 0.235778 0.203726 0.318973
 0.0474404   0.294582  0.0652806  0.0147215   0.568304 0.00967091

-0.843199  0.098211  0.609844  0.135144
 0.100604  -1.33699  0.031219   1.20517
 0.722988 0.0361308 -0.782854 0.0237351
 0.102329  0.890834 0.0151594  -1.00832

GTR Distance Matrix:

         0   0.124206   0.160255    0.12653   0.133173   0.147396     0.2515   0.251491   0.244327   0.265769   0.242668   0.253735
  0.124206          0   0.168837    0.16481   0.152681   0.163832   0.255892   0.251999   0.254128    0.25076   0.249165   0.261067
  0.160255   0.168837          0   0.131447   0.132524   0.137499   0.281051    0.27691   0.272623   0.267531   0.259681   0.272593
   0.12653    0.16481   0.131447          0  0.0765739   0.108583   0.263168   0.259196   0.250028   0.270302   0.257677   0.260959
  0.133173   0.152681   0.132524  0.0765739          0   0.107237   0.256681   0.252787   0.252197   0.266212   0.257631    0.24884
  0.147396   0.163832   0.137499   0.108583   0.107237          0   0.262852   0.256849   0.264052    0.26766   0.252919   0.257148
    0.2515   0.255892   0.281051   0.263168   0.256681   0.262852          0 0.00455481  0.0444046   0.108846   0.181451    0.18761
  0.251491   0.251999    0.27691   0.259196   0.252787   0.256849 0.00455481          0   0.045067   0.106436   0.175123     0.1848
  0.244327   0.254128   0.272623   0.250028   0.252197   0.264052  0.0444046   0.045067          0  0.0925889   0.184086    0.18224
  0.265769    0.25076   0.267531   0.270302   0.266212    0.26766   0.108846   0.106436  0.0925889          0   0.181357   0.193363
  0.242668   0.249165   0.259681   0.257677   0.257631   0.252919   0.181451   0.175123   0.184086   0.181357          0   0.180204
  0.253735   0.261067   0.272593   0.260959    0.24884   0.257148    0.18761     0.1848    0.18224   0.193363   0.180204          0

Seed = 3253862498
Seeds per core: 
     2965864698
      578138658
     3864528977
     2599493631
     1776298379
        2448593
     1342258117
     2483069072
     1620648483
     2438104735
     2310347697
     4078612610
     3277637349
      816246009
       30407777
     1109413819
     1950972849
     4269371356
     4067740776
     3252229958
     2183471944
     1169536634
     1712839326
     2114161984
     1010624036
      837321883
     1156095862
     2181144074
     3000786452
      473483185
     1318772574
      592777688
     2219245550
     1884378515
      706203647
      309291346
     1576893913
     1904841190
       86454949
     1072876380
     1384615707
     1661690339
     3582873224
     3688389462
     2575299279
     3180474696
      751545588
     3770798649
ESS = 46.19, or 4.62 percent.
Times: 
MCMC: 89 seconds
Bootstrap: 0 seconds
Estimate ccdprobs from bootstrap: 0 seconds
Importance sampling: 40 seconds
