        0 0.0620206 0.0627439 0.0721613 0.0656882 0.0594784 0.0535476 0.0521544 0.0274935 0.0582927 0.0465553 0.0482459 0.0409143 0.0591496 0.0797317  0.051351 0.0511588 0.0852427 0.0712629 0.0410286 0.0547976  0.035161 0.0562369 0.0747288 0.0420926 0.0812032 0.0467556 0.0591714 0.0485792 0.0674248 0.0759668 0.0439154 0.0732612 0.0576153 0.0445822 0.0576202 0.0494031 0.0682482 0.0628378 0.0621495 0.0496608 0.0636917 0.0626783 0.0670274 0.0812835 0.0545066  0.066164  0.071668 0.0417225 0.0754147 0.0638098 0.0649818  0.078461 0.0748572 0.0897835 0.0639455 0.0808985 0.0804524 0.0798787 0.0794636 0.0791668 0.0847308 0.0811012 0.0766126  0.084118 0.0625098 0.0784058 0.0717438 0.0821998 0.0742836 0.0766612  0.083635 0.0748342 0.0728462 0.0793979  0.061417 0.0787345 0.0857659 0.0868373 0.0667164 0.0960948 0.0777375 0.0746484 0.0713505 0.0850003 0.0765231 0.0716361 0.0875376 0.0718953 0.0712302 0.0694531 0.0879785 0.0609299 0.0906876 0.0810975 0.0770002  0.086216  0.083762 0.0442082 0.0699169 0.0442082 0.0699169
0.0620206         0 0.0596528 0.0496061 0.0664512 0.0661831 0.0432651 0.0743255 0.0452091 0.0347686 0.0509551 0.0329237 0.0573974 0.0588391 0.0680302  0.055158 0.0403528 0.0596968 0.0528829 0.0509077 0.0583865 0.0553158 0.0301146 0.0654288 0.0506461 0.0828171 0.0554846 0.0688624 0.0506906 0.0688183 0.0668068 0.0500791 0.0648615 0.0550787 0.0646981  0.066277 0.0574238 0.0713871 0.0601363  0.048893 0.0413086 0.0290921 0.0332803 0.0348487 0.0621214 0.0466968 0.0411475 0.0392243 0.0500407 0.0727264  0.068217 0.0654543 0.0745859  0.072099 0.0739645 0.0579528 0.0603386 0.0670931 0.0555155 0.0687724 0.0813153   0.07106 0.0563353  0.075228 0.0721149  0.066347  0.059202 0.0621072 0.0794312 0.0749597 0.0654262 0.0737694 0.0675406 0.0686141 0.0724897 0.0497084 0.0707088 0.0712916 0.0791256 0.0629828 0.0857914 0.0722814 0.0610163 0.0734974 0.0766609 0.0611607 0.0750381 0.0732537 0.0690455 0.0696732 0.0652616 0.0742199 0.0628047 0.0731718 0.0829676 0.0716313 0.0760555 0.0834257 0.0370382 0.0625309 0.0370382 0.0625309
0.0627439 0.0596528         0 0.0827943 0.0758947 0.0673235 0.0558462 0.0656904 0.0444486 0.0499555 0.0576223 0.0530002 0.0619065 0.0669656 0.0751773 0.0621309 0.0647792 0.0667154 0.0778125 0.0464385 0.0539096 0.0503178 0.0613809 0.0529525 0.0437447 0.0778914 0.0510828 0.0833263 0.0584112  0.067856 0.0561749 0.0428018 0.0718609 0.0525775  0.051887 0.0621257 0.0595796  0.072058 0.0701292 0.0657542 0.0582794 0.0557295 0.0541523  0.064368  0.069049 0.0619644 0.0534959 0.0734522 0.0445056 0.0845911   0.07192 0.0586235 0.0837747 0.0846349 0.0895307  0.060882 0.0862855 0.0872072 0.0890937 0.0858605 0.0959069 0.0831343 0.0930918 0.0949854 0.0885903 0.0817133 0.0793296 0.0796261  0.092254 0.0760589 0.0908889   0.09552 0.0871746 0.0892481 0.0895205 0.0476983 0.0909702 0.0916661 0.0985115 0.0819855  0.101276 0.0810485 0.0715862 0.0872129 0.0935521 0.0582086 0.0895152 0.0937309 0.0908634 0.0941391 0.0846122 0.0911222 0.0735365 0.0905147 0.0938409 0.0889257 0.0889887  0.101406 0.0497929 0.0796168 0.0497929 0.0796168
0.0721613 0.0496061 0.0827943         0  0.061512 0.0664003 0.0664241 0.0752524 0.0671436 0.0570292 0.0609731 0.0492833 0.0644404 0.0766842 0.0790893 0.0636841 0.0559668 0.0723836 0.0737929 0.0684291 0.0756174 0.0732837  0.049031 0.0831423 0.0678421 0.0842255 0.0697493 0.0782684 0.0731553 0.0736418 0.0857895 0.0645809 0.0817642 0.0716283 0.0778107 0.0725313 0.0706212 0.0693296  0.056636 0.0766571 0.0517754  0.047911 0.0698971 0.0475971 0.0794479  0.066408 0.0532228 0.0401149 0.0749473 0.0799551 0.0783525 0.0754106 0.0794556 0.0829348 0.0857963 0.0768182 0.0748987 0.0806344 0.0605027 0.0802304 0.0783515  0.077734 0.0590989 0.0850637 0.0685386 0.0832671 0.0762534 0.0753936 0.0733141 0.0768308 0.0762589 0.0851944 0.0772372 0.0828617 0.0729375 0.0649853 0.0742696  0.078583 0.0846589  0.075869 0.0868019 0.0848862 0.0779393 0.0813397 0.0827748 0.0785592 0.0796688 0.0815768 0.0794869  0.066566 0.0697104 0.0805734 0.0736634 0.0929122 0.0805586 0.0761523 0.0888072 0.0818487 0.0520133 0.0712497 0.0520133 0.0712497
0.0656882 0.0664512 0.0758947  0.061512         0 0.0781328 0.0590904 0.0601883 0.0615666 0.0643232 0.0627765 0.0565745 0.0575587 0.0494797 0.0569654 0.0581168 0.0693466 0.0640528 0.0892078 0.0700867 0.0688955 0.0669523 0.0686312 0.0832134 0.0656511 0.0519376 0.0654932  0.046094 0.0649682 0.0353257 0.0564653 0.0597854  0.047881 0.0727705 0.0620025 0.0438382 0.0615543 0.0402811  0.058566 0.0571127 0.0651165 0.0562643 0.0747753 0.0622899 0.0533425 0.0780459  0.064593 0.0638208 0.0698154 0.0667044 0.0588922 0.0416417 0.0715698 0.0644173 0.0761541 0.0512734 0.0680382 0.0628419 0.0812734 0.0678607 0.0644767 0.0664068 0.0881433  0.061592 0.0654146 0.0644019 0.0669138 0.0601633 0.0681743 0.0527685 0.0629523 0.0729433 0.0619163 0.0667091 0.0708764 0.0516906 0.0627586 0.0684081 0.0668574  0.062954 0.0706375 0.0591148  0.055946 0.0644547 0.0680447  0.066679  0.065608 0.0703498    0.0714 0.0621683 0.0574362 0.0643233 0.0634235 0.0742811 0.0652087  0.066181 0.0774315 0.0719857 0.0512832 0.0569586 0.0512832 0.0569586
0.0594784 0.0661831 0.0673235 0.0664003 0.0781328         0 0.0656296  0.072066  0.054066 0.0564963  0.060084  0.053872 0.0625733 0.0732006 0.0950296 0.0656593 0.0503692 0.0820646  0.069121 0.0558281 0.0725906 0.0545632 0.0570182 0.0789525 0.0443167 0.0787534 0.0647765 0.0803778 0.0727961 0.0822723 0.0770059 0.0575513 0.0861583 0.0740955 0.0698242 0.0720785 0.0641304 0.0718299 0.0575581 0.0838881 0.0376612 0.0650014 0.0626231  0.065559 0.0941761 0.0580785  0.056227 0.0704845 0.0596493 0.0860235 0.0742111 0.0734263 0.0829625 0.0851823  0.106009  0.078831 0.0929923 0.0973713 0.0781117 0.0898333 0.0935995 0.0921747 0.0811444 0.0886583 0.0846743 0.0806639 0.0862317 0.0907873 0.0789948 0.0815069  0.092891  0.107525 0.0948507 0.0942946 0.0839208 0.0596243 0.0911997    0.1001  0.105599  0.082878  0.105796 0.0966989 0.0801882 0.0924545 0.0970014 0.0813797 0.0799629 0.0987443 0.0939806 0.0820949 0.0805669 0.0984511 0.0757798  0.105675 0.0908215 0.0963441 0.0959895 0.0983277  0.050222 0.0822986  0.050222 0.0822986
0.0535476 0.0432651 0.0558462 0.0664241 0.0590904 0.0656296         0 0.0655717 0.0360169   0.03732 0.0445102  0.045021 0.0438671 0.0487913 0.0550801   0.04314 0.0580943  0.064879 0.0678653 0.0373089 0.0403574 0.0410809 0.0556375 0.0492912 0.0397924 0.0725582  0.042057  0.051974 0.0344709 0.0506267 0.0638755 0.0322724 0.0618371 0.0440547 0.0442648 0.0467715 0.0322211 0.0598407 0.0515236 0.0444989 0.0441794 0.0489364 0.0382334 0.0436645 0.0529294 0.0597099 0.0435134 0.0492184  0.039229 0.0715064 0.0633776 0.0602859 0.0694182 0.0674755 0.0724578 0.0447417 0.0588628 0.0594615 0.0624807 0.0701964 0.0778191 0.0640736 0.0755607 0.0648174 0.0645373 0.0579539 0.0586488 0.0528714 0.0758956 0.0611587  0.058155 0.0727521 0.0641495 0.0702924 0.0697415 0.0419281 0.0677859 0.0677881 0.0746578  0.055901 0.0837871 0.0577589 0.0552322 0.0669898 0.0690054 0.0435465 0.0642966 0.0743817 0.0695974  0.067076  0.059998 0.0697377 0.0589109 0.0685067 0.0805123 0.0717242 0.0657886 0.0808154 0.0301378 0.0559311 0.0301378 0.0559311
0.0521544 0.0743255 0.0656904 0.0752524 0.0601883  0.072066 0.0655717         0 0.0508807 0.0731583 0.0585912 0.0605595 0.0564388 0.0601241 0.0795226 0.0552318 0.0688083 0.0813934 0.0908388 0.0572178  0.062185  0.049416 0.0718464 0.0865805 0.0535411 0.0742159 0.0608564 0.0731979 0.0530544 0.0690092 0.0745735 0.0499865 0.0721398 0.0637108 0.0545191 0.0573127 0.0661668 0.0667563  0.072342 0.0760608 0.0681803 0.0679727 0.0756301 0.0743656  0.082784 0.0698205 0.0697157 0.0804987 0.0633276 0.0855416  0.074164 0.0613053 0.0833819 0.0745468 0.0886607  0.066746  0.093157 0.0824008 0.0950127 0.0903413 0.0744357 0.0803434 0.0904017 0.0897002 0.0906945 0.0736673 0.0886803 0.0788246  0.086359 0.0739714 0.0878754  0.100224 0.0783018  0.079487 0.0918831 0.0658668 0.0857331  0.085527 0.0914535  0.077429 0.0964564 0.0754827 0.0884794 0.0734878  0.084446 0.0888245 0.0745346 0.0835711 0.0811204 0.0821888 0.0766403 0.0890554 0.0689504  0.103302 0.0740438 0.0842846 0.0940163 0.0819329  0.054182 0.0756442  0.054182 0.0756442
0.0274935 0.0452091 0.0444486 0.0671436 0.0615666  0.054066 0.0360169 0.0508807         0 0.0435254  0.036866 0.0390358 0.0412914 0.0514042 0.0692291 0.0391269 0.0432251 0.0683295 0.0656437 0.0233225 0.0466536 0.0256414 0.0455389 0.0592825  0.024085 0.0767416  0.035995 0.0597203 0.0337657 0.0604983 0.0607515 0.0296979 0.0635996 0.0429565 0.0406447 0.0511684 0.0416493 0.0644502 0.0599253 0.0487944 0.0406839 0.0490813 0.0456294 0.0543613 0.0667868 0.0480559 0.0525799 0.0585795 0.0297364 0.0744267 0.0582648 0.0566389 0.0736454 0.0706941 0.0831876 0.0530837 0.0709399  0.073829 0.0740834 0.0750405 0.0805319 0.0767864 0.0760321 0.0738424 0.0775333 0.0613213 0.0673992 0.0652949 0.0805698  0.068579 0.0707399 0.0806678 0.0696361 0.0701379 0.0755219    0.0458 0.0764118  0.077977 0.0840528 0.0627062 0.0921847  0.071033 0.0623085   0.06996 0.0802272 0.0614582 0.0700317 0.0814539 0.0705057 0.0707019 0.0668033 0.0810177 0.0576353 0.0812665 0.0826459 0.0761453 0.0790811 0.0843253 0.0316791 0.0646289 0.0316791 0.0646289
0.0582927 0.0347686 0.0499555 0.0570292 0.0643232 0.0564963   0.03732 0.0731583 0.0435254         0 0.0513331 0.0284282 0.0473239 0.0553273 0.0586485 0.0605484 0.0426261 0.0622972 0.0481077 0.0442837 0.0464642 0.0519696 0.0363888 0.0516703 0.0462511 0.0708555 0.0460345 0.0628625 0.0520737 0.0587461 0.0634144 0.0392562 0.0626334  0.045435 0.0538662 0.0516124 0.0505242 0.0606789 0.0447756 0.0481818  0.031136 0.0361832 0.0303377  0.032062 0.0569903 0.0372374 0.0252218 0.0495904 0.0414441 0.0682204 0.0595127 0.0600261 0.0704164 0.0679068 0.0730588 0.0525452 0.0636983 0.0663159 0.0545794 0.0684302 0.0781321  0.065941 0.0642897 0.0744941 0.0661093 0.0636022 0.0588889 0.0589797    0.0734 0.0635644 0.0664608 0.0717045 0.0657563 0.0725126 0.0673868 0.0361992 0.0674791  0.073199 0.0763884 0.0599707 0.0824665 0.0682989 0.0565009 0.0691283 0.0722703 0.0436491 0.0673535 0.0765132  0.071744 0.0707125 0.0604628 0.0708703 0.0581915 0.0694157 0.0791814 0.0695849 0.0702264 0.0840549 0.0265337  0.057677 0.0265337  0.057677
0.0465553 0.0509551 0.0576223 0.0609731 0.0627765  0.060084 0.0445102 0.0585912  0.036866 0.0513331         0 0.0509404  0.040622 0.0478391 0.0696925 0.0366327 0.0522922  0.063858 0.0806455 0.0379247 0.0541699 0.0422468 0.0542083 0.0633478 0.0457653 0.0715487 0.0403128 0.0641237 0.0407375 0.0596922  0.068058  0.043381 0.0657273 0.0493893 0.0572213 0.0540544 0.0439541  0.058147 0.0607882 0.0543197 0.0540858 0.0475479 0.0584348 0.0524352 0.0622906 0.0616926 0.0509627 0.0460851 0.0434943 0.0676287 0.0549115 0.0608363 0.0716625 0.0668631 0.0804306 0.0541688 0.0645687  0.069543 0.0669071 0.0663361 0.0731751 0.0685115 0.0684173 0.0665503 0.0649194 0.0601009  0.063947 0.0606156 0.0670986 0.0622425 0.0694264 0.0765835 0.0632793 0.0705631 0.0680502 0.0468569 0.0687252 0.0733555  0.080365   0.05562 0.0809155 0.0626565 0.0655817 0.0707883  0.074382 0.0658567 0.0661221  0.079442 0.0658431 0.0573754 0.0569907 0.0751479  0.054393 0.0789886 0.0726545 0.0710363 0.0710224 0.0734862 0.0356543 0.0586464 0.0356543 0.0586464
0.0482459 0.0329237 0.0530002 0.0492833 0.0565745  0.053872  0.045021 0.0605595 0.0390358 0.0284282 0.0509404         0 0.0471419 0.0521627 0.0686746 0.0537856 0.0308974 0.0690009 0.0446916 0.0477675  0.049868 0.0468387 0.0304232 0.0691333 0.0443869 0.0715193 0.0490734 0.0582578   0.05231 0.0577704 0.0627658 0.0410177 0.0639784 0.0554403 0.0526185 0.0525488 0.0531763 0.0607988  0.050032 0.0545548 0.0306148  0.031883 0.0365937 0.0398169 0.0635201 0.0346444 0.0320809 0.0530218 0.0472514 0.0705913 0.0640034 0.0532334 0.0740758 0.0703557 0.0772714 0.0534011 0.0721901 0.0701068 0.0598134 0.0734398 0.0758287 0.0719238 0.0641269 0.0775299  0.071766 0.0639404 0.0692939 0.0648053 0.0759041 0.0688144 0.0706481 0.0780748  0.068788 0.0689911  0.073577 0.0441187 0.0705001    0.0762 0.0808593 0.0638566 0.0871552 0.0719923 0.0650879 0.0706839 0.0763898 0.0598859  0.069419 0.0791087 0.0714561 0.0704921 0.0645323 0.0752623 0.0574811 0.0809901  0.076959 0.0724586 0.0789951 0.0844298 0.0273301 0.0625884 0.0273301 0.0625884
0.0409143 0.0573974 0.0619065 0.0644404 0.0575587 0.0625733 0.0438671 0.0564388 0.0412914 0.0473239  0.040622 0.0471419         0 0.0440303 0.0690971 0.0507824 0.0543928 0.0765824 0.0738024  0.046717 0.0375882  0.039817 0.0614206  0.064529 0.0464522 0.0680548 0.0530635 0.0525423 0.0477825 0.0585152 0.0691374 0.0421176 0.0672385 0.0539568 0.0494437 0.0500702 0.0440634 0.0573834 0.0416297 0.0596356 0.0530099 0.0548299  0.058872 0.0479637 0.0677586 0.0588501  0.051052 0.0613308 0.0427702 0.0565982 0.0593843 0.0601547 0.0651544 0.0636976 0.0728813 0.0553537 0.0674323 0.0629988 0.0614608 0.0661226 0.0665563 0.0685707 0.0693098 0.0649088 0.0665594 0.0548523 0.0694012 0.0595955 0.0638637 0.0622281 0.0641116 0.0707716  0.061653 0.0645978 0.0622685 0.0446545 0.0596958 0.0737714 0.0715906 0.0559565  0.078293 0.0647617 0.0658365 0.0631944 0.0675708 0.0610326 0.0531207 0.0725456 0.0633171 0.0601946  0.049588 0.0700207 0.0558444 0.0772861 0.0679089  0.059174 0.0700915 0.0712906  0.035192 0.0535114  0.035192 0.0535114
0.0591496 0.0588391 0.0669656 0.0766842 0.0494797 0.0732006 0.0487913 0.0601241 0.0514042 0.0553273 0.0478391 0.0521627 0.0440303         0  0.061156 0.0567215 0.0594232 0.0637278 0.0802914 0.0574357  0.050782 0.0515809  0.065798 0.0774017 0.0584346  0.050382 0.0584961 0.0403315 0.0517893  0.047918 0.0491858 0.0539159 0.0409043 0.0647385 0.0636297 0.0417218 0.0565548 0.0460965 0.0610983 0.0478347 0.0633508 0.0543951 0.0562941 0.0557425 0.0497279 0.0631106 0.0540829 0.0667699 0.0538976 0.0536114 0.0483274 0.0428532 0.0635623 0.0490482 0.0651475 0.0331236 0.0606574 0.0510556 0.0720335 0.0571907  0.058293 0.0560969 0.0754382 0.0509878  0.064449 0.0411885 0.0595072 0.0509518 0.0620935  0.051393 0.0593721 0.0692275 0.0514427 0.0516739 0.0678377 0.0421181 0.0579064 0.0632593 0.0666989 0.0462731 0.0664496 0.0457013 0.0575622 0.0552197 0.0582215 0.0615693 0.0477066 0.0639166 0.0544653 0.0588716 0.0477712 0.0580442 0.0454956  0.065278 0.0592089 0.0606247 0.0601786 0.0641339 0.0407285 0.0452512 0.0407285 0.0452512
0.0797317 0.0680302 0.0751773 0.0790893 0.0569654 0.0950296 0.0550801 0.0795226 0.0692291 0.0586485 0.0696925 0.0686746 0.0690971  0.061156         0 0.0768822 0.0825263 0.0533913 0.0897454 0.0678929 0.0682098 0.0761737 0.0737638 0.0605425 0.0778771 0.0627283 0.0573105 0.0658928  0.065571  0.046778 0.0693409 0.0588011 0.0461158 0.0569444 0.0622513 0.0442861 0.0659586 0.0486888 0.0658502 0.0466262 0.0722678 0.0611919 0.0677638 0.0634406  0.040689 0.0744542 0.0621926 0.0701317 0.0648784 0.0732669 0.0558795 0.0578686 0.0735514 0.0613965 0.0634369 0.0426349 0.0579784 0.0579323 0.0860505 0.0647361 0.0676762 0.0527966 0.0901461 0.0668821 0.0663705 0.0649228 0.0501929 0.0459366 0.0804802 0.0438703 0.0597766 0.0633558   0.05485 0.0701822 0.0782501 0.0547421 0.0655019 0.0605204 0.0580521 0.0614699 0.0665233 0.0379783 0.0529536 0.0555234 0.0654456 0.0540689 0.0707905 0.0676121 0.0716413 0.0732139 0.0619295 0.0630889 0.0630902 0.0510454 0.0715961 0.0669934 0.0640442 0.0705164 0.0541073 0.0536193 0.0541073 0.0536193
 0.051351  0.055158 0.0621309 0.0636841 0.0581168 0.0656593   0.04314 0.0552318 0.0391269 0.0605484 0.0366327 0.0537856 0.0507824 0.0567215 0.0768822         0 0.0572933 0.0708062 0.0820091 0.0438106 0.0570935 0.0393038 0.0602837 0.0680649  0.040195  0.077692 0.0482474 0.0658646  0.040928 0.0586231 0.0688776 0.0439823 0.0712797 0.0600093 0.0547278 0.0579427 0.0395001 0.0670185 0.0647093 0.0639219 0.0575058 0.0520572 0.0641085 0.0617109 0.0646444 0.0750105 0.0579567  0.053538 0.0508923 0.0818261 0.0668821 0.0622258 0.0823675 0.0785016 0.0930045 0.0611575 0.0757003 0.0781287 0.0779614 0.0835809 0.0867814 0.0829981 0.0847019 0.0751239 0.0739656 0.0744355 0.0771743 0.0728632 0.0819647  0.069961 0.0722754  0.089136  0.075728 0.0796063 0.0812206   0.05462 0.0806718 0.0806291 0.0909778  0.071635  0.093381 0.0740482 0.0656905 0.0846399 0.0833825 0.0688158 0.0776365 0.0885976 0.0830261 0.0723701 0.0706316 0.0834304 0.0706958 0.0901678 0.0885849 0.0860542 0.0823647 0.0884338 0.0454361 0.0718973 0.0454361 0.0718973
0.0511588 0.0403528 0.0647792 0.0559668 0.0693466 0.0503692 0.0580943 0.0688083 0.0432251 0.0426261 0.0522922 0.0308974 0.0543928 0.0594232 0.0825263 0.0572933         0 0.0703168 0.0542596 0.0507793  0.063053 0.0509675 0.0340456 0.0788448 0.0475634  0.080012 0.0579146 0.0700542  0.057558 0.0757029 0.0713925 0.0520364 0.0707409  0.061496 0.0683861 0.0672755 0.0657864 0.0721154 0.0604699 0.0617796 0.0416787 0.0409187 0.0502509 0.0516906 0.0754202 0.0393994 0.0477314 0.0602591 0.0533906  0.074823 0.0628778 0.0639445 0.0793736 0.0730072 0.0885719 0.0664865 0.0754283  0.080849 0.0656737 0.0772817 0.0816627 0.0818507 0.0605009 0.0806796 0.0752478 0.0693831 0.0713447 0.0757727 0.0777569 0.0780326 0.0751956 0.0850181 0.0720057  0.068462 0.0762537 0.0514936  0.075062 0.0823975 0.0889511 0.0700218  0.091755 0.0863032 0.0688108 0.0786498  0.084379 0.0755781 0.0713094 0.0845361 0.0756256 0.0704761 0.0674403  0.081625 0.0613965 0.0867509  0.083837 0.0808845 0.0865008 0.0891517 0.0397797 0.0687632 0.0397797 0.0687632
0.0852427 0.0596968 0.0667154 0.0723836 0.0640528 0.0820646  0.064879 0.0813934 0.0683295 0.0622972  0.063858 0.0690009 0.0765824 0.0637278 0.0533913 0.0708062 0.0703168         0 0.0942622 0.0653053 0.0758654 0.0758444 0.0676629 0.0640402 0.0701388 0.0607055 0.0651349 0.0814743 0.0687325 0.0648129 0.0588274 0.0633131  0.046084  0.062457 0.0779344 0.0633506 0.0753286 0.0563632 0.0706958 0.0563439  0.071715 0.0526024 0.0681241 0.0629089 0.0517143  0.077045 0.0605087 0.0614994 0.0671093 0.0724037 0.0535981 0.0566814 0.0691581  0.064331 0.0746143 0.0521077  0.057653  0.071131 0.0865133 0.0638117 0.0768438 0.0584526 0.0816503 0.0723192 0.0633095  0.073545 0.0450265 0.0633185 0.0741854 0.0548503 0.0689723 0.0798701 0.0653887   0.07057 0.0768836 0.0500862 0.0715759 0.0657625 0.0774387 0.0698951 0.0686648 0.0647608 0.0508189 0.0722865 0.0764482 0.0638993 0.0767401 0.0687248 0.0771623  0.074023 0.0669173 0.0667835 0.0647652 0.0640304 0.0765798 0.0761989 0.0725927  0.077374 0.0566257 0.0602446 0.0566257 0.0602446
0.0712629 0.0528829 0.0778125 0.0737929 0.0892078  0.069121 0.0678653 0.0908388 0.0656437 0.0481077 0.0806455 0.0446916 0.0738024 0.0802914 0.0897454 0.0820091 0.0542596 0.0942622         0 0.0705449 0.0730067 0.0702973 0.0481413 0.0833338  0.068839 0.0965421 0.0733054 0.0817172 0.0758269 0.0854863 0.0865895 0.0694028 0.0881033 0.0792619 0.0722042 0.0795598 0.0729931 0.0899694 0.0696255 0.0760568 0.0456526 0.0587634 0.0448816 0.0622535 0.0889287  0.043609 0.0527984 0.0775244  0.066903 0.0916471 0.0855953 0.0844383 0.0936944 0.0923377 0.0997931 0.0785719 0.0915064 0.0926975 0.0725128 0.0941208  0.102112 0.0968497  0.080428 0.0936537 0.0972544 0.0829463 0.0881007 0.0862699  0.100874 0.0913379 0.0889566 0.0972321 0.0929285 0.0915875 0.0958329 0.0748328 0.0945996 0.0993204  0.101332   0.08578  0.110355 0.0928495 0.0821521 0.0923133  0.099313 0.0790437 0.0913531  0.100381 0.0945518 0.0951906 0.0892259 0.0999952 0.0835767 0.0959961  0.103688 0.0949701  0.096676  0.106259 0.0592075 0.0866991 0.0592075 0.0866991
0.0410286 0.0509077 0.0464385 0.0684291 0.0700867 0.0558281 0.0373089 0.0572178 0.0233225 0.0442837 0.0379247 0.0477675  0.046717 0.0574357 0.0678929 0.0438106 0.0507793 0.0653053 0.0705449         0 0.0444634 0.0343001  0.051009 0.0526316 0.0299832 0.0770689  0.033925 0.0674744 0.0365852  0.064325 0.0656256 0.0283434 0.0675593 0.0381653 0.0461484 0.0501304 0.0461725 0.0669868 0.0604995 0.0533118  0.045004 0.0550463  0.049593 0.0566865 0.0662784 0.0526464 0.0500763  0.056397 0.0331895 0.0764259 0.0568116 0.0649085 0.0721769 0.0730707 0.0836537 0.0541488 0.0704339 0.0771914 0.0749054  0.078102 0.0818382 0.0740964 0.0759236 0.0774514 0.0737831  0.066418 0.0657404 0.0649146 0.0792326 0.0649218 0.0719403 0.0839256 0.0705552 0.0751954 0.0755463 0.0484516 0.0796276  0.076573 0.0875002 0.0639882 0.0916734 0.0710257 0.0634222 0.0711284 0.0812724 0.0561714  0.069831 0.0831238 0.0726063 0.0723977  0.069339 0.0814953 0.0571951 0.0820414 0.0861282 0.0780389 0.0765005  0.084083 0.0346041 0.0650485 0.0346041 0.0650485
0.0547976 0.0583865 0.0539096 0.0756174 0.0688955 0.0725906 0.0403574  0.062185 0.0466536 0.0464642 0.0541699  0.049868 0.0375882  0.050782 0.0682098 0.0570935  0.063053 0.0758654 0.0730067 0.0444634         0 0.0431949 0.0643551 0.0573278 0.0495305  0.067876 0.0536203 0.0571973 0.0479967  0.062164 0.0694634 0.0350425 0.0670866 0.0540349 0.0501232 0.0486745 0.0454753 0.0648999 0.0519519 0.0621032 0.0582036 0.0609172  0.053819 0.0510018 0.0620027 0.0621007 0.0475443 0.0675598 0.0410012 0.0619439 0.0641333 0.0623577 0.0658469 0.0661169 0.0692519 0.0530922 0.0706184 0.0634873 0.0651339 0.0708686  0.071519 0.0666974 0.0754293 0.0751721 0.0674417 0.0591046 0.0697276 0.0571074 0.0724484 0.0621275 0.0664366 0.0751666 0.0676538 0.0686935 0.0684743 0.0463373 0.0668388 0.0694334 0.0781062 0.0607912 0.0828994 0.0658807 0.0671613 0.0675174 0.0688851 0.0481398 0.0619113 0.0742505 0.0685827 0.0763752 0.0604587 0.0668182 0.0539075 0.0768143 0.0746098 0.0659747 0.0665224 0.0784745 0.0401524 0.0568092 0.0401524 0.0568092
 0.035161 0.0553158 0.0503178 0.0732837 0.0669523 0.0545632 0.0410809  0.049416 0.0256414 0.0519696 0.0422468 0.0468387  0.039817 0.0515809 0.0761737 0.0393038 0.0509675 0.0758444 0.0702973 0.0343001 0.0431949         0 0.0557837 0.0604355 0.0262981 0.0741187 0.0458077 0.0619635 0.0392967 0.0670823 0.0642055 0.0290486  0.069885 0.0506102 0.0411558 0.0561639 0.0419408 0.0639341 0.0580181 0.0646186  0.046682 0.0568675 0.0517187 0.0614881 0.0725427 0.0566335 0.0552368 0.0683978  0.028982 0.0760598 0.0655877  0.057979 0.0785032 0.0726182 0.0876975  0.055782  0.080116 0.0789389 0.0777022 0.0793927 0.0813908 0.0807301 0.0809589 0.0776892  0.079929 0.0642519 0.0761708 0.0731925 0.0804253 0.0718513 0.0755829 0.0896427 0.0776106  0.075721 0.0824951 0.0493521 0.0791159 0.0847611  0.089321 0.0688022 0.0959009 0.0738228 0.0672553 0.0773972 0.0825421 0.0678616 0.0700782 0.0855346 0.0786521 0.0760275  0.070844 0.0856725 0.0632157  0.088293 0.0834742 0.0832881 0.0811348 0.0869389  0.038836  0.069426  0.038836  0.069426
0.0562369 0.0301146 0.0613809  0.049031 0.0686312 0.0570182 0.0556375 0.0718464 0.0455389 0.0363888 0.0542083 0.0304232 0.0614206  0.065798 0.0737638 0.0602837 0.0340456 0.0676629 0.0481413  0.051009 0.0643551 0.0557837         0 0.0723834 0.0507048 0.0815355 0.0505578 0.0732925 0.0594272 0.0734198  0.071476 0.0507444 0.0682159 0.0590152 0.0653144 0.0649351 0.0620152 0.0710088 0.0612588 0.0571049 0.0332549 0.0375676 0.0446454 0.0463693 0.0700477  0.037584 0.0447546 0.0488023 0.0486862 0.0775154 0.0633103 0.0662819 0.0810248 0.0738563 0.0852635 0.0664748 0.0741776 0.0789141 0.0640182 0.0750635 0.0821938 0.0801601 0.0616175 0.0837559 0.0788073 0.0714672 0.0677563 0.0702092 0.0811859 0.0756219   0.07458 0.0801895 0.0735319 0.0772222 0.0773359 0.0534009  0.077751 0.0802224  0.085775 0.0673552  0.091773 0.0805678 0.0652018 0.0777736  0.082364 0.0686161 0.0800769 0.0821119  0.075549  0.074079 0.0700296 0.0825756  0.063415 0.0837382 0.0836178 0.0779881 0.0833369 0.0861771 0.0389097 0.0690593 0.0389097 0.0690593
0.0747288 0.0654288 0.0529525 0.0831423 0.0832134 0.0789525 0.0492912 0.0865805 0.0592825 0.0516703 0.0633478 0.0691333  0.064529 0.0774017 0.0605425 0.0680649 0.0788448 0.0640402 0.0833338 0.0526316 0.0573278 0.0604355 0.0723834         0 0.0596738  0.081799 0.0570227 0.0846279 0.0623882 0.0704497  0.077891 0.0478524 0.0765542 0.0485689 0.0562531 0.0665487 0.0537791  0.069373 0.0606352 0.0688351 0.0627623 0.0639022 0.0592169 0.0611911 0.0670734 0.0744917 0.0569489 0.0700464 0.0456506 0.0855255 0.0729878 0.0745031  0.082418 0.0840169 0.0872367 0.0641224 0.0741832 0.0831905 0.0828336 0.0815842  0.096447 0.0778898 0.0919501 0.0869849 0.0768418   0.08335 0.0680611  0.073814 0.0908924 0.0697336 0.0800844 0.0864652 0.0854319 0.0926011 0.0843199 0.0550209 0.0844214 0.0858033 0.0899078 0.0815422 0.0929699 0.0755805 0.0635412 0.0862817 0.0885877 0.0480863 0.0871747 0.0912353 0.0927839 0.0919728 0.0797371   0.08543 0.0801758 0.0755686 0.0970581 0.0885171 0.0769915 0.0970968  0.055867 0.0752201  0.055867 0.0752201
0.0420926 0.0506461 0.0437447 0.0678421 0.0656511 0.0443167 0.0397924 0.0535411  0.024085 0.0462511 0.0457653 0.0443869 0.0464522 0.0584346 0.0778771  0.040195 0.0475634 0.0701388  0.068839 0.0299832 0.0495305 0.0262981 0.0507048 0.0596738         0 0.0769293 0.0443626 0.0683877 0.0422002 0.0677733 0.0597059 0.0305829 0.0704902 0.0477103 0.0459101 0.0588174 0.0446914 0.0688844  0.057164 0.0619114 0.0379472 0.0550409 0.0484796 0.0574112 0.0740955 0.0558408 0.0519194 0.0611234 0.0360046 0.0792877 0.0663662 0.0611298 0.0764532 0.0763723 0.0898894 0.0608662 0.0784822 0.0805997 0.0763313 0.0824563 0.0872578 0.0814584 0.0809062 0.0805882 0.0799849 0.0708098 0.0739955 0.0752768 0.0805213 0.0735137 0.0767168 0.0923841 0.0796985 0.0802575 0.0797532  0.045555  0.082817 0.0854627 0.0924429  0.070907 0.0980513 0.0814534 0.0645538 0.0801085 0.0846491 0.0630815 0.0739501 0.0853562 0.0817733  0.076373 0.0729694 0.0867467 0.0664143 0.0903494 0.0882753 0.0842141 0.0848737 0.0920109 0.0375681 0.0711068 0.0375681 0.0711068
0.0812032 0.0828171 0.0778914 0.0842255 0.0519376 0.0787534 0.0725582 0.0742159 0.0767416 0.0708555 0.0715487 0.0715193 0.0680548  0.050382 0.0627283  0.077692  0.080012 0.0607055 0.0965421 0.0770689  0.067876 0.0741187 0.0815355  0.081799 0.0769293         0 0.0723358 0.0595231 0.0781869 0.0522179 0.0589832 0.0657492  0.045398 0.0814588 0.0721554 0.0467331  0.071874 0.0326111  0.060221 0.0712882 0.0755786 0.0706562 0.0804214 0.0751147 0.0572122  0.083581 0.0641908 0.0818947 0.0708402 0.0577047 0.0498089 0.0447261 0.0684342 0.0552422 0.0784805 0.0486262  0.075697 0.0703462 0.0890931 0.0620317 0.0610413 0.0594792 0.0948717 0.0633461 0.0613337 0.0607599 0.0644379 0.0633457  0.058065 0.0396033 0.0721253 0.0837991 0.0692432 0.0718951 0.0756731 0.0534886 0.0652401 0.0737411 0.0760005 0.0643771 0.0646683 0.0572583  0.057775 0.0692438 0.0699597 0.0680975 0.0627322 0.0734138 0.0786724 0.0719806 0.0598784 0.0645864 0.0575164 0.0740315 0.0565993 0.0728717 0.0699785 0.0697346   0.05951 0.0561787   0.05951 0.0561787
0.0467556 0.0554846 0.0510828 0.0697493 0.0654932 0.0647765  0.042057 0.0608564  0.035995 0.0460345 0.0403128 0.0490734 0.0530635 0.0584961 0.0573105 0.0482474 0.0579146 0.0651349 0.0733054  0.033925 0.0536203 0.0458077 0.0505578 0.0570227 0.0443626 0.0723358         0 0.0690515 0.0478204 0.0545446 0.0665012 0.0355461 0.0624784 0.0436692 0.0458822 0.0433813 0.0400224 0.0611094 0.0628464 0.0501358 0.0479432 0.0534821 0.0546673 0.0602456 0.0578008 0.0560198 0.0489225 0.0588257 0.0396335 0.0766747 0.0507864 0.0573513 0.0755577 0.0688122 0.0823132 0.0500601 0.0708619 0.0724014 0.0795532 0.0748129 0.0783284 0.0713687 0.0839125 0.0748425 0.0726755 0.0657063  0.065201 0.0584672  0.080488 0.0547671 0.0695939 0.0782694 0.0660214 0.0771656  0.079214 0.0463885 0.0781893   0.07446 0.0813758 0.0609109 0.0883306 0.0608329 0.0600208 0.0698907 0.0771857 0.0563311 0.0762281 0.0836763 0.0753286 0.0708375 0.0673225 0.0802174 0.0559024  0.078483 0.0802351 0.0770347 0.0728814 0.0809632  0.034558  0.063176  0.034558  0.063176
0.0591714 0.0688624 0.0833263 0.0782684  0.046094 0.0803778  0.051974 0.0731979 0.0597203 0.0628625 0.0641237 0.0582578 0.0525423 0.0403315 0.0658928 0.0658646 0.0700542 0.0814743 0.0817172 0.0674744 0.0571973 0.0619635 0.0732925 0.0846279 0.0683877 0.0595231 0.0690515         0 0.0608633 0.0471094 0.0666775 0.0607112  0.054235 0.0750893 0.0638762 0.0470625 0.0576413 0.0506021 0.0627827 0.0543135 0.0651645 0.0693391 0.0667228 0.0633256 0.0596851 0.0732009 0.0675254 0.0721218 0.0640283 0.0601388 0.0616202 0.0557941 0.0685363 0.0612814 0.0721658 0.0482558  0.064036 0.0558204 0.0710171 0.0626561 0.0629941 0.0656164  0.083443 0.0496738 0.0645864 0.0458555 0.0654041 0.0530454 0.0667214 0.0595116 0.0571264 0.0655181  0.060878 0.0590953 0.0659814 0.0584403 0.0586871 0.0670237 0.0660021 0.0508672 0.0727069 0.0571768 0.0611315 0.0586343  0.063269 0.0630859  0.053781 0.0720271 0.0588335 0.0602028 0.0538583 0.0601241 0.0536879 0.0669705 0.0668659 0.0635397 0.0670292 0.0712462 0.0525743 0.0512944 0.0525743 0.0512944
0.0485792 0.0506906 0.0584112 0.0731553 0.0649682 0.0727961 0.0344709 0.0530544 0.0337657 0.0520737 0.0407375   0.05231 0.0477825 0.0517893  0.065571  0.040928  0.057558 0.0687325 0.0758269 0.0365852 0.0479967 0.0392967 0.0594272 0.0623882 0.0422002 0.0781869 0.0478204 0.0608633         0 0.0630436 0.0710585  0.035247 0.0644395 0.0378965 0.0442059  0.057217 0.0491338 0.0691979 0.0660893 0.0458126 0.0570675 0.0543352 0.0507226 0.0586366 0.0627954 0.0623093  0.057334 0.0577195 0.0430602  0.076398 0.0668767 0.0681558 0.0776129 0.0692598 0.0773314 0.0532357 0.0669912 0.0671415 0.0731036 0.0755522 0.0785047  0.068526 0.0766888 0.0723788 0.0749048 0.0598394 0.0634877 0.0604121 0.0803803 0.0716421  0.067128 0.0800679 0.0639021 0.0684343 0.0784037 0.0563494 0.0730449 0.0738265 0.0809943 0.0583102 0.0875772 0.0643355 0.0677994 0.0683741 0.0757606 0.0667511  0.066644 0.0767332 0.0694221 0.0675167  0.065018 0.0778242 0.0600806 0.0773769 0.0805274 0.0755273 0.0772959 0.0819654 0.0417754 0.0620868 0.0417754 0.0620868
0.0674248 0.0688183  0.067856 0.0736418 0.0353257 0.0822723 0.0506267 0.0690092 0.0604983 0.0587461 0.0596922 0.0577704 0.0585152  0.047918  0.046778 0.0586231 0.0757029 0.0648129 0.0854863  0.064325  0.062164 0.0670823 0.0734198 0.0704497 0.0677733 0.0522179 0.0545446 0.0471094 0.0630436         0 0.0562049 0.0571198 0.0499422 0.0689895 0.0547947 0.0305217 0.0512813 0.0401646 0.0601933 0.0515757 0.0660555   0.05658 0.0676265 0.0632583 0.0400363 0.0775385 0.0564546 0.0658817 0.0652856 0.0701496 0.0563893 0.0428037  0.072835 0.0687752 0.0766794 0.0378195  0.066961 0.0624415  0.083124 0.0709182 0.0736436 0.0638812  0.095975 0.0611378 0.0647829 0.0644826 0.0665209 0.0544449 0.0758799 0.0430543 0.0650208  0.072306 0.0636066 0.0727372 0.0757231 0.0502035 0.0689789 0.0697516 0.0716152 0.0627406 0.0739366 0.0448559 0.0546139 0.0667295 0.0711541  0.050063 0.0705551 0.0800232 0.0755384 0.0703267 0.0630651 0.0670947  0.063369 0.0688698 0.0741279 0.0711156 0.0696586 0.0782606 0.0483793 0.0586439 0.0483793 0.0586439
0.0759668 0.0668068 0.0561749 0.0857895 0.0564653 0.0770059 0.0638755 0.0745735 0.0607515 0.0634144  0.068058 0.0627658 0.0691374 0.0491858 0.0693409 0.0688776 0.0713925 0.0588274 0.0865895 0.0656256 0.0694634 0.0642055  0.071476  0.077891 0.0597059 0.0589832 0.0665012 0.0666775 0.0710585 0.0562049         0 0.0630099 0.0465891 0.0727591 0.0717329 0.0556135 0.0703137  0.059717 0.0773399 0.0592211 0.0694199 0.0628996 0.0655949 0.0701518 0.0542809 0.0738372 0.0643534 0.0780777 0.0654972 0.0719648 0.0585041 0.0374357 0.0733757 0.0722717 0.0822808 0.0459978 0.0733789 0.0744303 0.0925159 0.0719847   0.08338 0.0751288 0.0966493 0.0700253 0.0799929  0.070836 0.0691621 0.0713123 0.0799474 0.0608555  0.076031 0.0859436 0.0748266 0.0742447 0.0831354 0.0439142 0.0817526 0.0791686 0.0835223 0.0720827 0.0847712 0.0678073 0.0495868 0.0765169 0.0810691 0.0598121 0.0775135 0.0796693  0.080116 0.0805909 0.0757147 0.0751862 0.0670362 0.0741066 0.0851301  0.079764 0.0796612  0.088932 0.0590761 0.0677691 0.0590761 0.0677691
0.0439154 0.0500791 0.0428018 0.0645809 0.0597854 0.0575513 0.0322724 0.0499865 0.0296979 0.0392562  0.043381 0.0410177 0.0421176 0.0539159 0.0588011 0.0439823 0.0520364 0.0633131 0.0694028 0.0283434 0.0350425 0.0290486 0.0507444 0.0478524 0.0305829 0.0657492 0.0355461 0.0607112  0.035247 0.0571198 0.0630099         0 0.0622327 0.0347428 0.0324102  0.044471 0.0404484 0.0558129 0.0494745 0.0548229 0.0419314 0.0499685  0.047731 0.0527234 0.0597507  0.053108 0.0433839 0.0587596 0.0294632 0.0716043  0.059489 0.0542812 0.0714303  0.066798 0.0762026 0.0485146 0.0710077 0.0705671 0.0716874 0.0731834 0.0734625 0.0668343 0.0765885 0.0766399 0.0675237 0.0626629 0.0642016 0.0607231 0.0739127 0.0600719 0.0679783 0.0807988 0.0683937 0.0724099 0.0745746 0.0402484 0.0711333 0.0734878  0.079918 0.0623491 0.0863056 0.0655432 0.0595646  0.068141 0.0744186 0.0528723 0.0661027  0.077409 0.0743831 0.0711776 0.0641809 0.0751635 0.0548386 0.0780125 0.0760437 0.0747844 0.0739687 0.0814163 0.0290648 0.0599824 0.0290648 0.0599824
0.0732612 0.0648615 0.0718609 0.0817642  0.047881 0.0861583 0.0618371 0.0721398 0.0635996 0.0626334 0.0657273 0.0639784 0.0672385 0.0409043 0.0461158 0.0712797 0.0707409  0.046084 0.0881033 0.0675593 0.0670866  0.069885 0.0682159 0.0765542 0.0704902  0.045398 0.0624784  0.054235 0.0644395 0.0499422 0.0465891 0.0622327         0 0.0666985 0.0710969 0.0460124 0.0684871 0.0454476 0.0715894 0.0423274 0.0711297 0.0608923 0.0665056 0.0643815 0.0424918 0.0707731 0.0648658 0.0734184 0.0628318 0.0580393 0.0376812 0.0401773  0.063031 0.0443558 0.0628843 0.0373794 0.0539501 0.0509914 0.0851863  0.051272 0.0586308 0.0526404 0.0848427 0.0509418 0.0651476 0.0504117 0.0443635 0.0466366 0.0681502  0.040923  0.055479 0.0631207  0.049113 0.0524228 0.0705571 0.0475292 0.0604255 0.0548914  0.058607  0.051975 0.0568935 0.0471549 0.0431268 0.0512005 0.0581232 0.0613472 0.0612708 0.0563315  0.058735 0.0658362 0.0528339 0.0509214 0.0491154 0.0502936 0.0599315 0.0607578 0.0602948 0.0630618 0.0542599 0.0446719 0.0542599 0.0446719
0.0576153 0.0550787 0.0525775 0.0716283 0.0727705 0.0740955 0.0440547 0.0637108 0.0429565  0.045435 0.0493893 0.0554403 0.0539568 0.0647385 0.0569444 0.0600093  0.061496  0.062457 0.0792619 0.0381653 0.0540349 0.0506102 0.0590152 0.0485689 0.0477103 0.0814588 0.0436692 0.0750893 0.0378965 0.0689895 0.0727591 0.0347428 0.0666985         0 0.0509303 0.0605041 0.0592744 0.0686126 0.0660326 0.0511036 0.0554112 0.0580385 0.0530854 0.0560359 0.0655897 0.0552124 0.0547276  0.062014 0.0454603 0.0797917 0.0665481 0.0694716 0.0765298 0.0714664 0.0724136 0.0570446 0.0663004  0.069854 0.0760118 0.0756286 0.0784573  0.063663 0.0748326 0.0815144 0.0733289 0.0699265 0.0599626 0.0626752 0.0810347 0.0694909  0.071719 0.0775531 0.0647321  0.074587 0.0780152   0.05125 0.0748194 0.0736313 0.0776295 0.0641881 0.0851765 0.0697043 0.0685045 0.0659047  0.075457 0.0609986    0.0717 0.0764291   0.07174 0.0716373 0.0685158 0.0768525 0.0617514 0.0734451 0.0819089 0.0747368 0.0770596 0.0842783 0.0446672 0.0625106 0.0446672 0.0625106
0.0445822 0.0646981  0.051887 0.0778107 0.0620025 0.0698242 0.0442648 0.0545191 0.0406447 0.0538662 0.0572213 0.0526185 0.0494437 0.0636297 0.0622513 0.0547278 0.0683861 0.0779344 0.0722042 0.0461484 0.0501232 0.0411558 0.0653144 0.0562531 0.0459101 0.0721554 0.0458822 0.0638762 0.0442059 0.0547947 0.0717329 0.0324102 0.0710969 0.0509303         0 0.0501637 0.0446712 0.0615735 0.0542625 0.0604466 0.0527493 0.0599959 0.0578129 0.0696223 0.0690313 0.0653272 0.0586217 0.0726123 0.0404675 0.0806243   0.07129 0.0624824 0.0835188 0.0789752 0.0873071 0.0541057 0.0834156 0.0808664 0.0860934 0.0837313 0.0852381 0.0787246 0.0955639  0.082266  0.083685 0.0691696 0.0763923 0.0696672 0.0877846 0.0687219 0.0781416 0.0890643 0.0797311 0.0831467 0.0889506 0.0596216 0.0815524 0.0888731 0.0876452 0.0723721 0.0971188 0.0662558 0.0682891 0.0760706 0.0876233 0.0642193 0.0777445 0.0895113 0.0867858 0.0814062 0.0762951 0.0912143 0.0703011 0.0864458 0.0850822 0.0829091 0.0864272 0.0908788 0.0445049 0.0728376 0.0445049 0.0728376
0.0576202  0.066277 0.0621257 0.0725313 0.0438382 0.0720785 0.0467715 0.0573127 0.0511684 0.0516124 0.0540544 0.0525488 0.0500702 0.0417218 0.0442861 0.0579427 0.0672755 0.0633506 0.0795598 0.0501304 0.0486745 0.0561639 0.0649351 0.0665487 0.0588174 0.0467331 0.0433813 0.0470625  0.057217 0.0305217 0.0556135  0.044471 0.0460124 0.0605041 0.0501637         0 0.0488423 0.0383619 0.0547715 0.0506869 0.0587394 0.0572642 0.0632199 0.0594075 0.0437564 0.0643458 0.0502305 0.0670848 0.0531383 0.0644024 0.0416576  0.041321 0.0651674 0.0577628 0.0725293 0.0360865 0.0675531  0.061799 0.0802656 0.0676603 0.0625539 0.0604073   0.08747 0.0625016 0.0633038  0.055984 0.0631302 0.0489188 0.0700078  0.032755 0.0625208 0.0716508 0.0572018 0.0671212 0.0707399 0.0420324 0.0663725 0.0637391 0.0690056 0.0559935 0.0726271 0.0433224 0.0537289 0.0563623  0.065065 0.0481106 0.0593751 0.0736453 0.0677086 0.0684767 0.0564916 0.0634774 0.0496149 0.0692151 0.0663008 0.0661194  0.063646 0.0685438 0.0375853 0.0515354 0.0375853 0.0515354
0.0494031 0.0574238 0.0595796 0.0706212 0.0615543 0.0641304 0.0322211 0.0661668 0.0416493 0.0505242 0.0439541 0.0531763 0.0440634 0.0565548 0.0659586 0.0395001 0.0657864 0.0753286 0.0729931 0.0461725 0.0454753 0.0419408 0.0620152 0.0537791 0.0446914  0.071874 0.0400224 0.0576413 0.0491338 0.0512813 0.0703137 0.0404484 0.0684871 0.0592744 0.0446712 0.0488423         0 0.0605551 0.0531568 0.0600593  0.049443  0.057511  0.055315 0.0538555 0.0625842 0.0692233 0.0510514 0.0591196 0.0412324 0.0725281 0.0619421 0.0601279  0.072062 0.0713084 0.0846511 0.0558151 0.0692671 0.0676146 0.0697223 0.0729057 0.0818956 0.0760909 0.0859828 0.0643793  0.069232 0.0631903 0.0704781 0.0598049 0.0779781 0.0581203 0.0649961 0.0779585 0.0734499 0.0790941  0.072387 0.0479032 0.0735612 0.0755667 0.0803721 0.0635104 0.0886071 0.0635255 0.0590747 0.0760069 0.0750889 0.0527924 0.0735885 0.0836976 0.0786775 0.0725937 0.0628818 0.0763286  0.064719 0.0783706 0.0812337 0.0768996 0.0689133 0.0825397 0.0394135 0.0630672 0.0394135 0.0630672
0.0682482 0.0713871  0.072058 0.0693296 0.0402811 0.0718299 0.0598407 0.0667563 0.0644502 0.0606789  0.058147 0.0607988 0.0573834 0.0460965 0.0486888 0.0670185 0.0721154 0.0563632 0.0899694 0.0669868 0.0648999 0.0639341 0.0710088  0.069373 0.0688844 0.0326111 0.0611094 0.0506021 0.0691979 0.0401646  0.059717 0.0558129 0.0454476 0.0686126 0.0615735 0.0383619 0.0605551         0 0.0514402  0.062757 0.0631157 0.0586522 0.0708077 0.0624922 0.0528224 0.0727769 0.0573809 0.0689417 0.0608791 0.0611971 0.0496149 0.0382009 0.0674439 0.0556125 0.0731756 0.0410272  0.067827 0.0648918 0.0810543 0.0588787 0.0574152 0.0552807 0.0852719 0.0599014 0.0570926 0.0575906 0.0597153 0.0576889 0.0595198 0.0387576 0.0671137 0.0746217  0.063811 0.0690595 0.0705486 0.0463021 0.0595621 0.0689747 0.0674625 0.0599613 0.0631385 0.0480893 0.0559333 0.0613937 0.0657559 0.0620999 0.0598411 0.0715054 0.0707138 0.0640279 0.0546482 0.0626311 0.0556192 0.0682975 0.0552861 0.0685913 0.0658333 0.0649784 0.0472802 0.0519165 0.0472802 0.0519165
0.0628378 0.0601363 0.0701292  0.056636  0.058566 0.0575581 0.0515236  0.072342 0.0599253 0.0447756 0.0607882  0.050032 0.0416297 0.0610983 0.0658502 0.0647093 0.0604699 0.0706958 0.0696255 0.0604995 0.0519519 0.0580181 0.0612588 0.0606352  0.057164  0.060221 0.0628464 0.0627827 0.0660893 0.0601933 0.0773399 0.0494745 0.0715894 0.0660326 0.0542625 0.0547715 0.0531568 0.0514402         0 0.0703517 0.0459851 0.0527571 0.0599067 0.0495824 0.0706581 0.0652489  0.044003 0.0592289 0.0525389 0.0631046 0.0657731 0.0659569 0.0705901 0.0694418 0.0803358 0.0612329 0.0737719 0.0734059 0.0624408 0.0719966 0.0737153  0.069487 0.0746686 0.0740478 0.0633124 0.0672837  0.069022 0.0674797 0.0643589 0.0613215 0.0689783 0.0812597 0.0742667 0.0783676 0.0685429 0.0503484 0.0634718 0.0811059  0.079083 0.0674497 0.0797004 0.0712861 0.0633307 0.0743224 0.0748477 0.0587254 0.0621872 0.0775486 0.0807683 0.0698149 0.0574893  0.076301 0.0674753 0.0815361 0.0720496 0.0699983 0.0751132 0.0783669 0.0389781 0.0607156 0.0389781 0.0607156
