
Alignment summary:
Felis_catus___domestic_cat: A=414 C=366 G=278 T=487
Acinonyx_jubatus___cheetah: A=422 C=354 G=266 T=503
Neofelis_nebulosa___clouded_leopard: A=398 C=368 G=294 T=485
Uncia_uncia___snow_leopard: A=402 C=354 G=294 T=495
Panthera_pardus___leopard: A=412 C=359 G=285 T=489
Panthera_tigris___tiger: A=402 C=369 G=295 T=479
Canis_lupus_familiaris___domestic_dog: A=414 C=355 G=276 T=500
Canis_lupus___gray_wolf: A=418 C=354 G=273 T=500
Canis_latrans___coyote: A=416 C=351 G=275 T=503
Cuon_alpinus___dhole: A=415 C=362 G=278 T=490
Vulpes_vulpes___red_fox: A=415 C=378 G=275 T=477
Nyctereutes_procyonoides___raccoon_dog: A=424 C=381 G=276 T=464

Seed = 1057374331
Jukes-Cantor Distance Matrix:

         0   0.121271   0.155518   0.122794   0.129687   0.142883   0.224714   0.225588   0.219493   0.237042   0.219493   0.225588
  0.121271          0    0.16272   0.157911   0.147596   0.157911   0.228216   0.225588   0.227339   0.224714   0.224714   0.232616
  0.155518    0.16272          0    0.12815   0.129687   0.134318   0.246873   0.244179   0.240602   0.237042   0.232616   0.240602
  0.122794   0.157911    0.12815          0  0.0755226   0.106206   0.233499   0.230853    0.22297   0.239711   0.230853   0.230853
  0.129687   0.147596   0.129687  0.0755226          0   0.105461   0.229094   0.226463   0.226463   0.237931   0.231734   0.222099
  0.142883   0.157911   0.134318   0.106206   0.105461          0   0.233499   0.229094   0.235269   0.237931   0.226463   0.229094
  0.224714   0.228216   0.246873   0.233499   0.229094   0.233499          0 0.00454448  0.0439833   0.106206   0.171617   0.178976
  0.225588   0.225588   0.244179   0.230853   0.226463   0.229094 0.00454448          0  0.0446699   0.103972   0.165943   0.176515
  0.219493   0.227339   0.240602    0.22297   0.226463   0.235269  0.0439833  0.0446699          0  0.0907075   0.174879   0.174879
  0.237042   0.224714   0.237042   0.239711   0.237931   0.237931   0.106206   0.103972  0.0907075          0   0.172431    0.18475
  0.219493   0.224714   0.232616   0.230853   0.231734   0.226463   0.171617   0.165943   0.174879   0.172431          0   0.172431
  0.225588   0.232616   0.240602   0.230853   0.222099   0.229094   0.178976   0.176515   0.174879    0.18475   0.172431          0


JC Tree topology:
(1,2,((3,((4,5),6)),(((((7,8),9),10),11),12)));

MLE Branch Lengths
(((((7:0.0023866,8:0.0021672):0.0283818,9:0.0144078):0.0296251,10:0.0507250):0.0586087,11:0.0870527):0.0214055,12:0.0844404,((((5:0.0370333,4:0.0391046):0.0181950,6:0.0591361):0.0165190,3:0.0771726):0.0243975,(2:0.0775035,1:0.0459737):0.0242994):0.1290290);
stationary acceptance: 0.328842
symmetric acceptance: 0.402003
branch length acceptance: 0.887158
avgP: 0.242629 0.235013  0.20482 0.317538
sP: 7.62378e-05 7.61563e-05 8.22785e-05 9.44395e-05
avgS:  0.0477338   0.297239  0.0673472  0.0127203   0.565365 0.00959436
sS: 4.70333e-05 0.000227298 4.43259e-05 1.64103e-05 0.000288588 1.50514e-05
0.242629 0.235013  0.20482 0.317538
 0.0477338   0.297239  0.0673472  0.0127203   0.565365 0.00959436

-0.849692 0.0983679  0.612538  0.138787
 0.101556  -1.33146 0.0270631   1.20284
  0.72561 0.0310525 -0.780084 0.0234214
 0.106046  0.890232 0.0151074  -1.01139

mean p: 0.242629 0.235013  0.20482 0.317538
var p: 7.62378e-05 7.61563e-05 8.22785e-05 9.44395e-05
Scale for p0 is 2410.35
Scale for p1 is 2360.69
Scale for p2 is 1979.48
Scale for p3 is 2294.67
Dirichlet for P scale: 1979.48
mean s:  0.0477338   0.297239  0.0673472  0.0127203   0.565365 0.00959436
var s: 4.70333e-05 0.000227298 4.43259e-05 1.64103e-05 0.000288588 1.50514e-05
Scale for s0 is 966.449
Scale for s1 is 919.004
Scale for s2 is 1417.04
Scale for s3 is 765.282
Scale for s4 is 851.481
Scale for s5 is 631.324
Dirichlet for QP scale: 631.324
GTR Distance Matrix:

         0   0.124091   0.160125   0.126427   0.133047   0.147282   0.251495   0.251443   0.244204     0.2655   0.242646   0.253532
  0.124091          0    0.16871   0.164681   0.152523   0.163689   0.255699   0.251734   0.253812   0.250406   0.248955   0.260875
  0.160125    0.16871          0   0.131348   0.132407   0.137386   0.281134   0.276907   0.272572   0.267469   0.259869   0.272753
  0.126427   0.164681   0.131348          0  0.0765086   0.108508   0.263267   0.259216    0.25004   0.270331   0.257819   0.260998
  0.133047   0.152523   0.132407  0.0765086          0   0.107149   0.256525   0.252559    0.25202   0.266042   0.257557    0.24874
  0.147282   0.163689   0.137386   0.108508   0.107149          0   0.262826   0.256747   0.263967   0.267594    0.25298   0.257306
  0.251495   0.255699   0.281134   0.263267   0.256525   0.262826          0 0.00455094  0.0443703   0.108766   0.181305   0.187411
  0.251443   0.251734   0.276907   0.259216   0.252559   0.256747 0.00455094          0  0.0450255   0.106342   0.174958   0.184577
  0.244204   0.253812   0.272572    0.25004    0.25202   0.263967  0.0443703  0.0450255          0  0.0924966    0.18391   0.182045
    0.2655   0.250406   0.267469   0.270331   0.266042   0.267594   0.108766   0.106342  0.0924966          0   0.181163   0.193189
  0.242646   0.248955   0.259869   0.257819   0.257557    0.25298   0.181305   0.174958    0.18391   0.181163          0   0.180001
  0.253532   0.260875   0.272753   0.260998    0.24874   0.257306   0.187411   0.184577   0.182045   0.193189   0.180001          0

(1,2,((3,((4,5),6)),(((((7,8),9),10),11),12))); 0.021358
(1,2,(((3,6),(4,5)),(((((7,8),9),10),12),11))); 0.0278573
(1,2,((3,((4,5),6)),((((7,8),9),10),(11,12)))); 0.0268392
(1,2,((3,((4,5),6)),(((((7,8),9),10),11),12))); 0.025914
(1,2,((3,((4,5),6)),((((7,8),9),10),(11,12)))); 0.0340307
(1,2,((3,((4,5),6)),(((((7,8),9),10),11),12))); 0.022237
(1,2,((3,((4,5),6)),((((7,8),9),10),(11,12)))); 0.0217508
(1,2,((3,((4,5),6)),(((((7,8),9),10),11),12))); 0.0231196
(1,2,((3,((4,5),6)),(((((7,8),9),10),12),11))); 0.0237696
(1,2,((3,((4,5),6)),(((((7,8),9),10),11),12))); 0.0188469
(1,2,((3,((4,5),6)),(((((7,8),9),10),12),11))); 0.0155413
(1,2,((3,((4,5),6)),(((((7,8),9),10),12),11))); 0.0198618
(1,2,((3,((4,5),6)),(((((7,8),9),10),11),12))); 0.0202245
(1,2,((3,((4,5),6)),((((7,8),9),10),(11,12)))); 0.0190647
(1,2,((3,((4,5),6)),((((7,8),9),10),(11,12)))); 0.0298669
(1,2,((3,((4,5),6)),(((((7,8),9),10),11),12))); 0.02353
(1,2,((3,((4,5),6)),((((7,8),9),10),(11,12)))); 0.013593
(1,2,((3,((4,5),6)),(((((7,8),9),10),12),11))); 0.0206316
(1,2,((3,((4,5),6)),(((((7,8),9),10),11),12))); 0.0266346
(1,2,((3,((4,5),6)),(((((7,8),9),10),11),12))); 0.0212122
(1,(2,((((7,8),9),10),(11,12))),(3,((4,5),6))); 0.0236621
(1,2,((3,((4,5),6)),((((7,8),9),10),(11,12)))); 0.0184703
(1,2,((3,((4,5),6)),((((7,8),9),10),(11,12)))); 0.0239151
(1,2,(((3,6),(4,5)),(((((7,8),9),10),11),12))); 0.0221071
(1,2,(((3,(4,5)),6),(((((7,8),9),10),12),11))); 0.0198074
(1,2,((3,((4,5),6)),(((((7,8),9),10),12),11))); 0.0290964
(1,2,(((3,(4,5)),6),(((((7,8),9),10),12),11))); 0.0354466
(1,(2,(((((7,8),9),10),12),11)),(3,((4,5),6))); 0.0316456
(1,2,(((3,6),(4,5)),((((7,8),9),10),(11,12)))); 0.0342302
(1,2,((3,((4,5),6)),((((7,8),9),10),(11,12)))); 0.0211006
(1,(2,(((((7,8),9),10),11),12)),(3,((4,5),6))); 0.0277993
(1,2,((3,((4,5),6)),(((((7,8),9),10),12),11))); 0.0165092
(1,2,((3,((4,5),6)),(((((7,8),9),10),11),12))); 0.0217743
(1,2,((3,((4,5),6)),(((((7,8),9),10),12),11))); 0.02586
(1,(2,((((7,8),9),10),(11,12))),(3,((4,5),6))); 0.0307136
(1,2,((3,((4,5),6)),((((7,8),9),10),(11,12)))); 0.0227074
(1,2,(((3,6),(4,5)),(((((7,8),9),10),11),12))); 0.0235676
(1,2,((3,((4,5),6)),(((((7,8),9),10),11),12))); 0.0244171
(1,2,((3,((4,5),6)),((((7,8),9),10),(11,12)))); 0.0184494
(1,2,(((3,(4,5)),6),(((((7,8),9),10),12),11))); 0.0223226
(1,2,((3,((4,5),6)),((((7,8),9),10),(11,12)))); 0.0297446
(1,2,((3,((4,5),6)),(((((7,8),9),10),12),11))); 0.0275479
(1,2,((3,((4,5),6)),(((((7,8),9),10),12),11))); 0.0256523
(1,2,((3,((4,5),6)),((((7,8),9),10),(11,12)))); 0.0231436
(1,2,((3,((4,5),6)),((((7,8),9),10),(11,12)))); 0.0190105
(1,2,((3,((4,5),6)),(((((7,8),9),10),11),12))); 0.0237579
(1,(2,((((7,8),9),10),(11,12))),(3,((4,5),6))); 0.035542
(1,(2,((((7,8),9),10),(11,12))),(3,((4,5),6))); 0.0284824
(1,2,((3,((4,5),6)),(((((7,8),9),10),11),12))); 0.0173878
(1,2,((3,((4,5),6)),(((((7,8),9),10),12),11))); 0.0360159
(1,2,((3,((4,5),6)),(((((7,8),9),10),12),11))); 0.0281516
(1,2,((3,((4,5),6)),(((((7,8),9),10),11),12))); 0.0186778
(1,2,((3,((4,5),6)),((((7,8),9),10),(11,12)))); 0.0207466
(1,2,((3,((4,5),6)),(((((7,8),9),10),11),12))); 0.0173976
(1,2,((3,((4,5),6)),(((((7,8),9),10),12),11))); 0.0251728
(1,2,((3,((4,5),6)),(((((7,8),9),10),12),11))); 0.0237672
(1,2,((3,((4,5),6)),(((((7,8),9),10),11),12))); 0.0224627
(1,2,((3,((4,5),6)),(((((7,8),9),10),12),11))); 0.0236839
(1,2,((3,((4,5),6)),(((((7,8),9),10),11),12))); 0.0245824
(1,2,((3,((4,5),6)),(((((7,8),9),10),12),11))); 0.0178709
(1,2,((3,((4,5),6)),(((((7,8),9),10),11),12))); 0.0307117
(1,(2,(((((7,8),9),10),12),11)),(3,((4,5),6))); 0.0258834
(1,2,((3,((4,5),6)),(((((7,8),9),10),12),11))); 0.0194217
(1,2,((3,((4,5),6)),(((((7,8),9),10),11),12))); 0.0215659
(1,2,((3,((4,5),6)),(((((7,8),9),10),11),12))); 0.0210526
(1,(2,((((7,8),9),10),(11,12))),((3,6),(4,5))); 0.0290808
(1,2,(((3,(4,5)),6),((((7,8),9),10),(11,12)))); 0.0330857
(1,2,((3,((4,5),6)),((((7,8),9),10),(11,12)))); 0.0191196
(1,2,((3,((4,5),6)),(((((7,8),9),10),11),12))); 0.0271428
(1,2,((3,((4,5),6)),((((7,8),9),10),(11,12)))); 0.0266291
(1,2,((3,((4,5),6)),((((7,8),9),10),(11,12)))); 0.0194472
(1,2,((3,((4,5),6)),(((((7,8),9),10),11),12))); 0.0315517
(1,2,((3,((4,5),6)),((((7,8),9),10),(11,12)))); 0.0360762
(1,2,((3,((4,5),6)),(((((7,8),9),10),12),11))); 0.028318
(1,2,((3,((4,5),6)),(((((7,8),9),10),12),11))); 0.0164173
(1,2,(((3,(4,5)),6),(((((7,8),9),10),11),12))); 0.0300699
(1,2,((3,((4,5),6)),(((((7,8),9),10),11),12))); 0.0205084
(1,(2,((((7,8),9),10),(11,12))),(3,((4,5),6))); 0.0277697
(1,2,((3,((4,5),6)),(((((7,8),9),10),11),12))); 0.0198989
(1,2,((3,((4,5),6)),(((((7,8),9),10),11),12))); 0.0222055
(1,2,(((3,(4,5)),6),(((((7,8),9),10),12),11))); 0.0352824
(1,2,((3,((4,5),6)),(((((7,8),9),10),11),12))); 0.0177892
(1,2,((3,((4,5),6)),((((7,8),9),10),(11,12)))); 0.0227868
(1,2,((3,((4,5),6)),((((7,8),9),10),(11,12)))); 0.0251115
(1,2,(((3,(4,5)),6),((((7,8),9),10),(11,12)))); 0.0307903
(1,2,((3,((4,5),6)),(((((7,8),9),10),11),12))); 0.0217724
(1,(2,(((((7,8),9),10),12),11)),((3,(4,5)),6)); 0.0244294
(1,2,((3,((4,5),6)),((((7,8),9),10),(11,12)))); 0.0284213
(1,2,((3,((4,5),6)),(((((7,8),9),10),11),12))); 0.0347727
(1,2,((3,((4,5),6)),(((((7,8),9),10),11),12))); 0.0245693
(1,2,((3,((4,5),6)),((((7,8),9),10),(11,12)))); 0.0286291
(1,2,((3,((4,5),6)),(((((7,8),9),10),12),11))); 0.0189537
(1,(2,((((7,8),9),10),(11,12))),(3,((4,5),6))); 0.0264793
(1,(2,(((((7,8),9),10),12),11)),(3,((4,5),6))); 0.0222808
(1,2,(((3,6),(4,5)),((((7,8),9),10),(11,12)))); 0.0245741
(1,2,((3,((4,5),6)),(((((7,8),9),10),11),12))); 0.0152078
(1,2,((3,((4,5),6)),(((((7,8),9),10),11),12))); 0.0199453
(1,2,(((3,(4,5)),6),(((((7,8),9),10),11),12))); 0.0171779
(1,2,((3,((4,5),6)),((((7,8),9),10),(11,12)))); 0.0250539
(1,2,((3,((4,5),6)),(((((7,8),9),10),12),11))); 0.0154516

Topology counts to file
Tree distance matrix: 

        0 0.0320188 0.0380527 0.0346158 0.0442809 0.0257887 0.0233354 0.0317778 0.0289344 0.0240883 0.0229404 0.0318805 0.0237464 0.0344804 0.0368718 0.0324332 0.0231616 0.0315747 0.0330553 0.0332272 0.0320596 0.0337786 0.0334191 0.0321411 0.0243441 0.0352563 0.0453503 0.0335896 0.0396006 0.0295575 0.0391166 0.0281088 0.0335063  0.040763  0.038318  0.034888  0.032858 0.0326039  0.030424 0.0335849 0.0360877 0.0290832 0.0261606 0.0313981 0.0278903 0.0344244 0.0490787 0.0350354 0.0249105 0.0477237 0.0306011 0.0284366 0.0288724 0.0297157 0.0342613 0.0208855  0.026889 0.0289556 0.0328093 0.0293847 0.0323608  0.038628 0.0269463  0.025338 0.0323487 0.0373049 0.0410058 0.0241098  0.037854 0.0319489 0.0339602 0.0344015 0.0484056 0.0394771 0.0281267  0.034198 0.0298325 0.0402181 0.0255996 0.0260031 0.0364785 0.0273263 0.0332345 0.0294562 0.0344907 0.0241958 0.0349953  0.033435  0.044716 0.0378721 0.0256963 0.0322444 0.0344189  0.033963 0.0323621 0.0234182 0.0318094 0.0294734  0.028566 0.0277004  0.021358
0.0320188         0 0.0413728 0.0377858 0.0360471 0.0304458 0.0305602 0.0396351 0.0294793 0.0323015 0.0257146 0.0305887  0.038114 0.0286494 0.0488656 0.0409215  0.027201 0.0355972 0.0458254 0.0429065  0.032631 0.0345915  0.045313 0.0339095 0.0210243 0.0419413 0.0543258 0.0392806 0.0530445 0.0237931 0.0448176 0.0350701  0.042157 0.0432422 0.0504642 0.0346424 0.0339501 0.0459498 0.0362887 0.0288783 0.0428738  0.028726 0.0351167 0.0357815 0.0251838  0.043252 0.0476835 0.0373379 0.0320901 0.0422383 0.0476871 0.0389218  0.032338 0.0354228 0.0356957 0.0320564 0.0373842 0.0405188 0.0350936  0.029904  0.038513 0.0328597 0.0316204 0.0249958 0.0270397 0.0274858 0.0478993 0.0337123  0.034847 0.0434744 0.0280443 0.0487224 0.0584484 0.0467224  0.020764 0.0246032 0.0258013 0.0466223 0.0240137 0.0284225 0.0283755 0.0387923 0.0351537 0.0391948 0.0316914 0.0398197 0.0352009 0.0471423 0.0528533 0.0467141 0.0284844 0.0389086 0.0349202 0.0273328 0.0335854  0.033135 0.0412191 0.0304568 0.0321477 0.0304367 0.0278573
0.0380527 0.0413728         0 0.0415092 0.0499521 0.0436473 0.0403698 0.0371136 0.0272541 0.0377565 0.0298144 0.0373426 0.0352896 0.0289915 0.0362529 0.0347541 0.0236962 0.0390212 0.0317085 0.0317984 0.0430036  0.025817 0.0321876 0.0387857 0.0353846 0.0482417 0.0417573 0.0489261 0.0392367 0.0379325 0.0461386 0.0241209  0.039602 0.0331589 0.0397809 0.0288058 0.0344819 0.0328693 0.0385626 0.0348879 0.0310576 0.0404522 0.0414786 0.0272889 0.0303676 0.0396662 0.0498088 0.0416342 0.0324175 0.0478086 0.0345772  0.030089 0.0312816 0.0258201 0.0315282  0.035808 0.0330627  0.031208 0.0387436 0.0261428 0.0319408 0.0423392 0.0314776 0.0321728 0.0237948 0.0413107  0.045504 0.0310833 0.0364652 0.0296545 0.0360815 0.0420739 0.0423888 0.0399583 0.0336299 0.0473681 0.0409167 0.0449564 0.0376557  0.032163 0.0462789 0.0328812 0.0269788 0.0342801 0.0435674 0.0342486 0.0378382 0.0329398 0.0459044 0.0310438 0.0351363 0.0253233 0.0462043 0.0379088 0.0278785 0.0272155 0.0392063  0.029065 0.0371981 0.0220758 0.0268392
0.0346158 0.0377858 0.0415092         0 0.0429096 0.0266466 0.0361222  0.034455 0.0356151 0.0330878 0.0339407 0.0238987 0.0342937 0.0331239 0.0334989 0.0404462 0.0293414 0.0198812 0.0374127 0.0321973 0.0365234 0.0325604 0.0321491 0.0308133 0.0338292 0.0360486 0.0397277  0.042314 0.0422252 0.0338179 0.0302487 0.0318512 0.0340029 0.0400128 0.0450844 0.0327879 0.0281133 0.0338313 0.0314228 0.0328476 0.0455503 0.0429859  0.032018 0.0370378 0.0386344 0.0322656 0.0454308 0.0417029 0.0353455  0.038316 0.0346779 0.0283084 0.0332571 0.0354771 0.0412805 0.0375348 0.0277429 0.0316219 0.0384331 0.0361477 0.0441423 0.0338628  0.034896 0.0351231 0.0338729 0.0417715 0.0400348 0.0346489 0.0400116 0.0380999  0.032681 0.0378981 0.0388378 0.0308642 0.0298204 0.0377403 0.0330267 0.0408289 0.0344365 0.0365646  0.051109  0.036199 0.0377088 0.0365835 0.0391189  0.032468 0.0418354 0.0351795 0.0403921 0.0351243 0.0388415 0.0337953 0.0334111  0.037993 0.0401671 0.0253156 0.0318664 0.0313473 0.0425237 0.0304773  0.025914
0.0442809 0.0360471 0.0499521 0.0429096         0 0.0349797 0.0352496  0.039926  0.044496  0.038188 0.0370759 0.0366984 0.0396219 0.0314455 0.0519581 0.0423884 0.0375999 0.0392767 0.0499456 0.0410496  0.037978 0.0383546 0.0452013 0.0394789 0.0367902 0.0442154 0.0589995 0.0448766  0.056958 0.0279383  0.044159 0.0438146 0.0441596 0.0435024 0.0514697 0.0383704 0.0451546 0.0509663 0.0372338 0.0347486 0.0428716 0.0394344 0.0443873 0.0411674 0.0332241 0.0453613 0.0382895 0.0449481 0.0363719 0.0373055 0.0532838 0.0443817 0.0361781 0.0402879 0.0437349 0.0459551 0.0470135 0.0488991 0.0362561 0.0358358 0.0475828 0.0355832 0.0395505 0.0341648 0.0404042 0.0375666 0.0407274 0.0334978 0.0376264 0.0461129 0.0292326 0.0563562 0.0495121 0.0487448 0.0261344 0.0347984 0.0274046  0.038292 0.0339087 0.0355782 0.0400925 0.0408148 0.0382061 0.0466849   0.03493 0.0480713 0.0392845 0.0520495 0.0548736 0.0473732 0.0469601 0.0397963 0.0324284 0.0317172  0.043131 0.0387135  0.040218 0.0313423 0.0280476 0.0393362 0.0340307
0.0257887 0.0304458 0.0436473 0.0266466 0.0349797         0 0.0285904 0.0263041 0.0400407 0.0274861 0.0239257 0.0265887 0.0319707 0.0318527 0.0360538 0.0408207 0.0274019 0.0238897 0.0372178 0.0294709 0.0302684 0.0336574 0.0357141 0.0216234  0.027435 0.0294748 0.0456141  0.033196 0.0460164 0.0243859 0.0349766 0.0341272 0.0315047  0.039483 0.0465594 0.0373643 0.0320457  0.037101 0.0237228  0.035186 0.0427648 0.0332245 0.0310316   0.03626 0.0305965 0.0263653 0.0435798  0.035029 0.0231245 0.0344426 0.0400185 0.0271695 0.0355681 0.0310503 0.0380661 0.0361029 0.0253536   0.03308 0.0268327 0.0292214 0.0431843 0.0363467 0.0319246 0.0322209 0.0356523 0.0324793 0.0400977 0.0303914  0.031286 0.0401141 0.0262335 0.0310858 0.0454865 0.0367303 0.0224446 0.0298523 0.0266139 0.0346963 0.0216353 0.0301938 0.0364267 0.0329816 0.0381707 0.0361258 0.0340133 0.0333234 0.0409406 0.0410462 0.0393696 0.0350176 0.0321628 0.0359135 0.0251539 0.0302741 0.0395143 0.0253258 0.0302157 0.0286842 0.0279851  0.029576  0.022237
0.0233354 0.0305602 0.0403698 0.0361222 0.0352496 0.0285904         0 0.0324308 0.0301679  0.027763 0.0214222 0.0318977  0.028275 0.0268462 0.0375671 0.0277105  0.027574 0.0302004 0.0344033  0.033359 0.0270175 0.0280348 0.0381239 0.0355627 0.0238013  0.033508 0.0464268 0.0320366 0.0432936 0.0248538 0.0372519 0.0307075 0.0303204 0.0397246 0.0373491 0.0338605 0.0314237 0.0397045 0.0278101 0.0338112 0.0390894 0.0269323 0.0289249 0.0256241 0.0212941 0.0366487 0.0408436 0.0329349 0.0274383 0.0378461 0.0395095 0.0298833 0.0292461 0.0321245 0.0292649 0.0289038 0.0353846 0.0335685 0.0366273 0.0298842 0.0361325 0.0308403 0.0266945 0.0268572 0.0337259 0.0338072 0.0380202 0.0254814 0.0364668 0.0358097 0.0249962 0.0421987 0.0472234 0.0377418 0.0274177 0.0353939 0.0246391 0.0352607 0.0232016 0.0289297 0.0334719 0.0305109 0.0291988 0.0331304  0.039434 0.0297168 0.0281127 0.0317619 0.0452012 0.0370596 0.0347171 0.0336019 0.0305475 0.0312177 0.0282302 0.0289735 0.0308182 0.0291816 0.0306499 0.0275348 0.0217508
0.0317778 0.0396351 0.0371136  0.034455  0.039926 0.0263041 0.0324308         0 0.0366217 0.0351587 0.0248956 0.0291196 0.0370758 0.0254424 0.0388905 0.0368957 0.0286981 0.0326138 0.0241108 0.0313798 0.0364289 0.0293589 0.0306137 0.0274099 0.0356404 0.0274588 0.0429968 0.0331736 0.0460519 0.0346709 0.0359691 0.0261961 0.0294625  0.030647 0.0412525 0.0408424 0.0324958  0.030595 0.0254737 0.0368946 0.0410524 0.0310791 0.0401597 0.0323458 0.0335922 0.0247363 0.0501768 0.0377718 0.0259622 0.0363711 0.0390234 0.0270182 0.0333781 0.0285558 0.0295561 0.0371939   0.02658 0.0285268 0.0327268 0.0275317 0.0449245  0.039368  0.035612 0.0338275 0.0308025  0.034753 0.0418358 0.0282625 0.0314564 0.0334929 0.0322155 0.0336455 0.0407798 0.0410054 0.0286495 0.0419808 0.0322246 0.0310155 0.0268012 0.0302972 0.0396999 0.0296845 0.0324417 0.0453449 0.0373453 0.0328153 0.0373451  0.042088 0.0317523 0.0307599   0.04137  0.026414 0.0399087 0.0300039  0.037142 0.0290699 0.0253319 0.0300992 0.0300195  0.027204 0.0231196
0.0289344 0.0294793 0.0272541 0.0356151  0.044496 0.0400407 0.0301679 0.0366217         0  0.032309 0.0267434 0.0315521 0.0305165 0.0277677 0.0408114 0.0279304 0.0195432 0.0377649 0.0337021 0.0402338 0.0373885  0.024723 0.0346131 0.0384932  0.027473 0.0440272 0.0448578  0.040675 0.0423216 0.0348786 0.0408531 0.0213688 0.0389789 0.0342268 0.0365815 0.0282335 0.0294349 0.0345599 0.0377139 0.0265675  0.030153 0.0304501 0.0317098 0.0260675 0.0292896 0.0411898 0.0493574 0.0408331 0.0327376 0.0491239 0.0311925 0.0338086 0.0205553 0.0310066 0.0291278 0.0213048 0.0329197 0.0281473 0.0398535 0.0281175 0.0305992 0.0333461 0.0261547 0.0207964 0.0203026 0.0382439 0.0431742 0.0255014 0.0412119 0.0331249 0.0341849 0.0485137 0.0482113 0.0413981 0.0280953 0.0383473 0.0317826 0.0457237 0.0305369 0.0267707 0.0403703 0.0304143 0.0290397 0.0335906 0.0353865 0.0286205  0.029267 0.0343914 0.0494783 0.0405891 0.0305364 0.0254239 0.0435515 0.0329217 0.0259337 0.0264969 0.0360992 0.0270184 0.0355731 0.0224546 0.0237696
0.0240883 0.0323015 0.0377565 0.0330878  0.038188 0.0274861  0.027763 0.0351587  0.032309         0 0.0258799 0.0283074 0.0169024 0.0329128 0.0345937 0.0301498 0.0243199 0.0285139 0.0396519 0.0287344 0.0265549  0.031957 0.0346966 0.0264548 0.0234147 0.0383204 0.0424105 0.0373082 0.0390062 0.0255737 0.0304676 0.0298129 0.0263122 0.0347597  0.039044 0.0240419 0.0298459  0.030935 0.0277577 0.0269509 0.0335566 0.0378475 0.0268753  0.032318 0.0245145 0.0316622 0.0352069 0.0349833 0.0202706 0.0438968 0.0344142 0.0277626 0.0277271 0.0236066 0.0358808 0.0293164 0.0273013 0.0352163 0.0282907 0.0280156 0.0282525 0.0312766 0.0255142 0.0265534 0.0321209 0.0381426  0.038199 0.0264061 0.0345633 0.0380087 0.0243715 0.0324717 0.0454009  0.031675 0.0256777 0.0250989 0.0251181 0.0348908 0.0298086 0.0281023 0.0396218 0.0250004  0.032263 0.0263568 0.0346798  0.020453 0.0304725 0.0334741 0.0411138 0.0320699 0.0316874 0.0334995 0.0270054 0.0305143 0.0338102 0.0217853  0.030302 0.0251885 0.0323647 0.0270937 0.0188469
0.0229404 0.0257146 0.0298144 0.0339407 0.0370759 0.0239257 0.0214222 0.0248956 0.0267434 0.0258799         0 0.0246299 0.0268787 0.0234422 0.0325833 0.0322913 0.0196228 0.0281985 0.0303736  0.028551 0.0268271 0.0235273 0.0349212 0.0295685  0.017933 0.0316882 0.0434532 0.0265065 0.0432311 0.0228678 0.0385062 0.0230769 0.0295672 0.0295011 0.0398078 0.0302163 0.0306267 0.0345409   0.02429 0.0294153 0.0316742 0.0239087 0.0272777 0.0246007 0.0174251  0.030494 0.0441384 0.0302431 0.0205887 0.0367584 0.0349987 0.0257245 0.0235179 0.0257241 0.0230443 0.0265259 0.0281762 0.0251855 0.0266549 0.0175149 0.0305721   0.03204  0.023406 0.0228463 0.0266619  0.027881 0.0411529 0.0215517 0.0291553 0.0330494 0.0195827 0.0346559 0.0452342 0.0349359 0.0202987 0.0301627 0.0271729 0.0347446 0.0188227 0.0230431 0.0298725 0.0274696 0.0257261 0.0313959 0.0335502 0.0290202 0.0305957 0.0337335 0.0408396 0.0301656 0.0265415 0.0280553 0.0288381  0.023733 0.0287555 0.0231135 0.0285125 0.0230612 0.0255242 0.0177324 0.0155413
0.0318805 0.0305887 0.0373426 0.0238987 0.0366984 0.0265887 0.0318977 0.0291196 0.0315521 0.0283074 0.0246299         0 0.0278022 0.0265419 0.0373975 0.0344943 0.0235591 0.0229786 0.0318664 0.0332118 0.0299572 0.0288932 0.0314465 0.0271811 0.0249471 0.0269102 0.0393223 0.0337367 0.0438549 0.0266807 0.0280562 0.0257675 0.0287657 0.0286149 0.0407224 0.0322437 0.0299826 0.0332625 0.0240315 0.0257809   0.03931 0.0346391 0.0295589 0.0381364 0.0297159 0.0291144 0.0418696 0.0362263 0.0299477 0.0401956 0.0321928 0.0275175 0.0248741  0.031957  0.033442 0.0291696 0.0296882 0.0336118  0.032742 0.0314691 0.0396779  0.028791 0.0327325 0.0326593 0.0302812 0.0334435 0.0359404 0.0297826 0.0354265 0.0349214 0.0244197 0.0384183 0.0375836 0.0323721 0.0252494 0.0326272 0.0275292 0.0337453 0.0262299  0.030563 0.0433745 0.0287937 0.0297612 0.0363269 0.0287179 0.0314678 0.0335279 0.0387692 0.0357149 0.0315744 0.0384938 0.0271284 0.0291818 0.0262005 0.0336206 0.0253687 0.0223567 0.0240161 0.0334296 0.0247919 0.0198618
0.0237464  0.038114 0.0352896 0.0342937 0.0396219 0.0319707  0.028275 0.0370758 0.0305165 0.0169024 0.0268787 0.0278022         0 0.0350563 0.0338189 0.0265679 0.0228803 0.0298671 0.0369166 0.0284467 0.0322208 0.0322448 0.0331415 0.0339296 0.0264033 0.0388888 0.0414968 0.0390865 0.0368909 0.0305342 0.0325585 0.0291416 0.0309629 0.0328681 0.0347762 0.0263523 0.0356584 0.0312321 0.0308461 0.0274572 0.0294621 0.0375409 0.0256924 0.0349105  0.027128 0.0347253  0.038112 0.0386697 0.0254914 0.0486892 0.0261122 0.0287423 0.0240473 0.0274755 0.0364701 0.0254797 0.0310836 0.0346806 0.0317624 0.0304886 0.0259744 0.0337318 0.0272181 0.0274341 0.0341033 0.0423938  0.037443 0.0221937 0.0399402 0.0343146 0.0279511 0.0373097 0.0403091  0.032462 0.0295133 0.0329622 0.0305536 0.0366099 0.0305995 0.0289063 0.0438331 0.0224385 0.0309674 0.0253131 0.0341337 0.0231263  0.032236 0.0320904 0.0436649 0.0323509 0.0335617  0.028694 0.0293123 0.0328116 0.0337576 0.0219386  0.028134 0.0216911 0.0309462 0.0269255 0.0202245
0.0344804 0.0286494 0.0289915 0.0331239 0.0314455 0.0318527 0.0268462 0.0254424 0.0277677 0.0329128 0.0234422 0.0265419 0.0350563         0 0.0403935 0.0297165 0.0247167 0.0277558 0.0304518 0.0291175 0.0311246 0.0222031 0.0314386  0.030728 0.0279749 0.0329824 0.0437986 0.0374815 0.0461269 0.0233419 0.0361538 0.0240462 0.0297661 0.0300576 0.0386466 0.0295229 0.0273529 0.0359194 0.0278498 0.0270546 0.0390246 0.0277235 0.0377828 0.0236835 0.0228651  0.034968    0.0413 0.0334912 0.0266633 0.0286145 0.0421864 0.0288918 0.0276033 0.0243457 0.0223762 0.0358242 0.0330011 0.0317152 0.0334036 0.0228331  0.038379 0.0281023 0.0302379  0.026441 0.0197071 0.0277785 0.0410093 0.0270532  0.024057 0.0300421 0.0237068 0.0433181 0.0419786 0.0387047 0.0201231 0.0377189 0.0231585  0.033374 0.0247411 0.0257854 0.0363445 0.0307893  0.020401 0.0384592 0.0362815 0.0337476 0.0266724 0.0379834 0.0390685 0.0300629  0.039422 0.0223803 0.0354545 0.0256036 0.0269225 0.0275115 0.0294959 0.0252218 0.0280948 0.0199586 0.0190647
0.0368718 0.0488656 0.0362529 0.0334989 0.0519581 0.0360538 0.0375671 0.0388905 0.0408114 0.0345937 0.0325833 0.0373975 0.0338189 0.0403935         0 0.0427383 0.0314242   0.03342 0.0373125 0.0319152 0.0378046 0.0329416  0.035642 0.0381191 0.0384661  0.045171 0.0447841  0.038729 0.0401631 0.0374765 0.0407495 0.0331433 0.0349926   0.03401 0.0427666 0.0324322 0.0380574 0.0354548 0.0305564 0.0453878 0.0367625 0.0455529 0.0278699   0.03304 0.0376185 0.0338374 0.0483215 0.0346808 0.0336103 0.0478903 0.0348336 0.0321066 0.0342755 0.0350641  0.038675 0.0425957 0.0321052 0.0271883 0.0332868 0.0355057  0.041899 0.0439389 0.0355354 0.0404121 0.0432351 0.0453378 0.0390764 0.0330204 0.0435431 0.0433687 0.0345715 0.0333622 0.0395169 0.0342491 0.0383444 0.0468129 0.0419309 0.0445599 0.0395355 0.0388738 0.0539271 0.0378718 0.0396394 0.0297664 0.0506982 0.0304102 0.0466697 0.0250249 0.0444282 0.0303919 0.0369317 0.0388908  0.036921 0.0446225 0.0393275 0.0331336 0.0381081 0.0396865 0.0447925 0.0299784 0.0298669
0.0324332 0.0409215 0.0347541 0.0404462 0.0423884 0.0408207 0.0277105 0.0368957 0.0279304 0.0301498 0.0322913 0.0344943 0.0265679 0.0297165 0.0427383         0 0.0286898 0.0340628 0.0324064  0.032605 0.0334579 0.0249519 0.0334473 0.0370556 0.0329166 0.0398823  0.039138 0.0427862 0.0367626 0.0361945 0.0298487 0.0265292 0.0278361 0.0348294 0.0213339 0.0343903 0.0331741 0.0323268 0.0338814 0.0308385 0.0365445 0.0345404 0.0367478 0.0326098 0.0315078 0.0368086 0.0377035 0.0391069 0.0311557 0.0485952 0.0323543 0.0330599 0.0298896  0.031108 0.0322367 0.0285392 0.0374042  0.035685  0.040941 0.0338709 0.0353194 0.0279363 0.0281807  0.032484 0.0310499 0.0408939 0.0378974 0.0310805 0.0419266  0.032892  0.033913 0.0466368  0.037605 0.0375947 0.0328605 0.0434319 0.0283936 0.0346463 0.0327978 0.0323779 0.0463659 0.0181085 0.0307898 0.0319282 0.0434012 0.0270236 0.0227097  0.034036 0.0414448 0.0345581 0.0435889 0.0229181 0.0387127 0.0326855 0.0286832 0.0307152 0.0250473 0.0257409 0.0373632 0.0299834   0.02353
0.0231616  0.027201 0.0236962 0.0293414 0.0375999 0.0274019  0.027574 0.0286981 0.0195432 0.0243199 0.0196228 0.0235591 0.0228803 0.0247167 0.0314242 0.0286898         0   0.02924 0.0282643 0.0297419 0.0311657 0.0209976 0.0261643 0.0258928 0.0229028 0.0368508 0.0399507 0.0367877 0.0350998 0.0258759 0.0345197 0.0183014 0.0322741 0.0286063 0.0338369 0.0242075  0.027032 0.0277313  0.026222 0.0248437 0.0245943  0.028827 0.0255282 0.0266565 0.0231676 0.0284619 0.0415798 0.0320081 0.0219587 0.0442994 0.0257141 0.0230252 0.0202153 0.0228096 0.0302072 0.0216533 0.0223728 0.0257787 0.0265387 0.0216565 0.0310874 0.0323332 0.0225884 0.0220157 0.0206077 0.0329624 0.0336926 0.0197421 0.0323813 0.0299406 0.0266582  0.035718 0.0385638 0.0347309 0.0200081 0.0332605 0.0262779 0.0368232 0.0230111 0.0205937 0.0366156 0.0226456 0.0273242 0.0268687 0.0292006   0.02462 0.0316817 0.0307685 0.0406615 0.0321587 0.0237378 0.0211976 0.0330389 0.0263767 0.0238571 0.0173179 0.0277688  0.019008  0.026264 0.0170278  0.013593
0.0315747 0.0355972 0.0390212 0.0198812 0.0392767 0.0238897 0.0302004 0.0326138 0.0377649 0.0285139 0.0281985 0.0229786 0.0298671 0.0277558   0.03342 0.0340628   0.02924         0 0.0357679 0.0213164 0.0283635 0.0317099 0.0306372  0.027096 0.0273192 0.0279875 0.0350164 0.0387324 0.0379567 0.0259317 0.0274799 0.0296009 0.0251889 0.0368944  0.039505 0.0308977 0.0276844 0.0330763 0.0254879 0.0278033  0.046237 0.0387131 0.0323502 0.0347039 0.0307452 0.0307533 0.0372957 0.0342857 0.0299346 0.0318328 0.0356846  0.023627 0.0348272 0.0291861 0.0344916 0.0366968 0.0307779 0.0326824 0.0346895  0.031674 0.0414839 0.0256666 0.0307442 0.0348784 0.0327263 0.0364034 0.0386954 0.0329318 0.0318193 0.0330565  0.026116  0.032403 0.0359291 0.0249099 0.0262252 0.0362867 0.0285092 0.0317181 0.0305934 0.0351945 0.0452807 0.0294437 0.0301002 0.0316513 0.0392477 0.0316034 0.0337614 0.0327791 0.0347981 0.0280838 0.0395907 0.0299395 0.0247585 0.0317973 0.0358899 0.0246401 0.0258883 0.0280873 0.0372991 0.0260282 0.0206316
0.0330553 0.0458254 0.0317085 0.0374127 0.0499456 0.0372178 0.0344033 0.0241108 0.0337021 0.0396519 0.0303736 0.0318664 0.0369166 0.0304518 0.0373125 0.0324064 0.0282643 0.0357679         0 0.0358735 0.0378714 0.0288131 0.0301158 0.0326458  0.036207 0.0350764 0.0424063 0.0390462 0.0410799 0.0398873 0.0374948 0.0228661 0.0334352 0.0357236 0.0354075  0.043656 0.0307917 0.0319445 0.0303339 0.0408445 0.0422032 0.0356052 0.0375401 0.0321372 0.0366974 0.0318577 0.0547959 0.0430404   0.03346 0.0447485 0.0310647  0.026888 0.0350853 0.0349467 0.0313347 0.0341207 0.0320293 0.0314708 0.0409183 0.0364036  0.044202  0.039863 0.0361779 0.0388322 0.0353826 0.0432941 0.0391231 0.0314993 0.0421794 0.0324695 0.0409674 0.0393009 0.0352232 0.0399558 0.0369683 0.0517314 0.0357562 0.0373127 0.0341364 0.0313325 0.0462998 0.0296546 0.0303527  0.043283 0.0455616 0.0303553 0.0379295  0.036703  0.036826 0.0326593 0.0445496 0.0256633 0.0466244 0.0375368 0.0324417 0.0309339 0.0288561 0.0325755 0.0367501 0.0260983 0.0266346
0.0332272 0.0429065 0.0317984 0.0321973 0.0410496 0.0294709  0.033359 0.0313798 0.0402338 0.0287344  0.028551 0.0332118 0.0284467 0.0291175 0.0319152  0.032605 0.0297419 0.0213164 0.0358735         0 0.0351998 0.0298075 0.0277306 0.0319373 0.0336201 0.0349811 0.0347068 0.0440175 0.0335821 0.0315976 0.0342332 0.0291329  0.026327  0.035281 0.0360702 0.0290784 0.0354885 0.0274127 0.0273037 0.0323754 0.0400977 0.0402021 0.0380913 0.0315617   0.02924 0.0281303 0.0348604 0.0342337 0.0262064 0.0354787 0.0353832 0.0221331 0.0365239 0.0203645 0.0344423  0.039651 0.0295825 0.0312404 0.0311986 0.0249316  0.037342 0.0357536 0.0288258 0.0350335  0.032208 0.0395264 0.0405383 0.0309038 0.0288743 0.0281229 0.0281989 0.0283814 0.0344462 0.0256182 0.0294432 0.0413896 0.0341467 0.0294167 0.0338699 0.0354992 0.0461878 0.0266353 0.0309237 0.0302992 0.0443011 0.0321755  0.035382 0.0307435  0.035644 0.0210294 0.0391675 0.0271852 0.0304699 0.0352505 0.0360159 0.0238492 0.0276124 0.0270402  0.034885 0.0267204 0.0212122
0.0320596  0.032631 0.0430036 0.0365234  0.037978 0.0302684 0.0270175 0.0364289 0.0373885 0.0265549 0.0268271 0.0299572 0.0322208 0.0311246 0.0378046 0.0334579 0.0311657 0.0283635 0.0378714 0.0351998         0 0.0322014 0.0405418  0.028824  0.021444 0.0383156 0.0488387 0.0266551 0.0447468 0.0237886  0.030982 0.0306537 0.0303916 0.0381802 0.0381121 0.0339302 0.0309564 0.0405988 0.0243708 0.0332147 0.0426713 0.0349708 0.0297189 0.0317287 0.0257734 0.0371547 0.0390224  0.031192 0.0317036  0.038836 0.0424797 0.0342546 0.0322496 0.0342447 0.0320265 0.0347895 0.0407095 0.0384363 0.0316094 0.0319844 0.0399079 0.0221433 0.0285409 0.0316709 0.0379142 0.0296711 0.0381906 0.0306829 0.0393049 0.0426928 0.0260759  0.042987  0.046108  0.036956 0.0253364 0.0316652 0.0218646 0.0297914 0.0302266 0.0313437 0.0369516 0.0299921 0.0310409 0.0334681 0.0416289 0.0339812 0.0245876 0.0386893 0.0469216  0.039092  0.037995 0.0370124 0.0241589 0.0223112 0.0356412 0.0330686 0.0321058 0.0314007 0.0348991 0.0302911 0.0236621
0.0337786 0.0345915  0.025817 0.0325604 0.0383546 0.0336574 0.0280348 0.0293589  0.024723  0.031957 0.0235273 0.0288932 0.0322448 0.0222031 0.0329416 0.0249519 0.0209976 0.0317099 0.0288131 0.0298075 0.0322014         0 0.0291901 0.0322276 0.0303787 0.0382442 0.0372666 0.0379588 0.0379301 0.0313614 0.0339017 0.0216248  0.027924 0.0281726 0.0310967 0.0282775 0.0291649 0.0305375 0.0268197 0.0319865   0.02916 0.0337105 0.0325027 0.0227846 0.0266793 0.0277618  0.037863 0.0338092 0.0262811 0.0408307 0.0332159 0.0259515 0.0242924 0.0276492 0.0305028 0.0295763 0.0297767 0.0253008 0.0316239 0.0236228 0.0377888 0.0310202 0.0215525 0.0286324 0.0258276 0.0346317 0.0357439 0.0283707 0.0328057 0.0333971 0.0260924 0.0414255 0.0366151 0.0332308 0.0244771 0.0392862 0.0275236 0.0338812 0.0289711  0.029763 0.0416543 0.0251102  0.029766 0.0305145 0.0401026 0.0302376 0.0299301 0.0300466 0.0398159 0.0294225  0.034873 0.0235433   0.03608  0.029479  0.025647 0.0248192 0.0264958 0.0247556  0.034711 0.0229844 0.0184703
0.0334191  0.045313 0.0321876 0.0321491 0.0452013 0.0357141 0.0381239 0.0306137 0.0346131 0.0346966 0.0349212 0.0314465 0.0331415 0.0314386  0.035642 0.0334473 0.0261643 0.0306372 0.0301158 0.0277306 0.0405418 0.0291901         0 0.0311419 0.0392293 0.0318266  0.029034 0.0457837 0.0287437 0.0366328 0.0336583 0.0228337 0.0290012 0.0319074 0.0305647 0.0314027 0.0330132 0.0208801 0.0269073 0.0323541 0.0357246 0.0415918 0.0389417 0.0351673 0.0377125 0.0251359 0.0395613 0.0361121 0.0317805 0.0470226 0.0263516 0.0231225 0.0336162 0.0242885 0.0383273  0.033511  0.026981  0.027174 0.0370637 0.0310578 0.0470549 0.0406206 0.0324496 0.0388457 0.0305568 0.0425105 0.0298904  0.033083 0.0350373 0.0221313 0.0382471 0.0350444 0.0295195 0.0305963 0.0338519 0.0490036 0.0372079 0.0305439 0.0367142 0.0387826 0.0520303 0.0271035 0.0350329 0.0322646   0.03798 0.0314335 0.0362326 0.0295117 0.0336871 0.0282036  0.042017 0.0206893 0.0416086 0.0390186 0.0316078 0.0241451 0.0249976 0.0335675  0.036195  0.028253 0.0239151
0.0321411 0.0339095 0.0387857 0.0308133 0.0394789 0.0216234 0.0355627 0.0274099 0.0384932 0.0264548 0.0295685 0.0271811 0.0339296  0.030728 0.0381191 0.0370556 0.0258928  0.027096 0.0326458 0.0319373  0.028824 0.0322276 0.0311419         0 0.0296642 0.0325232    0.0411 0.0388397  0.041778 0.0268784 0.0297554 0.0298521 0.0274794 0.0357844 0.0427865  0.036016 0.0224207 0.0331573 0.0240286 0.0324364 0.0421783 0.0384335 0.0355525 0.0364647 0.0331457  0.024966  0.041598 0.0375811 0.0227019 0.0380066 0.0384816 0.0257019 0.0373717 0.0277839 0.0376329 0.0373665 0.0247867 0.0359997 0.0303579 0.0319697 0.0446591 0.0328799  0.033147 0.0361092 0.0326778 0.0346174 0.0360161 0.0342242 0.0318033 0.0399247 0.0308445 0.0312878 0.0407597 0.0357057 0.0254858 0.0351541 0.0257601  0.032277 0.0279059  0.030845 0.0401855 0.0289655 0.0358594 0.0362519  0.035047 0.0291882 0.0371221 0.0410025 0.0335203 0.0324567 0.0381148 0.0321297  0.032714 0.0294858 0.0347972 0.0252778 0.0292883 0.0291087 0.0315052 0.0271964 0.0221071
0.0243441 0.0210243 0.0353846 0.0338292 0.0367902  0.027435 0.0238013 0.0356404  0.027473 0.0234147  0.017933 0.0249471 0.0264033 0.0279749 0.0384661 0.0329166 0.0229028 0.0273192  0.036207 0.0336201  0.021444 0.0303787 0.0392293 0.0296642         0 0.0373954 0.0472417  0.032117 0.0431556 0.0210082 0.0381625 0.0262866  0.034721 0.0380191 0.0420091 0.0290449 0.0296085 0.0384091 0.0279527 0.0238808 0.0379774 0.0285567 0.0252937 0.0288566 0.0173526 0.0381535 0.0430849 0.0350917 0.0280305 0.0389758 0.0366002  0.030456 0.0271171 0.0300658  0.028507 0.0251063 0.0352287 0.0349703 0.0307045 0.0260989 0.0295987 0.0248457 0.0223691 0.0221914 0.0296923 0.0305314 0.0400826 0.0246011 0.0364843 0.0367192 0.0239288 0.0412223 0.0489537 0.0348233 0.0205057  0.024812 0.0225972 0.0380808 0.0243766 0.0245397 0.0278852 0.0294039 0.0255912 0.0306208 0.0328925 0.0315265 0.0270139 0.0368751 0.0487917 0.0386191 0.0269706 0.0331335  0.027932 0.0244015 0.0294462 0.0259269 0.0340202  0.023331 0.0286733 0.0218614 0.0198074
0.0352563 0.0419413 0.0482417 0.0360486 0.0442154 0.0294748  0.033508 0.0274588 0.0440272 0.0383204 0.0316882 0.0269102 0.0388888 0.0329824  0.045171 0.0398823 0.0368508 0.0279875 0.0350764 0.0349811 0.0383156 0.0382442 0.0318266 0.0325232 0.0373954         0  0.036781 0.0371889 0.0467265 0.0347343  0.034341  0.034797 0.0253974 0.0360789 0.0433708 0.0453378 0.0370516  0.037276 0.0256723  0.037182  0.051096 0.0379928 0.0410531 0.0441532 0.0386655 0.0283823 0.0450103  0.037921 0.0330443 0.0402082 0.0412033 0.0296256 0.0409903 0.0356891 0.0383155 0.0388775 0.0345438 0.0365307 0.0415369  0.038526 0.0541694 0.0393044 0.0407644 0.0449473 0.0400481 0.0393878 0.0415954 0.0403093 0.0339764 0.0359766 0.0348294 0.0363906 0.0430418 0.0358539 0.0365931  0.046338 0.0365776 0.0300926   0.03037 0.0433999 0.0468025 0.0350342 0.0387477 0.0440878 0.0385958 0.0381067 0.0390946 0.0433511 0.0287381 0.0318269 0.0497409 0.0333254 0.0382378 0.0369494  0.039856 0.0347174 0.0228326 0.0388767 0.0378597 0.0339059 0.0290964
0.0453503 0.0543258 0.0417573 0.0397277 0.0589995 0.0456141 0.0464268 0.0429968 0.0448578 0.0424105 0.0434532 0.0393223 0.0414968 0.0437986 0.0447841  0.039138 0.0399507 0.0350164 0.0424063 0.0347068 0.0488387 0.0372666  0.029034    0.0411 0.0472417  0.036781         0 0.0566665 0.0299298 0.0493218 0.0365433 0.0362867 0.0304884 0.0416712 0.0384415 0.0406739 0.0386038 0.0302288 0.0393968 0.0389035 0.0493958 0.0562696  0.050729  0.046901 0.0465581 0.0320337 0.0402896 0.0470976 0.0422644 0.0546756 0.0347406 0.0268077 0.0471038 0.0356846 0.0489107 0.0413249   0.03697 0.0393287 0.0520865 0.0431153 0.0548274 0.0452087 0.0394746 0.0516408 0.0410747 0.0540372 0.0444547 0.0489661 0.0440764 0.0357155 0.0437374  0.036354 0.0378784 0.0279169 0.0469585 0.0554415 0.0503134 0.0365597 0.0485972 0.0549641 0.0612053 0.0346288 0.0451858 0.0401512 0.0483391 0.0403672 0.0426281 0.0346093 0.0317646 0.0332849 0.0526048 0.0353302 0.0479554 0.0475922 0.0413792 0.0332608 0.0315022 0.0421467 0.0537882 0.0401619 0.0354466
0.0335896 0.0392806 0.0489261  0.042314 0.0448766  0.033196 0.0320366 0.0331736  0.040675 0.0373082 0.0265065 0.0337367 0.0390865 0.0374815  0.038729 0.0427862 0.0367877 0.0387324 0.0390462 0.0440175 0.0266551 0.0379588 0.0457837 0.0388397  0.032117 0.0371889 0.0566665         0 0.0570712 0.0329299 0.0401453 0.0353699 0.0370018 0.0356848  0.044977 0.0453544 0.0414743 0.0468062 0.0310638  0.044351 0.0427802 0.0300149  0.031548 0.0383947 0.0368317 0.0401874 0.0543471 0.0331833 0.0352557 0.0454451 0.0451427 0.0429687 0.0319337 0.0428102 0.0308092 0.0390444 0.0416285 0.0328878 0.0349617 0.0351368 0.0456404 0.0381957 0.0396692 0.0372772 0.0444602  0.031476 0.0469961 0.0333676 0.0439716 0.0480234 0.0332534 0.0466923 0.0518036 0.0476533 0.0335295  0.039926 0.0343694 0.0394072 0.0303596 0.0333286 0.0436425 0.0392323 0.0406722 0.0428567 0.0443398 0.0377591 0.0382584 0.0454414  0.048249 0.0424721 0.0421772 0.0408713  0.032895 0.0302519 0.0447559 0.0405849 0.0357361 0.0404859 0.0369875 0.0342723 0.0316456
