Processing command line ... done.
Reading alignment from FASTA file ... done.

Alignment summary:
Felis_catus___domestic_cat: A=414 C=366 G=278 T=487
Acinonyx_jubatus___cheetah: A=422 C=354 G=266 T=503
Neofelis_nebulosa___clouded_leopard: A=398 C=368 G=294 T=485
Uncia_uncia___snow_leopard: A=402 C=354 G=294 T=495
Panthera_pardus___leopard: A=412 C=359 G=285 T=489
Panthera_tigris___tiger: A=402 C=369 G=295 T=479
Canis_lupus_familiaris___domestic_dog: A=414 C=355 G=276 T=500
Canis_lupus___gray_wolf: A=418 C=354 G=273 T=500
Canis_latrans___coyote: A=416 C=351 G=275 T=503
Cuon_alpinus___dhole: A=415 C=362 G=278 T=490
Vulpes_vulpes___red_fox: A=415 C=378 G=275 T=477
Nyctereutes_procyonoides___raccoon_dog: A=424 C=381 G=276 T=464

Finding initial Jukes-Cantor pairwise distances ... done.

         0   0.121271   0.155518   0.122794   0.129687   0.142883   0.224714   0.225588   0.219493   0.237042   0.219493   0.225588
  0.121271          0    0.16272   0.157911   0.147596   0.157911   0.228216   0.225588   0.227339   0.224714   0.224714   0.232616
  0.155518    0.16272          0    0.12815   0.129687   0.134318   0.246873   0.244179   0.240602   0.237042   0.232616   0.240602
  0.122794   0.157911    0.12815          0  0.0755226   0.106206   0.233499   0.230853    0.22297   0.239711   0.230853   0.230853
  0.129687   0.147596   0.129687  0.0755226          0   0.105461   0.229094   0.226463   0.226463   0.237931   0.231734   0.222099
  0.142883   0.157911   0.134318   0.106206   0.105461          0   0.233499   0.229094   0.235269   0.237931   0.226463   0.229094
  0.224714   0.228216   0.246873   0.233499   0.229094   0.233499          0 0.00454448  0.0439833   0.106206   0.171617   0.178976
  0.225588   0.225588   0.244179   0.230853   0.226463   0.229094 0.00454448          0  0.0446699   0.103972   0.165943   0.176515
  0.219493   0.227339   0.240602    0.22297   0.226463   0.235269  0.0439833  0.0446699          0  0.0907075   0.174879   0.174879
  0.237042   0.224714   0.237042   0.239711   0.237931   0.237931   0.106206   0.103972  0.0907075          0   0.172431    0.18475
  0.219493   0.224714   0.232616   0.230853   0.231734   0.226463   0.171617   0.165943   0.174879   0.172431          0   0.172431
  0.225588   0.232616   0.240602   0.230853   0.222099   0.229094   0.178976   0.176515   0.174879    0.18475   0.172431          0

Finding initial neighbor-joining tree ... done.

Tree topology:
(1,2,((3,((4,5),6)),(((((7,8),9),10),11),12)));

Initializing random number generator ... done.
Seed = 3064310327
stationary acceptance: 0.378057
symmetric acceptance: 0.409028
0.242203 0.222565 0.218817 0.316415
0.0510033  0.304101  0.070249 0.0176602  0.543005 0.0139811

-0.878094   0.10529  0.627783  0.145021
 0.114581  -1.37413 0.0396742   1.21988
 0.694877 0.0403538 -0.767178 0.0319471
 0.111008  0.858057  0.022093 -0.991158

stationary acceptance: 0.385075
symmetric acceptance: 0.395799
0.242216 0.224347 0.215506  0.31793
0.0506432  0.302062 0.0694338 0.0131679  0.553874 0.0108191

-0.871409  0.104541  0.623538   0.14333
 0.112868  -1.37663  0.029347   1.23441
 0.700819  0.030551 -0.756472 0.0251016
 0.109197  0.871063  0.017015 -0.997274

Finding initial GTR pairwise distances ... done.

         0   0.122961   0.158579   0.125262   0.131786   0.145833   0.248485   0.248466   0.241373   0.262085   0.239608   0.249935
  0.122961          0   0.167129   0.163129   0.151099   0.162131   0.252633   0.248726   0.250818   0.247321   0.245829   0.257369
  0.158579   0.167129          0    0.13021   0.131229   0.136131   0.277596   0.273435   0.269227   0.264109   0.256707   0.269091
  0.125262   0.163129    0.13021          0  0.0759007   0.107574   0.260273   0.256278   0.247303   0.267134   0.254755   0.257572
  0.131786   0.151099   0.131229  0.0759007          0   0.106219   0.253448   0.249539   0.249171   0.262826   0.254314    0.24543
  0.145833   0.162131   0.136131   0.107574   0.106219          0   0.259618   0.253631   0.260837   0.264268   0.249758   0.253983
  0.248485   0.252633   0.277596   0.260273   0.253448   0.259618          0 0.00451725  0.0440285   0.107801   0.179306   0.185366
  0.248466   0.248726   0.273435   0.256278   0.249539   0.253631 0.00451725          0   0.044675   0.105394   0.173031   0.182557
  0.241373   0.250818   0.269227   0.247303   0.249171   0.260837  0.0440285   0.044675          0  0.0916953   0.181933   0.180149
  0.262085   0.247321   0.264109   0.267134   0.262826   0.264268   0.107801   0.105394  0.0916953          0   0.179174   0.191069
  0.239608   0.245829   0.256707   0.254755   0.254314   0.249758   0.179306   0.173031   0.181933   0.179174          0   0.177943
  0.249935   0.257369   0.269091   0.257572    0.24543   0.253983   0.185366   0.182557   0.180149   0.191069   0.177943          0

Beginning 10000 bootstrap replicates ...
|**********|**********|**********|**********|**********|**********|**********|**********|**********|**********|
done.

Topology counts:
(1,(((((2,((7,9),10)),3),6),4),5),((8,12),11));     1
(1,(((2,(((((7,8),9),10),11),12)),3),6),(4,5));     1
(1,(((2,((((7,8),9),10),(11,12))),3),6),(4,5));     1
(1,((2,(((((7,8),9),10),11),12)),3),((4,5),6));     1
(1,((2,(((((7,8),9),10),12),11)),3),((4,5),6));     2
(1,((2,3),((4,5),6)),(((((7,8),9),10),11),12));     1
(1,(2,(((((7,8),9),10),11),12)),(((3,4),5),6));     1
(1,(2,(((((7,8),9),10),11),12)),(((3,5),4),6));     2
(1,(2,(((((7,8),9),10),11),12)),(((3,6),4),5));     1
(1,(2,(((((7,8),9),10),11),12)),((3,(4,5)),6));    24
(1,(2,(((((7,8),9),10),11),12)),((3,6),(4,5)));    80
(1,(2,(((((7,8),9),10),11),12)),(3,((4,5),6)));   283
(1,(2,(((((7,8),9),10),11),12)),(3,((4,6),5)));     3
(1,(2,(((((7,8),9),10),11),12)),(3,(4,(5,6))));     2
(1,(2,(((((7,8),9),10),12),11)),((3,(4,5)),6));    23
(1,(2,(((((7,8),9),10),12),11)),((3,6),(4,5)));    79
(1,(2,(((((7,8),9),10),12),11)),(3,((4,5),6)));   293
(1,(2,(((((7,8),9),10),12),11)),(3,((4,6),5)));     1
(1,(2,(((((7,8),9),10),12),11)),(3,(4,(5,6))));     3
(1,(2,((((7,8),9),10),(11,12))),((3,(4,5)),6));    27
(1,(2,((((7,8),9),10),(11,12))),((3,5),(4,6)));     2
(1,(2,((((7,8),9),10),(11,12))),((3,6),(4,5)));    96
(1,(2,((((7,8),9),10),(11,12))),(3,((4,5),6)));   380
(1,(2,((((7,8),9),10),(11,12))),(3,((4,6),5)));     3
(1,(2,((((7,8),9),10),(11,12))),(3,(4,(5,6))));     6
(1,(2,(((7,9),10),11)),(3,((4,(5,(8,12))),6)));     1
(1,(2,((3,(4,5)),6)),(((((7,8),9),10),11),12));     1
(1,(2,((3,(4,5)),6)),((((7,8),9),10),(11,12)));     1
(1,(2,((3,6),(4,5))),((((7,8),9),10),(11,12)));     3
(1,(2,((7,9),10)),((((3,((8,11),12)),5),4),6));     1
(1,(2,((7,9),10)),((((3,((8,11),12)),6),4),5));     1
(1,(2,((7,9),10)),((((3,((8,12),11)),6),4),5));     1
(1,(2,((7,9),10)),((((3,((8,12),11)),6),5),4));     1
(1,(2,((7,9),10)),(3,(4,(5,(6,((8,11),12))))));     2
(1,(2,((8,9),10)),((((3,((7,12),11)),6),4),5));     1
(1,(2,((8,9),10)),(3,((4,(6,((7,12),11))),5)));     2
(1,(2,(3,((4,5),6))),(((((7,8),9),10),11),12));    13
(1,(2,(3,((4,5),6))),(((((7,8),9),10),12),11));    12
(1,(2,(3,((4,5),6))),((((7,8),9),10),(11,12)));     4
(1,(2,8),((((3,((((7,9),10),11),12)),6),4),5));     1
(1,2,((((3,4),5),6),(((((7,8),9),10),11),12)));     2
(1,2,((((3,4),5),6),(((((7,8),9),10),12),11)));     1
(1,2,((((3,4),5),6),((((7,8),9),10),(11,12))));     1
(1,2,((((3,5),4),6),(((((7,8),9),10),11),12)));     1
(1,2,((((3,6),4),5),(((((7,8),9),10),11),12)));     1
(1,2,(((3,(((((7,8),9),10),12),11)),(4,5)),6));     1
(1,2,(((3,(4,5)),6),(((((7,8),9),10),11),12)));   243
(1,2,(((3,(4,5)),6),(((((7,8),9),10),12),11)));   152
(1,2,(((3,(4,5)),6),((((7,8),9),10),(11,12))));   135
(1,2,(((3,(4,6)),5),((((7,8),9),10),(11,12))));     1
(1,2,(((3,4),(5,6)),(((((7,8),9),10),12),11)));     1
(1,2,(((3,4),(5,6)),((((7,8),9),10),(11,12))));     1
(1,2,(((3,6),(4,5)),(((((7,8),9),10),11),12)));   286
(1,2,(((3,6),(4,5)),(((((7,8),9),10),12),11)));   157
(1,2,(((3,6),(4,5)),((((7,8),9),10),(11,12))));   227
(1,2,((3,(((((7,8),9),10),11),12)),((4,5),6)));    11
(1,2,((3,(((((7,8),9),10),12),11)),((4,5),6)));     9
(1,2,((3,((((7,8),9),10),(11,12))),((4,5),6)));     5
(1,2,((3,((4,5),6)),(((((7,8),9),10),11),12)));  2802
(1,2,((3,((4,5),6)),(((((7,8),9),10),12),11)));  2181
(1,2,((3,((4,5),6)),((((7,8),9),10),(11,12))));  2358
(1,2,((3,((4,6),5)),(((((7,8),9),10),11),12)));     9
(1,2,((3,((4,6),5)),(((((7,8),9),10),12),11)));     6
(1,2,((3,((4,6),5)),((((7,8),9),10),(11,12))));     3
(1,2,((3,(4,(5,6))),(((((7,8),9),10),11),12)));    17
(1,2,((3,(4,(5,6))),(((((7,8),9),10),12),11)));    14
(1,2,((3,(4,(5,6))),((((7,8),9),10),(11,12))));     9
(1,2,((3,(4,5)),(6,(((((7,8),9),10),12),11))));     1
(1,2,(3,(((4,5),6),(((((7,8),9),10),11),12))));     4

Generating 1000 random trees:
|**********|**********|**********|**********|**********|**********|**********|**********|**********|**********|
done.
ESS = 105.62, or 10.56 percent.
