Processing command line ... done.
Reading alignment from FASTA file ... done.

Alignment summary:
Felis_catus___domestic_cat: A=414 C=366 G=278 T=487
Acinonyx_jubatus___cheetah: A=422 C=354 G=266 T=503
Neofelis_nebulosa___clouded_leopard: A=398 C=368 G=294 T=485
Uncia_uncia___snow_leopard: A=402 C=354 G=294 T=495
Panthera_pardus___leopard: A=412 C=359 G=285 T=489
Panthera_tigris___tiger: A=402 C=369 G=295 T=479
Canis_lupus_familiaris___domestic_dog: A=414 C=355 G=276 T=500
Canis_lupus___gray_wolf: A=418 C=354 G=273 T=500
Canis_latrans___coyote: A=416 C=351 G=275 T=503
Cuon_alpinus___dhole: A=415 C=362 G=278 T=490
Vulpes_vulpes___red_fox: A=415 C=378 G=275 T=477
Nyctereutes_procyonoides___raccoon_dog: A=424 C=381 G=276 T=464

Finding initial Jukes-Cantor pairwise distances ... done.

         0   0.121271   0.155518   0.122794   0.129687   0.142883   0.224714   0.225588   0.219493   0.237042   0.219493   0.225588
  0.121271          0    0.16272   0.157911   0.147596   0.157911   0.228216   0.225588   0.227339   0.224714   0.224714   0.232616
  0.155518    0.16272          0    0.12815   0.129687   0.134318   0.246873   0.244179   0.240602   0.237042   0.232616   0.240602
  0.122794   0.157911    0.12815          0  0.0755226   0.106206   0.233499   0.230853    0.22297   0.239711   0.230853   0.230853
  0.129687   0.147596   0.129687  0.0755226          0   0.105461   0.229094   0.226463   0.226463   0.237931   0.231734   0.222099
  0.142883   0.157911   0.134318   0.106206   0.105461          0   0.233499   0.229094   0.235269   0.237931   0.226463   0.229094
  0.224714   0.228216   0.246873   0.233499   0.229094   0.233499          0 0.00454448  0.0439833   0.106206   0.171617   0.178976
  0.225588   0.225588   0.244179   0.230853   0.226463   0.229094 0.00454448          0  0.0446699   0.103972   0.165943   0.176515
  0.219493   0.227339   0.240602    0.22297   0.226463   0.235269  0.0439833  0.0446699          0  0.0907075   0.174879   0.174879
  0.237042   0.224714   0.237042   0.239711   0.237931   0.237931   0.106206   0.103972  0.0907075          0   0.172431    0.18475
  0.219493   0.224714   0.232616   0.230853   0.231734   0.226463   0.171617   0.165943   0.174879   0.172431          0   0.172431
  0.225588   0.232616   0.240602   0.230853   0.222099   0.229094   0.178976   0.176515   0.174879    0.18475   0.172431          0

Finding initial neighbor-joining tree ... done.

Tree topology:
(1,2,((3,((4,5),6)),(((((7,8),9),10),11),12)));

Initializing random number generator ... done.
Seed = 4224035323
stationary acceptance: 0.373117
symmetric acceptance: 0.384314
0.243369 0.222905 0.220286  0.31344
0.0520169  0.303579 0.0722928 0.0169694  0.539787  0.015355

-0.879094  0.106868    0.6237  0.148525
 0.116679  -1.36554 0.0380642    1.2108
 0.689055 0.0385168 -0.762425 0.0348525
 0.115322   0.86107 0.0244944  -1.00089

stationary acceptance: 0.385493
symmetric acceptance: 0.392527
0.242478 0.223957 0.216156 0.317408
0.0517947  0.301179 0.0699721 0.0130543  0.553387 0.0106124

-0.872133  0.106803  0.621044  0.144286
 0.115635  -1.38025 0.0291446   1.23548
  0.69667 0.0301964 -0.751414  0.024548
 0.110224  0.871728 0.0167173 -0.998669

Finding initial GTR pairwise distances ... done.

        0  0.122874  0.158464  0.125178  0.131689  0.145735  0.248311  0.248277  0.241204  0.261887  0.239396  0.249701
 0.122874         0  0.167008  0.163023  0.150983  0.162017  0.252432  0.248513  0.250618  0.247111  0.245588  0.257111
 0.158464  0.167008         0  0.130126  0.131136  0.136038  0.277428  0.273255   0.26907   0.26396  0.256519  0.268885
 0.125178  0.163023  0.130126         0 0.0758552  0.107511  0.260122  0.256114  0.247173  0.266992  0.254567  0.257367
 0.131689  0.150983  0.131136 0.0758552         0  0.106147  0.253262  0.249342  0.248996  0.262645  0.254087  0.245209
 0.145735  0.162017  0.136038  0.107511  0.106147         0  0.259431  0.253436  0.260656  0.264089  0.249565  0.253767
 0.248311  0.252432  0.277428  0.260122  0.253262  0.259431         0 0.0045147 0.0440024  0.107732  0.179184  0.185217
 0.248277  0.248513  0.273255  0.256114  0.249342  0.253436 0.0045147         0 0.0446475  0.105325  0.172912  0.182407
 0.241204  0.250618   0.26907  0.247173  0.248996  0.260656 0.0440024 0.0446475         0 0.0916372  0.181801  0.179998
 0.261887  0.247111   0.26396  0.266992  0.262645  0.264089  0.107732  0.105325 0.0916372         0  0.179042  0.190897
 0.239396  0.245588  0.256519  0.254567  0.254087  0.249565  0.179184  0.172912  0.181801  0.179042         0  0.177794
 0.249701  0.257111  0.268885  0.257367  0.245209  0.253767  0.185217  0.182407  0.179998  0.190897  0.177794         0

Beginning 10000 bootstrap replicates ...
|**********|**********|**********|**********|**********|**********|**********|**********|**********|**********|
done.

Topology counts:
(1,((2,(((((7,8),9),10),11),12)),3),((4,5),6));     3
(1,((2,(((((7,8),9),10),12),11)),3),((4,5),6));     1
(1,((2,((((7,8),9),10),(11,12))),3),((4,5),6));     2
(1,(2,(((((7,8),9),10),11),12)),(((3,5),4),6));     1
(1,(2,(((((7,8),9),10),11),12)),(((3,6),4),5));     1
(1,(2,(((((7,8),9),10),11),12)),((3,(4,5)),6));    23
(1,(2,(((((7,8),9),10),11),12)),((3,(5,6)),4));     1
(1,(2,(((((7,8),9),10),11),12)),((3,6),(4,5)));    91
(1,(2,(((((7,8),9),10),11),12)),(3,((4,5),6)));   293
(1,(2,(((((7,8),9),10),11),12)),(3,((4,6),5)));     3
(1,(2,(((((7,8),9),10),12),11)),(((3,4),5),6));     1
(1,(2,(((((7,8),9),10),12),11)),((3,(4,5)),6));    11
(1,(2,(((((7,8),9),10),12),11)),((3,6),(4,5)));    85
(1,(2,(((((7,8),9),10),12),11)),(3,((4,5),6)));   279
(1,(2,(((((7,8),9),10),12),11)),(3,(4,(5,6))));     7
(1,(2,((((3,((8,9),10)),6),4),5)),((7,12),11));     1
(1,(2,((((7,8),9),10),(11,12))),(((3,4),6),5));     1
(1,(2,((((7,8),9),10),(11,12))),(((3,6),4),5));     1
(1,(2,((((7,8),9),10),(11,12))),((3,(4,5)),6));    37
(1,(2,((((7,8),9),10),(11,12))),((3,6),(4,5)));   102
(1,(2,((((7,8),9),10),(11,12))),(3,((4,5),6)));   356
(1,(2,((((7,8),9),10),(11,12))),(3,(4,(5,6))));     1
(1,(2,(((7,8),(9,10)),(11,12))),(3,((4,5),6)));     1
(1,(2,(((7,9),10),11)),((((3,(8,12)),6),4),5));     1
(1,(2,(((7,9),10),11)),(3,((4,(5,(8,12))),6)));     1
(1,(2,((3,(4,5)),6)),((((7,8),9),10),(11,12)));     1
(1,(2,((3,6),(4,5))),((((7,8),9),10),(11,12)));     1
(1,(2,((7,11),12)),((((3,((8,9),10)),6),4),5));     1
(1,(2,((7,9),10)),((((3,((8,11),12)),6),4),5));     1
(1,(2,((7,9),10)),((((3,((8,11),12)),6),5),4));     1
(1,(2,((8,9),10)),((((3,((7,11),12)),5),4),6));     1
(1,(2,(3,(((((7,8),9),10),12),11))),((4,5),6));     1
(1,(2,(3,((4,5),6))),(((((7,8),9),10),11),12));    14
(1,(2,(3,((4,5),6))),(((((7,8),9),10),12),11));     9
(1,(2,(3,((4,5),6))),((((7,8),9),10),(11,12)));     4
(1,(2,(8,11)),((((3,(((7,9),10),12)),5),4),6));     1
(1,(2,(8,11)),((((3,(((7,9),10),12)),6),5),4));     1
(1,(2,7),((((3,((((8,9),10),12),11)),6),4),5));     1
(1,(2,8),((((3,((((7,9),10),12),11)),6),4),5));     1
(1,2,((((3,4),5),6),(((((7,8),9),10),11),12)));     2
(1,2,((((3,6),4),5),(((((7,8),9),10),11),12)));     1
(1,2,(((3,(4,5)),6),(((((7,8),9),10),11),12)));   226
(1,2,(((3,(4,5)),6),(((((7,8),9),10),12),11)));   112
(1,2,(((3,(4,5)),6),((((7,8),9),10),(11,12))));   132
(1,2,(((3,6),(4,5)),(((((7,8),9),10),11),12)));   289
(1,2,(((3,6),(4,5)),(((((7,8),9),10),12),11)));   163
(1,2,(((3,6),(4,5)),((((7,8),9),10),(11,12))));   201
(1,2,((3,(((((7,8),9),10),11),12)),((4,5),6)));     7
(1,2,((3,(((((7,8),9),10),12),11)),((4,5),6)));     4
(1,2,((3,((((7,8),9),10),(11,12))),((4,5),6)));     5
(1,2,((3,((4,5),6)),(((((7,8),9),10),11),12)));  2842
(1,2,((3,((4,5),6)),(((((7,8),9),10),12),11)));  2223
(1,2,((3,((4,5),6)),((((7,8),9),10),(11,12))));  2393
(1,2,((3,((4,6),5)),(((((7,8),9),10),11),12)));    11
(1,2,((3,((4,6),5)),(((((7,8),9),10),12),11)));     5
(1,2,((3,((4,6),5)),((((7,8),9),10),(11,12))));    10
(1,2,((3,(4,(5,6))),(((((7,8),9),10),11),12)));    12
(1,2,((3,(4,(5,6))),(((((7,8),9),10),12),11)));     4
(1,2,((3,(4,(5,6))),((((7,8),9),10),(11,12))));    11
(1,2,((3,(4,5)),(6,(((((7,8),9),10),11),12))));     1
(1,2,(3,(((4,5),6),(((((7,8),9),10),11),12))));     2
(1,2,(3,(((4,5),6),((((7,8),9),10),(11,12)))));     2

Generating 2500 random trees:
|**********|**********|**********|**********|**********|**********|**********|**********|**********|**********|
done.
ESS = 317.27, or 12.69 percent.
