       0  0.255695  0.244674  0.160459  0.171664  0.242247
0.255695         0  0.223107  0.149227  0.154038  0.241036
0.244674  0.223107         0  0.131726  0.130999  0.206752
0.160459  0.149227  0.131726         0 0.0942053  0.162984
0.171664  0.154038  0.130999 0.0942053         0  0.160807
0.242247  0.241036  0.206752  0.162984  0.160807         0