Pi: 0.287735 0.270255 0.145985 0.296025
S:   0.235295   0.155303  0.0856211  0.0207835    0.49446 0.00853826
