
Alignment summary:
Dolphin1: A=350 C=336 G=144 T=310
Dolphin2: A=350 C=332 G=145 T=313
giant sperm whale: A=353 C=365 G=144 T=278
bowhead whale: A=340 C=357 G=149 T=294
right whale: A=347 C=354 G=144 T=295
minke whale: A=345 C=352 G=149 T=294
Antarctic minke whale: A=349 C=357 G=147 T=287
sei whale: A=348 C=355 G=147 T=290
Bryde's whale: A=348 C=355 G=146 T=291
fin whale: A=344 C=356 G=149 T=291
blue whale: A=341 C=351 G=153 T=295
humpback whale: A=351 C=356 G=146 T=287
California whale: A=342 C=362 G=151 T=285
Pygmy right whale: A=339 C=342 G=151 T=308
Hippo: A=340 C=367 G=157 T=276
Camel dromedary: A=335 C=315 G=170 T=320
Camel bactrianus: A=331 C=320 G=171 T=318
Camel llama: A=335 C=312 G=160 T=333
Camel Llama: A=338 C=317 G=158 T=327
Camel pacos: A=329 C=319 G=167 T=325
Camel vicuna: A=338 C=316 G=161 T=325
Pig: A=359 C=328 G=150 T=303
Peccary: A=360 C=349 G=144 T=287
Cow: A=356 C=344 G=153 T=287
Sheep: A=359 C=322 G=148 T=311
Goat: A=365 C=331 G=146 T=298
Black-tailed deer: A=352 C=321 G=149 T=318
Giraffe: A=357 C=327 G=149 T=307
Fallow: A=365 C=311 G=149 T=315
Pronghorn: A=371 C=340 G=147 T=282
Chevrotain: A=335 C=325 G=172 T=308

Seed = 2029329423
Jukes-Cantor Distance Matrix:

        0 0.0631085  0.197563  0.160807  0.158637  0.168455  0.162984  0.165168  0.167358  0.176181  0.170654  0.159721  0.171757  0.169554  0.224289  0.255695  0.255695  0.269388  0.269388  0.279506  0.273167  0.223107  0.239828  0.238621  0.227847  0.244674  0.233813  0.241036  0.220749  0.211388  0.270646
0.0631085         0  0.206752  0.177292  0.176181  0.180632  0.178404  0.178404  0.180632  0.189614  0.181749   0.17286  0.190745  0.179517  0.227847  0.275696  0.278234  0.259405  0.253232  0.273167  0.269388  0.230228  0.249552  0.259405  0.249552  0.255695  0.241036  0.250777  0.232616  0.212552  0.287186
 0.197563  0.206752         0  0.170654  0.166262  0.180632  0.169554  0.168455  0.179517  0.162984  0.180632  0.170654  0.156472   0.19985  0.238621  0.269388  0.265629  0.270646  0.269388  0.273167  0.271905   0.24346  0.237416  0.237416  0.271905  0.265629  0.255695  0.253232  0.254462  0.231421   0.27443
 0.160807  0.177292  0.170654         0 0.0517447  0.110368  0.104295  0.119571  0.116491  0.121631  0.123697  0.107326  0.106314  0.126807  0.224289   0.25693   0.25693   0.25693   0.25693   0.26688  0.258166  0.237416  0.218398  0.221927  0.236213  0.218398  0.229036  0.210226  0.239828  0.212552  0.245891
 0.158637  0.176181  0.166262 0.0517447         0  0.113423  0.104295  0.114444  0.117516  0.107326  0.111385  0.103288  0.101277  0.128888  0.213718   0.24346  0.247109  0.252003  0.252003  0.260645  0.258166  0.218398  0.218398  0.226659  0.238621  0.227847  0.233813  0.216054  0.231421  0.207908   0.24833
 0.168455  0.180632  0.180632  0.110368  0.113423         0 0.0479946 0.0982712  0.102282 0.0932878  0.111385 0.0962739 0.0962739  0.132019  0.221927  0.278234  0.260645  0.261888  0.254462  0.265629   0.26438  0.223107  0.213718  0.237416  0.227847  0.225473  0.219572  0.224289  0.235012  0.202143  0.255695
 0.162984  0.178404  0.169554  0.104295  0.104295 0.0479946         0 0.0834192 0.0873511 0.0844003 0.0982712 0.0922951 0.0834192  0.128888  0.207908  0.261888  0.258166  0.260645  0.253232  0.255695  0.250777  0.213718  0.203293  0.218398  0.220749  0.213718  0.221927  0.213718  0.221927  0.194146  0.247109
 0.165168  0.178404  0.168455  0.119571  0.114444 0.0982712 0.0834192         0 0.0387008 0.0756168 0.0765877 0.0844003 0.0795079   0.12993  0.211388   0.26688  0.253232  0.254462  0.249552  0.249552  0.249552  0.221927  0.210226  0.214885  0.217225  0.205597  0.231421  0.214885  0.224289  0.194146  0.252003
 0.167358  0.180632  0.179517  0.116491  0.117516  0.102282 0.0873511 0.0387008         0 0.0785332 0.0853826 0.0804838 0.0795079  0.127847  0.210226  0.258166   0.24833   0.25693  0.254462   0.25693  0.252003  0.223107  0.211388  0.226659  0.224289  0.216054  0.237416  0.220749  0.225473  0.196422  0.258166
 0.176181  0.189614  0.162984  0.121631  0.107326 0.0932878 0.0844003 0.0756168 0.0785332         0  0.081461 0.0736788 0.0746472  0.142553  0.220749  0.260645  0.247109  0.249552  0.247109  0.241036  0.237416  0.218398  0.214885  0.230228  0.217225  0.217225  0.221927  0.211388  0.216054  0.194146  0.245891
 0.170654  0.181749  0.180632  0.123697  0.111385  0.111385 0.0982712 0.0765877 0.0853826  0.081461         0  0.081461 0.0795079   0.12993  0.223107  0.263133   0.25693   0.25693  0.259405  0.254462   0.24833  0.212552  0.217225  0.230228  0.231421  0.217225  0.218398  0.226659  0.232616  0.207908  0.259405
 0.159721   0.17286  0.170654  0.107326  0.103288 0.0962739 0.0922951 0.0844003 0.0804838 0.0736788  0.081461         0 0.0804838  0.125769  0.220749  0.263133  0.253232  0.260645  0.255695   0.25693  0.252003  0.205597  0.202143  0.230228  0.227847  0.219572  0.218398  0.212552  0.223107  0.197563  0.252003
 0.171757  0.190745  0.156472  0.106314  0.101277 0.0962739 0.0834192 0.0795079 0.0795079 0.0746472 0.0795079 0.0804838         0  0.132019  0.217225  0.258166  0.250777  0.254462  0.254462   0.24833  0.250777  0.219572  0.226659  0.231421  0.225473  0.214885  0.232616  0.219572  0.241036  0.211388  0.258166
 0.169554  0.179517   0.19985  0.126807  0.128888  0.132019  0.128888   0.12993  0.127847  0.142553   0.12993  0.125769  0.132019         0  0.225473   0.26688  0.259405  0.254462   0.25693  0.270646  0.265629  0.232616  0.238621  0.244674  0.241036  0.238621  0.238621  0.241036  0.245891  0.219572  0.259405
 0.224289  0.227847  0.238621  0.224289  0.213718  0.221927  0.207908  0.211388  0.210226  0.220749  0.223107  0.220749  0.217225  0.225473         0  0.244674  0.252003  0.260645  0.258166  0.261888   0.24833  0.230228  0.206752  0.217225  0.231421  0.225473  0.224289  0.230228  0.220749  0.198706   0.24833
 0.255695  0.275696  0.269388   0.25693   0.24346  0.278234  0.261888   0.26688  0.258166  0.260645  0.263133  0.263133  0.258166   0.26688  0.244674         0  0.101277  0.179517  0.170654  0.173966  0.171757  0.244674  0.265629   0.24346  0.261888   0.24833  0.233813  0.242247  0.250777  0.236213  0.269388
 0.255695  0.278234  0.265629   0.25693  0.247109  0.260645  0.258166  0.253232   0.24833  0.247109   0.25693  0.253232  0.250777  0.259405  0.252003  0.101277         0  0.168455  0.159721  0.164075  0.161895  0.230228  0.254462   0.24833  0.254462  0.249552  0.247109   0.25693  0.255695  0.235012  0.250777
 0.269388  0.259405  0.270646   0.25693  0.252003  0.261888  0.260645  0.254462   0.25693  0.249552   0.25693  0.260645  0.254462  0.254462  0.260645  0.179517  0.168455         0 0.0168546 0.0650193 0.0659766  0.250777  0.250777  0.236213  0.242247  0.239828  0.232616  0.239828  0.260645  0.229036  0.244674
 0.269388  0.253232  0.269388   0.25693  0.252003  0.254462  0.253232  0.249552  0.254462  0.247109  0.259405  0.255695  0.254462   0.25693  0.258166  0.170654  0.159721 0.0168546         0 0.0602514 0.0631085  0.236213   0.24346  0.231421  0.237416  0.232616  0.219572  0.227847  0.258166  0.226659   0.24346
 0.279506  0.273167  0.273167   0.26688  0.260645  0.265629  0.255695  0.249552   0.25693  0.241036  0.254462   0.25693   0.24833  0.270646  0.261888  0.173966  0.164075 0.0650193 0.0602514         0 0.0195509  0.241036  0.254462  0.239828  0.238621   0.24346  0.231421  0.238621  0.253232  0.226659   0.24346
 0.273167  0.269388  0.271905  0.258166  0.258166   0.26438  0.250777  0.249552  0.252003  0.237416   0.24833  0.252003  0.250777  0.265629   0.24833  0.171757  0.161895 0.0659766 0.0631085 0.0195509         0  0.236213  0.249552  0.237416  0.227847  0.235012  0.232616  0.235012  0.247109  0.219572   0.24346
 0.223107  0.230228   0.24346  0.237416  0.218398  0.223107  0.213718  0.221927  0.223107  0.218398  0.212552  0.205597  0.219572  0.232616  0.230228  0.244674  0.230228  0.250777  0.236213  0.241036  0.236213         0  0.187359  0.226659  0.216054  0.206752  0.207908  0.206752  0.206752  0.176181  0.223107
 0.239828  0.249552  0.237416  0.218398  0.218398  0.213718  0.203293  0.210226  0.211388  0.214885  0.217225  0.202143  0.226659  0.238621  0.206752  0.265629  0.254462  0.250777   0.24346  0.254462  0.249552  0.187359         0  0.202143  0.207908   0.19985  0.209066  0.212552  0.210226  0.176181  0.241036
 0.238621  0.259405  0.237416  0.221927  0.226659  0.237416  0.218398  0.214885  0.226659  0.230228  0.230228  0.230228  0.231421  0.244674  0.217225   0.24346   0.24833  0.236213  0.231421  0.239828  0.237416  0.226659  0.202143         0  0.186234  0.156472  0.170654  0.162984  0.171757  0.157554  0.219572
 0.227847  0.249552  0.271905  0.236213  0.238621  0.227847  0.220749  0.217225  0.224289  0.217225  0.231421  0.227847  0.225473  0.241036  0.231421  0.261888  0.254462  0.242247  0.237416  0.238621  0.227847  0.216054  0.207908  0.186234         0  0.105304   0.17286  0.160807   0.17286  0.151088  0.214885
 0.244674  0.255695  0.265629  0.218398  0.227847  0.225473  0.213718  0.205597  0.216054  0.217225  0.217225  0.219572  0.214885  0.238621  0.225473   0.24833  0.249552  0.239828  0.232616   0.24346  0.235012  0.206752   0.19985  0.156472  0.105304         0  0.167358  0.154314  0.159721  0.140434  0.211388
 0.233813  0.241036  0.255695  0.229036  0.233813  0.219572  0.221927  0.231421  0.237416  0.221927  0.218398  0.218398  0.232616  0.238621  0.224289  0.233813  0.247109  0.232616  0.219572  0.231421  0.232616  0.207908  0.209066  0.170654   0.17286  0.167358         0  0.151088  0.148945  0.150016  0.236213
 0.241036  0.250777  0.253232  0.210226  0.216054  0.224289  0.213718  0.214885  0.220749  0.211388  0.226659  0.212552  0.219572  0.241036  0.230228  0.242247   0.25693  0.239828  0.227847  0.238621  0.235012  0.206752  0.212552  0.162984  0.160807  0.154314  0.151088         0  0.143615  0.139377  0.211388
 0.220749  0.232616  0.254462  0.239828  0.231421  0.235012  0.221927  0.224289  0.225473  0.216054  0.232616  0.223107  0.241036  0.245891  0.220749  0.250777  0.255695  0.260645  0.258166  0.253232  0.247109  0.206752  0.210226  0.171757   0.17286  0.159721  0.148945  0.143615         0 0.0736788  0.205597
 0.211388  0.212552  0.231421  0.212552  0.207908  0.202143  0.194146  0.194146  0.196422  0.194146  0.207908  0.197563  0.211388  0.219572  0.198706  0.236213  0.235012  0.229036  0.226659  0.226659  0.219572  0.176181  0.176181  0.157554  0.151088  0.140434  0.150016  0.139377 0.0736788         0  0.188486
 0.270646  0.287186   0.27443  0.245891   0.24833  0.255695  0.247109  0.252003  0.258166  0.245891  0.259405  0.252003  0.258166  0.259405   0.24833  0.269388  0.250777  0.244674   0.24346   0.24346   0.24346  0.223107  0.241036  0.219572  0.214885  0.211388  0.236213  0.211388  0.205597  0.188486         0


JC Tree topology:
(1,2,((3,(((4,5),14),((6,7),((((8,9),11),(10,12)),13)))),(15,((((16,17),((18,19),(20,21))),((24,((25,26),((27,28),(29,30)))),31)),(22,23)))));

Putting MLE Branch Lengths
p:  0.30481
0.296944
0.133447
0.264799
s:  0.230507
 0.171867
 0.108012
0.0309636
 0.441964
0.0166867
Q: -0.837219  0.378115  0.281925  0.177179
 0.388132  -1.18446 0.0521371  0.744187
 0.643956  0.116015 -0.822493 0.0625221
 0.203951  0.834526 0.0315083  -1.06999
(((13:0.0387083,(((8:0.0149984,9:0.0235247):0.0228393,11:0.0425939):0.0092244,(12:0.0412270,10:0.0319687):0.0074600):0.0047540):0.0129623,(7:0.0200903,6:0.0278110):0.0235658):0.0182376,(3:0.1128490,((2:0.0401101,1:0.0232606):0.0708387,(((23:0.0961873,22:0.0985261):0.0249279,(((24:0.0893358,((26:0.0445077,25:0.0620825):0.0395903,((30:0.0248092,29:0.0512298):0.0423797,(28:0.0703191,27:0.0846143):0.0206665):0.0143786):0.0115771):0.0237007,31:0.1404958):0.0256861,(((18:0.0107855,19:0.0060791):0.0246216,(20:0.0098418,21:0.0100251):0.0234588):0.0548897,(17:0.0445374,16:0.0567418):0.0514195):0.0941166):0.0086646):0.0258074,15:0.1114593):0.0477948):0.0196202):0.0227807,((4:0.0279841,5:0.0234870):0.0271249,14:0.0789394):0.0102509);
stationary acceptance: 0.217224
symmetric acceptance: 0.214621
branch length acceptance: 0.896866
avgP: 0.234132 0.220776 0.174363 0.370728
sP: 7.13224e-05 6.27192e-05 7.53817e-05 0.000113132
avgS:   0.154231   0.204053  0.0547018  0.0120117   0.570533 0.00446987
sS: 5.24575e-05 0.000149947 2.77655e-05   6.584e-06 0.000205584 3.83668e-06
0.234132 0.220776 0.174363 0.370728
  0.154231   0.204053  0.0547018  0.0120117   0.570533 0.00446987

 -0.88195  0.329367  0.435765  0.116818
 0.349292   -1.6686 0.0272034   1.29211
 0.585138 0.0344446   -0.6324 0.0128177
0.0737762  0.769476 0.0060285  -0.84928

GTR Distance Matrix:

        0 0.0599408  0.190794  0.155383  0.152818  0.163548  0.156751  0.159581  0.161427  0.170311   0.16494  0.153072  0.164536   0.16573  0.221699  0.263768  0.265817  0.283508  0.281008  0.291483   0.28512  0.227105  0.240712  0.237879  0.231363  0.245675  0.239262  0.246686  0.225827  0.211463   0.27933
0.0599408         0  0.202345  0.172589   0.17124  0.177137  0.173528  0.174085  0.176029   0.18484  0.177476  0.167203  0.184732  0.177593  0.227244  0.288616  0.291932  0.275156  0.265956  0.287349  0.282604  0.236864  0.252064  0.261718    0.2567    0.2583  0.250157  0.259134  0.240329  0.215416  0.300806
 0.190794  0.202345         0  0.159747  0.155602  0.171974  0.160018   0.15848  0.168595   0.15438  0.170255  0.160496  0.147587  0.189908  0.231593   0.27248  0.269994  0.277533  0.274674  0.280437  0.278105  0.245196   0.23591  0.234548  0.272791   0.26441  0.259742   0.25789  0.261262   0.23246  0.280527
 0.155383  0.172589  0.159747         0 0.0476752  0.102545 0.0963616  0.110677  0.107851  0.112394  0.114441 0.0990638 0.0982477  0.117653  0.218281  0.260934  0.263366   0.26368   0.26184   0.27228   0.26348   0.23796  0.217562  0.217895  0.233425  0.215339  0.231282  0.213018  0.243295  0.210877  0.250836
 0.152818   0.17124  0.155602 0.0476752         0  0.105582 0.0964723  0.105995  0.108816 0.0993535   0.10324 0.0954742 0.0936036  0.119639  0.209068    0.2498   0.25554  0.261784  0.259946  0.268745  0.266577  0.220658  0.218455  0.222647  0.235984  0.224665  0.236672  0.219636   0.23699  0.207669  0.252712
 0.163548  0.177137  0.171974  0.102545  0.105582         0  0.044527 0.0913566 0.0949437 0.0864777  0.103259 0.0891457 0.0894053   0.12355   0.21791  0.288137  0.271534  0.274043   0.26455  0.275717  0.275377  0.227928  0.215712  0.235963  0.228821  0.224767  0.224234  0.228381  0.241401  0.203223  0.265418
 0.156751  0.173528  0.160018 0.0963616 0.0964723  0.044527         0  0.077055 0.0805652 0.0777163 0.0905154 0.0847952 0.0769644   0.11982  0.202876  0.268655  0.266059  0.268671  0.259352   0.26297  0.258133  0.216545   0.20205  0.214389  0.219563  0.211067  0.224589  0.215718  0.226454  0.194408  0.254306
 0.159581  0.174085   0.15848  0.110677  0.105995 0.0913566  0.077055         0 0.0355936 0.0698054 0.0706939 0.0777047 0.0734556  0.121793  0.204917   0.27264  0.261167  0.260687  0.253971  0.254111  0.254304  0.222337  0.207945  0.209136  0.214106  0.201965  0.230142  0.213859  0.226376  0.192256  0.256364
 0.161427  0.176029  0.168595  0.107851  0.108816 0.0949437 0.0805652 0.0355936         0 0.0724796 0.0787742  0.074191 0.0735818  0.119378  0.202778  0.264421  0.255923  0.262154  0.257878   0.26062  0.255836  0.223062  0.207896  0.220039  0.220717  0.210966  0.236271  0.220411  0.227517  0.194257  0.262392
 0.170311   0.18484   0.15438  0.112394 0.0993535 0.0864777 0.0777163 0.0698054 0.0724796         0  0.075131  0.067804 0.0689439  0.132974   0.21294  0.267451  0.255021  0.257658  0.253404  0.247189  0.244032  0.219342  0.212219  0.224808  0.215553  0.213418  0.223204  0.212172  0.220071  0.193643  0.252205
  0.16494  0.177476  0.170255  0.114441   0.10324  0.103259 0.0905154 0.0706939 0.0787742  0.075131         0 0.0749913 0.0733849  0.121408  0.216221  0.271105  0.265985  0.266624  0.267243  0.262577  0.256342  0.214943  0.215441  0.225656  0.229341  0.214568  0.219688  0.227668  0.237272  0.207069  0.267181
 0.153072  0.167203  0.160496 0.0990638 0.0954742 0.0891457 0.0847952 0.0777047  0.074191  0.067804 0.0749913         0 0.0741913  0.117139  0.213493  0.269337  0.259912  0.267965  0.261137  0.261987  0.257353  0.206434  0.198744  0.224079   0.22341  0.214932  0.218207  0.212001   0.22467  0.195706  0.257267
 0.164536  0.184732  0.147587 0.0982477 0.0936036 0.0894053 0.0769644 0.0734556 0.0735818 0.0689439 0.0733849 0.0741913         0  0.122904  0.208261  0.264071  0.257876  0.263004  0.261157  0.254419  0.257215  0.220011  0.223024   0.22499  0.221866  0.210259  0.231677  0.219019  0.243066   0.20892  0.263548
  0.16573  0.177593  0.189908  0.117653  0.119639   0.12355   0.11982  0.121793  0.119378  0.132974  0.121408  0.117139  0.122904         0  0.221293  0.275301  0.269649   0.26488  0.265585  0.279948  0.274357  0.238193  0.241339  0.242551  0.241827  0.238229  0.243528  0.246156  0.252627  0.221814  0.269308
 0.221699  0.227244  0.231593  0.218281  0.209068   0.21791  0.202876  0.204917  0.202778   0.21294  0.216221  0.213493  0.208261  0.221293         0  0.245075   0.25261   0.26066  0.256286  0.262096   0.24873  0.225703  0.199507  0.210835  0.224796  0.216634  0.222506  0.227434  0.219798  0.193792  0.249245
 0.263768  0.288616   0.27248  0.260934    0.2498  0.288137  0.268655   0.27264  0.264421  0.267451  0.271105  0.269337  0.264071  0.275301  0.245075         0 0.0964042  0.176624  0.167308  0.171185  0.168727  0.248108  0.268782  0.248489  0.269565  0.252981  0.244708  0.250897  0.259547    0.2381  0.281537
 0.265817  0.291932  0.269994  0.263366   0.25554  0.271534  0.266059  0.261167  0.255923  0.255021  0.265985  0.259912  0.257876  0.269649   0.25261 0.0964042         0  0.163973  0.154911  0.160084  0.157771  0.235699  0.258525   0.25145  0.262436  0.254559  0.257671  0.266861  0.264451  0.238156  0.264424
 0.283508  0.275156  0.277533   0.26368  0.261784  0.274043  0.268671  0.260687  0.262154  0.257658  0.266624  0.267965  0.263004   0.26488   0.26066  0.176624  0.163973         0 0.0159861 0.0620936 0.0630889  0.253677  0.255722  0.237692  0.248286  0.242389  0.242855  0.249913  0.269275  0.231865  0.255741
 0.281008  0.265956  0.274674   0.26184  0.259946   0.26455  0.259352  0.253971  0.257878  0.253404  0.267243  0.261137  0.261157  0.265585  0.256286  0.167308  0.154911 0.0159861         0 0.0574134 0.0602123  0.238696   0.24728  0.232502  0.242253  0.234105  0.228445  0.237056   0.26554  0.228495  0.252648
 0.291483  0.287349  0.280437   0.27228  0.268745  0.275717   0.26297  0.254111   0.26062  0.247189  0.262577  0.261987  0.254419  0.279948  0.262096  0.171185  0.160084 0.0620936 0.0574134         0 0.0186222  0.244485  0.259341  0.242927  0.247296   0.24876  0.241347  0.250088  0.262206  0.229243  0.252341
  0.28512  0.282604  0.278105   0.26348  0.266577  0.275377  0.258133  0.254304  0.255836  0.244032  0.256342  0.257353  0.257215  0.274357   0.24873  0.168727  0.157771 0.0630889 0.0602123 0.0186222         0  0.240616  0.253872  0.238414   0.23441  0.238329  0.242685  0.243858  0.255032  0.221682   0.25189
 0.227105  0.236864  0.245196   0.23796  0.220658  0.227928  0.216545  0.222337  0.223062  0.219342  0.214943  0.206434  0.220011  0.238193  0.225703  0.248108  0.235699  0.253677  0.238696  0.244485  0.240616         0  0.182645   0.22351  0.219429  0.206559  0.210611  0.208003  0.207102  0.172951  0.227667
 0.240712  0.252064   0.23591  0.217562  0.218455  0.215712   0.20205  0.207945  0.207896  0.212219  0.215441  0.198744  0.223024  0.241339  0.199507  0.268782  0.258525  0.255722   0.24728  0.259341  0.253872  0.182645         0  0.197539  0.204124  0.192967  0.208049  0.210101  0.209087   0.17157  0.240591
 0.237879  0.261718  0.234548  0.217895  0.222647  0.235963  0.214389  0.209136  0.220039  0.224808  0.225656  0.224079   0.22499  0.242551  0.210835  0.248489   0.25145  0.237692  0.232502  0.242927  0.238414   0.22351  0.197539         0  0.177961  0.149648  0.164868  0.155959  0.167468   0.15184  0.218526
 0.231363    0.2567  0.272791  0.233425  0.235984  0.228821  0.219563  0.214106  0.220717  0.215553  0.229341   0.22341  0.221866  0.241827  0.224796  0.269565  0.262436  0.248286  0.242253  0.247296   0.23441  0.219429  0.204124  0.177961         0 0.0995268  0.168585  0.156613  0.171506  0.147343  0.215498
 0.245675    0.2583   0.26441  0.215339  0.224665  0.224767  0.211067  0.201965  0.210966  0.213418  0.214568  0.214932  0.210259  0.238229  0.216634  0.252981  0.254559  0.242389  0.234105   0.24876  0.238329  0.206559  0.192967  0.149648 0.0995268         0  0.162466  0.148397  0.156445  0.135459  0.212273
 0.239262  0.250157  0.259742  0.231282  0.236672  0.224234  0.224589  0.230142  0.236271  0.223204  0.219688  0.218207  0.231677  0.243528  0.222506  0.244708  0.257671  0.242855  0.228445  0.241347  0.242685  0.210611  0.208049  0.164868  0.168585  0.162466         0  0.147062  0.146672  0.146183   0.24177
 0.246686  0.259134   0.25789  0.213018  0.219636  0.228381  0.215718  0.213859  0.220411  0.212172  0.227668  0.212001  0.219019  0.246156  0.227434  0.250897  0.266861  0.249913  0.237056  0.250088  0.243858  0.208003  0.210101  0.155959  0.156613  0.148397  0.147062         0  0.138176  0.133012  0.216836
 0.225827  0.240329  0.261262  0.243295   0.23699  0.241401  0.226454  0.226376  0.227517  0.220071  0.237272   0.22467  0.243066  0.252627  0.219798  0.259547  0.264451  0.269275   0.26554  0.262206  0.255032  0.207102  0.209087  0.167468  0.171506  0.156445  0.146672  0.138176         0  0.070911  0.210479
 0.211463  0.215416   0.23246  0.210877  0.207669  0.203223  0.194408  0.192256  0.194257  0.193643  0.207069  0.195706   0.20892  0.221814  0.193792    0.2381  0.238156  0.231865  0.228495  0.229243  0.221682  0.172951   0.17157   0.15184  0.147343  0.135459  0.146183  0.133012  0.070911         0  0.188364
  0.27933  0.300806  0.280527  0.250836  0.252712  0.265418  0.254306  0.256364  0.262392  0.252205  0.267181  0.257267  0.263548  0.269308  0.249245  0.281537  0.264424  0.255741  0.252648  0.252341   0.25189  0.227667  0.240591  0.218526  0.215498  0.212273   0.24177  0.216836  0.210479  0.188364         0

Seed = 1687420033
Seeds per core: 
     1547119347
     1218858470
     2524112851
      905618167
     2351734987
     4284399733
     1747651032
     1722372830
     2305797009
     2322785056
      507049293
     2962795730
      595585257
     2348278707
     1694030952
     1714188323
ESS = 62.17, or 6.22 percent.
Times: 
MCMC: 1209 seconds
Bootstrap: 0 seconds
Estimate ccdprobs from bootstrap: 0 seconds
Importance sampling: 1396 seconds
