
Alignment summary:
Dolphin1: A=350 C=336 G=144 T=310
Dolphin2: A=350 C=332 G=145 T=313
giant sperm whale: A=353 C=365 G=144 T=278
bowhead whale: A=340 C=357 G=149 T=294
right whale: A=347 C=354 G=144 T=295
minke whale: A=345 C=352 G=149 T=294
Antarctic minke whale: A=349 C=357 G=147 T=287
sei whale: A=348 C=355 G=147 T=290
Bryde's whale: A=348 C=355 G=146 T=291
fin whale: A=344 C=356 G=149 T=291
blue whale: A=341 C=351 G=153 T=295
humpback whale: A=351 C=356 G=146 T=287
California whale: A=342 C=362 G=151 T=285
Pygmy right whale: A=339 C=342 G=151 T=308
Hippo: A=340 C=367 G=157 T=276
Camel dromedary: A=335 C=315 G=170 T=320
Camel bactrianus: A=331 C=320 G=171 T=318
Camel llama: A=335 C=312 G=160 T=333
Camel Llama: A=338 C=317 G=158 T=327
Camel pacos: A=329 C=319 G=167 T=325
Camel vicuna: A=338 C=316 G=161 T=325
Pig: A=359 C=328 G=150 T=303
Peccary: A=360 C=349 G=144 T=287
Cow: A=356 C=344 G=153 T=287
Sheep: A=359 C=322 G=148 T=311
Goat: A=365 C=331 G=146 T=298
Black-tailed deer: A=352 C=321 G=149 T=318
Giraffe: A=357 C=327 G=149 T=307
Fallow: A=365 C=311 G=149 T=315
Pronghorn: A=371 C=340 G=147 T=282
Chevrotain: A=335 C=325 G=172 T=308

Seed = 2254975411
Jukes-Cantor Distance Matrix:

        0 0.0631085  0.197563  0.160807  0.158637  0.168455  0.162984  0.165168  0.167358  0.176181  0.170654  0.159721  0.171757  0.169554  0.224289  0.255695  0.255695  0.269388  0.269388  0.279506  0.273167  0.223107  0.239828  0.238621  0.227847  0.244674  0.233813  0.241036  0.220749  0.211388  0.270646
0.0631085         0  0.206752  0.177292  0.176181  0.180632  0.178404  0.178404  0.180632  0.189614  0.181749   0.17286  0.190745  0.179517  0.227847  0.275696  0.278234  0.259405  0.253232  0.273167  0.269388  0.230228  0.249552  0.259405  0.249552  0.255695  0.241036  0.250777  0.232616  0.212552  0.287186
 0.197563  0.206752         0  0.170654  0.166262  0.180632  0.169554  0.168455  0.179517  0.162984  0.180632  0.170654  0.156472   0.19985  0.238621  0.269388  0.265629  0.270646  0.269388  0.273167  0.271905   0.24346  0.237416  0.237416  0.271905  0.265629  0.255695  0.253232  0.254462  0.231421   0.27443
 0.160807  0.177292  0.170654         0 0.0517447  0.110368  0.104295  0.119571  0.116491  0.121631  0.123697  0.107326  0.106314  0.126807  0.224289   0.25693   0.25693   0.25693   0.25693   0.26688  0.258166  0.237416  0.218398  0.221927  0.236213  0.218398  0.229036  0.210226  0.239828  0.212552  0.245891
 0.158637  0.176181  0.166262 0.0517447         0  0.113423  0.104295  0.114444  0.117516  0.107326  0.111385  0.103288  0.101277  0.128888  0.213718   0.24346  0.247109  0.252003  0.252003  0.260645  0.258166  0.218398  0.218398  0.226659  0.238621  0.227847  0.233813  0.216054  0.231421  0.207908   0.24833
 0.168455  0.180632  0.180632  0.110368  0.113423         0 0.0479946 0.0982712  0.102282 0.0932878  0.111385 0.0962739 0.0962739  0.132019  0.221927  0.278234  0.260645  0.261888  0.254462  0.265629   0.26438  0.223107  0.213718  0.237416  0.227847  0.225473  0.219572  0.224289  0.235012  0.202143  0.255695
 0.162984  0.178404  0.169554  0.104295  0.104295 0.0479946         0 0.0834192 0.0873511 0.0844003 0.0982712 0.0922951 0.0834192  0.128888  0.207908  0.261888  0.258166  0.260645  0.253232  0.255695  0.250777  0.213718  0.203293  0.218398  0.220749  0.213718  0.221927  0.213718  0.221927  0.194146  0.247109
 0.165168  0.178404  0.168455  0.119571  0.114444 0.0982712 0.0834192         0 0.0387008 0.0756168 0.0765877 0.0844003 0.0795079   0.12993  0.211388   0.26688  0.253232  0.254462  0.249552  0.249552  0.249552  0.221927  0.210226  0.214885  0.217225  0.205597  0.231421  0.214885  0.224289  0.194146  0.252003
 0.167358  0.180632  0.179517  0.116491  0.117516  0.102282 0.0873511 0.0387008         0 0.0785332 0.0853826 0.0804838 0.0795079  0.127847  0.210226  0.258166   0.24833   0.25693  0.254462   0.25693  0.252003  0.223107  0.211388  0.226659  0.224289  0.216054  0.237416  0.220749  0.225473  0.196422  0.258166
 0.176181  0.189614  0.162984  0.121631  0.107326 0.0932878 0.0844003 0.0756168 0.0785332         0  0.081461 0.0736788 0.0746472  0.142553  0.220749  0.260645  0.247109  0.249552  0.247109  0.241036  0.237416  0.218398  0.214885  0.230228  0.217225  0.217225  0.221927  0.211388  0.216054  0.194146  0.245891
 0.170654  0.181749  0.180632  0.123697  0.111385  0.111385 0.0982712 0.0765877 0.0853826  0.081461         0  0.081461 0.0795079   0.12993  0.223107  0.263133   0.25693   0.25693  0.259405  0.254462   0.24833  0.212552  0.217225  0.230228  0.231421  0.217225  0.218398  0.226659  0.232616  0.207908  0.259405
 0.159721   0.17286  0.170654  0.107326  0.103288 0.0962739 0.0922951 0.0844003 0.0804838 0.0736788  0.081461         0 0.0804838  0.125769  0.220749  0.263133  0.253232  0.260645  0.255695   0.25693  0.252003  0.205597  0.202143  0.230228  0.227847  0.219572  0.218398  0.212552  0.223107  0.197563  0.252003
 0.171757  0.190745  0.156472  0.106314  0.101277 0.0962739 0.0834192 0.0795079 0.0795079 0.0746472 0.0795079 0.0804838         0  0.132019  0.217225  0.258166  0.250777  0.254462  0.254462   0.24833  0.250777  0.219572  0.226659  0.231421  0.225473  0.214885  0.232616  0.219572  0.241036  0.211388  0.258166
 0.169554  0.179517   0.19985  0.126807  0.128888  0.132019  0.128888   0.12993  0.127847  0.142553   0.12993  0.125769  0.132019         0  0.225473   0.26688  0.259405  0.254462   0.25693  0.270646  0.265629  0.232616  0.238621  0.244674  0.241036  0.238621  0.238621  0.241036  0.245891  0.219572  0.259405
 0.224289  0.227847  0.238621  0.224289  0.213718  0.221927  0.207908  0.211388  0.210226  0.220749  0.223107  0.220749  0.217225  0.225473         0  0.244674  0.252003  0.260645  0.258166  0.261888   0.24833  0.230228  0.206752  0.217225  0.231421  0.225473  0.224289  0.230228  0.220749  0.198706   0.24833
 0.255695  0.275696  0.269388   0.25693   0.24346  0.278234  0.261888   0.26688  0.258166  0.260645  0.263133  0.263133  0.258166   0.26688  0.244674         0  0.101277  0.179517  0.170654  0.173966  0.171757  0.244674  0.265629   0.24346  0.261888   0.24833  0.233813  0.242247  0.250777  0.236213  0.269388
 0.255695  0.278234  0.265629   0.25693  0.247109  0.260645  0.258166  0.253232   0.24833  0.247109   0.25693  0.253232  0.250777  0.259405  0.252003  0.101277         0  0.168455  0.159721  0.164075  0.161895  0.230228  0.254462   0.24833  0.254462  0.249552  0.247109   0.25693  0.255695  0.235012  0.250777
 0.269388  0.259405  0.270646   0.25693  0.252003  0.261888  0.260645  0.254462   0.25693  0.249552   0.25693  0.260645  0.254462  0.254462  0.260645  0.179517  0.168455         0 0.0168546 0.0650193 0.0659766  0.250777  0.250777  0.236213  0.242247  0.239828  0.232616  0.239828  0.260645  0.229036  0.244674
 0.269388  0.253232  0.269388   0.25693  0.252003  0.254462  0.253232  0.249552  0.254462  0.247109  0.259405  0.255695  0.254462   0.25693  0.258166  0.170654  0.159721 0.0168546         0 0.0602514 0.0631085  0.236213   0.24346  0.231421  0.237416  0.232616  0.219572  0.227847  0.258166  0.226659   0.24346
 0.279506  0.273167  0.273167   0.26688  0.260645  0.265629  0.255695  0.249552   0.25693  0.241036  0.254462   0.25693   0.24833  0.270646  0.261888  0.173966  0.164075 0.0650193 0.0602514         0 0.0195509  0.241036  0.254462  0.239828  0.238621   0.24346  0.231421  0.238621  0.253232  0.226659   0.24346
 0.273167  0.269388  0.271905  0.258166  0.258166   0.26438  0.250777  0.249552  0.252003  0.237416   0.24833  0.252003  0.250777  0.265629   0.24833  0.171757  0.161895 0.0659766 0.0631085 0.0195509         0  0.236213  0.249552  0.237416  0.227847  0.235012  0.232616  0.235012  0.247109  0.219572   0.24346
 0.223107  0.230228   0.24346  0.237416  0.218398  0.223107  0.213718  0.221927  0.223107  0.218398  0.212552  0.205597  0.219572  0.232616  0.230228  0.244674  0.230228  0.250777  0.236213  0.241036  0.236213         0  0.187359  0.226659  0.216054  0.206752  0.207908  0.206752  0.206752  0.176181  0.223107
 0.239828  0.249552  0.237416  0.218398  0.218398  0.213718  0.203293  0.210226  0.211388  0.214885  0.217225  0.202143  0.226659  0.238621  0.206752  0.265629  0.254462  0.250777   0.24346  0.254462  0.249552  0.187359         0  0.202143  0.207908   0.19985  0.209066  0.212552  0.210226  0.176181  0.241036
 0.238621  0.259405  0.237416  0.221927  0.226659  0.237416  0.218398  0.214885  0.226659  0.230228  0.230228  0.230228  0.231421  0.244674  0.217225   0.24346   0.24833  0.236213  0.231421  0.239828  0.237416  0.226659  0.202143         0  0.186234  0.156472  0.170654  0.162984  0.171757  0.157554  0.219572
 0.227847  0.249552  0.271905  0.236213  0.238621  0.227847  0.220749  0.217225  0.224289  0.217225  0.231421  0.227847  0.225473  0.241036  0.231421  0.261888  0.254462  0.242247  0.237416  0.238621  0.227847  0.216054  0.207908  0.186234         0  0.105304   0.17286  0.160807   0.17286  0.151088  0.214885
 0.244674  0.255695  0.265629  0.218398  0.227847  0.225473  0.213718  0.205597  0.216054  0.217225  0.217225  0.219572  0.214885  0.238621  0.225473   0.24833  0.249552  0.239828  0.232616   0.24346  0.235012  0.206752   0.19985  0.156472  0.105304         0  0.167358  0.154314  0.159721  0.140434  0.211388
 0.233813  0.241036  0.255695  0.229036  0.233813  0.219572  0.221927  0.231421  0.237416  0.221927  0.218398  0.218398  0.232616  0.238621  0.224289  0.233813  0.247109  0.232616  0.219572  0.231421  0.232616  0.207908  0.209066  0.170654   0.17286  0.167358         0  0.151088  0.148945  0.150016  0.236213
 0.241036  0.250777  0.253232  0.210226  0.216054  0.224289  0.213718  0.214885  0.220749  0.211388  0.226659  0.212552  0.219572  0.241036  0.230228  0.242247   0.25693  0.239828  0.227847  0.238621  0.235012  0.206752  0.212552  0.162984  0.160807  0.154314  0.151088         0  0.143615  0.139377  0.211388
 0.220749  0.232616  0.254462  0.239828  0.231421  0.235012  0.221927  0.224289  0.225473  0.216054  0.232616  0.223107  0.241036  0.245891  0.220749  0.250777  0.255695  0.260645  0.258166  0.253232  0.247109  0.206752  0.210226  0.171757   0.17286  0.159721  0.148945  0.143615         0 0.0736788  0.205597
 0.211388  0.212552  0.231421  0.212552  0.207908  0.202143  0.194146  0.194146  0.196422  0.194146  0.207908  0.197563  0.211388  0.219572  0.198706  0.236213  0.235012  0.229036  0.226659  0.226659  0.219572  0.176181  0.176181  0.157554  0.151088  0.140434  0.150016  0.139377 0.0736788         0  0.188486
 0.270646  0.287186   0.27443  0.245891   0.24833  0.255695  0.247109  0.252003  0.258166  0.245891  0.259405  0.252003  0.258166  0.259405   0.24833  0.269388  0.250777  0.244674   0.24346   0.24346   0.24346  0.223107  0.241036  0.219572  0.214885  0.211388  0.236213  0.211388  0.205597  0.188486         0


JC Tree topology:
(1,2,((3,(((4,5),14),((6,7),((((8,9),11),(10,12)),13)))),(15,((((16,17),((18,19),(20,21))),((24,((25,26),((27,28),(29,30)))),31)),(22,23)))));

Putting MLE Branch Lengths
p:  0.30481
0.296944
0.133447
0.264799
s:  0.230507
 0.171867
 0.108012
0.0309636
 0.441964
0.0166867
Q: -0.837219  0.378115  0.281925  0.177179
 0.388132  -1.18446 0.0521371  0.744187
 0.643956  0.116015 -0.822493 0.0625221
 0.203951  0.834526 0.0315083  -1.06999
((2:0.0401084,1:0.0232637):0.0708326,(15:0.1114674,((((17:0.0445259,16:0.0567408):0.0513987,((20:0.0098419,21:0.0100254):0.0234585,(18:0.0107887,19:0.0060781):0.0246208):0.0548911):0.0941184,((24:0.0893192,(((27:0.0846025,28:0.0703196):0.0206555,(30:0.0248170,29:0.0512171):0.0423928):0.0143666,(26:0.0445189,25:0.0620851):0.0395922):0.0115732):0.0237036,31:0.1405013):0.0257041):0.0086645,(22:0.0985414,23:0.0962111):0.0249315):0.0258020):0.0477913,((((13:0.0387044,((10:0.0319656,12:0.0412254):0.0074558,(11:0.0425910,(9:0.0235242,8:0.0149994):0.0228412):0.0092258):0.0047533):0.0129641,(7:0.0200907,6:0.0278106):0.0235626):0.0182374,((4:0.0279832,5:0.0234862):0.0271261,14:0.0789408):0.0102511):0.0227821,3:0.1128456):0.0196206);
stationary acceptance: 0.216687
symmetric acceptance: 0.214908
branch length acceptance: 0.898572
avgP: 0.235122 0.219837  0.17707 0.367971
sP: 7.81594e-05 4.37537e-05 7.57899e-05 0.000104748
avgS:    0.15403   0.206201  0.0566613  0.0120591   0.566246 0.00480257
sS: 5.80077e-05 8.90448e-05 4.74977e-05 7.17327e-06  0.00016439 5.81062e-06
0.235122 0.219837  0.17707 0.367971
   0.15403   0.206201  0.0566613  0.0120591   0.566246 0.00480257

 -0.886543   0.327554   0.438497   0.120493
  0.350329   -1.66563  0.0274274    1.28788
   0.58226  0.0340519  -0.629873  0.0135612
 0.0769914   0.769416 0.00652574  -0.852933

GTR Distance Matrix:

        0 0.0598431  0.190326  0.155027   0.15248  0.163179  0.156409  0.159229  0.161072  0.169921  0.164576  0.152757   0.16418  0.165301  0.221076  0.262888  0.264869  0.282364  0.279962   0.29043  0.284093  0.226353  0.239984   0.23722  0.230659  0.244958  0.238461  0.245893  0.225077  0.210866  0.278438
0.0598431         0  0.201802  0.172155  0.170823   0.17668  0.173093  0.173669  0.175617  0.184374  0.177054  0.166828  0.184282  0.177094  0.226575  0.287544  0.290852  0.274028  0.264961  0.286272  0.281569  0.236047  0.251258  0.260955  0.255871   0.25754   0.24926  0.258259  0.239504  0.214727  0.299767
 0.190326  0.201802         0  0.159461  0.155313  0.171614  0.159674  0.158158  0.168258  0.154049  0.169925   0.16017   0.14729  0.189465  0.231064  0.271647  0.269173  0.276605  0.273785  0.279502  0.277173  0.244492  0.235306  0.233931  0.271987  0.263671  0.258894  0.257034  0.260335  0.231758   0.27962
 0.155027  0.172155  0.159461         0 0.0476229  0.102409  0.096226  0.110511  0.107689  0.112233   0.11428 0.0989286 0.0981071   0.11748  0.217803  0.260193  0.262602  0.262791  0.260997  0.271462  0.262675   0.23731  0.216996  0.217365  0.232821  0.214762   0.23057  0.212365  0.242527  0.210313  0.250135
  0.15248  0.170823  0.155313 0.0476229         0  0.105433 0.0963393  0.105852  0.108667 0.0992165  0.103099 0.0953471  0.093478  0.119466  0.208537     0.249  0.254716  0.260802   0.25901  0.267841  0.265662   0.22003  0.217871   0.22211  0.235367  0.224047  0.235908  0.218966  0.236199   0.20707  0.251987
 0.163179   0.17668  0.171614  0.102409  0.105433         0  0.044477  0.091234 0.0948193 0.0863735  0.103135   0.08903 0.0892852  0.123355  0.217384   0.28719  0.270615  0.273006  0.263588  0.274768  0.274399  0.227225   0.21511  0.235379  0.228184  0.224149  0.223522  0.227712  0.240637  0.202653  0.264541
 0.156409  0.173093  0.159674  0.096226 0.0963393  0.044477         0 0.0769502 0.0804586 0.0776207 0.0904051 0.0846921 0.0768595  0.119635  0.202411  0.267789  0.265204  0.267724  0.258477  0.262117   0.25726  0.215883  0.201528  0.213857  0.218947  0.210481  0.223894  0.215063  0.225734  0.193849  0.253506
 0.159229  0.173669  0.158158  0.110511  0.105852  0.091234 0.0769502         0 0.0355551 0.0697145 0.0706134 0.0776155 0.0733539  0.121579  0.204478  0.271812  0.260375  0.259816   0.25316   0.25334  0.253496  0.221752  0.207436  0.208676  0.213566  0.201452  0.229528  0.213312  0.225725  0.191754  0.255613
 0.161072  0.175617  0.168258  0.107689  0.108667 0.0948193 0.0804586 0.0355551         0 0.0723841 0.0786822 0.0741019  0.073474  0.119186   0.20239  0.263648  0.255159  0.261312  0.257089  0.259861  0.255056  0.222505  0.207425  0.219552  0.220169  0.210466  0.235648  0.219836  0.226851  0.193758  0.261602
 0.169921  0.184374  0.154049  0.112233 0.0992165 0.0863735 0.0776207 0.0697145 0.0723841         0  0.075042 0.0677246 0.0688507   0.13276  0.212515  0.266647  0.254268  0.256775  0.252574  0.246428  0.243235  0.218733  0.211711  0.224258  0.214966  0.212869  0.222562  0.211576  0.219381  0.193103  0.251379
 0.164576  0.177054  0.169925   0.11428  0.103099  0.103135 0.0904051 0.0706134 0.0786822  0.075042         0 0.0749047 0.0732922  0.121219  0.215793  0.270266  0.265165  0.265676  0.266335  0.261734  0.255503  0.214356  0.214927  0.225148  0.228744  0.214014  0.219064  0.227063  0.236535  0.206527   0.26635
 0.152757  0.166828   0.16017 0.0989286 0.0953471   0.08903 0.0846921 0.0776155 0.0741019 0.0677246 0.0749047         0 0.0740934  0.116952  0.213073   0.26853  0.259128  0.267045   0.26028  0.261158  0.256512   0.20587   0.19828  0.223574  0.222867  0.214404  0.217596  0.211447  0.224023  0.195185  0.256432
  0.16418  0.184282   0.14729 0.0981071  0.093478 0.0892852 0.0768595 0.0733539  0.073474 0.0688507 0.0732922 0.0740934         0  0.122705   0.20787  0.263267  0.257064  0.262068  0.260268  0.253596  0.256345  0.219432  0.222486  0.224494  0.221325  0.209744  0.231058  0.218437  0.242366  0.208394  0.262735
 0.165301  0.177094  0.189465   0.11748  0.119466  0.123355  0.119635  0.121579  0.119186   0.13276  0.121219  0.116952  0.122705         0  0.220768  0.274406  0.268798  0.263961  0.264704  0.279039  0.273471  0.237402   0.24058  0.241937  0.241168  0.237558  0.242733  0.245338  0.251772  0.221121  0.268427
 0.221076  0.226575  0.231064  0.217803  0.208537  0.217384  0.202411  0.204478   0.20239  0.212515  0.215793  0.213073   0.20787  0.220768         0  0.244407  0.251955  0.259951  0.255617  0.261405  0.248071  0.225208  0.199131   0.21035  0.224318  0.216214  0.221942    0.2269  0.219239  0.193363  0.248622
 0.262888  0.287544  0.271647  0.260193     0.249   0.28719  0.267789  0.271812  0.263648  0.266647  0.270266   0.26853  0.263267  0.274406  0.244407         0 0.0962633  0.176205  0.166923  0.170788   0.16833  0.247387  0.268045  0.247749  0.268753  0.252213  0.243789  0.250071  0.258691  0.237427   0.28068
 0.264869  0.290852  0.269173  0.262602  0.254716  0.270615  0.265204  0.260375  0.255159  0.254268  0.265165  0.259128  0.257064  0.268798  0.251955 0.0962633         0   0.16363  0.154598  0.159759  0.157453  0.235001  0.257803   0.25073  0.261643  0.253802  0.256711  0.265998  0.263585  0.237479  0.263604
 0.282364  0.274028  0.276605  0.262791  0.260802  0.273006  0.267724  0.259816  0.261312  0.256775  0.265676  0.267045  0.262068  0.263961  0.259951  0.176205   0.16363         0 0.0159667 0.0620101  0.063006  0.252945  0.254949  0.237027  0.247503  0.241647  0.241958  0.249061  0.268377  0.231162  0.254955
 0.279962  0.264961  0.273785  0.260997   0.25901  0.263588  0.258477   0.25316  0.257089  0.252574  0.266335   0.26028  0.260268  0.264704  0.255617  0.166923  0.154598 0.0159667         0 0.0573373 0.0601341  0.238003  0.246547  0.231845  0.241504  0.233401  0.227583  0.236231  0.264671  0.227817  0.251878
  0.29043  0.286272  0.279502  0.271462  0.267841  0.274768  0.262117   0.25334  0.259861  0.246428  0.261734  0.261158  0.253596  0.279039  0.261405  0.170788  0.159759 0.0620101 0.0573373         0 0.0185965  0.243791  0.258557  0.242226  0.246491  0.247984  0.240449  0.249193  0.261334  0.228568  0.251583
 0.284093  0.281569  0.277173  0.262675  0.265662  0.274399   0.25726  0.253496  0.255056  0.243235  0.255503  0.256512  0.256345  0.273471  0.248071   0.16833  0.157453  0.063006 0.0601341 0.0185965         0  0.239887  0.253098   0.23775   0.23366  0.237588  0.241784   0.24303  0.254189  0.221024  0.251138
 0.226353  0.236047  0.244492   0.23731   0.22003  0.227225  0.215883  0.221752  0.222505  0.218733  0.214356   0.20587  0.219432  0.237402  0.225208  0.247387  0.235001  0.252945  0.238003  0.243791  0.239887         0   0.18222  0.222966  0.218803  0.206014  0.209988  0.207436  0.206567  0.172569  0.227029
 0.239984  0.251258  0.235306  0.216996  0.217871   0.21511  0.201528  0.207436  0.207425  0.211711  0.214927   0.19828  0.222486   0.24058  0.199131  0.268045  0.257803  0.254949  0.246547  0.258557  0.253098   0.18222         0  0.197078  0.203633  0.192561  0.207464  0.209605  0.208572  0.171192  0.240012
  0.23722  0.260955  0.233931  0.217365   0.22211  0.235379  0.213857  0.208676  0.219552  0.224258  0.225148  0.223574  0.224494  0.241937   0.21035  0.247749   0.25073  0.237027  0.231845  0.242226   0.23775  0.222966  0.197078         0  0.177602  0.149361  0.164506  0.155662  0.167093    0.1515  0.217964
 0.230659  0.255871  0.271987  0.232821  0.235367  0.228184  0.218947  0.213566  0.220169  0.214966  0.228744  0.222867  0.221325  0.241168  0.224318  0.268753  0.261643  0.247503  0.241504  0.246491   0.23366  0.218803  0.203633  0.177602         0 0.0993693  0.168231   0.15628  0.171038  0.146974  0.214916
 0.244958   0.25754  0.263671  0.214762  0.224047  0.224149  0.210481  0.201452  0.210466  0.212869  0.214014  0.214404  0.209744  0.237558  0.216214  0.252213  0.253802  0.241647  0.233401  0.247984  0.237588  0.206014  0.192561  0.149361 0.0993693         0   0.16212  0.148099  0.156088  0.135149  0.211719
 0.238461   0.24926  0.258894   0.23057  0.235908  0.223522  0.223894  0.229528  0.235648  0.222562  0.219064  0.217596  0.231058  0.242733  0.221942  0.243789  0.256711  0.241958  0.227583  0.240449  0.241784  0.209988  0.207464  0.164506  0.168231   0.16212         0  0.146718  0.146327  0.145821  0.241034
 0.245893  0.258259  0.257034  0.212365  0.218966  0.227712  0.215063  0.213312  0.219836  0.211576  0.227063  0.211447  0.218437  0.245338    0.2269  0.250071  0.265998  0.249061  0.236231  0.249193   0.24303  0.207436  0.209605  0.155662   0.15628  0.148099  0.146718         0  0.137895  0.132761  0.216168
 0.225077  0.239504  0.260335  0.242527  0.236199  0.240637  0.225734  0.225725  0.226851  0.219381  0.236535  0.224023  0.242366  0.251772  0.219239  0.258691  0.263585  0.268377  0.264671  0.261334  0.254189  0.206567  0.208572  0.167093  0.171038  0.156088  0.146327  0.137895         0 0.0707734   0.20984
 0.210866  0.214727  0.231758  0.210313   0.20707  0.202653  0.193849  0.191754  0.193758  0.193103  0.206527  0.195185  0.208394  0.221121  0.193363  0.237427  0.237479  0.231162  0.227817  0.228568  0.221024  0.172569  0.171192    0.1515  0.146974  0.135149  0.145821  0.132761 0.0707734         0   0.18783
 0.278438  0.299767   0.27962  0.250135  0.251987  0.264541  0.253506  0.255613  0.261602  0.251379   0.26635  0.256432  0.262735  0.268427  0.248622   0.28068  0.263604  0.254955  0.251878  0.251583  0.251138  0.227029  0.240012  0.217964  0.214916  0.211719  0.241034  0.216168   0.20984   0.18783         0

meanTree = (1:0.0229825,2:0.0370492,((3:0.092547,(((4:0.0253844,5:0.0219916):0.0246349,14:0.0677225):0.00168412,((6:0.026913,7:0.0175127):0.0208182,((((8:0.016692,9:0.0188322):0.0171872,11:0.0373581):0.00118089,(10:0.0321664,12:0.0334374):0.00114493):0.000851346,13:0.0326183):0.00470755):0.00762382):0.0139504):0.00557538,(15:0.100427,((((16:0.0494879,17:0.0465822):0.0364861,((18:0.0108418,19:0.00501492):0.0220262,(20:0.0114313,21:0.00717118):0.021064):0.0497841):0.0539413,((24:0.0791805,((25:0.0540798,26:0.044795):0.0282147,((27:0.0756675,28:0.0685297):0.00254495,(29:0.0487567,30:0.0219851):0.0286913):0.00378112):0.0026355):0.0113875,31:0.123123):0.00619695):0.0038207,(22:0.0924924,23:0.0889417):0.00745649):0.00711024):0.0320481):0.063214);
(1,2,((3,(((4,5),14),((6,7),(((((8,9),11),10),13),12)))),(((15,((24,(25,26)),(27,(28,(29,30))))),((22,31),23)),((16,17),((18,19),(20,21)))))); 0.0507576
(1,2,((3,(((4,5),14),((6,7),((((8,9),11),12),(10,13))))),(15,((((((16,17),((18,19),(20,21))),31),22),(24,((25,26),(27,(28,(29,30)))))),23)))); 0.0478359
(1,2,((3,(15,(((((16,17),((18,19),(20,21))),31),(22,23)),(((24,(27,28)),(29,30)),(25,26))))),(((4,5),14),((6,7),((8,9),((10,12),(11,13))))))); 0.0532215
(1,2,((3,(((4,5),14),((6,7),((8,9),(((10,11),12),13))))),(15,(((((16,17),((18,19),(20,21))),31),((24,(27,(28,(29,30)))),(25,26))),(22,23))))); 0.0374147
(1,2,((3,(((4,5),14),((6,7),(((((8,9),11),12),10),13)))),(15,((((16,17),((18,19),(20,21))),((((24,(25,26)),(27,28)),(29,30)),31)),(22,23))))); 0.0403744
(1,2,((3,((4,5),(((6,7),((((8,9),11),(10,12)),13)),14))),(15,(((16,17),((18,19),(20,21))),(((22,31),23),((24,((27,28),(29,30))),(25,26))))))); 0.0373349
(1,2,((3,(((4,5),14),((6,7),((((8,9),11),(10,12)),13)))),(15,(((16,17),((18,19),(20,21))),((22,23),(((24,((27,28),(29,30))),(25,26)),31)))))); 0.0465316
(1,2,((3,((4,5),(((6,7),((8,9),(((10,12),13),11))),14))),(15,(((((16,17),((18,19),(20,21))),((25,26),31)),(24,((27,(29,30)),28))),(22,23))))); 0.0457992
(1,2,((3,(((4,5),14),((6,7),((8,9),((10,13),(11,12)))))),(15,(((((16,17),((18,19),(20,21))),31),((24,(27,(28,(29,30)))),(25,26))),(22,23))))); 0.0393198
(1,2,((3,(((4,5),14),((6,7),(((((8,9),11),13),10),12)))),(15,(((((16,17),((18,19),(20,21))),31),(24,((25,26),((27,(29,30)),28)))),(22,23))))); 0.0428091
(1,2,((3,((4,5),(((6,7),((((8,9),10),13),(11,12))),14))),(15,((((16,17),((18,19),(20,21))),(((24,(27,28)),(25,26)),((29,30),31))),(22,23))))); 0.0696692
(1,2,((3,((4,5),(((6,7),((((8,9),10),(11,12)),13)),14))),(15,(((((16,17),((18,19),(20,21))),22),((24,((25,26),31)),(27,(28,(29,30))))),23)))); 0.0472487
(1,2,((3,(15,((((16,17),((18,19),(20,21))),(((24,((27,28),(29,30))),(25,26)),31)),(22,23)))),(((4,5),((6,7),((((8,9),11),(10,12)),13))),14))); 0.0459611
(1,2,((3,(((4,5),14),(((((6,7),10),12),((8,9),11)),13))),(15,(((16,17),((18,19),(20,21))),(((22,31),((24,27),((25,26),(28,(29,30))))),23))))); 0.0509651
(1,2,((3,((4,5),((((((6,7),10),13),(8,9)),(11,14)),12))),(15,(((((16,17),((18,19),(20,21))),22),((24,((25,26),((27,28),(29,30)))),31)),23)))); 0.0439704
(1,2,((3,((4,5),((((((6,7),10),13),12),((8,9),11)),14))),(15,(((16,17),((18,19),(20,21))),(22,(23,((24,((25,26),((27,28),(29,30)))),31))))))); 0.0398934
(1,2,((3,(((4,5),14),((6,7),(((((8,9),11),12),10),13)))),(15,(((((16,17),((18,19),(20,21))),(((24,(25,26)),((27,(29,30)),28)),31)),22),23)))); 0.0445458
(1,2,((3,(15,(((16,17),((18,19),(20,21))),((22,23),(((24,(25,26)),((27,(29,30)),28)),31))))),((4,5),(((6,7),(((8,9),(10,12)),(11,13))),14)))); 0.0373881
(1,2,((3,(15,(((16,17),((18,19),(20,21))),(((22,23),31),(24,((25,26),((27,28),(29,30)))))))),(((4,5),((6,7),((8,9),(((10,12),11),13)))),14))); 0.0463668
(1,2,((3,(((4,5),14),((6,7),(((8,9),11),((10,12),13))))),(15,((((16,17),((18,19),(20,21))),((24,(((25,26),28),(27,(29,30)))),31)),(22,23))))); 0.0628957
(1,2,((3,((((4,5),14),(6,7)),((8,9),((10,13),(11,12))))),(15,(((16,17),((18,19),(20,21))),((22,23),(((24,((27,(29,30)),28)),(25,26)),31)))))); 0.0371566
(1,2,((3,(((4,5),((6,7),(((8,9),(11,13)),(10,12)))),14)),(15,(((((16,17),((18,19),(20,21))),31),((24,27),(((25,26),28),(29,30)))),(22,23))))); 0.0461724
(1,2,((3,(15,((((16,17),((18,19),(20,21))),(((24,(25,26)),(27,(28,(29,30)))),31)),(22,23)))),(((4,5),(((((6,7),10),(8,9)),(11,13)),12)),14))); 0.038772
(1,2,((3,(((4,5),((6,7),(((((8,9),11),13),10),12))),14)),(15,(((((16,17),((18,19),(20,21))),((24,(25,26)),(27,(28,(29,30))))),31),(22,23))))); 0.0468843
(1,2,((3,((4,5),(((6,7),(((8,9),(10,12)),(11,13))),14))),(15,((((16,17),((18,19),(20,21))),((24,((25,26),((27,28),(29,30)))),31)),(22,23))))); 0.0420169
(1,2,((3,((15,((22,23),((((24,(27,28)),(25,26)),(29,30)),31))),((16,17),((18,19),(20,21))))),(((4,5),((6,7),((8,9),(10,((11,13),12))))),14))); 0.0404965
(1,2,((3,(((4,5),14),((((6,7),10),(((8,9),13),11)),12))),(15,((((16,17),((18,19),(20,21))),((24,((25,26),(27,(28,(29,30))))),31)),(22,23))))); 0.042091
(1,2,((3,((4,5),(((6,7),((((8,9),11),(10,13)),12)),14))),(15,(((16,17),((18,19),(20,21))),(((22,31),23),(24,(((25,26),(27,28)),(29,30)))))))); 0.048187
(1,2,((3,(((4,5),((6,7),(((((8,9),11),10),13),12))),14)),(15,(((((16,17),((18,19),(20,21))),22),(((24,(27,(28,(29,30)))),(25,26)),31)),23)))); 0.0431783
(1,2,((3,((15,23),(((16,17),((18,19),(20,21))),(22,((24,(((25,26),28),(27,(29,30)))),31))))),((4,5),(((6,7),(((8,9),13),((10,11),12))),14)))); 0.0464864
(1,2,((3,(((4,5),14),(((6,7),13),(((8,9),(10,12)),11)))),(15,(((16,17),((18,19),(20,21))),((22,23),((24,((((25,26),28),(29,30)),31)),27)))))); 0.0493595
(1,2,((3,((((4,5),(6,7)),14),(((((8,9),11),13),10),12))),(15,((((16,17),((18,19),(20,21))),((24,((25,26),(27,(28,(29,30))))),31)),(22,23))))); 0.0479208
(1,2,((3,((4,5),(((((((6,7),10),(8,9)),11),13),12),14))),((15,(((16,17),((18,19),(20,21))),(22,((((24,28),(27,(29,30))),(25,26)),31)))),23))); 0.0456909
(1,2,((3,(((4,5),((6,7),((8,9),((10,13),(11,12))))),14)),(15,(((((16,17),((18,19),(20,21))),31),(24,(((25,26),(27,28)),(29,30)))),(22,23))))); 0.0476959
(1,2,((3,(((4,5),14),((6,7),((8,9),((10,11),(12,13)))))),(15,(((((16,17),((18,19),(20,21))),31),((24,((27,28),(29,30))),(25,26))),(22,23))))); 0.0342953
(1,2,((3,(((4,5),((6,7),(((((8,9),11),13),10),12))),14)),(15,(((((16,17),((18,19),(20,21))),31),(24,((25,26),((27,28),(29,30))))),(22,23))))); 0.0449044
(1,2,((3,(15,(((16,17),((18,19),(20,21))),((22,23),(((24,(25,26)),(27,(28,(29,30)))),31))))),(((4,5),((6,7),(((8,9),12),((10,13),11)))),14))); 0.0422002
(1,2,((3,(((4,5),((6,7),((((8,9),(11,12)),10),13))),14)),((15,((((16,17),((18,19),(20,21))),(22,31)),(24,(((25,26),(27,28)),(29,30))))),23))); 0.0446702
(1,2,((3,(15,((((16,17),((18,19),(20,21))),31),((22,23),(24,((25,26),(27,(28,(29,30))))))))),((4,5),((((((6,7),(8,9)),(10,13)),11),12),14)))); 0.043958
(1,2,((3,(((4,5),(((6,7),((((8,9),11),13),10)),12)),14)),(15,(((((16,17),((18,19),(20,21))),((((24,27),(28,(29,30))),(25,26)),31)),22),23)))); 0.0451054
(1,2,((3,(((4,5),(((6,7),((10,13),12)),((8,9),11))),14)),(15,(((16,17),((18,19),(20,21))),((22,23),((((24,(27,28)),(25,26)),(29,30)),31)))))); 0.0422283
(1,2,((3,(15,(((16,17),((18,19),(20,21))),((22,23),(((24,(25,26)),31),(27,(28,(29,30)))))))),(((4,5),((6,7),(((8,9),(11,12)),(10,13)))),14))); 0.04601
(1,2,((3,(15,(((((16,17),((18,19),(20,21))),(22,31)),(((24,28),((25,26),(29,30))),27)),23))),(((4,5),((6,7),(((8,9),10),((11,13),12)))),14))); 0.0462172
(1,2,((3,(((4,5),14),((6,7),((((8,9),10),(11,13)),12)))),(15,(((((16,17),((18,19),(20,21))),31),((24,((27,28),(29,30))),(25,26))),(22,23))))); 0.0453346
(1,2,((3,(15,(((16,17),((18,19),(20,21))),((22,23),((24,((25,26),((27,28),(29,30)))),31))))),(((4,5),((6,7),(((((8,9),11),10),13),12))),14))); 0.046734
(1,2,((3,((4,5),(((6,7),(((8,9),((10,11),13)),12)),14))),((15,(22,23)),((((16,17),((18,19),(20,21))),31),(24,(((25,26),(28,(29,30))),27)))))); 0.0424558
(1,2,((3,(((4,5),14),((6,7),((((8,9),10),(11,13)),12)))),(15,((((16,17),((18,19),(20,21))),((24,((25,26),((27,28),(29,30)))),31)),(22,23))))); 0.040138
(1,2,((3,(((4,5),14),((6,7),(((((8,9),11),10),13),12)))),(15,((((16,17),((18,19),(20,21))),(((24,((27,28),(29,30))),31),(25,26))),(22,23))))); 0.0389427
(1,2,((3,((4,5),((((6,7),(8,9)),(((10,12),13),11)),14))),(15,((((16,17),((18,19),(20,21))),(22,((24,((25,26),((27,(29,30)),28))),31))),23)))); 0.050124
(1,2,((3,(((4,5),14),((6,7),(((8,9),10),((11,12),13))))),(15,((((16,17),((18,19),(20,21))),(((24,(25,26)),(27,(28,(29,30)))),31)),(22,23))))); 0.0415172
(1,2,((3,(15,((((16,17),((18,19),(20,21))),((24,((25,26),((27,(29,30)),28))),31)),(22,23)))),(((4,5),14),((6,7),(((8,9),11),((10,13),12)))))); 0.045451
(1,2,((3,(((4,5),((6,7),(((((8,9),11),12),10),13))),14)),(15,((((16,17),((18,19),(20,21))),((24,27),((25,26),(28,((29,30),31))))),(22,23))))); 0.0428121
(1,2,((3,(((4,5),14),((6,7),((8,9),((10,12),(11,13)))))),(15,(((16,17),((18,19),(20,21))),((22,23),(24,(((25,26),((27,28),(29,30))),31))))))); 0.0416245
(1,2,((3,(((4,5),((6,7),((((8,9),11),10),(12,13)))),14)),(15,((((((16,17),((18,19),(20,21))),31),(((24,(27,28)),(29,30)),(25,26))),22),23)))); 0.0390247
(1,2,((3,(15,(((((16,17),((18,19),(20,21))),22),((24,(((25,26),27),(28,(29,30)))),31)),23))),(((4,5),((6,7),((((8,9),10),(11,13)),12))),14))); 0.0596205
(1,2,((3,((15,23),(((((16,17),((18,19),(20,21))),31),22),(24,(((25,26),(27,28)),(29,30)))))),(((4,5),((6,7),(((8,9),((10,12),11)),13))),14))); 0.0501784
(1,2,((3,((4,5),(((6,7),((8,9),(((10,12),11),13))),14))),(15,(((16,17),((18,19),(20,21))),((22,23),((24,31),(((25,26),(28,(29,30))),27))))))); 0.0418509
(1,2,((3,(((4,5),14),((6,7),((((8,9),11),(10,13)),12)))),(15,((((16,17),((18,19),(20,21))),(((24,((25,26),(27,(29,30)))),28),31)),(22,23))))); 0.0458782
(1,2,((3,(((4,5),14),((6,7),((((8,9),11),(10,13)),12)))),(15,(((16,17),((18,19),(20,21))),((22,((24,31),(((25,26),(28,(29,30))),27))),23))))); 0.0431055
(1,2,((3,(((4,5),14),((6,7),((((8,9),10),(11,12)),13)))),(15,(((16,17),((18,19),(20,21))),(((22,31),23),(24,(((25,26),(27,28)),(29,30)))))))); 0.0512291
(1,2,((3,((4,5),(((6,7),14),((((8,9),10),(11,12)),13)))),(15,(((16,17),((18,19),(20,21))),((22,23),(((24,((27,28),(29,30))),(25,26)),31)))))); 0.0433295
(1,2,((3,(15,(((16,17),((18,19),(20,21))),((22,23),((24,(((25,26),(28,(29,30))),27)),31))))),(((4,5),((6,7),(((8,9),(11,13)),(10,12)))),14))); 0.052401
(1,2,((3,((((4,5),(6,7)),(((8,9),(10,12)),(11,13))),14)),(15,(((16,17),((18,19),(20,21))),((22,23),((24,((25,26),((27,28),(29,30)))),31)))))); 0.0393107
(1,2,((3,(((15,((((24,(27,28)),(29,30)),(25,26)),31)),23),(((16,17),((18,19),(20,21))),22))),(((4,5),((6,7),((((8,9),11),12),(10,13)))),14))); 0.0377035
(1,2,((3,(((4,5),((6,7),((((8,9),11),(10,12)),13))),14)),(15,((((16,17),((18,19),(20,21))),(22,23)),((24,((25,26),((27,28),(29,30)))),31))))); 0.0331001
(1,2,((3,((4,5),(((6,7),(((((8,9),13),10),11),12)),14))),(15,(((16,17),((18,19),(20,21))),((22,(((24,(25,26)),(27,(28,(29,30)))),31)),23))))); 0.0417498
(1,2,(3,((((4,5),((6,7),(((((8,9),11),10),13),12))),14),(15,(((16,17),((18,19),(20,21))),((22,23),(24,(((25,26),(27,(28,(29,30)))),31)))))))); 0.0387367
(1,2,((3,(((4,5),14),((6,7),((8,9),(((10,12),11),13))))),(15,(((((16,17),((18,19),(20,21))),22),(((24,((27,(29,30)),28)),(25,26)),31)),23)))); 0.0394702
(1,2,((3,(15,((((16,17),((18,19),(20,21))),((24,((25,26),((27,28),(29,30)))),31)),(22,23)))),(((4,5),((6,7),((((8,9),(10,13)),11),12))),14))); 0.0385453
(1,2,(3,((((4,5),14),(((6,7),13),(((8,9),(10,11)),12))),((15,23),(((16,17),((18,19),(20,21))),((22,31),(((24,(27,28)),(29,30)),(25,26)))))))); 0.0484321
(1,2,((3,(15,((((16,17),((18,19),(20,21))),(((24,(25,26)),(27,(28,(29,30)))),31)),(22,23)))),(((4,5),14),((6,7),((((8,9),10),(11,13)),12))))); 0.0462783
(1,2,((3,(((4,5),14),((6,7),(((8,9),((10,11),13)),12)))),(15,((((16,17),((18,19),(20,21))),((24,((25,26),((27,(29,30)),28))),31)),(22,23))))); 0.039976
(1,2,((3,(15,(((((16,17),((18,19),(20,21))),31),((24,((27,28),(29,30))),(25,26))),(22,23)))),(((4,5),14),((6,7),((((8,9),10),(11,12)),13))))); 0.0475059
(1,2,((3,(15,(((((16,17),((18,19),(20,21))),31),((24,((25,26),(28,(29,30)))),27)),(22,23)))),(((4,5),((6,7),((((8,9),11),(10,12)),13))),14))); 0.0453652
(1,2,((3,(15,((((16,17),((18,19),(20,21))),(((24,((27,28),(29,30))),(25,26)),31)),(22,23)))),(((4,5),14),((6,7),(((8,9),(10,13)),(11,12)))))); 0.0455884
(1,2,((3,((4,5),(((6,7),((8,9),(((10,13),12),11))),14))),((15,23),(((((16,17),((18,19),(20,21))),31),((24,(27,(28,(29,30)))),(25,26))),22)))); 0.0422821
(1,2,(3,(((4,5),(((6,7),((((8,9),11),13),(10,12))),14)),(15,(((((16,17),((18,19),(20,21))),31),((24,((27,28),(29,30))),(25,26))),(22,23)))))); 0.0382278
(1,2,(3,((((4,5),((6,7),(((8,9),((10,12),11)),13))),14),((15,(((16,17),((18,19),(20,21))),(((24,(27,(28,(29,30)))),(25,26)),31))),(22,23))))); 0.0360823
(1,2,((3,(((15,23),((22,31),(24,((25,26),((27,28),(29,30)))))),((16,17),((18,19),(20,21))))),(((4,5),((6,7),((((8,9),(11,13)),10),12))),14))); 0.0452465
(1,2,((3,((4,5),(((6,7),(((((8,9),11),10),13),12)),14))),(15,((((16,17),((18,19),(20,21))),((22,23),31)),(24,((25,26),((27,28),(29,30)))))))); 0.0512028
(1,2,((3,(((4,5),14),(((6,7),(8,9)),((10,(11,12)),13)))),(15,((((16,17),((18,19),(20,21))),(((24,((27,28),(29,30))),(25,26)),31)),(22,23))))); 0.0450498
(1,2,((3,(((4,5),((6,7),((((8,9),(10,11)),13),12))),14)),(15,(((((16,17),((18,19),(20,21))),(((24,(25,26)),(27,(28,(29,30)))),31)),22),23)))); 0.0413731
(1,2,((3,((4,5),(((6,7),((((8,9),11),(10,12)),13)),14))),(15,(((((16,17),((18,19),(20,21))),31),(24,((25,26),(27,(28,(29,30)))))),(22,23))))); 0.033806
(1,2,((3,(((4,5),((6,7),((8,9),(((10,11),12),13)))),14)),((15,((((16,17),((18,19),(20,21))),31),(24,((25,26),(27,(28,(29,30))))))),(22,23)))); 0.0398358
(1,2,((3,(((4,5),14),((6,7),((((8,9),11),(10,12)),13)))),(15,(((16,17),((18,19),(20,21))),((22,23),(24,(((25,26),((27,28),(29,30))),31))))))); 0.0481496
(1,2,((3,(15,(((16,17),((18,19),(20,21))),(((22,31),23),(24,((25,26),((27,(29,30)),28))))))),(((4,5),14),((((((6,7),10),13),(8,9)),11),12)))); 0.0396116
(1,2,((3,((15,23),(((16,17),((18,19),(20,21))),(22,((24,((25,26),((27,28),(29,30)))),31))))),(((4,5),14),((6,7),((8,9),(10,((11,13),12))))))); 0.0501774
(1,2,((3,(((4,5),14),((6,7),((((8,9),11),12),(10,13))))),((15,((((16,17),((18,19),(20,21))),31),(24,((25,26),((27,(29,30)),28))))),(22,23)))); 0.0476998
(1,2,((3,(((4,5),14),((6,7),(((((8,9),10),11),13),12)))),(15,(((16,17),((18,19),(20,21))),((22,23),(24,(((25,26),31),((27,28),(29,30))))))))); 0.0470113
(1,2,((3,(((4,5),14),(((6,7),(((8,9),10),(11,13))),12))),(15,((((16,17),((18,19),(20,21))),((24,(((25,26),28),(27,(29,30)))),31)),(22,23))))); 0.0513439
(1,2,((3,((4,5),(((6,7),((((8,9),10),(11,12)),13)),14))),(15,(((((16,17),((18,19),(20,21))),31),(24,((25,26),((27,(29,30)),28)))),(22,23))))); 0.0436357
(1,2,((3,(((4,5),((6,7),((((8,9),11),12),(10,13)))),14)),((15,((((16,17),((18,19),(20,21))),22),(((24,(25,26)),((27,28),(29,30))),31))),23))); 0.0395227
(1,2,((3,(((4,5),14),((6,7),(((8,9),((10,12),11)),13)))),(((15,((16,17),((18,19),(20,21)))),(((24,(25,26)),31),((27,28),(29,30)))),(22,23)))); 0.0457178
(1,2,((3,(((4,5),((6,7),((((8,9),11),13),(10,12)))),14)),(15,((((((16,17),((18,19),(20,21))),31),22),((24,((27,28),(29,30))),(25,26))),23)))); 0.0379259
(1,2,((3,(((4,5),14),((6,7),(((8,9),((10,13),11)),12)))),(15,((((16,17),((18,19),(20,21))),((24,((25,26),((27,28),(29,30)))),31)),(22,23))))); 0.0438896
(1,2,((3,(((4,5),14),((6,7),((((8,9),10),(11,12)),13)))),(15,((((16,17),((18,19),(20,21))),((24,31),((25,26),(27,(28,(29,30)))))),(22,23))))); 0.0440093
(1,2,((3,(((4,5),((6,7),((((8,9),11),(10,12)),13))),14)),(15,(((16,17),((18,19),(20,21))),((22,23),(((24,(25,26)),((27,28),(29,30))),31)))))); 0.0462253
(1,2,((3,(15,(((16,17),((18,19),(20,21))),((22,23),(((24,(25,26)),(27,(28,(29,30)))),31))))),(((4,5),((6,7),(((8,9),11),((10,13),12)))),14))); 0.0580424
(1,2,((3,(15,((((16,17),((18,19),(20,21))),((24,((25,26),(27,(28,(29,30))))),31)),(22,23)))),(((4,5),14),((6,7),((8,9),(((10,12),11),13)))))); 0.0529006
(1,2,((3,(((4,5),14),((6,7),((((8,9),10),(11,12)),13)))),(((15,(((16,17),((18,19),(20,21))),31)),(22,23)),(((24,28),(27,(29,30))),(25,26))))); 0.0395287
(1,2,((3,(((4,5),14),((6,7),(((8,9),11),((10,12),13))))),(15,((((16,17),((18,19),(20,21))),(((24,((27,28),(29,30))),(25,26)),31)),(22,23))))); 0.0359356
(1,2,((3,(15,(((16,17),((18,19),(20,21))),((22,23),(24,(((25,26),(27,(28,(29,30)))),31)))))),(((4,5),14),((6,7),((((8,9),13),10),(11,12)))))); 0.0474872
(1,2,((3,((4,5),(((6,7),(10,13)),(((8,9),11),(12,14))))),(15,(((((16,17),((18,19),(20,21))),22),31),(23,(24,((25,26),((27,28),(29,30))))))))); 0.047977
(1,2,((3,(((4,5),14),((6,7),(((((8,9),11),10),12),13)))),(15,(((((16,17),((18,19),(20,21))),31),(24,((25,26),((27,28),(29,30))))),(22,23))))); 0.0482618
(1,2,((3,(((4,5),14),((6,7),((((8,9),10),(11,12)),13)))),(15,(((((16,17),((18,19),(20,21))),31),(24,(((25,26),(28,(29,30))),27))),(22,23))))); 0.0545036
(1,2,((3,(((4,5),14),((6,7),((((8,9),11),13),(10,12))))),(15,(((((16,17),((18,19),(20,21))),31),(24,((25,26),((27,28),(29,30))))),(22,23))))); 0.0454534
(1,2,((3,((4,5),(((6,7),((((8,9),11),10),(12,13))),14))),(15,(((16,17),((18,19),(20,21))),((22,23),((24,((25,26),(27,(28,(29,30))))),31)))))); 0.0507323
(1,2,((3,(((4,5),14),(((6,7),((((8,9),13),11),10)),12))),((15,(22,23)),((((16,17),((18,19),(20,21))),31),((24,(25,26)),(27,(28,(29,30)))))))); 0.0484607
(1,2,((3,(15,(((16,17),((18,19),(20,21))),((22,23),((24,((25,26),((27,28),(29,30)))),31))))),((4,5),(((6,7),((8,9),((10,12),(11,13)))),14)))); 0.0420722
(1,2,((3,(15,(((16,17),((18,19),(20,21))),((22,23),(((24,28),((25,26),(27,(29,30)))),31))))),(((4,5),((6,7),(((8,9),11),((10,13),12)))),14))); 0.0474129
(1,2,(3,((((4,5),14),((6,7),(((((8,9),11),10),12),13))),(15,((((16,17),((18,19),(20,21))),((24,((25,26),((27,(29,30)),28))),31)),(22,23)))))); 0.0432236
