Pi: 0.235122 0.219837  0.17707 0.367971
S:    0.15403   0.206201  0.0566613  0.0120591   0.566246 0.00480257
