Pi: 0.234132 0.220776 0.174363 0.370728
S:   0.154231   0.204053  0.0547018  0.0120117   0.570533 0.00446987
