Pi: 0.231968 0.222341 0.174448 0.371243
S:   0.151778     0.2014  0.0541485  0.0117276   0.575517 0.00542921
