Pi:  0.23262 0.225181 0.171833 0.370366
S:   0.152824   0.200239    0.05657  0.0112726   0.574385 0.00470901
