        0 0.0776184 0.0717566 0.0721762 0.0703201   0.06859 0.0651259 0.0758162 0.0890267 0.0703665  0.076314   0.07086  0.078939 0.0852967 0.0686613 0.0744417 0.0773266 0.0900806 0.0652165 0.0720728 0.0850962 0.0891013 0.0890712 0.0790895 0.0859287 0.0768548 0.0795463 0.0935682 0.0828701 0.0658902 0.0809489 0.0791738 0.0759172 0.0927391 0.0953086 0.0741092  0.076543  0.077159 0.0793498 0.0886405  0.088476 0.0703197 0.0702703 0.0708246  0.110107 0.0798553 0.0709778 0.0800702  0.078454 0.0808308 0.0897241 0.0911635  0.087026 0.0823384 0.0823125 0.0785011 0.0868817  0.068873 0.0843252 0.0821741 0.0720981 0.0880991 0.0747905 0.0799013 0.0737837 0.0732063 0.0700208 0.0846594 0.0729055 0.0752328 0.0653814 0.0588285 0.0707795 0.0744077 0.0813802 0.0902735 0.0648164 0.0796448 0.0846872 0.0637173 0.0743821 0.0803676 0.0647646 0.0871385 0.0781612 0.0864238 0.0948163 0.0717241 0.0791217 0.0747919 0.0826563 0.0930711  0.087394 0.0793117 0.0693854  0.071536 0.0748924 0.0844426 0.0787382 0.0530438
0.0776184         0 0.0688822 0.0882555 0.0761157 0.0820347 0.0910028 0.0816221 0.0773976 0.0818351 0.0771158  0.075068 0.0764373 0.0799199 0.0652872 0.0821234 0.0774398 0.0853161  0.083363 0.0785013 0.0988126 0.0771817   0.10067 0.0777198 0.0713646 0.0704028 0.0945857 0.0763154 0.0731059 0.0754592 0.0743014 0.0948477 0.0723722 0.0832249  0.103561 0.0915828 0.0696629 0.0811932 0.0745902 0.0825141 0.0766753 0.0724503 0.0889986 0.0922732  0.123975 0.0800377 0.0849954 0.0854542 0.0885938 0.0752381 0.0763727 0.0786248 0.0875726  0.076713 0.0808148 0.0973122 0.0872019 0.0804305 0.0823053 0.0834459 0.0615825 0.0925621 0.0870919 0.0982391 0.0805813 0.0888712 0.0636719 0.0637115 0.0886874 0.0928186 0.0848882  0.089714 0.0787283 0.0684631 0.0724852 0.0818567 0.0866759 0.0925016   0.11804 0.0806182 0.0873448 0.0761487 0.0769052 0.0818844 0.0845325 0.0804438 0.0875469 0.0902838 0.0780395 0.0889005 0.0739148 0.0816905 0.0856688 0.0757985 0.0878684 0.0842241 0.0857269 0.0901097 0.0758969 0.0575996
0.0717566 0.0688822         0 0.0816255 0.0702401  0.070172 0.0757021 0.0818248 0.0821803 0.0801504 0.0761846 0.0717585 0.0677386 0.0745071 0.0724132 0.0824645 0.0757735 0.0822883 0.0692798 0.0717434  0.089846  0.088862  0.098043 0.0723206 0.0850545  0.065115 0.0974517 0.0786344 0.0767476 0.0746373 0.0649855  0.084453 0.0798531  0.084544 0.0770893 0.0894313 0.0699175 0.0730608 0.0774794 0.0790914 0.0825222  0.072858 0.0790465 0.0891102  0.119784 0.0858688 0.0680681 0.0719317  0.074849 0.0735826 0.0721585 0.0955399 0.0825621 0.0769861 0.0694838 0.0856476 0.0812059 0.0703709 0.0866821 0.0805401 0.0747166 0.0978557 0.0838473 0.0778063 0.0676171 0.0748633 0.0710852  0.070177 0.0862785 0.0730855 0.0658075 0.0809305 0.0723719 0.0637204 0.0809376 0.0722073 0.0757213 0.0865783 0.0980313 0.0776077  0.077777  0.077101 0.0774613 0.0847382 0.0870904 0.0697772 0.0829218 0.0707337 0.0804123 0.0909598 0.0696338 0.0875229 0.0829397 0.0683214 0.0749875  0.086131  0.071655 0.0821031 0.0672877 0.0514423
0.0721762 0.0882555 0.0816255         0 0.0835367 0.0843881  0.078235 0.0825637 0.0971461 0.0693777 0.0825593 0.0827805 0.0953567 0.0879146 0.0802518 0.0921391 0.0774027 0.0780519 0.0812178 0.0873479 0.0910023 0.0956412 0.0846519 0.0825418  0.096865 0.0786007 0.0827499  0.110319 0.0988885 0.0673943 0.0961782 0.0821651 0.0972089 0.0969419 0.0984107 0.0990626 0.0883556 0.0945239 0.0904305 0.0880394 0.0890166 0.0876965 0.0787614 0.0845717  0.118152  0.090575 0.0899535  0.100158 0.0958937 0.0854401 0.0965169 0.0922086  0.101565 0.0928527   0.10067 0.0946131 0.0987052 0.0754032  0.100463 0.0918715  0.080203 0.0955995 0.0836782 0.0956546 0.0806809 0.0858224 0.0898739 0.0910891 0.0748557 0.0884228  0.088991 0.0830944 0.0973777 0.0890567 0.0909004  0.102391 0.0716215  0.093924  0.101438 0.0780067  0.084373 0.0890284 0.0805413 0.0984997 0.0899815 0.0954953 0.0976933 0.0823211  0.100174 0.0907948 0.0872968  0.101003 0.0954629 0.0898593 0.0834366 0.0857522 0.0772812 0.0814715 0.0810843 0.0636299
0.0703201 0.0761157 0.0702401 0.0835367         0 0.0795027 0.0779392  0.083551 0.0808035 0.0796118 0.0823478 0.0742635 0.0826261 0.0774453 0.0684337 0.0699549 0.0729362 0.0887857 0.0634294 0.0790393 0.0947199  0.074773  0.109942 0.0781556 0.0846378 0.0750706 0.0940024 0.0755491 0.0830301 0.0616047 0.0765403 0.0758351 0.0708126 0.0822476 0.0936789 0.0910052 0.0668685 0.0787697   0.07428 0.0788605 0.0852574 0.0796124 0.0795937  0.077696  0.122545 0.0750847 0.0741438 0.0866885  0.088105 0.0790268  0.075494 0.0894766 0.0909809 0.0766545  0.081329 0.0940974 0.0887495  0.076838 0.0837061 0.0840489 0.0721963 0.0844086 0.0770087  0.077583 0.0772418 0.0814689  0.067242  0.066421 0.0661164 0.0682171 0.0750248 0.0756859 0.0778094 0.0765646 0.0809384 0.0794093 0.0657307 0.0810266   0.10215 0.0653904 0.0746071 0.0736792 0.0680568 0.0821645 0.0871609 0.0809576 0.0847941  0.082661 0.0810486 0.0834665 0.0863928 0.0768875 0.0735667 0.0734436 0.0727161 0.0784419 0.0726694 0.0682639 0.0723251 0.0510301
  0.06859 0.0820347  0.070172 0.0843881 0.0795027         0 0.0859586 0.0756161 0.0810409 0.0859656 0.0740419 0.0847359 0.0705723 0.0779994 0.0736282 0.0852012 0.0752346 0.0858514 0.0714781 0.0654923 0.0960111 0.0849188 0.0984428  0.063737 0.0803847 0.0738862 0.0858051 0.0892465 0.0701521 0.0781223 0.0713502 0.0915949 0.0812677 0.0772752 0.0718359 0.0884728 0.0713218 0.0618195 0.0787588 0.0735792 0.0834177 0.0778569  0.085237 0.0897756  0.120617 0.0781982 0.0646395 0.0803931 0.0858726 0.0803004  0.078261  0.082032 0.0820237 0.0758402 0.0752217 0.0855355  0.075219 0.0676158 0.0857238  0.078314 0.0723572  0.100822 0.0899986 0.0891595 0.0765469 0.0800705 0.0752452 0.0815904 0.0851869 0.0705256 0.0804509 0.0826565 0.0662474 0.0665254 0.0785391 0.0746154 0.0792265 0.0948136  0.100045 0.0780061 0.0677562 0.0789011 0.0776877 0.0898602 0.0755437 0.0729568 0.0832045  0.077848 0.0734601 0.0872739 0.0762705 0.0892369 0.0801218 0.0702614 0.0795123 0.0841277  0.078053 0.0812078 0.0624289 0.0541481
0.0651259 0.0910028 0.0757021  0.078235 0.0779392 0.0859586         0 0.0752871 0.0883014 0.0668816  0.085034 0.0710699 0.0870421 0.0885754 0.0743793 0.0786953 0.0730073 0.0920133 0.0681531 0.0818316 0.0960761 0.0871437 0.0864192 0.0812246   0.08591 0.0787097  0.101294 0.0933242 0.0869407  0.061846 0.0827666 0.0801702 0.0795815 0.0979475   0.09481 0.0707731 0.0786494 0.0880692 0.0773977 0.0912653  0.082961 0.0814778 0.0590783 0.0570303  0.123382  0.081827 0.0746728 0.0791519 0.0821248 0.0793633 0.0873707 0.0904575 0.0822932 0.0703602 0.0866205 0.0887458 0.0910209 0.0823435 0.0849045 0.0743456 0.0825125 0.0823094 0.0794021 0.0630806 0.0767057 0.0848503 0.0734933 0.0906665 0.0774706 0.0831122 0.0733507 0.0749979 0.0845356 0.0805306 0.0863049 0.0909616 0.0653154 0.0888729 0.0880554 0.0770965 0.0842536 0.0752618 0.0662302 0.0856868 0.0869632 0.0817579 0.0878275 0.0796653 0.0873916 0.0892008 0.0788015  0.089693 0.0897106 0.0764181 0.0698647 0.0722756 0.0655679 0.0798388 0.0808226 0.0572058
0.0758162 0.0816221 0.0818248 0.0825637  0.083551 0.0756161 0.0752871         0 0.0804131 0.0676099 0.0887695 0.0728542 0.0873893 0.0850375 0.0688786 0.0793196 0.0608584 0.0954115 0.0755326 0.0727843  0.109218  0.092316 0.0940335 0.0734908 0.0858499 0.0838278  0.101536 0.0952398 0.0816651  0.069258 0.0840443 0.0826247 0.0773766  0.081699   0.10167 0.0868528 0.0603654 0.0822188 0.0712879  0.083191 0.0819272 0.0808014 0.0783608 0.0850809   0.13265 0.0804785 0.0809824 0.0899124  0.102138 0.0699062 0.0729774 0.0863306 0.0868642 0.0774702 0.0931824   0.10436 0.0856567  0.080518 0.0757118 0.0874948 0.0667716 0.0885483 0.0885788 0.0929978 0.0785343 0.0886577 0.0845674 0.0906127 0.0942577 0.0848874 0.0885418 0.0807866 0.0888054 0.0760115 0.0877453  0.089093 0.0803734 0.0975416  0.107763 0.0829042 0.0845206 0.0672346 0.0589534 0.0924701 0.0774238 0.0846723 0.0779582 0.0899793 0.0904827 0.0823292 0.0729294 0.0746764 0.0776197 0.0740237 0.0818016 0.0751743 0.0765385 0.0866274   0.06602 0.0578946
0.0890267 0.0773976 0.0821803 0.0971461 0.0808035 0.0810409 0.0883014 0.0804131         0 0.0887832 0.0838018 0.0831857  0.092102 0.0699851  0.062004 0.0970622 0.0716462  0.107439 0.0926357 0.0771674  0.119945 0.0793785  0.111998 0.0887029 0.0808357 0.0855356  0.114068 0.0722801 0.0731894 0.0818089 0.0709697  0.103539 0.0741539 0.0809932  0.091453  0.101021 0.0703761 0.0762722 0.0754827 0.0856673 0.0773304 0.0929545 0.0957911 0.0979058  0.135557 0.0768924 0.0885514  0.085364 0.0957661 0.0753822 0.0637461 0.0813408 0.0849741 0.0694205 0.0764968  0.105848 0.0860982 0.0879701 0.0912857 0.0804082 0.0720661 0.0952364 0.0934554  0.102487 0.0917817 0.0943866 0.0600935 0.0813782 0.0928774 0.0800176 0.0916935 0.0852106 0.0887508 0.0656427 0.0828955 0.0668398 0.0902921  0.103616   0.11854 0.0925518 0.0793744 0.0808295 0.0885476 0.0695107 0.0814201 0.0709781 0.0740132 0.0990832 0.0838894 0.0921749 0.0663252 0.0731513 0.0703197 0.0696935 0.0908953  0.101437 0.0824748  0.080043 0.0673677 0.0628237
0.0703665 0.0818351 0.0801504 0.0693777 0.0796118 0.0859656 0.0668816 0.0676099 0.0887832         0  0.090763  0.072241 0.0826491 0.0870979 0.0755907 0.0802705 0.0801552  0.080386 0.0672254 0.0781142  0.084999 0.0980517 0.0913738 0.0770422 0.0941965 0.0854912 0.0936863 0.0889194 0.0815512 0.0712674 0.0851875 0.0755568 0.0847349  0.103228 0.0981554 0.0781746 0.0722115 0.0883498 0.0774721 0.0802899 0.0791721 0.0792831 0.0703081 0.0652717  0.115878 0.0821857 0.0823568 0.0890647 0.0843764 0.0848265 0.0874398 0.0836058 0.0868436 0.0812418 0.0943333 0.0869254  0.100093  0.081911 0.0752878 0.0752531 0.0809904  0.074686 0.0684163 0.0780054 0.0597123 0.0799988 0.0829913 0.0825803 0.0657423 0.0829686 0.0712608 0.0826783 0.0842324  0.084524 0.0857116  0.090708 0.0612457  0.075387 0.0860475 0.0670232 0.0783914 0.0814441 0.0515932 0.0978315  0.091551 0.0852337 0.0995316 0.0729114 0.0861061 0.0812039 0.0900246 0.0953556 0.0899568 0.0715873 0.0712066  0.074511 0.0613478  0.079738 0.0764672 0.0555984
 0.076314 0.0771158 0.0761846 0.0825593 0.0823478 0.0740419  0.085034 0.0887695 0.0838018  0.090763         0 0.0875622  0.070085 0.0753805  0.079462 0.0844905 0.0839107 0.0887716  0.084632 0.0750651  0.091979 0.0872269   0.10625 0.0766989 0.0882815 0.0829325 0.0875029  0.092771 0.0820873 0.0791645 0.0831769 0.0858888 0.0832128 0.0808006 0.0878139 0.0983474 0.0865306 0.0691217 0.0837695  0.085624 0.0835746 0.0814463 0.0974598 0.0892872  0.101814 0.0818505    0.0858 0.0833892 0.0774131  0.089991 0.0937008 0.0860014 0.0887666 0.0888336 0.0840892 0.0971689 0.0879907 0.0713622 0.0986962 0.0786299 0.0770525  0.104825 0.0925834  0.096978 0.0839451  0.078157 0.0678489 0.0767819 0.0869663 0.0795558 0.0792999 0.0821158 0.0808894 0.0761428 0.0861654 0.0848751 0.0815185 0.0930452  0.102121 0.0863028 0.0746127 0.0907169 0.0810749 0.0891827 0.0873897 0.0778044 0.0879766 0.0897419  0.071759 0.0898374  0.083002 0.0895961 0.0960078  0.075263 0.0864077 0.0814302  0.086962 0.0802661 0.0770438  0.059304
  0.07086  0.075068 0.0717585 0.0827805 0.0742635 0.0847359 0.0710699 0.0728542 0.0831857  0.072241 0.0875622         0 0.0885099 0.0763704 0.0700267 0.0830403 0.0721977 0.0854427 0.0715595 0.0864371   0.09927 0.0823027  0.090892  0.079752 0.0827667 0.0754555 0.0997098 0.0801937 0.0753531 0.0646939 0.0783875 0.0802427  0.080285 0.0924045  0.102098 0.0797619 0.0714154  0.089864 0.0665679 0.0878552 0.0900622 0.0824911 0.0677636 0.0780033  0.126714  0.073165 0.0784463 0.0878269 0.0876132 0.0708892 0.0750888  0.088117 0.0811805 0.0773453 0.0847378 0.0946757 0.0784576 0.0828685 0.0819179 0.0862153 0.0683528 0.0833263 0.0695425 0.0811521 0.0795277 0.0869506 0.0792615 0.0848849 0.0825524 0.0786126 0.0820041 0.0702142 0.0884452 0.0659592 0.0761031 0.0771776 0.0721002 0.0792966 0.0934861 0.0741151  0.086751 0.0647676 0.0652422 0.0743088 0.0773794 0.0822376 0.0797223 0.0809303 0.0875224 0.0845541  0.067588 0.0778254 0.0703159 0.0768599 0.0672306  0.077143 0.0651622 0.0802906 0.0702012 0.0550155
 0.078939 0.0764373 0.0677386 0.0953567 0.0826261 0.0705723 0.0870421 0.0873893  0.092102 0.0826491  0.070085 0.0885099         0 0.0830588 0.0837551 0.0757382  0.081544 0.0874532 0.0757368 0.0615781  0.086066 0.0925691  0.112484 0.0658302 0.0848124 0.0844072 0.0920426 0.0796837 0.0643639 0.0834509  0.070286 0.0812458 0.0741905 0.0921041 0.0855904 0.0849547 0.0698944 0.0597581 0.0731697 0.0764398 0.0764165 0.0823652 0.0876775 0.0778685  0.098677  0.083472 0.0694686 0.0717208 0.0698305 0.0899778 0.0872541 0.0805413  0.079017  0.083143 0.0730689 0.0789125 0.0844967  0.074209 0.0787589 0.0648994 0.0840482 0.0979021 0.0834899 0.0911518 0.0737343 0.0753577 0.0672688  0.073404 0.0817682 0.0776174 0.0714244 0.0912127 0.0662883 0.0682711 0.0767845   0.07475  0.082893 0.0913543 0.0939159 0.0858565  0.073816 0.0823285 0.0776962 0.0927269 0.0926941 0.0754212 0.0952681 0.0805149 0.0637256 0.0923521 0.0919075 0.0904087 0.0912442 0.0648262 0.0784359 0.0839698  0.074608 0.0832113  0.071002 0.0547837
0.0852967 0.0799199 0.0745071 0.0879146 0.0774453 0.0779994 0.0885754 0.0850375 0.0699851 0.0870979 0.0753805 0.0763704 0.0830588         0 0.0693957 0.0855705 0.0775002 0.0983787 0.0907819 0.0806652  0.112417  0.082754  0.107735 0.0755022 0.0907529 0.0746381  0.106208 0.0826461 0.0721245 0.0802255 0.0815164 0.0915612 0.0742443 0.0857623 0.0948295  0.103024 0.0753663 0.0756231 0.0769843 0.0839654 0.0863908 0.0972712 0.0844046 0.0876729  0.127003 0.0682878   0.08118 0.0825709 0.0926921 0.0685394 0.0662573 0.0742987 0.0875051  0.071602 0.0792474  0.104613 0.0833759 0.0765501 0.0924044 0.0763219 0.0698306   0.10195 0.0906245 0.0856514 0.0959704  0.094364 0.0717023 0.0839836  0.080539 0.0715858 0.0836859 0.0859542 0.0865817 0.0673369 0.0759483 0.0683406 0.0786074 0.0992048  0.111796 0.0879817 0.0695238 0.0807706 0.0845363 0.0674034 0.0817061 0.0723002 0.0685246 0.0857927 0.0814951 0.0899729  0.074241 0.0717088 0.0754931  0.070766 0.0841594 0.0993971 0.0745262  0.073893  0.059923 0.0577286
0.0686613 0.0652872 0.0724132 0.0802518 0.0684337 0.0736282 0.0743793 0.0688786  0.062004 0.0755907  0.079462 0.0700267 0.0837551 0.0693957         0 0.0795234 0.0646171 0.0966615 0.0727695 0.0700302 0.0993868 0.0677588 0.0979274 0.0794276 0.0713902 0.0727559 0.0935257 0.0864951 0.0713769 0.0625959 0.0657568 0.0882292 0.0638455 0.0768087 0.0973001 0.0832963 0.0644038 0.0771882 0.0665912 0.0871863 0.0748843 0.0783869 0.0791289 0.0824471  0.119445 0.0757928 0.0747231  0.085995 0.0981803 0.0706852 0.0704478 0.0775814 0.0879268 0.0682533 0.0717289 0.0989509 0.0757188 0.0754228 0.0899159 0.0763429 0.0609143 0.0928236 0.0874975 0.0893876 0.0804907 0.0811993 0.0589274 0.0736136  0.080617 0.0776154 0.0834071 0.0765755 0.0769814 0.0694616 0.0792565  0.072091  0.075944 0.0996255  0.110944 0.0746597 0.0758323  0.077338 0.0685423 0.0669665 0.0759995 0.0766271 0.0814204 0.0869272 0.0790079  0.083625 0.0608827 0.0634809 0.0728215 0.0734778  0.081106 0.0876925 0.0783274  0.082478 0.0714544 0.0504351
0.0744417 0.0821234 0.0824645 0.0921391 0.0699549 0.0852012 0.0786953 0.0793196 0.0970622 0.0802705 0.0844905 0.0830403 0.0757382 0.0855705 0.0795234         0 0.0859014 0.0939622 0.0675114 0.0796619 0.0925969 0.0844222  0.111736 0.0733396  0.072464 0.0789222 0.0936819 0.0900709 0.0892902 0.0664392  0.084538  0.077949 0.0769406 0.0954132  0.104443 0.0830133 0.0768618  0.078071 0.0793084 0.0908262 0.0781348 0.0763484 0.0871146 0.0736269  0.115612 0.0740374 0.0766185 0.0881425  0.097322  0.092418  0.087381  0.085489 0.0916167 0.0773846 0.0893717  0.103539 0.0925397 0.0800852 0.0802205 0.0831171 0.0760546 0.0944898  0.086318 0.0840999 0.0779669 0.0845413 0.0719625 0.0776887 0.0732485 0.0795706 0.0738504 0.0908073  0.077765  0.089369 0.0797348 0.0866708 0.0706388 0.0881122  0.104019 0.0766266 0.0796568 0.0790772 0.0614114 0.0906104 0.0883795 0.0936228 0.0999852 0.0854576 0.0870604 0.0729717  0.092176 0.0885695 0.0917595 0.0755034 0.0750825 0.0795979 0.0832844 0.0879163 0.0808044 0.0578884
0.0773266 0.0774398 0.0757735 0.0774027 0.0729362 0.0752346 0.0730073 0.0608584 0.0716462 0.0801552 0.0839107 0.0721977  0.081544 0.0775002 0.0646171 0.0859014         0 0.0914506 0.0766783 0.0731206  0.107866 0.0800614 0.0952304 0.0740084 0.0781342 0.0799101  0.101378 0.0821813 0.0759428 0.0641755 0.0761501 0.0881009 0.0781573 0.0724239 0.0868772 0.0885071 0.0665977 0.0746119 0.0720526 0.0772011 0.0817679 0.0878184 0.0756199  0.075928  0.131463 0.0755666 0.0731392 0.0833437  0.100596  0.060713   0.06636 0.0758287 0.0808558 0.0715192 0.0819718 0.0964147 0.0785431 0.0656095 0.0831258 0.0828473 0.0664492 0.0907238  0.089201 0.0880191 0.0848685 0.0903552 0.0724847 0.0845233 0.0860389 0.0742376  0.089684 0.0725114 0.0834031 0.0587879 0.0819615 0.0779777 0.0791745 0.0973399   0.10297 0.0822679 0.0752027 0.0624909 0.0773173 0.0779562 0.0642338 0.0725603 0.0683034 0.0904502 0.0829938 0.0931003 0.0630775  0.070687 0.0708721 0.0743134 0.0783051 0.0817762 0.0745506 0.0796216  0.057874 0.0533651
0.0900806 0.0853161 0.0822883 0.0780519 0.0887857 0.0858514 0.0920133 0.0954115  0.107439  0.080386 0.0887716 0.0854427 0.0874532 0.0983787 0.0966615 0.0939622 0.0914506         0 0.0726983 0.0883061 0.0878175  0.103677  0.098155 0.0786834 0.0919948 0.0856677 0.0977482  0.101942 0.0963144 0.0847293 0.0951132 0.0796766 0.0987388  0.101683 0.0972077 0.0896699 0.0938504 0.0970313 0.0947812 0.0933343 0.0921781 0.0724353 0.0911007 0.0954462   0.11346 0.0927202 0.0972848 0.0988954 0.0874986  0.100507 0.0999451  0.100231  0.100064 0.0959266  0.102365 0.0985214  0.109134 0.0903742  0.100498 0.0983832 0.0958811   0.09482 0.0839417  0.090626 0.0863577 0.0930681 0.0960649 0.0758198 0.0857575 0.0991204 0.0871274 0.0923147 0.0963756 0.0922953 0.0996915 0.0993423 0.0754021 0.0799686  0.102656 0.0744279  0.101389 0.0927674 0.0825877  0.106714  0.102561 0.0991959 0.0960051 0.0893969  0.101057 0.0900864 0.0974888  0.100698  0.101132 0.0872476 0.0844025  0.080819 0.0780278 0.0893314 0.0833145 0.0714192
0.0652165  0.083363 0.0692798 0.0812178 0.0634294 0.0714781 0.0681531 0.0755326 0.0926357 0.0672254  0.084632 0.0715595 0.0757368 0.0907819 0.0727695 0.0675114 0.0766783 0.0726983         0  0.074735 0.0866693 0.0822479 0.0978698 0.0775156 0.0822571 0.0742497  0.087623 0.0874867  0.086186 0.0616788 0.0812256 0.0596744 0.0791831 0.0939282 0.0894947 0.0689181 0.0764526 0.0804506 0.0719941 0.0834363  0.085587 0.0610065 0.0747223 0.0708853   0.11287 0.0789172 0.0696754 0.0828458 0.0834444 0.0865171 0.0833562 0.0920111  0.090244 0.0757943  0.086593 0.0887879 0.0918506 0.0787836 0.0873771 0.0828883 0.0831331 0.0878901  0.076443 0.0657696 0.0678119 0.0620933 0.0763477 0.0725583 0.0719659 0.0715553 0.0662569 0.0785298 0.0728991 0.0800952 0.0904816  0.083351 0.0580624 0.0693277 0.0853293 0.0531833 0.0821073 0.0793703  0.057231 0.0900687 0.0883871 0.0857359 0.0934624 0.0670831 0.0829112 0.0683629 0.0866711 0.0845008 0.0841739 0.0683394 0.0679867 0.0643641  0.064419 0.0729128 0.0739658 0.0509577
0.0720728 0.0785013 0.0717434 0.0873479 0.0790393 0.0654923 0.0818316 0.0727843 0.0771674 0.0781142 0.0750651 0.0864371 0.0615781 0.0806652 0.0700302 0.0796619 0.0731206 0.0883061  0.074735         0 0.0983018 0.0883428  0.108588 0.0696439 0.0750238 0.0802209  0.086104 0.0829724 0.0744263 0.0702132 0.0630816 0.0807111 0.0642558 0.0793285 0.0782633 0.0832185 0.0692799 0.0605546 0.0738308 0.0796163 0.0681039 0.0761617 0.0873326 0.0865027  0.109063 0.0671657 0.0696536 0.0742667 0.0770989 0.0826034 0.0828536 0.0798782 0.0824989 0.0772884 0.0679209 0.0875744   0.07635 0.0742751 0.0749564 0.0744434 0.0717266 0.0901723 0.0840691 0.0884743 0.0773543  0.075242 0.0665115 0.0694073 0.0834312 0.0777933 0.0747545 0.0803171 0.0646745 0.0739369 0.0754786 0.0717467 0.0831608 0.0925331 0.0947385 0.0732503 0.0705016 0.0744125 0.0690952 0.0821203 0.0766599 0.0653836  0.090274 0.0814285 0.0669521 0.0794634 0.0779581 0.0780837 0.0795599 0.0690182 0.0797897 0.0826706 0.0769744 0.0828165 0.0658119 0.0506025
0.0850962 0.0988126  0.089846 0.0910023 0.0947199 0.0960111 0.0960761  0.109218  0.119945  0.084999  0.091979   0.09927  0.086066  0.112417 0.0993868 0.0925969  0.107866 0.0878175 0.0866693 0.0983018         0  0.113491  0.108263 0.0993937  0.102498 0.0981956 0.0985226  0.117987  0.104971   0.09805  0.104205 0.0848993  0.107556  0.117175  0.105609  0.086028  0.101327 0.0965566  0.108031  0.105058  0.102269 0.0829754   0.10171 0.0932432 0.0797371  0.104316  0.100601   0.11521 0.0872247  0.117823  0.119025  0.109545  0.105727  0.115852  0.102393 0.0967332  0.110321 0.0954263  0.107189 0.0943264  0.100403  0.105747 0.0790338 0.0981571 0.0858229  0.091141 0.0985326 0.0870731 0.0730506  0.104552 0.0754627 0.0972571  0.101819  0.107381  0.104793  0.113568 0.0784937 0.0801841 0.0892094 0.0828956 0.0948472  0.116076 0.0873895  0.121785   0.11407  0.110071  0.126978  0.083914  0.107021  0.104378  0.110479   0.11947  0.114277  0.107047 0.0804813 0.0926694 0.0942752  0.109293  0.106739 0.0803038
0.0891013 0.0771817  0.088862 0.0956412  0.074773 0.0849188 0.0871437  0.092316 0.0793785 0.0980517 0.0872269 0.0823027 0.0925691  0.082754 0.0677588 0.0844222 0.0800614  0.103677 0.0822479 0.0883428  0.113491         0  0.108896 0.0824478  0.063676 0.0729703  0.107032 0.0853957 0.0866861 0.0590112 0.0822093 0.0964046 0.0809882 0.0862098  0.104605 0.0993173 0.0832141 0.0901605 0.0631437 0.0874976 0.0780891 0.0877117 0.0877157 0.0905033  0.128483  0.073433 0.0790063 0.0936829  0.105178 0.0791478 0.0834277 0.0839107 0.0954659 0.0611864  0.092212   0.10387 0.0811309 0.0900468 0.0917128  0.082744  0.070236  0.106877 0.0987183 0.0970493 0.0941843 0.0926239 0.0660054 0.0811966 0.0907385 0.0875956  0.103634 0.0970207 0.0895009 0.0747362 0.0775693 0.0801583 0.0870448  0.106101  0.121938 0.0893914  0.085287 0.0773302 0.0808085 0.0799826 0.0805382 0.0913866  0.084896  0.101359 0.0892441 0.0880047 0.0719063 0.0720058 0.0740644  0.078141 0.0923889 0.0903705 0.0865097 0.0788347 0.0765645 0.0632102
0.0890712   0.10067  0.098043 0.0846519  0.109942 0.0984428 0.0864192 0.0940335  0.111998 0.0913738   0.10625  0.090892  0.112484  0.107735 0.0979274  0.111736 0.0952304  0.098155 0.0978698  0.108588  0.108263  0.108896         0  0.107898  0.104545 0.0969211   0.10891  0.124642   0.10766 0.0987672  0.106498  0.110304  0.120158  0.115126  0.118106  0.103461  0.106453  0.109828  0.108887  0.113991  0.106882 0.0988973 0.0957945  0.100999  0.141982  0.113602  0.107268  0.112702  0.107167  0.102825  0.114391  0.102451  0.109871  0.106317  0.110642  0.103434  0.113518  0.106884  0.115528  0.109048  0.096358  0.104288  0.109026 0.0951019 0.0976123 0.0969648  0.104363  0.116417  0.104464  0.108743 0.0989746 0.0937153  0.113289  0.107488   0.10983  0.111271 0.0985579  0.112668  0.114486 0.0969208  0.104413  0.103009 0.0972249  0.117929  0.105405  0.103479  0.109116 0.0936077  0.111748  0.110055  0.099228  0.120022  0.105164    0.1067 0.0849692  0.090539 0.0847777  0.107767 0.0953441 0.0894993
0.0790895 0.0777198 0.0723206 0.0825418 0.0781556  0.063737 0.0812246 0.0734908 0.0887029 0.0770422 0.0766989  0.079752 0.0658302 0.0755022 0.0794276 0.0733396 0.0740084 0.0786834 0.0775156 0.0696439 0.0993937 0.0824478  0.107898         0 0.0824045 0.0684224  0.094116 0.0813774 0.0727965  0.068226 0.0768901 0.0825024 0.0792985 0.0853663 0.0833327 0.0921288 0.0648007 0.0735369 0.0658163 0.0575999 0.0786722 0.0839038 0.0786579 0.0792566  0.123093  0.074696 0.0619544 0.0739018 0.0878159 0.0813804 0.0725565   0.08822  0.077746 0.0703646 0.0836747 0.0907762 0.0777066  0.064566 0.0692082 0.0754294  0.069236 0.0950342 0.0826044  0.089189  0.075091 0.0959483 0.0756417 0.0773766 0.0835505 0.0727239   0.08441 0.0899508 0.0721894 0.0649672 0.0599333 0.0780136 0.0776374 0.0871691 0.0998235 0.0875534 0.0745558 0.0707303 0.0695152 0.0886203 0.0744987 0.0778189 0.0762717 0.0872765 0.0802841 0.0907639 0.0777451  0.082485 0.0808069  0.069607 0.0784814 0.0805653 0.0721179 0.0809401 0.0599176 0.0511984
0.0859287 0.0713646 0.0850545  0.096865 0.0846378 0.0803847   0.08591 0.0858499 0.0808357 0.0941965 0.0882815 0.0827667 0.0848124 0.0907529 0.0713902  0.072464 0.0781342 0.0919948 0.0822571 0.0750238  0.102498  0.063676  0.104545 0.0824045         0 0.0771626  0.104285 0.0858283 0.0839885 0.0683856 0.0767871 0.0949742 0.0775271 0.0869331  0.100222 0.0876932 0.0797834 0.0806456 0.0788538 0.0954678 0.0676872 0.0705071 0.0898306 0.0930234  0.120206 0.0733659  0.079572 0.0912714   0.10029 0.0834416 0.0924697 0.0817955  0.090426 0.0658457 0.0877607  0.105354 0.0879058 0.0879558 0.0814433 0.0891478 0.0714454  0.101081 0.0941919 0.0962361 0.0922373 0.0947724 0.0675364 0.0758924 0.0920337 0.0961176 0.0959353 0.0917722  0.085131 0.0790835 0.0806312  0.081168 0.0869263  0.108795  0.119191 0.0858884 0.0904674 0.0771793 0.0788332 0.0847494  0.080666 0.0914448 0.0903586 0.0991528 0.0927933 0.0726977 0.0738065 0.0809663 0.0806024 0.0804075 0.0826588 0.0879275 0.0898516 0.0926192 0.0808995 0.0626622
0.0768548 0.0704028  0.065115 0.0786007 0.0750706 0.0738862 0.0787097 0.0838278 0.0855356 0.0854912 0.0829325 0.0754555 0.0844072 0.0746381 0.0727559 0.0789222 0.0799101 0.0856677 0.0742497 0.0802209 0.0981956 0.0729703 0.0969211 0.0684224 0.0771626         0 0.0938972 0.0890117  0.083587 0.0590455 0.0746413  0.084325 0.0856802 0.0773592 0.0838306 0.0973678 0.0835849  0.079894   0.06915 0.0724545 0.0867701 0.0827853 0.0786377 0.0852275  0.129222 0.0722756 0.0756642 0.0761473 0.0867036 0.0761746 0.0733475 0.0922358 0.0860514 0.0713039 0.0848038 0.0915644 0.0734758   0.07516 0.0894365 0.0751343 0.0634233  0.104428 0.0946847 0.0859951 0.0832254 0.0882505 0.0726522 0.0802292 0.0870719 0.0770688 0.0867888  0.093204 0.0794014 0.0717707 0.0773505 0.0799355 0.0796009 0.0944073   0.11436 0.0793873 0.0817813  0.072484 0.0776327 0.0761545 0.0734427 0.0855292 0.0786733 0.0857186 0.0870766 0.0895483  0.065765 0.0837788 0.0742742 0.0806554 0.0846383 0.0838979 0.0788347 0.0865104 0.0745379 0.0555405
0.0795463 0.0945857 0.0974517 0.0827499 0.0940024 0.0858051  0.101294  0.101536  0.114068 0.0936863 0.0875029 0.0997098 0.0920426  0.106208 0.0935257 0.0936819  0.101378 0.0977482  0.087623  0.086104 0.0985226  0.107032   0.10891  0.094116  0.104285 0.0938972         0  0.117855  0.108693 0.0870205  0.101357  0.101079  0.103994  0.108806  0.107768  0.102293  0.105181 0.0909048  0.103555   0.10202  0.102012 0.0970949   0.10277 0.0988188  0.123697 0.0944024 0.0994406  0.101232  0.102282  0.111784  0.111066   0.10236  0.112613  0.107299  0.101496  0.105227  0.101542 0.0868968  0.102016 0.0992819 0.0943085  0.108764  0.100684   0.10877 0.0874608 0.0811206 0.0957945  0.093548 0.0898807 0.0921654 0.0897429 0.0966976 0.0872847  0.103893  0.102004  0.109443 0.0905969  0.103497  0.110552 0.0788859 0.0954347  0.104378 0.0844309  0.108057 0.0976181  0.100995  0.120779 0.0875335 0.0952013 0.0948614  0.108037  0.115554  0.111459  0.101938 0.0978873 0.0926278 0.0982926 0.0993745   0.10209 0.0790246
0.0935682 0.0763154 0.0786344  0.110319 0.0755491 0.0892465 0.0933242 0.0952398 0.0722801 0.0889194  0.092771 0.0801937 0.0796837 0.0826461 0.0864951 0.0900709 0.0821813  0.101942 0.0874867 0.0829724  0.117987 0.0853957  0.124642 0.0813774 0.0858283 0.0890117  0.117855         0 0.0675988 0.0852212 0.0749324 0.0986371  0.072107 0.0905065 0.0852973  0.102925 0.0707817 0.0810667 0.0719677 0.0780279 0.0843583 0.0963775 0.0946347 0.0938163  0.139213 0.0729864 0.0764689 0.0769299 0.0922247 0.0827535 0.0695548 0.0856973 0.0784122 0.0643412 0.0825355  0.105921 0.0951112 0.0867526 0.0761312 0.0781201 0.0840851 0.0914331  0.091056 0.0976226 0.0856804 0.0956038 0.0701399 0.0735588  0.093286 0.0791264  0.090317 0.0952308 0.0819853 0.0673778 0.0778584 0.0679217 0.0876669 0.0930901  0.108577 0.0921137 0.0794244 0.0760162 0.0848318 0.0806278 0.0865886 0.0754542 0.0796388 0.0999483  0.077846 0.0971122 0.0857173  0.084746 0.0747937 0.0622693 0.0901658 0.0950633 0.0851393 0.0822874 0.0674805 0.0635344
0.0828701 0.0731059 0.0767476 0.0988885 0.0830301 0.0701521 0.0869407 0.0816651 0.0731894 0.0815512 0.0820873 0.0753531 0.0643639 0.0721245 0.0713769 0.0892902 0.0759428 0.0963144  0.086186 0.0744263  0.104971 0.0866861   0.10766 0.0727965 0.0839885  0.083587  0.108693 0.0675988         0 0.0871037 0.0656685 0.0920294 0.0760977 0.0817656 0.0907446 0.0909604  0.061889 0.0734301 0.0678467 0.0787178 0.0757075  0.092203  0.083754 0.0859287  0.119524  0.077868 0.0731964 0.0745856 0.0818028 0.0760729 0.0777949 0.0738925 0.0748845 0.0734887 0.0816139   0.08856 0.0821634 0.0795022 0.0833485 0.0654394 0.0781678 0.0952511 0.0866892 0.0940544 0.0825899 0.0853327 0.0676569 0.0840299 0.0913538 0.0784048 0.0865312 0.0879164 0.0797582 0.0588741  0.076651 0.0669422 0.0877529  0.100105   0.10352 0.0949564 0.0734735 0.0693619 0.0827721 0.0789683 0.0842826 0.0703327 0.0827227 0.0911322 0.0766028 0.0964346 0.0712288 0.0784812 0.0775227 0.0653322 0.0816301 0.0938656 0.0753497 0.0814436 0.0626989 0.0577293
0.0658902 0.0754592 0.0746373 0.0673943 0.0616047 0.0781223  0.061846  0.069258 0.0818089 0.0712674 0.0791645 0.0646939 0.0834509 0.0802255 0.0625959 0.0664392 0.0641755 0.0847293 0.0616788 0.0702132   0.09805 0.0590112 0.0987672  0.068226 0.0683856 0.0590455 0.0870205 0.0852212 0.0871037         0 0.0740666 0.0710116 0.0721878 0.0786999 0.0926567 0.0822213 0.0718149 0.0793579 0.0607288 0.0746763 0.0748655 0.0746761 0.0715596  0.070629  0.121203 0.0646471 0.0704288 0.0796704 0.0897202 0.0677693 0.0764722  0.085286 0.0807827  0.065569 0.0804237 0.0926385 0.0767937 0.0763746 0.0761209 0.0761771 0.0570502 0.0861591 0.0820275 0.0822087 0.0758821 0.0808199 0.0676569 0.0709088 0.0715867 0.0765168 0.0829017 0.0773238 0.0787099 0.0708353  0.069493 0.0821974 0.0636283 0.0850702  0.103457 0.0668281  0.076211 0.0658895 0.0568676 0.0739164 0.0651159  0.084338 0.0792352 0.0866417 0.0814292 0.0730028 0.0690358 0.0685569 0.0733485 0.0730144 0.0796757 0.0647172  0.074945 0.0730156 0.0700303 0.0446235
0.0809489 0.0743014 0.0649855 0.0961782 0.0765403 0.0713502 0.0827666 0.0840443 0.0709697 0.0851875 0.0831769 0.0783875  0.070286 0.0815164 0.0657568  0.084538 0.0761501 0.0951132 0.0812256 0.0630816  0.104205 0.0822093  0.106498 0.0768901 0.0767871 0.0746413  0.101357 0.0749324 0.0656685 0.0740666         0 0.0974302 0.0794239 0.0843505 0.0871442 0.0927502 0.0721979 0.0706439 0.0658537 0.0823628  0.077862 0.0863407  0.092713 0.0875132   0.12195   0.07907 0.0698961 0.0696706 0.0787493 0.0839421 0.0763764 0.0842606 0.0795449 0.0773711 0.0617382 0.0869547 0.0664729 0.0829495 0.0936923 0.0659071 0.0723688  0.098272  0.098055 0.0894211 0.0708142 0.0821202 0.0600155 0.0807502 0.0935981 0.0744851 0.0786373 0.0900285 0.0740011 0.0712442 0.0800693 0.0528614 0.0883608 0.0975552  0.108115 0.0819851 0.0766625 0.0681403 0.0817662 0.0810459 0.0820677 0.0669535 0.0865897 0.0860591 0.0642298 0.0999513 0.0676429 0.0800179 0.0742645 0.0727114 0.0785927 0.0939526  0.078432 0.0864712 0.0652665 0.0569569
0.0791738 0.0948477  0.084453 0.0821651 0.0758351 0.0915949 0.0801702 0.0826247  0.103539 0.0755568 0.0858888 0.0802427 0.0812458 0.0915612 0.0882292  0.077949 0.0881009 0.0796766 0.0596744 0.0807111 0.0848993 0.0964046  0.110304 0.0825024 0.0949742  0.084325  0.101079 0.0986371 0.0920294 0.0710116 0.0974302         0 0.0799784 0.0979735 0.0982085 0.0840964 0.0804529 0.0868722 0.0843398 0.0907163 0.0856765 0.0752741 0.0824861 0.0822917 0.0954798  0.078429 0.0834423  0.100479 0.0818756 0.0960445 0.0964941  0.102341  0.097063 0.0912934  0.105801  0.101272 0.0986795 0.0879267 0.0930137 0.0911667 0.0878327 0.0945502  0.069153 0.0814079  0.085935 0.0788805 0.0893532 0.0777579 0.0716658 0.0853135 0.0769571  0.080191 0.0978532 0.0886887  0.090112 0.0995523 0.0667148 0.0771583 0.0825524 0.0761464 0.0844766 0.0868567 0.0661376 0.0965529 0.0991323 0.0999517  0.101219 0.0829654  0.101728 0.0783125 0.0976194 0.0884418 0.0912913 0.0819236 0.0798484 0.0690442 0.0736633 0.0856728 0.0868365 0.0621152
0.0759172 0.0723722 0.0798531 0.0972089 0.0708126 0.0812677 0.0795815 0.0773766 0.0741539 0.0847349 0.0832128  0.080285 0.0741905 0.0742443 0.0638455 0.0769406 0.0781573 0.0987388 0.0791831 0.0642558  0.107556 0.0809882  0.120158 0.0792985 0.0775271 0.0856802  0.103994  0.072107 0.0760977 0.0721878 0.0794239 0.0799784         0 0.0832523 0.0944811 0.0837859 0.0605491 0.0776499 0.0719607 0.0879157  0.071228 0.0845254 0.0786535 0.0832265  0.120776 0.0669519 0.0730293  0.085005 0.0896105 0.0768882 0.0778842 0.0792435 0.0838614 0.0670953 0.0785904 0.0995101 0.0878076  0.082994 0.0720546 0.0770973 0.0723873 0.0807427 0.0798213 0.0974006 0.0873628 0.0919568 0.0662266 0.0666997 0.0778478 0.0867633 0.0846954 0.0803312 0.0740442 0.0709667 0.0712794 0.0819646 0.0776776 0.0918478  0.104192 0.0787843 0.0757265 0.0770968 0.0681963 0.0709649 0.0880251 0.0798771 0.0837148 0.0965785 0.0797929 0.0859114 0.0818674 0.0725032 0.0810004 0.0663746  0.085375 0.0873598 0.0812157 0.0838538 0.0755285 0.0542509
0.0927391 0.0832249  0.084544 0.0969419 0.0822476 0.0772752 0.0979475  0.081699 0.0809932  0.103228 0.0808006 0.0924045 0.0921041 0.0857623 0.0768087 0.0954132 0.0724239  0.101683 0.0939282 0.0793285  0.117175 0.0862098  0.115126 0.0853663 0.0869331 0.0773592  0.108806 0.0905065 0.0817656 0.0786999 0.0843505 0.0979735 0.0832523         0 0.0813037   0.10083 0.0803308  0.073693  0.089522 0.0887555 0.0901968 0.0933276  0.097746  0.105944   0.13587 0.0829294 0.0940125 0.0907187  0.103875 0.0748025 0.0799045 0.0982957 0.0900617 0.0847517 0.0900703  0.113777 0.0826745 0.0801374 0.0971708  0.097284 0.0692834  0.110163  0.101519  0.110533  0.105245 0.0988878 0.0836918 0.0847244   0.10608 0.0914206  0.108054 0.0840577 0.0915242 0.0772576 0.0901801 0.0941951  0.102962  0.114285   0.12276 0.0953275 0.0818777 0.0757657  0.089417 0.0815008 0.0755447 0.0854722 0.0802071   0.10873 0.0950653  0.100769 0.0775118  0.082895  0.086686 0.0888237  0.102559  0.083911 0.0978553  0.100545 0.0765585 0.0703638
0.0953086  0.103561 0.0770893 0.0984107 0.0936789 0.0718359   0.09481   0.10167  0.091453 0.0981554 0.0878139  0.102098 0.0855904 0.0948295 0.0973001  0.104443 0.0868772 0.0972077 0.0894947 0.0782633  0.105609  0.104605  0.118106 0.0833327  0.100222 0.0838306  0.107768 0.0852973 0.0907446 0.0926567 0.0871442 0.0982085 0.0944811 0.0813037         0  0.105286 0.0939396 0.0710563 0.0974744 0.0837015 0.0977981 0.0980208  0.103678  0.101318  0.133447 0.0868664  0.079526 0.0784445 0.0950416  0.095084 0.0859024 0.0995923 0.0843772 0.0840096 0.0886945 0.0982294 0.0951211 0.0698137 0.0979401 0.0852768 0.0954448    0.1087  0.102008 0.0971062 0.0933342 0.0927292 0.0928517  0.086908 0.0973812 0.0790255  0.094647 0.0895631 0.0759756 0.0842792  0.096981 0.0867977 0.0905566  0.103128 0.0942982 0.0962328 0.0800163 0.0947077 0.0977292 0.0991994 0.0824442 0.0753497 0.0933198 0.0992557 0.0888949  0.104599 0.0919755  0.107559 0.0893495 0.0788633 0.0974198 0.0977241 0.0896953 0.0966873 0.0808102 0.0720928
0.0741092 0.0915828 0.0894313 0.0990626 0.0910052 0.0884728 0.0707731 0.0868528  0.101021 0.0781746 0.0983474 0.0797619 0.0849547  0.103024 0.0832963 0.0830133 0.0885071 0.0896699 0.0689181 0.0832185  0.086028 0.0993173  0.103461 0.0921288 0.0876932 0.0973678  0.102293  0.102925 0.0909604 0.0822213 0.0927502 0.0840964 0.0837859   0.10083  0.105286         0 0.0853693 0.0877484 0.0959735  0.104018 0.0912092 0.0691842 0.0767581 0.0718802  0.104928 0.0896029 0.0867397 0.0937417 0.0918986 0.0958734 0.0985672  0.101957 0.0950697 0.0903847 0.0908509  0.091878  0.100554 0.0907204 0.0892938 0.0908522 0.0932733 0.0912915 0.0661935 0.0803973 0.0937091  0.092129 0.0900721  0.088009 0.0787684  0.103874 0.0814321 0.0765868 0.0870364 0.0881611 0.0973099  0.103386 0.0771841 0.0806783 0.0828867  0.075859 0.0994172 0.0909741 0.0730732 0.0984255 0.0963506 0.0960094  0.107539 0.0817782 0.0979449 0.0901144 0.0947435 0.0972391  0.104837 0.0863121 0.0837706 0.0757691 0.0822854  0.103317 0.0934247 0.0718798
 0.076543 0.0696629 0.0699175 0.0883556 0.0668685 0.0713218 0.0786494 0.0603654 0.0703761 0.0722115 0.0865306 0.0714154 0.0698944 0.0753663 0.0644038 0.0768618 0.0665977 0.0938504 0.0764526 0.0692799  0.101327 0.0832141  0.106453 0.0648007 0.0797834 0.0835849  0.105181 0.0707817  0.061889 0.0718149 0.0721979 0.0804529 0.0605491 0.0803308 0.0939396 0.0853693         0  0.075877 0.0687234 0.0723576 0.0710472 0.0815283 0.0702471  0.083986  0.123264 0.0758045 0.0715785 0.0828286  0.089187 0.0684836 0.0673391 0.0781151 0.0753592 0.0693621 0.0803649 0.0922232  0.084192 0.0793656 0.0623244 0.0791891  0.063768 0.0783678 0.0724951  0.088522 0.0774297 0.0891203 0.0654323 0.0724083 0.0811345 0.0795778 0.0793614 0.0786062 0.0782029 0.0619916 0.0640721 0.0759151 0.0823055 0.0882557 0.0985397 0.0865459 0.0699405 0.0632574 0.0640068 0.0792749 0.0829515 0.0720281 0.0753976 0.0831544 0.0807681 0.0868409 0.0736683 0.0755382 0.0697165  0.063886 0.0718639  0.084666 0.0698253 0.0791562 0.0616385 0.0495443
 0.077159 0.0811932 0.0730608 0.0945239 0.0787697 0.0618195 0.0880692 0.0822188 0.0762722 0.0883498 0.0691217  0.089864 0.0597581 0.0756231 0.0771882  0.078071 0.0746119 0.0970313 0.0804506 0.0605546 0.0965566 0.0901605  0.109828 0.0735369 0.0806456  0.079894 0.0909048 0.0810667 0.0734301 0.0793579 0.0706439 0.0868722 0.0776499  0.073693 0.0710563 0.0877484  0.075877         0  0.081819 0.0762975 0.0807908 0.0775898 0.0999471 0.0870255  0.109711 0.0753782 0.0745855 0.0741055 0.0803579 0.0810306 0.0768656 0.0832935  0.077679 0.0794524 0.0651911 0.0943821 0.0722607 0.0712293 0.0837547 0.0731332 0.0686804   0.10235 0.0894305 0.0918823 0.0849121 0.0808354 0.0645572 0.0729554 0.0856318 0.0732819 0.0756053 0.0777521 0.0718336 0.0732898 0.0774442 0.0731209 0.0850889  0.098667 0.0941907 0.0814274 0.0664011 0.0814175 0.0799041 0.0883202 0.0722937 0.0627443 0.0888602  0.086079 0.0689922 0.0875097 0.0841878 0.0858731 0.0816114 0.0702655 0.0835835 0.0822236 0.0866114 0.0882341 0.0689193 0.0566721
0.0793498 0.0745902 0.0774794 0.0904305   0.07428 0.0787588 0.0773977 0.0712879 0.0754827 0.0774721 0.0837695 0.0665679 0.0731697 0.0769843 0.0665912 0.0793084 0.0720526 0.0947812 0.0719941 0.0738308  0.108031 0.0631437  0.108887 0.0658163 0.0788538   0.06915  0.103555 0.0719677 0.0678467 0.0607288 0.0658537 0.0843398 0.0719607  0.089522 0.0974744 0.0959735 0.0687234  0.081819         0 0.0705207 0.0765854 0.0877645 0.0797956 0.0786295  0.128946 0.0731574 0.0671325 0.0739603 0.0889241 0.0701376 0.0687279 0.0816567 0.0761021 0.0636351 0.0795087 0.0945236 0.0637998 0.0811941 0.0788945 0.0645886 0.0654051  0.100541 0.0926359  0.091974 0.0756046 0.0842219 0.0620359 0.0834095 0.0884375 0.0719117 0.0918535 0.0945526 0.0781688 0.0658412 0.0698962 0.0643988 0.0795595  0.092355  0.109617 0.0793137  0.077992 0.0652942 0.0717992 0.0784633 0.0766154 0.0792213 0.0781937 0.0944536 0.0726759 0.0883218 0.0703839 0.0642121 0.0587736 0.0673159 0.0813185 0.0821412  0.075054 0.0719084 0.0638927 0.0510458
0.0886405 0.0825141 0.0790914 0.0880394 0.0788605 0.0735792 0.0912653  0.083191 0.0856673 0.0802899  0.085624 0.0878552 0.0764398 0.0839654 0.0871863 0.0908262 0.0772011 0.0933343 0.0834363 0.0796163  0.105058 0.0874976  0.113991 0.0575999 0.0954678 0.0724545   0.10202 0.0780279 0.0787178 0.0746763 0.0823628 0.0907163 0.0879157 0.0887555 0.0837015  0.104018 0.0723576 0.0762975 0.0705207         0 0.0960856  0.095905 0.0842085 0.0884605  0.129174 0.0817684 0.0795076 0.0829755 0.0896068 0.0788862 0.0765694 0.0875493 0.0767768 0.0784053  0.088079 0.0897405 0.0849929 0.0759616 0.0811081 0.0694782 0.0710362 0.0951698 0.0913176 0.0988052 0.0837086  0.100101 0.0748777 0.0820307 0.0880195  0.074735 0.0922275  0.101885 0.0825357 0.0681581 0.0761924 0.0791425 0.0886568 0.0860204   0.10951 0.0889775 0.0735804 0.0831832  0.082761 0.0909854  0.078258 0.0830704 0.0827166 0.0933349 0.0806362  0.103316 0.0841151 0.0894737 0.0815743 0.0693238 0.0926139 0.0827215 0.0816624 0.0754929 0.0646716  0.060432
