Pi: 0.235156 0.217582 0.175716 0.371546
S:  0.154118  0.205634 0.0556087 0.0119532  0.567389 0.0052977
