Pi: 0.235078 0.219804 0.174675 0.370442
S:   0.151436   0.203455  0.0552129  0.0114217   0.572355 0.00611919
