Pi: 0.232262 0.224473 0.172178 0.371087
S:   0.148562   0.200585  0.0550017  0.0114404   0.579763 0.00464685
