        0 0.0844675 0.0875575 0.0589404 0.0701823 0.0807527 0.0658378 0.0861256 0.0738415 0.0815057 0.0856747 0.0614798 0.0769802 0.0712016 0.0827234 0.0872003 0.0775265 0.0814221 0.0822248 0.0791256 0.0746162 0.0731879 0.0726534 0.0769025 0.0646443 0.0853972 0.0720323 0.0798673 0.0794355 0.0768209 0.0840245 0.0763434 0.0680239 0.0712599 0.0714409 0.0819073 0.0728744 0.0637774 0.0726016 0.0611247 0.0742376 0.0823009 0.0743817 0.0818172 0.0812474 0.0764691  0.078816 0.0765333  0.089306 0.0839388 0.0937338 0.0646199 0.0861154 0.0728349 0.0838978 0.0573996 0.0865595 0.0823174 0.0812796 0.0776566  0.083266 0.0753938 0.0829776 0.0798445  0.094459 0.0908946 0.0732493 0.0875932 0.0736748 0.0749698 0.0795101 0.0750491   0.08163 0.0742719  0.072961 0.0755803 0.0833852 0.0756611  0.077673 0.0680251 0.0718817 0.0872639 0.0791708 0.0882466 0.0724758 0.0726052  0.077109 0.0866653 0.0758167   0.07331 0.0897565  0.073091 0.0784914 0.0844183 0.0861963 0.0821103 0.0655188 0.0649571 0.0896148 0.0477406         0
0.0844675         0 0.0935148   0.07622 0.0782803  0.103173 0.0709365 0.0799396 0.0835289 0.0861967 0.0832711 0.0722476 0.0699656 0.0730226  0.101074 0.0864755 0.0826332 0.0794823 0.0828594 0.0907265 0.0823355  0.093565 0.0812734 0.0860501 0.0849157 0.0848585 0.0789215 0.0799042 0.0943993 0.0718051 0.0927105 0.0792522 0.0714544  0.089375 0.0738109  0.106313 0.0773212 0.0789496 0.0822291 0.0716617 0.0828404  0.084711 0.0808233 0.0922094 0.0890232 0.0941394  0.084953 0.0805607 0.0722779  0.111052 0.0878889 0.0790263 0.0986827 0.0801172 0.0947917 0.0877059 0.0971226 0.0798481 0.0874329 0.0833886 0.0869964 0.0919924 0.0878273 0.0850884 0.0946026  0.096591 0.0767436 0.0894015 0.0805912 0.0680063 0.0775403 0.0865385 0.0912873 0.0805372 0.0762541 0.0714235 0.0815683 0.0840562 0.0750683 0.0849607 0.0871705 0.0838872 0.0871145 0.0942631 0.0683876 0.0971601 0.0912265  0.098031 0.0833629 0.0763232 0.0822078 0.0804793  0.089832 0.0848679 0.0912194 0.0803464 0.0816609 0.0774839 0.0774584 0.0571199         0
0.0875575 0.0935148         0 0.0877509 0.0892116  0.107921 0.0926453 0.0943319 0.0978601  0.111697  0.082371 0.0953978 0.0978772  0.100071  0.115994 0.0806368 0.0870619 0.0961293 0.0750656  0.104684 0.0928153 0.0779336  0.093039  0.101181 0.0945454 0.0759196 0.0992355 0.0978685 0.0877595 0.0890908  0.102892 0.0943297 0.0993361 0.0955773  0.100998 0.0967554   0.10593 0.0847569 0.0795094 0.0880785 0.0951429 0.0805716  0.101472 0.0777708  0.107429 0.0978704 0.0982197 0.0734684 0.0963152  0.103636 0.0997998  0.102217 0.0970441 0.0950244 0.0796439 0.0958824 0.0834395  0.109005  0.111812 0.0866853 0.0779645 0.0830405  0.092655 0.0948589  0.128576 0.0831273 0.0844823 0.0949882 0.0992321  0.083371 0.0977168  0.111073 0.0918691 0.0814102  0.104923  0.102684 0.0783452 0.0923476 0.0914013  0.101422 0.0971946  0.076999 0.0971048 0.0762637 0.0847227    0.0862  0.107298 0.0976325 0.0739247  0.109041   0.10204 0.0964151 0.0830585 0.0944101  0.116249   0.10099  0.103545 0.0805355   0.10499 0.0743748         0
0.0589404   0.07622 0.0877509         0 0.0737954 0.0885456  0.074335 0.0894403 0.0713529 0.0780161  0.087649 0.0716661 0.0758129 0.0733451 0.0819025 0.0796531 0.0775258 0.0808171 0.0837859 0.0762782 0.0784306  0.083369 0.0592193 0.0945292 0.0839154  0.085523 0.0836235 0.0803257 0.0748487 0.0810577 0.0854071 0.0841626 0.0721247 0.0735276 0.0755549 0.0836301 0.0706076 0.0794244 0.0694944 0.0595474 0.0751034  0.086359 0.0811296 0.0861562 0.0781289 0.0859315 0.0752684 0.0807416 0.0919515 0.0879732 0.0953417 0.0720125 0.0821928 0.0806618 0.0840603 0.0656877 0.0872758 0.0793222  0.100328  0.083098  0.070547   0.07513 0.0782639 0.0685052  0.103737 0.0857712   0.07068 0.0929247 0.0710804 0.0747875 0.0758958 0.0739372  0.077554 0.0794884 0.0644722 0.0743321 0.0743626 0.0800412 0.0777088 0.0663496 0.0767372 0.0878006 0.0757292 0.0905561 0.0787991 0.0768384 0.0793025  0.076513 0.0753172 0.0849322  0.100667 0.0790566  0.083837 0.0828229 0.0801176 0.0806825 0.0733606 0.0694478  0.081625 0.0502692         0
0.0701823 0.0782803 0.0892116 0.0737954         0 0.0995614 0.0834364 0.0903958 0.0831177 0.0872042 0.0846198 0.0719892 0.0837249 0.0897255  0.102303 0.0823221 0.0844099 0.0748309 0.0799256 0.0992606 0.0864559  0.080473 0.0721991 0.0941885 0.0936218 0.0895775 0.0809731 0.0829412 0.0931602 0.0786115  0.105889 0.0910938 0.0713366 0.0779806 0.0830057 0.0773133 0.0828936 0.0780507 0.0840053 0.0714553 0.0901503 0.0930119 0.0928207 0.0885674  0.087084  0.101073  0.076689 0.0844896 0.0866612 0.0877288  0.103551 0.0834705 0.0959532  0.076341 0.0956053 0.0721487 0.0851027 0.0879863 0.0893959 0.0865295 0.0749174  0.078109  0.071672 0.0668756 0.0984196 0.0841961 0.0660753 0.0767255 0.0792696 0.0741537 0.0858842 0.0899598 0.0967358 0.0858019 0.0777616  0.089313 0.0647485 0.0884703 0.0690084 0.0723851  0.092283 0.0743538   0.06649 0.0809584 0.0640566 0.0841729 0.0940558 0.0774955 0.0663404 0.0883898 0.0951106 0.0830628 0.0904871 0.0868109 0.0917306 0.0646878 0.0804712 0.0807043 0.0881062 0.0591939         0
0.0807527  0.103173  0.107921 0.0885456 0.0995614         0 0.0948513 0.0986719 0.0810172 0.0900767 0.0929938 0.0810709 0.0981246 0.0918988 0.0998047 0.0864188 0.0898554 0.0897593  0.084201 0.0844209  0.090947 0.0907616 0.0970486 0.0893705 0.0827672  0.100454 0.0808766 0.0855444  0.090064  0.091815 0.0913024 0.0863675 0.0872482 0.0886171 0.0768618  0.104149 0.0903388 0.0887177 0.0845158  0.083392 0.0857303 0.0798481  0.071578  0.101758 0.0801068 0.0865096 0.0737813 0.0930949  0.106909 0.0940932  0.106919 0.0864616 0.0844756 0.0900399  0.097724 0.0847056  0.100197 0.0962131   0.09937 0.0896244  0.102492  0.098817 0.0947725 0.0945922 0.0881739  0.107391 0.0908508   0.10249 0.0802851 0.0985365 0.0991698 0.0931196  0.103495 0.0887991 0.0867035 0.0843819 0.0941073 0.0631788  0.104198 0.0927842 0.0947333 0.0988871  0.101686 0.0948773 0.0893538 0.0935939 0.0898591  0.105341 0.0908945 0.0796718 0.0965625  0.102842 0.0832429  0.102638  0.103556 0.0941555 0.0993675 0.0843338 0.0891759 0.0683744         0
0.0658378 0.0709365 0.0926453  0.074335 0.0834364 0.0948513         0  0.086858 0.0741316  0.081514 0.0967412 0.0675846 0.0635257 0.0692155 0.0851352 0.0950264 0.0885389 0.0751035 0.0920423 0.0819536 0.0779953  0.083372 0.0786095 0.0753377 0.0711353 0.0917639 0.0725473 0.0788786 0.0845968 0.0721372 0.0898781 0.0698917 0.0755704 0.0692028 0.0727989  0.100838 0.0842483 0.0756032 0.0845802 0.0629348 0.0778212 0.0820819 0.0772165 0.0898375 0.0766286 0.0828571 0.0846801 0.0849917 0.0813603  0.099143  0.087347  0.066634 0.0981501 0.0674761 0.0879839 0.0706316  0.100642 0.0640041  0.090589 0.0792084 0.0853287 0.0877749 0.0859462 0.0928937 0.0890593  0.101757 0.0783529 0.0936555 0.0757475 0.0767204 0.0848302 0.0820077 0.0806109 0.0852706 0.0756117 0.0867618 0.0829457 0.0799722 0.0816692 0.0751234 0.0762441 0.0819919 0.0856337 0.0960902 0.0780216 0.0900635 0.0799538 0.0983165 0.0846731  0.073768 0.0869411 0.0833927 0.0903405 0.0874663  0.083835 0.0864025 0.0763091 0.0705516 0.0797991 0.0528204         0
0.0861256 0.0799396 0.0943319 0.0894403 0.0903958 0.0986719  0.086858         0 0.0970395 0.0912089 0.0857492 0.0855906 0.0820068 0.0865365 0.0935698 0.0951306 0.0865301 0.0818536 0.0843194 0.0898164 0.0857542 0.0901032  0.100101 0.0922661 0.0909056 0.0975267 0.0886626 0.0823335 0.0963888 0.0800601 0.0909869 0.0814099 0.0858054 0.0889827 0.0793064  0.107881 0.0862279 0.0780333 0.0936956 0.0844265 0.0841634 0.0855365 0.0851646 0.0935342 0.0911265 0.0945226 0.0873371  0.098908 0.0900179  0.113377 0.0849814 0.0898172 0.0966269 0.0803983 0.0977695 0.0944945 0.0950576 0.0939401 0.0782777  0.075816  0.102107 0.0988613 0.0969457 0.0852377 0.0878455   0.10572 0.0978648 0.0844443 0.0774246 0.0894846 0.0966299 0.0928521 0.0875231 0.0806154 0.0910438 0.0783277 0.0970948 0.0768199 0.0949587 0.0952425 0.0946004 0.0912608 0.0996217 0.0966355 0.0872769 0.0888626 0.0774383  0.113404 0.0914782 0.0827697 0.0773086 0.0850055 0.0956941 0.0960875 0.0920378  0.103264 0.0841155 0.0732934 0.0911731 0.0659447         0
0.0738415 0.0835289 0.0978601 0.0713529 0.0831177 0.0810172 0.0741316 0.0970395         0 0.0863612 0.0938395 0.0650804 0.0785553 0.0778956 0.0981064 0.0766174 0.0875824 0.0737369 0.0928631 0.0786185 0.0861334 0.0862173 0.0805049 0.0862008 0.0759668 0.0959546 0.0809456 0.0813869 0.0720201 0.0739974 0.0908093 0.0769972 0.0807046 0.0700136 0.0723546  0.102261  0.071417 0.0808329 0.0814174 0.0658695 0.0875393 0.0907754 0.0782443 0.0873184  0.080907 0.0811662 0.0735014 0.0869535  0.084168 0.0977198  0.098331 0.0802526 0.0874817 0.0778857  0.094463 0.0726006 0.0975228 0.0865501 0.0915874 0.0796592 0.0825133 0.0839194 0.0905581 0.0789817 0.0880622  0.092889 0.0787131  0.087408  0.072341 0.0809711 0.0956117 0.0811858 0.0872383 0.0805129 0.0767731 0.0928962 0.0799592 0.0785043 0.0805205  0.079372 0.0707116 0.0838942 0.0920235 0.0934348  0.080177  0.080936 0.0875673 0.0903839 0.0811023 0.0819312 0.0947024 0.0814542 0.0794719 0.0937154 0.0931522 0.0733184 0.0870915 0.0689142 0.0803897 0.0561833         0
0.0815057 0.0861967  0.111697 0.0780161 0.0872042 0.0900767  0.081514 0.0912089 0.0863612         0  0.102518 0.0845506 0.0797955 0.0840537 0.0742693 0.0986766 0.0906146 0.0796615 0.0912214 0.0826752 0.0787541  0.090546 0.0804683 0.0844244 0.0916281 0.0985364  0.083386  0.079182 0.0937661 0.0832331 0.0907264 0.0761809 0.0907556 0.0866931 0.0772693 0.0989956 0.0888463 0.0906383 0.0854024 0.0818259 0.0844568 0.0899651 0.0839172 0.0952035 0.0683083 0.0993112 0.0792843 0.0958941  0.091307  0.102913 0.0902767 0.0842115 0.0889037 0.0854084 0.0985378 0.0737489  0.109025 0.0825481 0.0873181 0.0951096 0.0859933 0.0902008 0.0932905 0.0899269 0.0881596   0.10416 0.0815686  0.100898  0.074021 0.0915705 0.0883288 0.0776539 0.0851784 0.0904341 0.0728185 0.0758733 0.0948954 0.0874925 0.0895555 0.0902679 0.0946688  0.098304 0.0844639  0.109135 0.0900001 0.0990561 0.0697849 0.0975283 0.0994776 0.0762725 0.0995244  0.088825 0.0973372 0.0883467 0.0783704 0.0853967 0.0865289 0.0860576  0.090459 0.0634791         0
0.0856747 0.0832711  0.082371  0.087649 0.0846198 0.0929938 0.0967412 0.0857492 0.0938395  0.102518         0 0.0846277 0.0922078 0.0883681  0.109851 0.0928168 0.0901463 0.0957353 0.0692354  0.097813 0.0945082 0.0962768 0.0853146 0.0944341 0.0895716 0.0900248  0.093769 0.0926643 0.0954737 0.0851065  0.100192 0.0954905 0.0800162 0.0909249 0.0826483   0.08148   0.08367 0.0720021 0.0875212 0.0809801 0.0941966 0.0906683 0.0841589  0.100819  0.100344 0.0932049 0.0922993 0.0836094 0.0916206 0.0827593  0.101771  0.103178 0.0932091 0.0908854 0.0921361 0.0853695 0.0790355  0.103672 0.0899115 0.0810248 0.0870312  0.087595 0.0741519 0.0884023  0.104015 0.0917018 0.0778246 0.0759611 0.0827781 0.0690392 0.0794452 0.0992945  0.102455 0.0877486 0.0897003 0.0853102 0.0757088 0.0849165 0.0841899 0.0980526 0.0961619 0.0730054 0.0826255 0.0804929 0.0630679 0.0859701  0.096322 0.0914112 0.0645939 0.0931248 0.0811241 0.0986169 0.0873611 0.0808529   0.10064  0.083076 0.0941746 0.0805192 0.0806337 0.0676067         0
0.0614798 0.0722476 0.0953978 0.0716661 0.0719892 0.0810709 0.0675846 0.0855906 0.0650804 0.0845506 0.0846277         0 0.0686964 0.0706714 0.0959408 0.0819533 0.0858599 0.0725852 0.0873228  0.072079 0.0797419 0.0827978 0.0775593 0.0747583 0.0732589 0.0957092 0.0683909 0.0763995 0.0800938 0.0674968 0.0878423 0.0722761 0.0736632 0.0701285 0.0594835  0.092386 0.0679058 0.0674001 0.0796118 0.0645421  0.078937 0.0887995 0.0742421 0.0875821 0.0771132 0.0732072 0.0739998 0.0803024 0.0852305 0.0855788 0.0926406 0.0762721 0.0865171 0.0671066 0.0980614 0.0673507 0.0891513 0.0844658 0.0767349 0.0739816 0.0902797 0.0905288 0.0825161 0.0769933  0.088921  0.100078 0.0759387 0.0829313 0.0734375 0.0735447 0.0806053 0.0743301 0.0970517  0.084371 0.0758437 0.0785401 0.0829067  0.081361 0.0813392 0.0691502 0.0778069 0.0835961 0.0786094 0.0873183 0.0738241 0.0766426 0.0831683 0.0902742  0.069598 0.0689777 0.0778947 0.0747613 0.0868499 0.0846055 0.0886818 0.0729862 0.0695814 0.0787582 0.0699118 0.0506645         0
0.0769802 0.0699656 0.0978772 0.0758129 0.0837249 0.0981246 0.0635257 0.0820068 0.0785553 0.0797955 0.0922078 0.0686964         0 0.0815099 0.0895558 0.0896877 0.0843308 0.0615222 0.0993676 0.0768881 0.0833321  0.073531 0.0816097 0.0810158 0.0770135 0.0888474 0.0661397 0.0652404  0.080586 0.0713772 0.0774585 0.0742136 0.0697765 0.0794703 0.0730567  0.108498 0.0778087  0.070203 0.0794356 0.0620559 0.0786631 0.0784489 0.0827242 0.0843524 0.0722403 0.0910797 0.0849206 0.0805948 0.0813443  0.110513 0.0833645 0.0723793 0.0843524 0.0693528 0.0855705 0.0660877  0.101172 0.0681269 0.0851783 0.0750693  0.081653 0.0868997 0.0919719  0.082437 0.0930101 0.0909892 0.0801103 0.0872711 0.0736997 0.0741593 0.0879687 0.0761905 0.0804102 0.0838331 0.0735982 0.0792574 0.0764524  0.084112 0.0766961  0.073125 0.0836283 0.0874187 0.0855038 0.0912275 0.0706574 0.0776249  0.074344 0.0961335 0.0872423 0.0707363 0.0919315 0.0811031 0.0913623 0.0866457 0.0784127 0.0847484 0.0693794 0.0740554 0.0775186  0.055469         0
0.0712016 0.0730226  0.100071 0.0733451 0.0897255 0.0918988 0.0692155 0.0865365 0.0778956 0.0840537 0.0883681 0.0706714 0.0815099         0 0.0892829 0.0965652 0.0855705  0.086804  0.087976  0.081998 0.0724654 0.0930645 0.0787533 0.0734945 0.0747113 0.0954347 0.0797594 0.0806657 0.0855681 0.0801927 0.0792593 0.0767382 0.0773444 0.0844042 0.0732588 0.0949084 0.0727414 0.0762213 0.0752144 0.0701858 0.0834076 0.0883973 0.0792234 0.0990267 0.0815412 0.0822018 0.0762943 0.0899771 0.0803911 0.0879499 0.0947363 0.0750059 0.0945918 0.0715133    0.1019 0.0746379 0.0977472 0.0822487 0.0842231 0.0798806 0.0929867 0.0863817 0.0870234 0.0863451 0.0833845  0.103061 0.0863361 0.0889716 0.0687587 0.0842407 0.0870347 0.0787254 0.0900576 0.0786215 0.0749494 0.0798572 0.0911426 0.0756187 0.0834044 0.0817968 0.0785267 0.0873655 0.0908607  0.103286 0.0818165 0.0849405 0.0785427  0.094239  0.082311 0.0814379 0.0786751 0.0820873 0.0878737 0.0902424 0.0796355  0.083137 0.0755794 0.0726781 0.0765112 0.0550323         0
0.0827234  0.101074  0.115994 0.0819025  0.102303 0.0998047 0.0851352 0.0935698 0.0981064 0.0742693  0.109851 0.0959408 0.0895558 0.0892829         0  0.106685  0.100704 0.0935795 0.0961382 0.0923382 0.0808958 0.0920918   0.09081 0.0908935 0.0935225  0.106734  0.087739 0.0905063 0.0977505 0.0827084 0.0927333 0.0899713 0.0927457 0.0910969 0.0893553  0.105338 0.0955209  0.103285 0.0985214 0.0904962 0.0866352  0.101317 0.0882064  0.107994 0.0844205   0.10504 0.0963564  0.101426 0.0996858  0.100848 0.0997034 0.0800474  0.102027 0.0955982  0.108659 0.0801176  0.111061 0.0911122 0.0983791 0.0955453 0.0927478  0.100409 0.0980439 0.0931507 0.0886367  0.109204 0.0958858  0.105679 0.0852657  0.101194 0.0940448 0.0825957 0.0852992 0.0959624 0.0914656 0.0893925   0.10731 0.0914715  0.100312   0.10007  0.105719  0.113531 0.0961325  0.117231  0.100998 0.0977221 0.0690534  0.116181  0.104915 0.0939046  0.109878 0.0893459 0.0969737   0.10038 0.0805688  0.104243 0.0841301 0.0918946 0.0878776 0.0723632         0
0.0872003 0.0864755 0.0806368 0.0796531 0.0823221 0.0864188 0.0950264 0.0951306 0.0766174 0.0986766 0.0928168 0.0819533 0.0896877 0.0965652  0.106685         0 0.0708507 0.0848338 0.0797627 0.0927438  0.086985 0.0744758  0.083912 0.0973975 0.0918152 0.0718427 0.0812052 0.0832902 0.0790551 0.0861536  0.100556 0.0925413 0.0837605 0.0829278  0.093009  0.102321 0.0911772 0.0865922 0.0715496 0.0797285 0.0834305 0.0799033 0.0921546 0.0771449 0.0913618 0.0912405 0.0748251 0.0715833 0.0924791   0.10564  0.100693 0.0906991 0.0834041 0.0881949 0.0909788 0.0814357 0.0870791 0.0939749  0.108067 0.0780146 0.0767543 0.0876997  0.086626 0.0816702  0.108486 0.0802704 0.0742521 0.0922709 0.0851116 0.0847809 0.0894372 0.0990366 0.0917573 0.0809105 0.0901045 0.0898984 0.0767756 0.0742145  0.091303  0.089831 0.0907778 0.0821767 0.0921666 0.0741849 0.0853119 0.0832355 0.0988202 0.0957705 0.0796231 0.0935616  0.101992 0.0884196 0.0748478 0.0975767  0.104913 0.0881019 0.0966213 0.0758492 0.0908018 0.0631963         0
0.0775265 0.0826332 0.0870619 0.0775258 0.0844099 0.0898554 0.0885389 0.0865301 0.0875824 0.0906146 0.0901463 0.0858599 0.0843308 0.0855705  0.100704 0.0708507         0 0.0830709  0.083056 0.0827013 0.0834073 0.0765036 0.0827458 0.0981321 0.0840504 0.0795593 0.0896333 0.0693854 0.0852542 0.0860178 0.0887784 0.0852276 0.0837795 0.0872814 0.0834917 0.0968649 0.0884332  0.077062 0.0661034 0.0723717   0.08477 0.0791423  0.082578 0.0786565 0.0956617 0.0904128  0.079758 0.0774834 0.0821883  0.107548 0.0952789 0.0785932 0.0799078 0.0791151 0.0963164 0.0764987 0.0882962 0.0773543 0.0915746 0.0844642 0.0790643 0.0956468 0.0924766  0.089085 0.0951826 0.0940785 0.0834553 0.0914078 0.0746202 0.0848145 0.0811929 0.0872627  0.088751 0.0712356 0.0827203 0.0844723 0.0807868 0.0802137 0.0821744 0.0877288 0.0815024 0.0899685 0.0937955 0.0916265 0.0819188 0.0838019 0.0897555 0.0970716 0.0866314 0.0909264 0.0977216 0.0870818 0.0781494 0.0924492 0.0944566 0.0870924 0.0787169  0.076043 0.0953754 0.0595604         0
0.0814221 0.0794823 0.0961293 0.0808171 0.0748309 0.0897593 0.0751035 0.0818536 0.0737369 0.0796615 0.0957353 0.0725852 0.0615222  0.086804 0.0935795 0.0848338 0.0830709         0 0.0902689     0.088 0.0874323 0.0744491 0.0761309  0.084614 0.0817415 0.0933495 0.0764307 0.0675251 0.0895672 0.0650726 0.0928912 0.0811749  0.075595 0.0755954 0.0753692  0.100617 0.0904575 0.0763295 0.0888908 0.0659699 0.0866872 0.0895159  0.086122 0.0884337 0.0782643 0.0965733 0.0787415 0.0910703 0.0873583 0.0994314 0.0945549 0.0780983 0.0956793 0.0617735 0.0904002 0.0832774 0.0980399 0.0828926 0.0856794 0.0740371  0.083939 0.0925368 0.0901729 0.0743339  0.090799 0.0895899 0.0789405 0.0827298 0.0666384 0.0804185 0.0965697 0.0896355 0.0915687 0.0819517 0.0862028 0.0877594 0.0751195 0.0762351 0.0782547 0.0795903 0.0904847 0.0864529 0.0925848 0.0920753 0.0777094 0.0816205 0.0886646 0.0985849 0.0840801 0.0800811 0.0828071 0.0785787 0.0886144 0.0952406 0.0938649 0.0864335 0.0825567 0.0796223 0.0838348 0.0594046         0
0.0822248 0.0828594 0.0750656 0.0837859 0.0799256  0.084201 0.0920423 0.0843194 0.0928631 0.0912214 0.0692354 0.0873228 0.0993676  0.087976 0.0961382 0.0797627  0.083056 0.0902689         0 0.0903664 0.0798504 0.0812147 0.0799328 0.0870033 0.0941889  0.084269 0.0877902 0.0949964 0.0899636 0.0829634 0.0943793 0.0925418 0.0870935 0.0967721 0.0883162 0.0802628 0.0932399 0.0835746 0.0777357 0.0820113  0.082576 0.0769301 0.0788066 0.0895341 0.0946889  0.094136 0.0805264  0.077674 0.0903801 0.0806468 0.0941598 0.0972674 0.0858929 0.0935465  0.086277 0.0907203 0.0647453  0.103823 0.0960821 0.0830571 0.0837807 0.0755668 0.0661006 0.0881785  0.106536 0.0832561 0.0762181 0.0828364 0.0885962 0.0755567 0.0756735 0.0966246 0.0860458 0.0820032 0.0901991 0.0804293 0.0844078 0.0745448 0.0871046 0.0987269 0.0989086 0.0746212 0.0780321 0.0782135 0.0748009 0.0888179 0.0931452 0.0878241 0.0645044 0.0916949 0.0914619 0.0950006 0.0777458 0.0776137 0.0983281 0.0893404 0.0928842  0.082022 0.0896432 0.0633131         0
0.0791256 0.0907265  0.104684 0.0762782 0.0992606 0.0844209 0.0819536 0.0898164 0.0786185 0.0826752  0.097813  0.072079 0.0768881  0.081998 0.0923382 0.0927438 0.0827013     0.088 0.0903664         0  0.072454  0.090439 0.0883368 0.0965402 0.0830977  0.106281 0.0810673 0.0816768 0.0852264 0.0854338 0.0743476  0.072968 0.0911411  0.082774 0.0748816  0.105678 0.0770904 0.0859158 0.0784824 0.0800342 0.0819403 0.0929297 0.0746478 0.0915216 0.0842861 0.0656637 0.0753454 0.0916677 0.0960386  0.106211 0.0988318 0.0868488 0.0857667  0.083529  0.103391 0.0764825 0.0898444 0.0876031 0.0911677 0.0913393 0.0890824 0.0937825 0.0931447 0.0889627 0.0993741  0.110237 0.0846639  0.103285 0.0821087 0.0879933 0.0922915 0.0637517 0.0866897 0.0845925 0.0706812 0.0782326 0.0949192 0.0870698  0.094487 0.0881506 0.0794964 0.0966998  0.091075  0.102915 0.0932537 0.0882922 0.0649293 0.0923535 0.0915774 0.0833024 0.0985666 0.0861201 0.0989635 0.0959645 0.0856189 0.0947585 0.0805165 0.0825483 0.0836823 0.0629042         0
0.0746162 0.0823355 0.0928153 0.0784306 0.0864559  0.090947 0.0779953 0.0857542 0.0861334 0.0787541 0.0945082 0.0797419 0.0833321 0.0724654 0.0808958  0.086985 0.0834073 0.0874323 0.0798504  0.072454         0 0.0829413 0.0832559 0.0883466 0.0840659 0.0911905 0.0736247 0.0766938 0.0920037 0.0825524 0.0804661 0.0837281 0.0839057 0.0788309 0.0857351 0.0983526   0.09032 0.0823178 0.0761482 0.0810841 0.0846454 0.0820279 0.0755781 0.0864428 0.0849634 0.0797085 0.0669045 0.0860637  0.085842  0.103115 0.0875532 0.0856874  0.091759 0.0834699  0.100512 0.0773408  0.093349 0.0836591 0.0965727 0.0891027 0.0730605 0.0801173 0.0836675 0.0862914 0.0921501 0.0947275 0.0712954 0.0987371 0.0821585 0.0901635 0.0883283 0.0748146 0.0801828 0.0796658 0.0748137 0.0811673  0.083523  0.081193 0.0920539 0.0839304  0.078604 0.0907121 0.0851387 0.0918423 0.0876726 0.0906732 0.0734515 0.0918645 0.0906544 0.0779856 0.0980824 0.0759423 0.0966777 0.0894044 0.0880169 0.0939586 0.0884834 0.0840773 0.0854348 0.0573119         0
0.0731879  0.093565 0.0779336  0.083369  0.080473 0.0907616  0.083372 0.0901032 0.0862173  0.090546 0.0962768 0.0827978  0.073531 0.0930645 0.0920918 0.0744758 0.0765036 0.0744491 0.0812147  0.090439 0.0829413         0 0.0860876 0.0845966 0.0845089 0.0669573 0.0648229 0.0818247 0.0742396 0.0805981 0.0876013 0.0876741 0.0773083 0.0828977 0.0936995  0.103798 0.0967325 0.0756341 0.0758084 0.0780013 0.0854162 0.0623673  0.087367 0.0640285  0.082914 0.0983146 0.0877303 0.0682284 0.0839407 0.0995294 0.0938597 0.0805645 0.0709047 0.0729966 0.0751842 0.0769915 0.0945437 0.0847032 0.0947427 0.0771183 0.0758403 0.0840244 0.0884742 0.0819937  0.102466 0.0697087 0.0753326 0.0844442 0.0831065 0.0812164 0.0927852 0.0886659 0.0820562 0.0792642 0.0888434 0.0899872  0.076902 0.0762262 0.0790693 0.0945126 0.0957423 0.0795918 0.0872095 0.0771899 0.0756294  0.068676 0.0846892 0.0963232 0.0764105 0.0876676  0.101614 0.0898261 0.0693036 0.0910706 0.0925314 0.0895683 0.0895608 0.0715939 0.0950021 0.0599958         0
0.0726534 0.0812734  0.093039 0.0592193 0.0721991 0.0970486 0.0786095  0.100101 0.0805049 0.0804683 0.0853146 0.0775593 0.0816097 0.0787533   0.09081  0.083912 0.0827458 0.0761309 0.0799328 0.0883368 0.0832559 0.0860876         0 0.0943646  0.095508 0.0950878 0.0853506 0.0853466 0.0928569 0.0843608 0.0965058 0.0962331 0.0769559  0.084477 0.0872946 0.0761273 0.0915695 0.0835997 0.0793905 0.0672678 0.0878676 0.0954486 0.0927799 0.0934041 0.0853135 0.0917278  0.077608  0.082506 0.0884441 0.0807724  0.106506 0.0861508 0.0940467 0.0871931 0.0861144 0.0704336 0.0838531 0.0836158 0.0997739 0.0865878 0.0723026 0.0683628 0.0706173 0.0822673  0.107413 0.0859894 0.0667305 0.0917954 0.0701349 0.0627807 0.0684883 0.0866879 0.0868434  0.092386 0.0729794 0.0780596 0.0706089 0.0891616 0.0750062   0.06635 0.0838562 0.0814064 0.0694307 0.0875665 0.0778115 0.0843736 0.0869025 0.0732367 0.0719354 0.0830173 0.0986037 0.0830283 0.0924346 0.0767642 0.0927236 0.0844311 0.0777696 0.0816328 0.0894059 0.0587898         0
0.0769025 0.0860501  0.101181 0.0945292 0.0941885 0.0893705 0.0753377 0.0922661 0.0862008 0.0844244 0.0944341 0.0747583 0.0810158 0.0734945 0.0908935 0.0973975 0.0981321  0.084614 0.0870033 0.0965402 0.0883466 0.0845966 0.0943646         0 0.0732539 0.0910155 0.0753737 0.0912875 0.0880749 0.0725714   0.09233 0.0825156 0.0914634 0.0870292 0.0858346  0.104294  0.093641 0.0789011 0.0892495 0.0756505 0.0839351 0.0786603 0.0765514 0.0953896 0.0795183  0.102524 0.0958603 0.0909686 0.0787806 0.0868708 0.0870154 0.0873204 0.0900762 0.0853759 0.0962136 0.0837503  0.105111 0.0890852 0.0804544 0.0772507  0.101335 0.0949082  0.092685  0.101686 0.0900143  0.102708 0.0937802 0.0798086 0.0888579 0.0881197 0.0889452 0.0938629 0.0887665  0.096324 0.0971911 0.0904214   0.10043  0.075805 0.0884334  0.100536 0.0950678 0.0899916 0.0977294 0.0965492 0.0791887 0.0902607    0.0909  0.107481 0.0864098 0.0837736 0.0805074 0.0973184 0.0816412 0.0870134 0.0932768 0.0900153 0.0909633 0.0824375  0.078519  0.064906         0
0.0646443 0.0849157 0.0945454 0.0839154 0.0936218 0.0827672 0.0711353 0.0909056 0.0759668 0.0916281 0.0895716 0.0732589 0.0770135 0.0747113 0.0935225 0.0918152 0.0840504 0.0817415 0.0941889 0.0830977 0.0840659 0.0845089  0.095508 0.0732539         0 0.0926659 0.0759564 0.0693683 0.0939134 0.0777012 0.0777585 0.0803451 0.0846567 0.0748712 0.0720266  0.100347 0.0824068 0.0676964 0.0809059  0.070177 0.0901626 0.0825252 0.0703457   0.08784  0.082911 0.0847864 0.0907935 0.0889237 0.0831256 0.0983526 0.0962898 0.0718324 0.0927201 0.0744695 0.0889319 0.0764988  0.100739 0.0795564 0.0871414 0.0830215 0.0908082 0.0955836  0.096949 0.0977174  0.090326  0.105866 0.0834488  0.089609  0.075585 0.0876758 0.0891248 0.0856636 0.0977067 0.0794894 0.0894997 0.0877116 0.0939494   0.07866 0.0778097 0.0895431 0.0742232 0.0957138 0.0983119  0.100065 0.0848371 0.0842045 0.0874911  0.104597 0.0888784 0.0869998 0.0873996  0.087849 0.0779167 0.0927015 0.0911924 0.0901073 0.0741761 0.0739752 0.0818083 0.0603535         0
0.0853972 0.0848585 0.0759196  0.085523 0.0895775  0.100454 0.0917639 0.0975267 0.0959546 0.0985364 0.0900248 0.0957092 0.0888474 0.0954347  0.106734 0.0718427 0.0795593 0.0933495  0.084269  0.106281 0.0911905 0.0669573 0.0950878 0.0910155 0.0926659         0 0.0837873 0.0962193 0.0810307 0.0824591  0.102644 0.0919484 0.0860013  0.092162  0.101741  0.104223  0.099759  0.081803 0.0754858 0.0822456 0.0890682 0.0656519 0.0971576 0.0776383  0.100939  0.105986 0.0965662 0.0664221 0.0902263  0.110421 0.0951737 0.0918416 0.0834521 0.0879033  0.077507 0.0905507 0.0976665 0.0938692  0.102185 0.0806295 0.0861469 0.0919435 0.0864251 0.0908159  0.112543 0.0772051 0.0829431 0.0931073 0.0940845 0.0874167 0.0974468  0.108332 0.0892919 0.0743339 0.0933409 0.0924957 0.0826215 0.0752353 0.0927264 0.0985616 0.0979607 0.0860408 0.0990344 0.0811159 0.0733565 0.0821547  0.101611  0.102191 0.0847013 0.0927133 0.0992951 0.0963969 0.0718519  0.100976  0.106914  0.095755  0.105457  0.073994  0.102544 0.0684709         0
0.0720323 0.0789215 0.0992355 0.0836235 0.0809731 0.0808766 0.0725473 0.0886626 0.0809456  0.083386  0.093769 0.0683909 0.0661397 0.0797594  0.087739 0.0812052 0.0896333 0.0764307 0.0877902 0.0810673 0.0736247 0.0648229 0.0853506 0.0753737 0.0759564 0.0837873         0 0.0771488 0.0816216 0.0796343 0.0905634 0.0765437 0.0654096 0.0811789 0.0793758  0.108132 0.0780447 0.0758727 0.0801403 0.0735138 0.0864263 0.0741181 0.0743424 0.0915523 0.0707794 0.0819361 0.0739993 0.0773853 0.0850367    0.1053 0.0991753 0.0674987 0.0868607 0.0688178 0.0826184 0.0727922  0.096662 0.0766535 0.0903341 0.0831245 0.0886825 0.0828704 0.0890371  0.083958 0.0883427 0.0864835 0.0694567 0.0849242 0.0851779 0.0766096 0.0893046 0.0790663 0.0871715 0.0830108  0.073886 0.0810383 0.0763867  0.068812 0.0821099 0.0839148 0.0875819 0.0805658 0.0816595 0.0845869 0.0712435 0.0782082 0.0730037 0.0971323 0.0792583 0.0722794  0.093317 0.0748942  0.085436  0.088133 0.0907622 0.0833888 0.0794249 0.0781965 0.0819329 0.0551651         0
0.0798673 0.0799042 0.0978685 0.0803257 0.0829412 0.0855444 0.0788786 0.0823335 0.0813869  0.079182 0.0926643 0.0763995 0.0652404 0.0806657 0.0905063 0.0832902 0.0693854 0.0675251 0.0949964 0.0816768 0.0766938 0.0818247 0.0853466 0.0912875 0.0693683 0.0962193 0.0771488         0 0.0920925 0.0745048 0.0739944 0.0822611 0.0808203 0.0758223 0.0703698 0.0986189  0.086917 0.0752609 0.0786219 0.0712447 0.0896573 0.0805995 0.0757077 0.0848715 0.0754986 0.0968033 0.0755869 0.0888063 0.0850463  0.102972 0.0919626 0.0768398 0.0850924  0.072304 0.0966266 0.0724815  0.096862 0.0686287 0.0864127 0.0837043 0.0795119  0.094997 0.0971985  0.085989 0.0824594  0.102624 0.0802407 0.0870226 0.0635094 0.0888347 0.0857819 0.0810238  0.092668 0.0825231 0.0807032 0.0873061 0.0752468 0.0817885  0.074027 0.0825485  0.081403 0.0967953 0.0958224 0.0962339 0.0833809 0.0855166 0.0843593  0.105037 0.0889237 0.0834153 0.0959851 0.0855072 0.0889544 0.0887928 0.0892184  0.083951  0.076675 0.0784545 0.0762711 0.0578072         0
0.0794355 0.0943993 0.0877595 0.0748487 0.0931602  0.090064 0.0845968 0.0963888 0.0720201 0.0937661 0.0954737 0.0800938  0.080586 0.0855681 0.0977505 0.0790551 0.0852542 0.0895672 0.0899636 0.0852264 0.0920037 0.0742396 0.0928569 0.0880749 0.0939134 0.0810307 0.0816216 0.0920925         0 0.0849409 0.0966528 0.0791461 0.0838856 0.0854075 0.0862811  0.107214 0.0752868 0.0892003 0.0754964 0.0720031   0.07486 0.0815047 0.0877163 0.0861946 0.0850686 0.0881258  0.084678 0.0747499 0.0959093  0.103474 0.0869595 0.0869603 0.0713656 0.0809557 0.0900317  0.075505 0.0982103 0.0899743  0.100548 0.0769239 0.0824448 0.0905173 0.0995822 0.0819361  0.104068 0.0818285 0.0864835 0.0908295 0.0912401 0.0910247   0.10009 0.0880274  0.081429 0.0772371 0.0785353 0.0946114 0.0823683 0.0766073 0.0924937 0.0891561 0.0901497 0.0855227 0.0922083 0.0846048 0.0777995 0.0679289 0.0837828 0.0956884 0.0834891 0.0927939  0.108933 0.0936642 0.0748928 0.0971051  0.095512 0.0823023 0.0916796 0.0743033 0.0892964 0.0627864         0
0.0768209 0.0718051 0.0890908 0.0810577 0.0786115  0.091815 0.0721372 0.0800601 0.0739974 0.0832331 0.0851065 0.0674968 0.0713772 0.0801927 0.0827084 0.0861536 0.0860178 0.0650726 0.0829634 0.0854338 0.0825524 0.0805981 0.0843608 0.0725714 0.0777012 0.0824591 0.0796343 0.0745048 0.0849409         0 0.0895523 0.0741563 0.0818895  0.075949 0.0747012  0.092708 0.0795515 0.0758502 0.0839399 0.0689467 0.0781995 0.0853669  0.078831 0.0911249 0.0841469 0.0943774  0.085138 0.0825604 0.0832219 0.0900188 0.0856952 0.0804678 0.0929349 0.0758065 0.0911191 0.0838039 0.0950812 0.0864915 0.0739947 0.0757354 0.0841666 0.0911888 0.0828582 0.0776123 0.0883481 0.0938342 0.0813046 0.0792258 0.0755834 0.0743529 0.0890985 0.0881897 0.0903193  0.083528 0.0853234 0.0876784 0.0829978 0.0802053 0.0798443 0.0859324  0.093212 0.0888678 0.0889869  0.088757 0.0663836 0.0828681 0.0833943  0.108207 0.0823387 0.0786491 0.0763535 0.0797439 0.0746051 0.0904636 0.0882522 0.0790069 0.0842218 0.0795329  0.069844 0.0543559         0
0.0840245 0.0927105  0.102892 0.0854071  0.105889 0.0913024 0.0898781 0.0909869 0.0908093 0.0907264  0.100192 0.0878423 0.0774585 0.0792593 0.0927333  0.100556 0.0887784 0.0928912 0.0943793 0.0743476 0.0804661 0.0876013 0.0965058   0.09233 0.0777585  0.102644 0.0905634 0.0739944 0.0966528 0.0895523         0 0.0942595  0.093266 0.0978017 0.0855507  0.109203 0.0937443 0.0893735 0.0723359 0.0821916  0.090281 0.0783331 0.0756771 0.0870978 0.0913241 0.0917978 0.0950105 0.0948662  0.096229  0.107108 0.0915965 0.0902775 0.0877908 0.0918928 0.0925809 0.0874454  0.100897 0.0896049 0.0956058 0.0923084 0.0951779 0.0931241  0.101017  0.104453  0.100961   0.11048  0.100766 0.0991917 0.0805895 0.0956861 0.0905481 0.0809114  0.082578 0.0825371   0.09122 0.0817281  0.102558 0.0862539 0.0908495 0.0962524 0.0858597  0.102481  0.102281 0.0963147 0.0980093 0.0903886 0.0872784 0.0998954  0.100779 0.0874848 0.0934128  0.098783 0.0952925 0.0883441 0.0929318  0.101466 0.0838751 0.0787793 0.0930616 0.0689047         0
0.0763434 0.0792522 0.0943297 0.0841626 0.0910938 0.0863675 0.0698917 0.0814099 0.0769972 0.0761809 0.0954905 0.0722761 0.0742136 0.0767382 0.0899713 0.0925413 0.0852276 0.0811749 0.0925418  0.072968 0.0837281 0.0876741 0.0962331 0.0825156 0.0803451 0.0919484 0.0765437 0.0822611 0.0791461 0.0741563 0.0942595         0 0.0869462 0.0806564 0.0686643  0.109715 0.0748668 0.0809195 0.0845518 0.0789061 0.0782258 0.0818055  0.078806 0.0905459 0.0769577 0.0810114 0.0791893 0.0842317 0.0828084  0.109095 0.0831532 0.0732503 0.0945409  0.069565  0.096197 0.0739758  0.102307 0.0853073 0.0794552 0.0854868 0.0911955  0.099729 0.0990089 0.0877462 0.0847189  0.102251 0.0831618 0.0954396 0.0853855 0.0869091 0.0970057 0.0766015 0.0891041 0.0735753 0.0805035 0.0813294 0.0902271 0.0814466 0.0910458 0.0882712 0.0869571 0.0875623  0.094413  0.107586 0.0772205 0.0889507 0.0673651  0.106757 0.0936453 0.0768794 0.0888251 0.0758931 0.0855008 0.0963816 0.0851342 0.0824983 0.0822257 0.0713575 0.0854754 0.0577258         0
0.0680239 0.0714544 0.0993361 0.0721247 0.0713366 0.0872482 0.0755704 0.0858054 0.0807046 0.0907556 0.0800162 0.0736632 0.0697765 0.0773444 0.0927457 0.0837605 0.0837795  0.075595 0.0870935 0.0911411 0.0839057 0.0773083 0.0769559 0.0914634 0.0846567 0.0860013 0.0654096 0.0808203 0.0838856 0.0818895  0.093266 0.0869462         0 0.0806254 0.0781524 0.0955527 0.0739362 0.0727722 0.0847126  0.067218 0.0846499 0.0852183 0.0863124 0.0929167 0.0826474 0.0855684 0.0808881 0.0824364 0.0906581 0.0993139  0.105106 0.0702455  0.096483 0.0729621 0.0901773 0.0700521 0.0991555 0.0795766 0.0882179  0.078369 0.0889184 0.0880916 0.0831708 0.0750735 0.0901085 0.0854508  0.074933 0.0863563 0.0673116 0.0672606  0.090463 0.0821913 0.0927069 0.0790853 0.0686305 0.0763898 0.0754136 0.0750726 0.0818201 0.0776107 0.0856696  0.078864 0.0873453 0.0814423 0.0650972  0.080596 0.0836788 0.0904585  0.070256 0.0731432 0.0857709 0.0849046 0.0848668 0.0944761 0.0915017 0.0773956 0.0759802 0.0666934 0.0836293 0.0550374         0
0.0712599  0.089375 0.0955773 0.0735276 0.0779806 0.0886171 0.0692028 0.0889827 0.0700136 0.0866931 0.0909249 0.0701285 0.0794703 0.0844042 0.0910969 0.0829278 0.0872814 0.0755954 0.0967721  0.082774 0.0788309 0.0828977  0.084477 0.0870292 0.0748712  0.092162 0.0811789 0.0758223 0.0854075  0.075949 0.0978017 0.0806564 0.0806254         0 0.0798655  0.101718 0.0896824  0.072837 0.0922777  0.076456 0.0872725 0.0910366 0.0815149 0.0806508 0.0800114 0.0871322  0.081174 0.0916469  0.078392 0.0899045  0.100331 0.0816281 0.0958159 0.0670466 0.0961169 0.0726564  0.103687 0.0825064 0.0884044  0.076488 0.0803431 0.0945698 0.0839203 0.0788953  0.092064 0.0962752 0.0706132 0.0803815 0.0790576 0.0845978 0.0958781  0.081253 0.0967334 0.0873958 0.0820263 0.0955526 0.0772915 0.0811832 0.0899889 0.0842266 0.0779142 0.0846761 0.0923905 0.0890563  0.079755 0.0857089 0.0860623 0.0971265 0.0828756  0.080506 0.0866752 0.0874578 0.0917922 0.0924003  0.091102 0.0858247 0.0907133 0.0733364 0.0776613 0.0579601         0
0.0714409 0.0738109  0.100998 0.0755549 0.0830057 0.0768618 0.0727989 0.0793064 0.0723546 0.0772693 0.0826483 0.0594835 0.0730567 0.0732588 0.0893553  0.093009 0.0834917 0.0753692 0.0883162 0.0748816 0.0857351 0.0936995 0.0872946 0.0858346 0.0720266  0.101741 0.0793758 0.0703698 0.0862811 0.0747012 0.0855507 0.0686643 0.0781524 0.0798655         0 0.0978635 0.0688364 0.0702763 0.0832391 0.0726651  0.087462 0.0890738 0.0625838 0.0972205 0.0737656 0.0818233 0.0719423 0.0940399 0.0863831 0.0949719 0.0924643  0.068181 0.0910697 0.0706119  0.100649 0.0677388 0.0963955 0.0851823 0.0792251 0.0833055  0.090209 0.0955358 0.0924793 0.0820997 0.0820515  0.108685 0.0832381 0.0905402 0.0664821  0.083303 0.0902505 0.0756068 0.0968491 0.0769016 0.0694908  0.075434 0.0896616 0.0791383 0.0785543 0.0851033 0.0841016 0.0893672 0.0854252  0.101245 0.0768105 0.0886585 0.0737618 0.0973493 0.0866562 0.0774978 0.0837979 0.0807191 0.0892422  0.092581 0.0777025 0.0738603 0.0714033 0.0806236 0.0744541 0.0549184         0
0.0819073  0.106313 0.0967554 0.0836301 0.0773133  0.104149  0.100838  0.107881  0.102261 0.0989956   0.08148  0.092386  0.108498 0.0949084  0.105338  0.102321 0.0968649  0.100617 0.0802628  0.105678 0.0983526  0.103798 0.0761273  0.104294  0.100347  0.104223  0.108132 0.0986189  0.107214  0.092708  0.109203  0.109715 0.0955527  0.101718 0.0978635         0  0.100574 0.0940871 0.0945977 0.0856048  0.102736  0.109425   0.10499  0.110843  0.104937   0.10563 0.0946685 0.0952989   0.11489 0.0783427  0.113291  0.107306  0.106895  0.104554  0.107639 0.0873606  0.075587  0.104744  0.104783  0.100502  0.091383 0.0887436  0.070222 0.0963217  0.117818  0.103019 0.0873411 0.0985582 0.0859207  0.083888 0.0840851  0.105931  0.111893 0.0987067 0.0937003 0.0988737 0.0906787  0.101249 0.0854897 0.0899851 0.0999451 0.0971303  0.085253  0.099601 0.0863233 0.0943886  0.106586 0.0903154 0.0741587  0.109115  0.106211  0.107835 0.0977398 0.0955107  0.105246 0.0905677 0.0917281 0.0977873  0.100404 0.0786149         0
0.0728744 0.0773212   0.10593 0.0706076 0.0828936 0.0903388 0.0842483 0.0862279  0.071417 0.0888463   0.08367 0.0679058 0.0778087 0.0727414 0.0955209 0.0911772 0.0884332 0.0904575 0.0932399 0.0770904   0.09032 0.0967325 0.0915695  0.093641 0.0824068  0.099759 0.0780447  0.086917 0.0752868 0.0795515 0.0937443 0.0748668 0.0739362 0.0896824 0.0688364  0.100574         0 0.0816113 0.0781171 0.0725419 0.0790241 0.0947841 0.0830447  0.104103 0.0813887  0.078709 0.0773565 0.0936974  0.096425  0.103587  0.101052  0.076283 0.0856526 0.0764596  0.102977  0.070571  0.095514 0.0905165 0.0856853 0.0898989 0.0936938 0.0891493 0.0941066 0.0742195 0.0892001  0.104086 0.0842174 0.0899832 0.0778619 0.0837009 0.0947057 0.0744505 0.0941713 0.0833366 0.0681133 0.0763484 0.0904164 0.0853393 0.0884226 0.0807864 0.0881785 0.0942795 0.0836822  0.103304 0.0755097 0.0828574 0.0718082 0.0985055 0.0838224 0.0863956 0.0932955   0.07653 0.0850569 0.0980139 0.0722928 0.0730189 0.0694458 0.0767494 0.0779698 0.0591955         0
0.0637774 0.0789496 0.0847569 0.0794244 0.0780507 0.0887177 0.0756032 0.0780333 0.0808329 0.0906383 0.0720021 0.0674001  0.070203 0.0762213  0.103285 0.0865922  0.077062 0.0763295 0.0835746 0.0859158 0.0823178 0.0756341 0.0835997 0.0789011 0.0676964  0.081803 0.0758727 0.0752609 0.0892003 0.0758502 0.0893735 0.0809195 0.0727722  0.072837 0.0702763 0.0940871 0.0816113         0 0.0749167 0.0684685 0.0852786 0.0776562 0.0773026 0.0802726 0.0837461 0.0844695 0.0835844 0.0832137 0.0787495 0.0920592  0.091297 0.0781851  0.083267 0.0710594 0.0871132 0.0677923 0.0965421 0.0890591 0.0787905 0.0709338   0.08524 0.0833506 0.0821721  0.082421 0.0959822  0.091125 0.0811568 0.0745179  0.068326 0.0714614 0.0824925 0.0843216 0.0929479 0.0818558  0.080181 0.0808866 0.0782886  0.078747 0.0779969 0.0826803 0.0770084 0.0806658 0.0886491 0.0858724 0.0668322 0.0744471 0.0861841 0.0943279 0.0695837 0.0756333 0.0741534 0.0816044  0.072076 0.0840377 0.0845934 0.0886253 0.0743401 0.0699491 0.0819559 0.0541885         0
0.0726016 0.0822291 0.0795094 0.0694944 0.0840053 0.0845158 0.0845802 0.0936956 0.0814174 0.0854024 0.0875212 0.0796118 0.0794356 0.0752144 0.0985214 0.0715496 0.0661034 0.0888908 0.0777357 0.0784824 0.0761482 0.0758084 0.0793905 0.0892495 0.0809059 0.0754858 0.0801403 0.0786219 0.0754964 0.0839399 0.0723359 0.0845518 0.0847126 0.0922777 0.0832391 0.0945977 0.0781171 0.0749167         0 0.0639243 0.0744821 0.0676534 0.0792665 0.0751632 0.0915228 0.0845927 0.0789595 0.0650692 0.0894982 0.0989915 0.0905038 0.0839879 0.0708916 0.0829809 0.0792526 0.0699697 0.0866784 0.0842844 0.0967843 0.0848147 0.0702567 0.0723115 0.0872718 0.0893528  0.104931 0.0839147  0.075202 0.0918444 0.0781603 0.0814223 0.0809292 0.0843722 0.0787305 0.0712951 0.0732739 0.0800333 0.0804949 0.0765031 0.0811204 0.0771012 0.0830752 0.0849169 0.0796152 0.0820398 0.0825613 0.0712034 0.0848435  0.078644 0.0816913 0.0832901 0.0983218 0.0900345 0.0711074 0.0842687 0.0888623 0.0836523 0.0776465 0.0693332 0.0875839 0.0539261         0
