Pi: 0.234283 0.223906  0.17621 0.365601
S:   0.152771   0.202585  0.0535016   0.012088    0.57442 0.00463442
