Pi: 0.233909 0.220045 0.176341 0.369705
S:   0.153606   0.203723  0.0542726  0.0120866   0.571247 0.00506394
