
Alignment summary:
Dolphin1: A=350 C=336 G=144 T=310
Dolphin2: A=350 C=332 G=145 T=313
giant sperm whale: A=353 C=365 G=144 T=278
bowhead whale: A=340 C=357 G=149 T=294
right whale: A=347 C=354 G=144 T=295
minke whale: A=345 C=352 G=149 T=294
Antarctic minke whale: A=349 C=357 G=147 T=287
sei whale: A=348 C=355 G=147 T=290
Bryde's whale: A=348 C=355 G=146 T=291
fin whale: A=344 C=356 G=149 T=291
blue whale: A=341 C=351 G=153 T=295
humpback whale: A=351 C=356 G=146 T=287
California whale: A=342 C=362 G=151 T=285
Pygmy right whale: A=339 C=342 G=151 T=308
Hippo: A=340 C=367 G=157 T=276
Camel dromedary: A=335 C=315 G=170 T=320
Camel bactrianus: A=331 C=320 G=171 T=318
Camel llama: A=335 C=312 G=160 T=333
Camel Llama: A=338 C=317 G=158 T=327
Camel pacos: A=329 C=319 G=167 T=325
Camel vicuna: A=338 C=316 G=161 T=325
Pig: A=359 C=328 G=150 T=303
Peccary: A=360 C=349 G=144 T=287
Cow: A=356 C=344 G=153 T=287
Sheep: A=359 C=322 G=148 T=311
Goat: A=365 C=331 G=146 T=298
Black-tailed deer: A=352 C=321 G=149 T=318
Giraffe: A=357 C=327 G=149 T=307
Fallow: A=365 C=311 G=149 T=315
Pronghorn: A=371 C=340 G=147 T=282
Chevrotain: A=335 C=325 G=172 T=308

Seed = 6097073
Jukes-Cantor Distance Matrix:

        0 0.0631085  0.197563  0.160807  0.158637  0.168455  0.162984  0.165168  0.167358  0.176181  0.170654  0.159721  0.171757  0.169554  0.224289  0.255695  0.255695  0.269388  0.269388  0.279506  0.273167  0.223107  0.239828  0.238621  0.227847  0.244674  0.233813  0.241036  0.220749  0.211388  0.270646
0.0631085         0  0.206752  0.177292  0.176181  0.180632  0.178404  0.178404  0.180632  0.189614  0.181749   0.17286  0.190745  0.179517  0.227847  0.275696  0.278234  0.259405  0.253232  0.273167  0.269388  0.230228  0.249552  0.259405  0.249552  0.255695  0.241036  0.250777  0.232616  0.212552  0.287186
 0.197563  0.206752         0  0.170654  0.166262  0.180632  0.169554  0.168455  0.179517  0.162984  0.180632  0.170654  0.156472   0.19985  0.238621  0.269388  0.265629  0.270646  0.269388  0.273167  0.271905   0.24346  0.237416  0.237416  0.271905  0.265629  0.255695  0.253232  0.254462  0.231421   0.27443
 0.160807  0.177292  0.170654         0 0.0517447  0.110368  0.104295  0.119571  0.116491  0.121631  0.123697  0.107326  0.106314  0.126807  0.224289   0.25693   0.25693   0.25693   0.25693   0.26688  0.258166  0.237416  0.218398  0.221927  0.236213  0.218398  0.229036  0.210226  0.239828  0.212552  0.245891
 0.158637  0.176181  0.166262 0.0517447         0  0.113423  0.104295  0.114444  0.117516  0.107326  0.111385  0.103288  0.101277  0.128888  0.213718   0.24346  0.247109  0.252003  0.252003  0.260645  0.258166  0.218398  0.218398  0.226659  0.238621  0.227847  0.233813  0.216054  0.231421  0.207908   0.24833
 0.168455  0.180632  0.180632  0.110368  0.113423         0 0.0479946 0.0982712  0.102282 0.0932878  0.111385 0.0962739 0.0962739  0.132019  0.221927  0.278234  0.260645  0.261888  0.254462  0.265629   0.26438  0.223107  0.213718  0.237416  0.227847  0.225473  0.219572  0.224289  0.235012  0.202143  0.255695
 0.162984  0.178404  0.169554  0.104295  0.104295 0.0479946         0 0.0834192 0.0873511 0.0844003 0.0982712 0.0922951 0.0834192  0.128888  0.207908  0.261888  0.258166  0.260645  0.253232  0.255695  0.250777  0.213718  0.203293  0.218398  0.220749  0.213718  0.221927  0.213718  0.221927  0.194146  0.247109
 0.165168  0.178404  0.168455  0.119571  0.114444 0.0982712 0.0834192         0 0.0387008 0.0756168 0.0765877 0.0844003 0.0795079   0.12993  0.211388   0.26688  0.253232  0.254462  0.249552  0.249552  0.249552  0.221927  0.210226  0.214885  0.217225  0.205597  0.231421  0.214885  0.224289  0.194146  0.252003
 0.167358  0.180632  0.179517  0.116491  0.117516  0.102282 0.0873511 0.0387008         0 0.0785332 0.0853826 0.0804838 0.0795079  0.127847  0.210226  0.258166   0.24833   0.25693  0.254462   0.25693  0.252003  0.223107  0.211388  0.226659  0.224289  0.216054  0.237416  0.220749  0.225473  0.196422  0.258166
 0.176181  0.189614  0.162984  0.121631  0.107326 0.0932878 0.0844003 0.0756168 0.0785332         0  0.081461 0.0736788 0.0746472  0.142553  0.220749  0.260645  0.247109  0.249552  0.247109  0.241036  0.237416  0.218398  0.214885  0.230228  0.217225  0.217225  0.221927  0.211388  0.216054  0.194146  0.245891
 0.170654  0.181749  0.180632  0.123697  0.111385  0.111385 0.0982712 0.0765877 0.0853826  0.081461         0  0.081461 0.0795079   0.12993  0.223107  0.263133   0.25693   0.25693  0.259405  0.254462   0.24833  0.212552  0.217225  0.230228  0.231421  0.217225  0.218398  0.226659  0.232616  0.207908  0.259405
 0.159721   0.17286  0.170654  0.107326  0.103288 0.0962739 0.0922951 0.0844003 0.0804838 0.0736788  0.081461         0 0.0804838  0.125769  0.220749  0.263133  0.253232  0.260645  0.255695   0.25693  0.252003  0.205597  0.202143  0.230228  0.227847  0.219572  0.218398  0.212552  0.223107  0.197563  0.252003
 0.171757  0.190745  0.156472  0.106314  0.101277 0.0962739 0.0834192 0.0795079 0.0795079 0.0746472 0.0795079 0.0804838         0  0.132019  0.217225  0.258166  0.250777  0.254462  0.254462   0.24833  0.250777  0.219572  0.226659  0.231421  0.225473  0.214885  0.232616  0.219572  0.241036  0.211388  0.258166
 0.169554  0.179517   0.19985  0.126807  0.128888  0.132019  0.128888   0.12993  0.127847  0.142553   0.12993  0.125769  0.132019         0  0.225473   0.26688  0.259405  0.254462   0.25693  0.270646  0.265629  0.232616  0.238621  0.244674  0.241036  0.238621  0.238621  0.241036  0.245891  0.219572  0.259405
 0.224289  0.227847  0.238621  0.224289  0.213718  0.221927  0.207908  0.211388  0.210226  0.220749  0.223107  0.220749  0.217225  0.225473         0  0.244674  0.252003  0.260645  0.258166  0.261888   0.24833  0.230228  0.206752  0.217225  0.231421  0.225473  0.224289  0.230228  0.220749  0.198706   0.24833
 0.255695  0.275696  0.269388   0.25693   0.24346  0.278234  0.261888   0.26688  0.258166  0.260645  0.263133  0.263133  0.258166   0.26688  0.244674         0  0.101277  0.179517  0.170654  0.173966  0.171757  0.244674  0.265629   0.24346  0.261888   0.24833  0.233813  0.242247  0.250777  0.236213  0.269388
 0.255695  0.278234  0.265629   0.25693  0.247109  0.260645  0.258166  0.253232   0.24833  0.247109   0.25693  0.253232  0.250777  0.259405  0.252003  0.101277         0  0.168455  0.159721  0.164075  0.161895  0.230228  0.254462   0.24833  0.254462  0.249552  0.247109   0.25693  0.255695  0.235012  0.250777
 0.269388  0.259405  0.270646   0.25693  0.252003  0.261888  0.260645  0.254462   0.25693  0.249552   0.25693  0.260645  0.254462  0.254462  0.260645  0.179517  0.168455         0 0.0168546 0.0650193 0.0659766  0.250777  0.250777  0.236213  0.242247  0.239828  0.232616  0.239828  0.260645  0.229036  0.244674
 0.269388  0.253232  0.269388   0.25693  0.252003  0.254462  0.253232  0.249552  0.254462  0.247109  0.259405  0.255695  0.254462   0.25693  0.258166  0.170654  0.159721 0.0168546         0 0.0602514 0.0631085  0.236213   0.24346  0.231421  0.237416  0.232616  0.219572  0.227847  0.258166  0.226659   0.24346
 0.279506  0.273167  0.273167   0.26688  0.260645  0.265629  0.255695  0.249552   0.25693  0.241036  0.254462   0.25693   0.24833  0.270646  0.261888  0.173966  0.164075 0.0650193 0.0602514         0 0.0195509  0.241036  0.254462  0.239828  0.238621   0.24346  0.231421  0.238621  0.253232  0.226659   0.24346
 0.273167  0.269388  0.271905  0.258166  0.258166   0.26438  0.250777  0.249552  0.252003  0.237416   0.24833  0.252003  0.250777  0.265629   0.24833  0.171757  0.161895 0.0659766 0.0631085 0.0195509         0  0.236213  0.249552  0.237416  0.227847  0.235012  0.232616  0.235012  0.247109  0.219572   0.24346
 0.223107  0.230228   0.24346  0.237416  0.218398  0.223107  0.213718  0.221927  0.223107  0.218398  0.212552  0.205597  0.219572  0.232616  0.230228  0.244674  0.230228  0.250777  0.236213  0.241036  0.236213         0  0.187359  0.226659  0.216054  0.206752  0.207908  0.206752  0.206752  0.176181  0.223107
 0.239828  0.249552  0.237416  0.218398  0.218398  0.213718  0.203293  0.210226  0.211388  0.214885  0.217225  0.202143  0.226659  0.238621  0.206752  0.265629  0.254462  0.250777   0.24346  0.254462  0.249552  0.187359         0  0.202143  0.207908   0.19985  0.209066  0.212552  0.210226  0.176181  0.241036
 0.238621  0.259405  0.237416  0.221927  0.226659  0.237416  0.218398  0.214885  0.226659  0.230228  0.230228  0.230228  0.231421  0.244674  0.217225   0.24346   0.24833  0.236213  0.231421  0.239828  0.237416  0.226659  0.202143         0  0.186234  0.156472  0.170654  0.162984  0.171757  0.157554  0.219572
 0.227847  0.249552  0.271905  0.236213  0.238621  0.227847  0.220749  0.217225  0.224289  0.217225  0.231421  0.227847  0.225473  0.241036  0.231421  0.261888  0.254462  0.242247  0.237416  0.238621  0.227847  0.216054  0.207908  0.186234         0  0.105304   0.17286  0.160807   0.17286  0.151088  0.214885
 0.244674  0.255695  0.265629  0.218398  0.227847  0.225473  0.213718  0.205597  0.216054  0.217225  0.217225  0.219572  0.214885  0.238621  0.225473   0.24833  0.249552  0.239828  0.232616   0.24346  0.235012  0.206752   0.19985  0.156472  0.105304         0  0.167358  0.154314  0.159721  0.140434  0.211388
 0.233813  0.241036  0.255695  0.229036  0.233813  0.219572  0.221927  0.231421  0.237416  0.221927  0.218398  0.218398  0.232616  0.238621  0.224289  0.233813  0.247109  0.232616  0.219572  0.231421  0.232616  0.207908  0.209066  0.170654   0.17286  0.167358         0  0.151088  0.148945  0.150016  0.236213
 0.241036  0.250777  0.253232  0.210226  0.216054  0.224289  0.213718  0.214885  0.220749  0.211388  0.226659  0.212552  0.219572  0.241036  0.230228  0.242247   0.25693  0.239828  0.227847  0.238621  0.235012  0.206752  0.212552  0.162984  0.160807  0.154314  0.151088         0  0.143615  0.139377  0.211388
 0.220749  0.232616  0.254462  0.239828  0.231421  0.235012  0.221927  0.224289  0.225473  0.216054  0.232616  0.223107  0.241036  0.245891  0.220749  0.250777  0.255695  0.260645  0.258166  0.253232  0.247109  0.206752  0.210226  0.171757   0.17286  0.159721  0.148945  0.143615         0 0.0736788  0.205597
 0.211388  0.212552  0.231421  0.212552  0.207908  0.202143  0.194146  0.194146  0.196422  0.194146  0.207908  0.197563  0.211388  0.219572  0.198706  0.236213  0.235012  0.229036  0.226659  0.226659  0.219572  0.176181  0.176181  0.157554  0.151088  0.140434  0.150016  0.139377 0.0736788         0  0.188486
 0.270646  0.287186   0.27443  0.245891   0.24833  0.255695  0.247109  0.252003  0.258166  0.245891  0.259405  0.252003  0.258166  0.259405   0.24833  0.269388  0.250777  0.244674   0.24346   0.24346   0.24346  0.223107  0.241036  0.219572  0.214885  0.211388  0.236213  0.211388  0.205597  0.188486         0


JC Tree topology:
(1,2,((3,(((4,5),14),((6,7),((((8,9),11),(10,12)),13)))),(15,((((16,17),((18,19),(20,21))),((24,((25,26),((27,28),(29,30)))),31)),(22,23)))));

Putting MLE Branch Lengths
p:  0.30481
0.296944
0.133447
0.264799
s:  0.230507
 0.171867
 0.108012
0.0309636
 0.441964
0.0166867
Q: -0.837219  0.378115  0.281925  0.177179
 0.388132  -1.18446 0.0521371  0.744187
 0.643956  0.116015 -0.822493 0.0625221
 0.203951  0.834526 0.0315083  -1.06999
(19:0.0060782,18:0.0107880,((((31:0.1405063,((((27:0.0845870,28:0.0703141):0.0206475,(30:0.0248172,29:0.0512143):0.0423810):0.0143822,(26:0.0445176,25:0.0620799):0.0395897):0.0115774,24:0.0893566):0.0237187):0.0256849,((15:0.1114537,((2:0.0401039,1:0.0232634):0.0708188,(3:0.1128361,(((4:0.0279800,5:0.0234881):0.0271249,14:0.0789337):0.0102523,((((11:0.0425912,(8:0.0149988,9:0.0235244):0.0228406):0.0092213,(10:0.0319718,12:0.0412218):0.0074590):0.0047550,13:0.0387050):0.0129658,(6:0.0278097,7:0.0200913):0.0235633):0.0182352):0.0227807):0.0196214):0.0477981):0.0258081,(23:0.0962108,22:0.0985497):0.0249196):0.0086652):0.0941262,(16:0.0567417,17:0.0445335):0.0514211):0.0548848,(21:0.0100250,20:0.0098419):0.0234606):0.0246186);
stationary acceptance: 0.24157
symmetric acceptance: 0.191182
branch length acceptance: 0.896179
avgP: 0.231968 0.222341 0.174448 0.371243
sP: 8.09039e-05  5.6928e-05 9.30522e-05 0.000110107
avgS:   0.151778     0.2014  0.0541485  0.0117276   0.575517 0.00542921
sS: 4.33785e-05 0.000130893 2.59294e-05 4.91303e-06 0.000208775 4.73204e-06
0.231968 0.222341 0.174448 0.371243
  0.151778     0.2014  0.0541485  0.0117276   0.575517 0.00542921

-0.877979  0.327153   0.43411  0.116715
 0.341319  -1.66192  0.026373   1.29422
 0.577247 0.0336133 -0.626422 0.0155611
0.0729287  0.775122 0.0073122 -0.855362

GTR Distance Matrix:

        0 0.0600583  0.191233  0.155631  0.153168  0.164005  0.157177  0.160022  0.161812  0.170727  0.165334  0.153486  0.164989  0.166115   0.22209  0.264286  0.266208  0.283774  0.281435  0.292051  0.285736  0.227552  0.241385  0.238457  0.231898  0.246269  0.239888  0.247079  0.226179  0.212014  0.280037
0.0600583         0  0.202772  0.172765  0.171591  0.177581  0.174017  0.174585  0.176535  0.185307  0.177921  0.167731  0.185202  0.177901  0.227735  0.289168  0.292679  0.275476  0.266488  0.287907   0.28337  0.237432  0.252787  0.262564  0.257427  0.259106  0.250771  0.259656  0.240964  0.215984  0.301625
 0.191233  0.202772         0  0.160078  0.155913  0.172422  0.160353  0.158807  0.168955    0.1547  0.170624  0.160832  0.147891  0.190388  0.232089  0.272861   0.27039  0.277926  0.275061  0.280791  0.278433  0.245798  0.236571  0.234895  0.273409   0.26508  0.260372  0.258093  0.261674  0.232956  0.280996
 0.155631  0.172765  0.160078         0 0.0477949  0.102832 0.0966227  0.110935  0.108101  0.112704  0.114709 0.0993333 0.0985175  0.117923  0.218908  0.261564  0.264036   0.26421  0.262367  0.273032  0.264184  0.238422  0.218047  0.218349  0.233969  0.215754  0.231758  0.213245  0.243667  0.211245  0.251531
 0.153168  0.171591  0.155913 0.0477949         0  0.105832 0.0967349  0.106289  0.109118  0.099624  0.103477 0.0957341   0.09386  0.119962  0.209502  0.250228  0.256018  0.262154  0.260313   0.26925  0.267141  0.221129  0.218944  0.223184  0.236534  0.225038  0.237087  0.219961  0.237421  0.207958  0.253333
 0.164005  0.177581  0.172422  0.102832  0.105832         0 0.0446432 0.0915673 0.0951643 0.0867143  0.103545 0.0893486 0.0896543  0.123844  0.218468  0.288746  0.272014   0.27448  0.264955  0.276265   0.27592  0.228367  0.216133  0.236725  0.229297  0.225163  0.224769  0.228892  0.242013  0.203649  0.266116
 0.157177  0.174017  0.160353 0.0966227 0.0967349 0.0446432         0 0.0772218 0.0807412 0.0779214 0.0907569  0.085022   0.07717  0.120148  0.203441  0.269095  0.266589  0.269158  0.259808  0.263623  0.258675  0.216935  0.202475  0.214967   0.21999    0.2114   0.22519  0.216093  0.226927  0.194797   0.25503
 0.160022  0.174585  0.158807  0.110935  0.106289 0.0915673 0.0772218         0  0.035681 0.0699526 0.0708789 0.0779123 0.0736148   0.12208  0.205414  0.273249  0.261841  0.261209  0.254471   0.25463  0.254736  0.222884  0.208387  0.209686  0.214642  0.202398  0.230741  0.214356  0.226907  0.192624  0.256925
 0.161812  0.176535  0.168955  0.108101  0.109118 0.0951643 0.0807412  0.035681         0 0.0726333 0.0789822 0.0743879 0.0737061  0.119657  0.203397  0.265162  0.256574  0.262756  0.258466  0.261242  0.256349  0.223685  0.208468  0.220626  0.221276  0.211564  0.236973  0.220939  0.228051  0.194698  0.262897
 0.170727  0.185307    0.1547  0.112704  0.099624 0.0867143 0.0779214 0.0699526 0.0726333         0 0.0753266 0.0679806 0.0691254  0.133346  0.213599  0.268128  0.255826  0.258253  0.253986  0.247767  0.244511  0.219805  0.212814  0.225345  0.216028  0.214029   0.22379  0.212599  0.220515  0.194088  0.252448
 0.165334  0.177921  0.170624  0.114709  0.103477  0.103545 0.0907569 0.0708789 0.0789822 0.0753266         0 0.0751875 0.0735781  0.121741  0.216899  0.271716  0.266677  0.267026  0.267652  0.263071  0.256801  0.215397  0.216052  0.226348  0.229866  0.215119  0.220327  0.228301  0.237782  0.207634  0.267724
 0.153486  0.167731  0.160832 0.0993333 0.0957341 0.0893486  0.085022 0.0779123 0.0743879 0.0679806 0.0751875         0  0.074389  0.117459  0.214171  0.270102  0.260653  0.268603  0.261751  0.262542   0.25788   0.20699  0.199278  0.224693  0.223981  0.215486   0.21884  0.212497  0.225195  0.196156  0.257527
 0.164989  0.185202  0.147891 0.0985175   0.09386 0.0896543   0.07717 0.0736148 0.0737061 0.0691254 0.0735781  0.074389         0  0.123246  0.208839  0.264739   0.25846  0.263642   0.26179  0.255033  0.257756  0.220566  0.223529  0.225617  0.222518    0.2108  0.232375  0.219553  0.243755  0.209502  0.264084
 0.166115  0.177901  0.190388  0.117923  0.119962  0.123844  0.120148   0.12208  0.119657  0.133346  0.121741  0.117459  0.123246         0  0.221911  0.275813  0.270407   0.26549  0.266204  0.280566  0.275016  0.238565  0.241603  0.243167  0.242401  0.238649  0.244035  0.246474  0.253096   0.22228  0.269917
  0.22209  0.227735  0.232089  0.218908  0.209502  0.218468  0.203441  0.205414  0.203397  0.213599  0.216899  0.214171  0.208839  0.221911         0  0.245709  0.253377  0.261342  0.256949  0.262815  0.249384  0.226477  0.200114  0.211271  0.225325   0.21734  0.223248  0.227944  0.220325  0.194245  0.249949
 0.264286  0.289168  0.272861  0.261564  0.250228  0.288746  0.269095  0.273249  0.265162  0.268128  0.271716  0.270102  0.264739  0.275813  0.245709         0 0.0965992  0.176872  0.167536  0.171433  0.168899  0.248695  0.269593  0.248975  0.270335    0.2536  0.244903  0.251296  0.260093  0.238744  0.282261
 0.266208  0.292679   0.27039  0.264036  0.256018  0.272014  0.266589  0.261841  0.256574  0.255826  0.266677  0.260653   0.25846  0.270407  0.253377 0.0965992         0  0.164367  0.155281  0.160483  0.158159  0.236337  0.259232  0.252098  0.263189  0.255355  0.258073  0.267423  0.265111  0.238754  0.265027
 0.283774  0.275476  0.277926   0.26421  0.262154   0.27448  0.269158  0.261209  0.262756  0.258253  0.267026  0.268603  0.263642   0.26549  0.261342  0.176872  0.164367         0 0.0160188 0.0622369 0.0632362  0.254485  0.256302  0.238312  0.248841  0.242993  0.243319  0.250444  0.270061  0.232535  0.256407
 0.281435  0.266488  0.275061  0.262367  0.260313  0.264955  0.259808  0.254471  0.258466  0.253986  0.267652  0.261751   0.26179  0.266204  0.256949  0.167536  0.155281 0.0160188         0 0.0575464 0.0603539  0.239448   0.24783  0.233106  0.242863  0.234752  0.228781  0.237466  0.266314  0.229154  0.253296
 0.292051  0.287907  0.280791  0.273032   0.26925  0.276265  0.263623   0.25463  0.261242  0.247767  0.263071  0.262542  0.255033  0.280566  0.262815  0.171433  0.160483 0.0622369 0.0575464         0 0.0186498  0.245286  0.260035  0.243528  0.247893  0.249436  0.241669  0.250419  0.262918  0.229925  0.252841
 0.285736   0.28337  0.278433  0.264184  0.267141   0.27592  0.258675  0.254736  0.256349  0.244511  0.256801   0.25788  0.257756  0.275016  0.249384  0.168899  0.158159 0.0632362 0.0603539 0.0186498         0   0.24132  0.254453  0.238974  0.235008  0.238938  0.243008  0.244296  0.255621  0.222248  0.252452
 0.227552  0.237432  0.245798  0.238422  0.221129  0.228367  0.216935  0.222884  0.223685  0.219805  0.215397   0.20699  0.220566  0.238565  0.226477  0.248695  0.236337  0.254485  0.239448  0.245286   0.24132         0  0.183119  0.224023  0.220205  0.207274  0.211051  0.208586   0.20779  0.173467  0.228221
 0.241385  0.252787  0.236571  0.218047  0.218944  0.216133  0.202475  0.208387  0.208468  0.212814  0.216052  0.199278  0.223529  0.241603  0.200114  0.269593  0.259232  0.256302   0.24783  0.260035  0.254453  0.183119         0   0.19804  0.204679  0.193478  0.208623   0.21071  0.209676  0.172035  0.241286
 0.238457  0.262564  0.234895  0.218349  0.223184  0.236725  0.214967  0.209686  0.220626  0.225345  0.226348  0.224693  0.225617  0.243167  0.211271  0.248975  0.252098  0.238312  0.233106  0.243528  0.238974  0.224023   0.19804         0  0.178374  0.150103  0.165244  0.156315  0.167862  0.152091  0.218953
 0.231898  0.257427  0.273409  0.233969  0.236534  0.229297   0.21999  0.214642  0.221276  0.216028  0.229866  0.223981  0.222518  0.242401  0.225325  0.270335  0.263189  0.248841  0.242863  0.247893  0.235008  0.220205  0.204679  0.178374         0 0.0997843  0.169083  0.157019  0.171826  0.147728   0.21602
 0.246269  0.259106   0.26508  0.215754  0.225038  0.225163    0.2114  0.202398  0.211564  0.214029  0.215119  0.215486    0.2108  0.238649   0.21734    0.2536  0.255355  0.242993  0.234752  0.249436  0.238938  0.207274  0.193478  0.150103 0.0997843         0   0.16283  0.148717  0.156793  0.135754  0.212953
 0.239888  0.250771  0.260372  0.231758  0.237087  0.224769   0.22519  0.230741  0.236973   0.22379  0.220327   0.21884  0.232375  0.244035  0.223248  0.244903  0.258073  0.243319  0.228781  0.241669  0.243008  0.211051  0.208623  0.165244  0.169083   0.16283         0  0.147421  0.146976  0.146445  0.242342
 0.247079  0.259656  0.258093  0.213245  0.219961  0.228892  0.216093  0.214356  0.220939  0.212599  0.228301  0.212497  0.219553  0.246474  0.227944  0.251296  0.267423  0.250444  0.237466  0.250419  0.244296  0.208586   0.21071  0.156315  0.157019  0.148717  0.147421         0  0.138548  0.133397  0.217473
 0.226179  0.240964  0.261674  0.243667  0.237421  0.242013  0.226927  0.226907  0.228051  0.220515  0.237782  0.225195  0.243755  0.253096  0.220325  0.260093  0.265111  0.270061  0.266314  0.262918  0.255621   0.20779  0.209676  0.167862  0.171826  0.156793  0.146976  0.138548         0 0.0710622  0.211059
 0.212014  0.215984  0.232956  0.211245  0.207958  0.203649  0.194797  0.192624  0.194698  0.194088  0.207634  0.196156  0.209502   0.22228  0.194245  0.238744  0.238754  0.232535  0.229154  0.229925  0.222248  0.173467  0.172035  0.152091  0.147728  0.135754  0.146445  0.133397 0.0710622         0  0.188809
 0.280037  0.301625  0.280996  0.251531  0.253333  0.266116   0.25503  0.256925  0.262897  0.252448  0.267724  0.257527  0.264084  0.269917  0.249949  0.282261  0.265027  0.256407  0.253296  0.252841  0.252452  0.228221  0.241286  0.218953   0.21602  0.212953  0.242342  0.217473  0.211059  0.188809         0

Seed = 1388294782
Seeds per core: 
      959033972
     1151051032
      912964061
     1099462605
     3887206447
     2931511304
      818481993
     4015355429
     1073582696
      954557656
     1683410081
     4006259243
     2547670231
     3998788386
     1241913049
     4176896213
     1417071456
     3436062259
     3184140269
      729714347
     1172746854
     2117918766
     2588761156
     1830520080
     1489851874
     2431805721
     1048466714
     4257164684
     2142927922
     4232235052
     1444832347
     3248489451
     2632320146
     3123126370
     2997407661
       13913584
     1909490247
     3056805530
      604415904
     1554385742
     3524043361
     2971847457
     1974873280
      412285306
      859175790
      201119387
     1744055333
     1099884552
ESS = 76.49, or 7.65 percent.
Times: 
MCMC: 688 seconds
Bootstrap: 0 seconds
Estimate ccdprobs from bootstrap: 0 seconds
Importance sampling: 217 seconds
