Pi: 0.231878 0.220329 0.174409 0.373384
S:   0.152639   0.198964  0.0540801  0.0117192   0.577183 0.00541446
