
Alignment summary:
Dolphin1: A=350 C=336 G=144 T=310
Dolphin2: A=350 C=332 G=145 T=313
giant sperm whale: A=353 C=365 G=144 T=278
bowhead whale: A=340 C=357 G=149 T=294
right whale: A=347 C=354 G=144 T=295
minke whale: A=345 C=352 G=149 T=294
Antarctic minke whale: A=349 C=357 G=147 T=287
sei whale: A=348 C=355 G=147 T=290
Bryde's whale: A=348 C=355 G=146 T=291
fin whale: A=344 C=356 G=149 T=291
blue whale: A=341 C=351 G=153 T=295
humpback whale: A=351 C=356 G=146 T=287
California whale: A=342 C=362 G=151 T=285
Pygmy right whale: A=339 C=342 G=151 T=308
Hippo: A=340 C=367 G=157 T=276
Camel dromedary: A=335 C=315 G=170 T=320
Camel bactrianus: A=331 C=320 G=171 T=318
Camel llama: A=335 C=312 G=160 T=333
Camel Llama: A=338 C=317 G=158 T=327
Camel pacos: A=329 C=319 G=167 T=325
Camel vicuna: A=338 C=316 G=161 T=325
Pig: A=359 C=328 G=150 T=303
Peccary: A=360 C=349 G=144 T=287
Cow: A=356 C=344 G=153 T=287
Sheep: A=359 C=322 G=148 T=311
Goat: A=365 C=331 G=146 T=298
Black-tailed deer: A=352 C=321 G=149 T=318
Giraffe: A=357 C=327 G=149 T=307
Fallow: A=365 C=311 G=149 T=315
Pronghorn: A=371 C=340 G=147 T=282
Chevrotain: A=335 C=325 G=172 T=308

Seed = 1531784049
Jukes-Cantor Distance Matrix:

        0 0.0631085  0.197563  0.160807  0.158637  0.168455  0.162984  0.165168  0.167358  0.176181  0.170654  0.159721  0.171757  0.169554  0.224289  0.255695  0.255695  0.269388  0.269388  0.279506  0.273167  0.223107  0.239828  0.238621  0.227847  0.244674  0.233813  0.241036  0.220749  0.211388  0.270646
0.0631085         0  0.206752  0.177292  0.176181  0.180632  0.178404  0.178404  0.180632  0.189614  0.181749   0.17286  0.190745  0.179517  0.227847  0.275696  0.278234  0.259405  0.253232  0.273167  0.269388  0.230228  0.249552  0.259405  0.249552  0.255695  0.241036  0.250777  0.232616  0.212552  0.287186
 0.197563  0.206752         0  0.170654  0.166262  0.180632  0.169554  0.168455  0.179517  0.162984  0.180632  0.170654  0.156472   0.19985  0.238621  0.269388  0.265629  0.270646  0.269388  0.273167  0.271905   0.24346  0.237416  0.237416  0.271905  0.265629  0.255695  0.253232  0.254462  0.231421   0.27443
 0.160807  0.177292  0.170654         0 0.0517447  0.110368  0.104295  0.119571  0.116491  0.121631  0.123697  0.107326  0.106314  0.126807  0.224289   0.25693   0.25693   0.25693   0.25693   0.26688  0.258166  0.237416  0.218398  0.221927  0.236213  0.218398  0.229036  0.210226  0.239828  0.212552  0.245891
 0.158637  0.176181  0.166262 0.0517447         0  0.113423  0.104295  0.114444  0.117516  0.107326  0.111385  0.103288  0.101277  0.128888  0.213718   0.24346  0.247109  0.252003  0.252003  0.260645  0.258166  0.218398  0.218398  0.226659  0.238621  0.227847  0.233813  0.216054  0.231421  0.207908   0.24833
 0.168455  0.180632  0.180632  0.110368  0.113423         0 0.0479946 0.0982712  0.102282 0.0932878  0.111385 0.0962739 0.0962739  0.132019  0.221927  0.278234  0.260645  0.261888  0.254462  0.265629   0.26438  0.223107  0.213718  0.237416  0.227847  0.225473  0.219572  0.224289  0.235012  0.202143  0.255695
 0.162984  0.178404  0.169554  0.104295  0.104295 0.0479946         0 0.0834192 0.0873511 0.0844003 0.0982712 0.0922951 0.0834192  0.128888  0.207908  0.261888  0.258166  0.260645  0.253232  0.255695  0.250777  0.213718  0.203293  0.218398  0.220749  0.213718  0.221927  0.213718  0.221927  0.194146  0.247109
 0.165168  0.178404  0.168455  0.119571  0.114444 0.0982712 0.0834192         0 0.0387008 0.0756168 0.0765877 0.0844003 0.0795079   0.12993  0.211388   0.26688  0.253232  0.254462  0.249552  0.249552  0.249552  0.221927  0.210226  0.214885  0.217225  0.205597  0.231421  0.214885  0.224289  0.194146  0.252003
 0.167358  0.180632  0.179517  0.116491  0.117516  0.102282 0.0873511 0.0387008         0 0.0785332 0.0853826 0.0804838 0.0795079  0.127847  0.210226  0.258166   0.24833   0.25693  0.254462   0.25693  0.252003  0.223107  0.211388  0.226659  0.224289  0.216054  0.237416  0.220749  0.225473  0.196422  0.258166
 0.176181  0.189614  0.162984  0.121631  0.107326 0.0932878 0.0844003 0.0756168 0.0785332         0  0.081461 0.0736788 0.0746472  0.142553  0.220749  0.260645  0.247109  0.249552  0.247109  0.241036  0.237416  0.218398  0.214885  0.230228  0.217225  0.217225  0.221927  0.211388  0.216054  0.194146  0.245891
 0.170654  0.181749  0.180632  0.123697  0.111385  0.111385 0.0982712 0.0765877 0.0853826  0.081461         0  0.081461 0.0795079   0.12993  0.223107  0.263133   0.25693   0.25693  0.259405  0.254462   0.24833  0.212552  0.217225  0.230228  0.231421  0.217225  0.218398  0.226659  0.232616  0.207908  0.259405
 0.159721   0.17286  0.170654  0.107326  0.103288 0.0962739 0.0922951 0.0844003 0.0804838 0.0736788  0.081461         0 0.0804838  0.125769  0.220749  0.263133  0.253232  0.260645  0.255695   0.25693  0.252003  0.205597  0.202143  0.230228  0.227847  0.219572  0.218398  0.212552  0.223107  0.197563  0.252003
 0.171757  0.190745  0.156472  0.106314  0.101277 0.0962739 0.0834192 0.0795079 0.0795079 0.0746472 0.0795079 0.0804838         0  0.132019  0.217225  0.258166  0.250777  0.254462  0.254462   0.24833  0.250777  0.219572  0.226659  0.231421  0.225473  0.214885  0.232616  0.219572  0.241036  0.211388  0.258166
 0.169554  0.179517   0.19985  0.126807  0.128888  0.132019  0.128888   0.12993  0.127847  0.142553   0.12993  0.125769  0.132019         0  0.225473   0.26688  0.259405  0.254462   0.25693  0.270646  0.265629  0.232616  0.238621  0.244674  0.241036  0.238621  0.238621  0.241036  0.245891  0.219572  0.259405
 0.224289  0.227847  0.238621  0.224289  0.213718  0.221927  0.207908  0.211388  0.210226  0.220749  0.223107  0.220749  0.217225  0.225473         0  0.244674  0.252003  0.260645  0.258166  0.261888   0.24833  0.230228  0.206752  0.217225  0.231421  0.225473  0.224289  0.230228  0.220749  0.198706   0.24833
 0.255695  0.275696  0.269388   0.25693   0.24346  0.278234  0.261888   0.26688  0.258166  0.260645  0.263133  0.263133  0.258166   0.26688  0.244674         0  0.101277  0.179517  0.170654  0.173966  0.171757  0.244674  0.265629   0.24346  0.261888   0.24833  0.233813  0.242247  0.250777  0.236213  0.269388
 0.255695  0.278234  0.265629   0.25693  0.247109  0.260645  0.258166  0.253232   0.24833  0.247109   0.25693  0.253232  0.250777  0.259405  0.252003  0.101277         0  0.168455  0.159721  0.164075  0.161895  0.230228  0.254462   0.24833  0.254462  0.249552  0.247109   0.25693  0.255695  0.235012  0.250777
 0.269388  0.259405  0.270646   0.25693  0.252003  0.261888  0.260645  0.254462   0.25693  0.249552   0.25693  0.260645  0.254462  0.254462  0.260645  0.179517  0.168455         0 0.0168546 0.0650193 0.0659766  0.250777  0.250777  0.236213  0.242247  0.239828  0.232616  0.239828  0.260645  0.229036  0.244674
 0.269388  0.253232  0.269388   0.25693  0.252003  0.254462  0.253232  0.249552  0.254462  0.247109  0.259405  0.255695  0.254462   0.25693  0.258166  0.170654  0.159721 0.0168546         0 0.0602514 0.0631085  0.236213   0.24346  0.231421  0.237416  0.232616  0.219572  0.227847  0.258166  0.226659   0.24346
 0.279506  0.273167  0.273167   0.26688  0.260645  0.265629  0.255695  0.249552   0.25693  0.241036  0.254462   0.25693   0.24833  0.270646  0.261888  0.173966  0.164075 0.0650193 0.0602514         0 0.0195509  0.241036  0.254462  0.239828  0.238621   0.24346  0.231421  0.238621  0.253232  0.226659   0.24346
 0.273167  0.269388  0.271905  0.258166  0.258166   0.26438  0.250777  0.249552  0.252003  0.237416   0.24833  0.252003  0.250777  0.265629   0.24833  0.171757  0.161895 0.0659766 0.0631085 0.0195509         0  0.236213  0.249552  0.237416  0.227847  0.235012  0.232616  0.235012  0.247109  0.219572   0.24346
 0.223107  0.230228   0.24346  0.237416  0.218398  0.223107  0.213718  0.221927  0.223107  0.218398  0.212552  0.205597  0.219572  0.232616  0.230228  0.244674  0.230228  0.250777  0.236213  0.241036  0.236213         0  0.187359  0.226659  0.216054  0.206752  0.207908  0.206752  0.206752  0.176181  0.223107
 0.239828  0.249552  0.237416  0.218398  0.218398  0.213718  0.203293  0.210226  0.211388  0.214885  0.217225  0.202143  0.226659  0.238621  0.206752  0.265629  0.254462  0.250777   0.24346  0.254462  0.249552  0.187359         0  0.202143  0.207908   0.19985  0.209066  0.212552  0.210226  0.176181  0.241036
 0.238621  0.259405  0.237416  0.221927  0.226659  0.237416  0.218398  0.214885  0.226659  0.230228  0.230228  0.230228  0.231421  0.244674  0.217225   0.24346   0.24833  0.236213  0.231421  0.239828  0.237416  0.226659  0.202143         0  0.186234  0.156472  0.170654  0.162984  0.171757  0.157554  0.219572
 0.227847  0.249552  0.271905  0.236213  0.238621  0.227847  0.220749  0.217225  0.224289  0.217225  0.231421  0.227847  0.225473  0.241036  0.231421  0.261888  0.254462  0.242247  0.237416  0.238621  0.227847  0.216054  0.207908  0.186234         0  0.105304   0.17286  0.160807   0.17286  0.151088  0.214885
 0.244674  0.255695  0.265629  0.218398  0.227847  0.225473  0.213718  0.205597  0.216054  0.217225  0.217225  0.219572  0.214885  0.238621  0.225473   0.24833  0.249552  0.239828  0.232616   0.24346  0.235012  0.206752   0.19985  0.156472  0.105304         0  0.167358  0.154314  0.159721  0.140434  0.211388
 0.233813  0.241036  0.255695  0.229036  0.233813  0.219572  0.221927  0.231421  0.237416  0.221927  0.218398  0.218398  0.232616  0.238621  0.224289  0.233813  0.247109  0.232616  0.219572  0.231421  0.232616  0.207908  0.209066  0.170654   0.17286  0.167358         0  0.151088  0.148945  0.150016  0.236213
 0.241036  0.250777  0.253232  0.210226  0.216054  0.224289  0.213718  0.214885  0.220749  0.211388  0.226659  0.212552  0.219572  0.241036  0.230228  0.242247   0.25693  0.239828  0.227847  0.238621  0.235012  0.206752  0.212552  0.162984  0.160807  0.154314  0.151088         0  0.143615  0.139377  0.211388
 0.220749  0.232616  0.254462  0.239828  0.231421  0.235012  0.221927  0.224289  0.225473  0.216054  0.232616  0.223107  0.241036  0.245891  0.220749  0.250777  0.255695  0.260645  0.258166  0.253232  0.247109  0.206752  0.210226  0.171757   0.17286  0.159721  0.148945  0.143615         0 0.0736788  0.205597
 0.211388  0.212552  0.231421  0.212552  0.207908  0.202143  0.194146  0.194146  0.196422  0.194146  0.207908  0.197563  0.211388  0.219572  0.198706  0.236213  0.235012  0.229036  0.226659  0.226659  0.219572  0.176181  0.176181  0.157554  0.151088  0.140434  0.150016  0.139377 0.0736788         0  0.188486
 0.270646  0.287186   0.27443  0.245891   0.24833  0.255695  0.247109  0.252003  0.258166  0.245891  0.259405  0.252003  0.258166  0.259405   0.24833  0.269388  0.250777  0.244674   0.24346   0.24346   0.24346  0.223107  0.241036  0.219572  0.214885  0.211388  0.236213  0.211388  0.205597  0.188486         0


JC Tree topology:
(1,2,((3,(((4,5),14),((6,7),((((8,9),11),(10,12)),13)))),(15,((((16,17),((18,19),(20,21))),((24,((25,26),((27,28),(29,30)))),31)),(22,23)))));

Putting MLE Branch Lengths
p:  0.30481
0.296944
0.133447
0.264799
s:  0.230507
 0.171867
 0.108012
0.0309636
 0.441964
0.0166867
Q: -0.837219  0.378115  0.281925  0.177179
 0.388132  -1.18446 0.0521371  0.744187
 0.643956  0.116015 -0.822493 0.0625221
 0.203951  0.834526 0.0315083  -1.06999
(21:0.0100250,20:0.0098422,((19:0.0060780,18:0.0107881):0.0246195,((((23:0.0961843,22:0.0985317):0.0249344,(((2:0.0401023,1:0.0232631):0.0708124,((((13:0.0387039,((11:0.0425933,(9:0.0235247,8:0.0149986):0.0228427):0.0092244,(12:0.0412255,10:0.0319705):0.0074607):0.0047511):0.0129632,(6:0.0278079,7:0.0200917):0.0235611):0.0182363,((4:0.0279814,5:0.0234870):0.0271245,14:0.0789363):0.0102488):0.0227706,3:0.1128459):0.0196101):0.0477890,15:0.1114689):0.0258069):0.0086623,(31:0.1405092,(((26:0.0445089,25:0.0620808):0.0395944,((30:0.0248150,29:0.0512273):0.0423831,(28:0.0703259,27:0.0846159):0.0206645):0.0143838):0.0115826,24:0.0893561):0.0237109):0.0256948):0.0941247,(16:0.0567429,17:0.0445341):0.0514164):0.0548865):0.0234601);
stationary acceptance: 0.217021
symmetric acceptance: 0.200778
branch length acceptance: 0.90233
avgP: 0.233909 0.220045 0.176341 0.369705
sP: 7.88316e-05 8.60772e-05 9.24583e-05 0.000114604
avgS:   0.153606   0.203723  0.0542726  0.0120866   0.571247 0.00506394
sS: 4.59697e-05 0.000146204 3.92016e-05 6.77388e-06 0.000260273 3.77287e-06
0.233909 0.220045 0.176341 0.369705
  0.153606   0.203723  0.0542726  0.0120866   0.571247 0.00506394

 -0.879832   0.328345   0.435475   0.116012
  0.349034   -1.67452   0.027464    1.29803
   0.57764  0.0342706  -0.626269  0.0143584
 0.0733999   0.772572 0.00684863   -0.85282

GTR Distance Matrix:

        0 0.0598557  0.190517  0.155097  0.152605  0.163364  0.156575  0.159399  0.161206  0.170084  0.164718  0.152896  0.164354  0.165519  0.221293  0.263361  0.265323  0.282909  0.280492  0.291015  0.284699  0.226756  0.240424  0.237546  0.231049  0.245344  0.238993  0.246216  0.225435  0.211199  0.278951
0.0598557         0  0.202022  0.172213  0.170978  0.176916  0.173351  0.173898  0.175838   0.18461   0.17725   0.16706  0.184506  0.177299  0.226886  0.288165  0.291579  0.274612  0.265548  0.286889  0.282287   0.23656  0.251784  0.261471  0.256423  0.258058  0.249846  0.258707  0.240069  0.215166   0.30043
 0.190517  0.202022         0  0.159485  0.155346  0.171743   0.15977   0.15823  0.168332  0.154138   0.16999  0.160244   0.14735  0.189675  0.231163  0.271912  0.269421  0.276953   0.27409  0.279811  0.277482  0.244815  0.235561   0.23404  0.272353  0.264017  0.259367  0.257233   0.26076  0.232057  0.279969
 0.155097  0.172213  0.159485         0 0.0476187  0.102432 0.0962587   0.11053  0.107708  0.112275   0.11429 0.0989574 0.0981443  0.117498  0.217984  0.260557  0.262982  0.263266  0.261418   0.27194  0.263147  0.237532  0.217185  0.217525  0.233093  0.214983  0.230918  0.212534  0.242834  0.210478  0.250501
 0.152605  0.170978  0.155346 0.0476187         0  0.105437 0.0963669  0.105879  0.108696 0.0992452  0.103099 0.0953693 0.0935014   0.11951  0.208705  0.249349  0.255076  0.261288  0.259441  0.268276  0.266158   0.22029  0.218076   0.22231  0.235649  0.224257  0.236261  0.219184  0.236585  0.207236  0.252339
 0.163364  0.176916  0.171743  0.102432  0.105437         0 0.0444747 0.0912284 0.0948102 0.0863795  0.103144 0.0890205 0.0893072  0.123391  0.217581  0.287664  0.271026  0.273543  0.264048  0.275253  0.274916  0.227518  0.215293  0.235708   0.22845  0.224354   0.22392  0.228007  0.241078  0.202877  0.265057
 0.156575  0.173351   0.15977 0.0962587 0.0963669 0.0444747         0 0.0769472 0.0804523 0.0776301 0.0904163 0.0847013 0.0768817  0.119698    0.2026  0.268151    0.2656   0.26822  0.258899  0.262609  0.257732   0.21615  0.201688  0.214114  0.219207  0.210674   0.22432  0.215322  0.226099  0.194075  0.253994
 0.159399  0.173898   0.15823   0.11053  0.105879 0.0912284 0.0769472         0  0.035552 0.0697059 0.0706141 0.0776167 0.0733532   0.12164  0.204591  0.272221  0.260797  0.260281  0.253561  0.253697  0.253849  0.222007  0.207575  0.208853  0.213832  0.201657   0.22985  0.213534  0.226056  0.191918  0.255947
 0.161206  0.175838  0.168332  0.107708  0.108696 0.0948102 0.0804523  0.035552         0 0.0723766 0.0786857 0.0741073 0.0734567  0.119224  0.202527  0.264095  0.255553  0.261789  0.257506  0.260246  0.255422  0.222769  0.207605  0.219747  0.220434  0.210731  0.236019  0.220081  0.227201  0.193959  0.261931
 0.170084   0.18461  0.154138  0.112275 0.0992452 0.0863795 0.0776301 0.0697059 0.0723766         0 0.0750478 0.0677278 0.0688694   0.13284  0.212687  0.267078  0.254745  0.257299  0.253038  0.246824  0.243631  0.218981  0.211932   0.22448  0.215242  0.213191  0.222924  0.211815  0.219723  0.193352  0.251622
 0.164718   0.17725   0.16999   0.11429  0.103099  0.103144 0.0904163 0.0706141 0.0786857 0.0750478         0  0.074908 0.0733053  0.121285  0.215964  0.270692  0.265619  0.266128  0.266737   0.26212  0.255891  0.214577   0.21515  0.225407  0.229018  0.214298  0.219463  0.227384  0.236915  0.206807  0.266718
 0.152896   0.16706  0.160244 0.0989574 0.0953693 0.0890205 0.0847013 0.0776167 0.0741073 0.0677278  0.074908         0 0.0741111  0.117021  0.213238  0.269013  0.259594  0.267608  0.260774  0.261579  0.256951  0.206167  0.198463  0.223787  0.223128  0.214656   0.21798  0.211678  0.224355  0.195411  0.256681
 0.164354  0.184506   0.14735 0.0981443 0.0935014 0.0893072 0.0768817 0.0733532 0.0734567 0.0688694 0.0733053 0.0741111         0  0.122782  0.207968   0.26371  0.257474  0.262662  0.260806  0.254068  0.256823  0.219689  0.222642  0.224697   0.22163  0.209987  0.231434  0.218699  0.242787  0.208654  0.263095
 0.165519  0.177299  0.189675  0.117498   0.11951  0.123391  0.119698   0.12164  0.119224   0.13284  0.121285  0.117021  0.122782         0  0.221004  0.274839  0.269323  0.264517  0.265214  0.279521  0.273976  0.237748  0.240783   0.24221  0.241487  0.237805  0.243161  0.245652  0.252219  0.221467  0.268893
 0.221293  0.226886  0.231163  0.217984  0.208705  0.217581    0.2026  0.204591  0.202527  0.212687  0.215964  0.213238  0.207968  0.221004         0  0.244763  0.252333  0.260328  0.255952  0.261765  0.248403  0.225503  0.199258  0.210478  0.224464  0.216433  0.222316  0.227056  0.219483  0.193491  0.248918
 0.263361  0.288165  0.271912  0.260557  0.249349  0.287664  0.268151  0.272221  0.264095  0.267078  0.270692  0.269013   0.26371  0.274839  0.244763         0 0.0962894  0.176339   0.16703  0.170907  0.168411  0.247803  0.268502  0.248084  0.269296  0.252679  0.244195  0.250457  0.259201  0.237847   0.28118
 0.265323  0.291579  0.269421  0.262982  0.255076  0.271026    0.2656  0.260797  0.255553  0.254745  0.265619  0.259594  0.257474  0.269323  0.252333 0.0962894         0  0.163813  0.154755  0.159926  0.157612  0.235443  0.258203  0.251141  0.262169  0.254349  0.257253  0.266452  0.264158  0.237857  0.264023
 0.282909  0.274612  0.276953  0.263266  0.261288  0.273543   0.26822  0.260281  0.261789  0.257299  0.266128  0.267608  0.262662  0.264517  0.260328  0.176339  0.163813         0 0.0159686 0.0620294 0.0630222  0.253501  0.255351  0.237423  0.247972  0.242133  0.242521   0.24956  0.269062  0.231661  0.255435
 0.280492  0.265548   0.27409  0.261418  0.259441  0.264048  0.258899  0.253561  0.257506  0.253038  0.266737  0.260774  0.260806  0.265214  0.255952   0.16703  0.154755 0.0159686         0 0.0573535 0.0601482  0.238527  0.246909  0.232235  0.241987  0.233896  0.228079  0.236667  0.265323  0.228287  0.252344
 0.291015  0.286889  0.279811   0.27194  0.268276  0.275253  0.262609  0.253697  0.260246  0.246824   0.26212  0.261579  0.254068  0.279521  0.261765  0.170907  0.159926 0.0620294 0.0573535         0 0.0185951  0.244317  0.259027  0.242617  0.246991  0.248503  0.240927  0.249605  0.261956  0.229043  0.251946
 0.284699  0.282287  0.277482  0.263147  0.266158  0.274916  0.257732  0.253849  0.255422  0.243631  0.255891  0.256951  0.256823  0.273976  0.248403  0.168411  0.157612 0.0630222 0.0601482 0.0185951         0  0.240409   0.25351  0.238099  0.234156  0.238077  0.242257  0.243466  0.254729  0.221436  0.251538
 0.226756   0.23656  0.244815  0.237532   0.22029  0.227518   0.21615  0.222007  0.222769  0.218981  0.214577  0.206167  0.219689  0.237748  0.225503  0.247803  0.235443  0.253501  0.238527  0.244317  0.240409         0  0.182427  0.223189  0.219301  0.206432  0.210311  0.207784  0.206969  0.172784  0.227365
 0.240424  0.251784  0.235561  0.217185  0.218076  0.215293  0.201688  0.207575  0.207605  0.211932   0.21515  0.198463  0.222642  0.240783  0.199258  0.268502  0.258203  0.255351  0.246909  0.259027   0.25351  0.182427         0  0.197272  0.203893  0.192736  0.207833  0.209857  0.208853  0.171359  0.240304
 0.237546  0.261471   0.23404  0.217525   0.22231  0.235708  0.214114  0.208853  0.219747   0.22448  0.225407  0.223787  0.224697   0.24221  0.210478  0.248084  0.251141  0.237423  0.232235  0.242617  0.238099  0.223189  0.197272         0  0.177738   0.14952   0.16466   0.15575  0.167258  0.151576  0.218175
 0.231049  0.256423  0.272353  0.233093  0.235649   0.22845  0.219207  0.213832  0.220434  0.215242  0.229018  0.223128   0.22163  0.241487  0.224464  0.269296  0.262169  0.247972  0.241987  0.246991  0.234156  0.219301  0.203893  0.177738         0 0.0994304  0.168442  0.156444  0.171273  0.147203  0.215245
 0.245344  0.258058  0.264017  0.214983  0.224257  0.224354  0.210674  0.201657  0.210731  0.213191  0.214298  0.214656  0.209987  0.237805  0.216433  0.252679  0.254349  0.242133  0.233896  0.248503  0.238077  0.206432  0.192736   0.14952 0.0994304         0  0.162252  0.148198  0.156247  0.135288  0.212107
 0.238993  0.249846  0.259367  0.230918  0.236261   0.22392   0.22432   0.22985  0.236019  0.222924  0.219463   0.21798  0.231434  0.243161  0.222316  0.244195  0.257253  0.242521  0.228079  0.240927  0.242257  0.210311  0.207833   0.16466  0.168442  0.162252         0  0.146909   0.14648  0.145966  0.241461
 0.246216  0.258707  0.257233  0.212534  0.219184  0.228007  0.215322  0.213534  0.220081  0.211815  0.227384  0.211678  0.218699  0.245652  0.227056  0.250457  0.266452   0.24956  0.236667  0.249605  0.243466  0.207784  0.209857   0.15575  0.156444  0.148198  0.146909         0  0.138061  0.132898  0.216635
 0.225435  0.240069   0.26076  0.242834  0.236585  0.241078  0.226099  0.226056  0.227201  0.219723  0.236915  0.224355  0.242787  0.252219  0.219483  0.259201  0.264158  0.269062  0.265323  0.261956  0.254729  0.206969  0.208853  0.167258  0.171273  0.156247   0.14648  0.138061         0 0.0708246  0.210285
 0.211199  0.215166  0.232057  0.210478  0.207236  0.202877  0.194075  0.191918  0.193959  0.193352  0.206807  0.195411  0.208654  0.221467  0.193491  0.237847  0.237857  0.231661  0.228287  0.229043  0.221436  0.172784  0.171359  0.151576  0.147203  0.135288  0.145966  0.132898 0.0708246         0  0.188139
 0.278951   0.30043  0.279969  0.250501  0.252339  0.265057  0.253994  0.255947  0.261931  0.251622  0.266718  0.256681  0.263095  0.268893  0.248918   0.28118  0.264023  0.255435  0.252344  0.251946  0.251538  0.227365  0.240304  0.218175  0.215245  0.212107  0.241461  0.216635  0.210285  0.188139         0

meanTree = (1:0.0229211,2:0.0371491,((3:0.0932011,(((4:0.0255843,5:0.0219678):0.0245051,14:0.0678816):0.00173295,((6:0.0272449,7:0.0172701):0.0209828,((((8:0.0167286,9:0.0185862):0.0172031,11:0.0373171):0.00124611,(10:0.0318834,12:0.033332):0.00104003):0.0008635,13:0.0324871):0.00468729):0.00793214):0.0140029):0.005483,(15:0.100414,((((16:0.0494582,17:0.0464197):0.0367292,((18:0.0109428,19:0.00499295):0.0220312,(20:0.0114273,21:0.00710926):0.021152):0.0499205):0.0549119,((24:0.0791326,((25:0.0543406,26:0.0454007):0.0282194,((27:0.0764997,28:0.068295):0.00249545,(29:0.0490505,30:0.0221146):0.0286571):0.00390465):0.00254547):0.0113772,31:0.123637):0.00631988):0.00399411,(22:0.0926525,23:0.0890831):0.00822213):0.00674427):0.0328048):0.0639082);
(1,2,((3,(((4,5),14),((((6,7),12),(10,13)),((8,9),11)))),(15,((((16,17),((18,19),(20,21))),((24,((25,26),((27,28),(29,30)))),31)),(22,23))))); 0.0374993
(1,2,((3,(((4,5),14),((6,7),((((8,9),10),12),(11,13))))),(15,((((16,17),((18,19),(20,21))),((24,((25,26),(27,28))),((29,30),31))),(22,23))))); 0.0455739
(1,2,((3,(((4,5),((((6,7),10),((8,9),(11,13))),12)),14)),(15,((((16,17),((18,19),(20,21))),(((24,28),((25,26),27)),((29,30),31))),(22,23))))); 0.0469762
(1,2,((3,((4,5),(((6,7),((((8,9),13),(10,11)),12)),14))),(15,((((16,17),((18,19),(20,21))),(24,((25,26),(27,(28,(29,30)))))),((22,31),23))))); 0.0435137
(1,2,((3,(((4,5),14),((6,7),((((8,9),10),(11,13)),12)))),(15,((((16,17),((18,19),(20,21))),((24,((25,26),((27,28),(29,30)))),31)),(22,23))))); 0.0378313
(1,2,(3,((((4,5),((6,7),(((8,9),13),((10,11),12)))),14),(15,(((16,17),((18,19),(20,21))),(((22,31),23),(24,((25,26),((27,28),(29,30)))))))))); 0.0475605
(1,2,((3,(((4,5),((6,7),(((8,9),(10,12)),(11,13)))),14)),(15,((((16,17),((18,19),(20,21))),22),(23,(((24,(27,(28,(29,30)))),(25,26)),31)))))); 0.0512649
(1,2,((3,((4,5),(((6,7),(((8,9),(10,(11,13))),12)),14))),(15,((((16,17),((18,19),(20,21))),((((24,(27,28)),(25,26)),(29,30)),31)),(22,23))))); 0.0523949
(1,2,((3,((4,5),(((6,7),((((8,9),11),13),(10,12))),14))),(15,((((((16,17),((18,19),(20,21))),31),22),(24,((25,26),((27,28),(29,30))))),23)))); 0.044447
(1,2,((((3,((6,7),((8,9),(10,((11,12),13))))),(4,5)),14),(15,(((((16,17),((18,19),(20,21))),31),((24,(25,26)),((27,28),(29,30)))),(22,23))))); 0.0458771
(1,2,((3,(15,((((16,17),((18,19),(20,21))),((24,((25,26),((27,28),(29,30)))),31)),(22,23)))),((4,5),(((6,7),(((8,9),(10,(11,12))),13)),14)))); 0.0365779
(1,2,((3,(((4,5),14),((6,7),((((8,9),11),(10,13)),12)))),(15,((((16,17),((18,19),(20,21))),((((24,28),(27,(29,30))),(25,26)),31)),(22,23))))); 0.0395188
(1,2,((3,(((4,5),14),((6,7),(((8,9),13),((10,12),11))))),(15,(((((16,17),((18,19),(20,21))),31),(((24,27),(28,(29,30))),(25,26))),(22,23))))); 0.048884
(1,2,(((3,(15,(((((16,17),((18,19),(20,21))),22),((24,((25,26),(27,(28,(29,30))))),31)),23))),((4,5),((6,7),((8,9),(10,((11,12),13)))))),14)); 0.052518
(1,2,((3,(((4,5),14),((((6,7),10),((8,9),(11,13))),12))),(15,((((16,17),((18,19),(20,21))),((24,31),((25,26),(27,(28,(29,30)))))),(22,23))))); 0.0399096
(1,2,((3,(((4,5),14),((6,7),(((8,9),(11,12)),(10,13))))),((15,((16,17),((18,19),(20,21)))),(((22,31),23),((24,((25,26),(27,28))),(29,30)))))); 0.0581814
(1,2,((3,(((4,5),((6,7),((((8,9),13),(10,11)),12))),14)),(15,((((16,17),((18,19),(20,21))),(((24,((27,(29,30)),28)),(25,26)),31)),(22,23))))); 0.0381801
(1,2,(3,((((4,5),14),((6,7),(((8,9),(10,(11,13))),12))),(15,(((((16,17),((18,19),(20,21))),((((24,(27,28)),(29,30)),(25,26)),31)),22),23))))); 0.0445995
(1,2,((3,(((4,5),((6,7),((((8,9),11),(10,12)),13))),14)),(15,((((16,17),((18,19),(20,21))),(22,23)),(((24,31),(25,26)),(27,(28,(29,30)))))))); 0.0518082
(1,2,((3,(((4,5),14),((6,7),((((8,9),11),(10,13)),12)))),(15,(((((16,17),((18,19),(20,21))),(((24,((27,28),(29,30))),(25,26)),31)),22),23)))); 0.0387057
(1,2,((3,((4,5),(((6,7),((((8,9),11),(10,13)),12)),14))),(15,((((((16,17),((18,19),(20,21))),31),(24,((25,26),(27,(28,(29,30)))))),23),22)))); 0.0459828
(1,2,((3,(15,(((16,17),((18,19),(20,21))),((22,23),(((24,((27,28),(29,30))),(25,26)),31))))),(((4,5),((6,7),((((8,9),(10,11)),13),12))),14))); 0.0464988
(1,2,((3,(((4,5),14),((6,7),((8,9),((10,12),(11,13)))))),(15,(((((16,17),((18,19),(20,21))),31),((24,((25,26),28)),(27,(29,30)))),(22,23))))); 0.04952
(1,2,((((3,((6,7),(((8,9),((10,11),12)),13))),(4,5)),14),(15,(((((16,17),((18,19),(20,21))),31),(((24,28),((25,26),(29,30))),27)),(22,23))))); 0.0470986
(1,2,((3,((4,5),(((6,7),((((8,9),11),(10,12)),13)),14))),(15,(((16,17),((18,19),(20,21))),(22,(23,(((24,((27,28),(29,30))),(25,26)),31))))))); 0.0382812
(1,2,((3,((4,5),(((6,7),((((8,9),10),(11,13)),12)),14))),((15,(22,23)),((((16,17),((18,19),(20,21))),31),((24,((27,28),(29,30))),(25,26)))))); 0.0423884
(1,2,(3,((((4,5),14),((6,7),(((8,9),((10,13),11)),12))),(15,((((16,17),((18,19),(20,21))),(22,31)),(23,(24,((25,26),((27,28),(29,30)))))))))); 0.0332753
(1,2,((3,((4,5),(((6,7),(((8,9),(10,(11,13))),12)),14))),(15,(((((16,17),((18,19),(20,21))),31),(24,((25,26),((27,28),(29,30))))),(22,23))))); 0.0422103
(1,2,((3,(((4,5),14),((6,7),((((8,9),11),(10,12)),13)))),(15,(((16,17),((18,19),(20,21))),(22,(23,((24,(((25,26),28),(27,(29,30)))),31))))))); 0.0496357
(1,2,(3,(((4,5),(((6,7),((((8,9),11),(10,12)),13)),14)),(15,((((((16,17),((18,19),(20,21))),31),(24,(((25,26),(28,(29,30))),27))),22),23))))); 0.0425635
(1,2,((3,(((4,5),14),((6,7),((((8,9),11),(10,12)),13)))),(15,((((((16,17),((18,19),(20,21))),31),((24,(27,(29,30))),((25,26),28))),23),22)))); 0.0481577
(1,2,((3,(15,(((16,17),((18,19),(20,21))),((22,23),(((24,((27,(29,30)),28)),(25,26)),31))))),((4,5),(((6,7),(((8,9),13),(10,(11,12)))),14)))); 0.0445248
(1,2,((3,(15,(((((16,17),((18,19),(20,21))),(22,((29,30),31))),(24,((25,26),(27,28)))),23))),(((4,5),14),((6,7),((((8,9),11),(10,13)),12))))); 0.0480684
(1,2,((3,((((4,5),14),(6,7)),(((((8,9),11),10),12),13))),(15,((((16,17),((18,19),(20,21))),((22,31),(24,((25,26),(27,(28,(29,30))))))),23)))); 0.0525859
(1,2,((3,((4,5),(((((6,7),(10,13)),((8,9),11)),12),14))),((15,23),(((16,17),((18,19),(20,21))),((22,31),((24,(((25,26),28),27)),(29,30))))))); 0.0443042
(1,2,((3,(((4,5),14),((6,7),(((8,9),(11,13)),(10,12))))),(15,((((16,17),((18,19),(20,21))),((24,((25,26),(27,(28,(29,30))))),31)),(22,23))))); 0.0500459
(1,2,((3,(((4,5),14),((6,7),(((8,9),(10,(11,13))),12)))),(15,(((((16,17),((18,19),(20,21))),(22,31)),((24,(27,(28,(29,30)))),(25,26))),23)))); 0.0417775
(1,2,((3,(((4,5),((6,7),((((8,9),(11,13)),10),12))),14)),((15,23),((((16,17),((18,19),(20,21))),(((((24,28),(25,26)),27),(29,30)),31)),22)))); 0.0463924
(1,2,((3,(((4,5),14),((6,7),(((((8,9),10),12),11),13)))),(15,((((16,17),((18,19),(20,21))),(((24,(25,26)),((27,28),(29,30))),31)),(22,23))))); 0.0434025
(1,2,((3,(((4,5),(((((6,7),10),(8,9)),(11,13)),12)),14)),(15,((((16,17),((18,19),(20,21))),((24,((25,26),(27,(28,(29,30))))),31)),(22,23))))); 0.0445804
(1,2,((3,((4,5),(((6,7),(((((8,9),10),11),13),12)),14))),((15,(22,23)),((((16,17),((18,19),(20,21))),31),((24,((27,28),(29,30))),(25,26)))))); 0.0533664
(1,2,((3,(((4,5),14),((6,7),(((((8,9),11),13),10),12)))),(15,((((((16,17),((18,19),(20,21))),31),22),((24,(27,(28,(29,30)))),(25,26))),23)))); 0.0396009
(1,2,((3,(((4,5),((6,7),((((8,9),10),(11,13)),12))),14)),((15,(((22,31),(((24,(27,28)),(29,30)),(25,26))),23)),((16,17),((18,19),(20,21)))))); 0.0566211
(1,2,((3,(((4,5),14),((6,7),((((8,9),10),(11,13)),12)))),((15,(((16,17),((18,19),(20,21))),((24,31),((25,26),(27,(28,(29,30))))))),(22,23)))); 0.0520495
(1,2,((3,((4,5),(((((6,7),(10,13)),((8,9),11)),12),14))),(((15,23),((22,31),((24,(25,26)),((27,28),(29,30))))),((16,17),((18,19),(20,21)))))); 0.0447125
(1,2,((3,(((4,5),14),((6,7),(((8,9),((10,12),11)),13)))),((15,((22,23),(((24,((25,26),(27,28))),(29,30)),31))),((16,17),((18,19),(20,21)))))); 0.0514427
(1,2,(3,((((4,5),((6,7),((((8,9),10),12),(11,13)))),14),(15,(((((16,17),((18,19),(20,21))),31),(24,((((25,26),28),(29,30)),27))),(22,23)))))); 0.0435644
(1,2,((3,(15,((((16,17),((18,19),(20,21))),((24,((25,26),((27,28),(29,30)))),31)),(22,23)))),(((4,5),((6,7),(((8,9),10),((11,12),13)))),14))); 0.0450358
(1,2,(3,(((((4,5),12),((6,7),((((8,9),11),10),13))),14),(15,((((16,17),((18,19),(20,21))),(22,((((24,27),(25,26)),(28,(29,30))),31))),23))))); 0.0427873
(1,2,((3,(((4,5),14),((6,7),((((8,9),11),13),(10,12))))),(15,((((16,17),((18,19),(20,21))),((24,((25,26),((27,28),(29,30)))),31)),(22,23))))); 0.0463548
(1,2,((3,((4,5),(((6,7),((((8,9),11),(10,12)),13)),14))),(15,((((16,17),((18,19),(20,21))),((24,((25,26),(27,28))),((29,30),31))),(22,23))))); 0.0456971
(1,2,((3,(15,((((16,17),((18,19),(20,21))),((24,((25,26),((27,28),(29,30)))),31)),(22,23)))),(((4,5),((6,7),((8,9),(10,((11,12),13))))),14))); 0.0533286
(1,2,((3,((4,5),(((((6,7),((8,9),10)),12),(11,13)),14))),((15,((((16,17),((18,19),(20,21))),31),(24,((25,26),(27,(28,(29,30))))))),(22,23)))); 0.0553571
(1,2,((3,(((4,5),14),((6,7),((((8,9),11),(10,13)),12)))),(15,(((((16,17),((18,19),(20,21))),31),((24,27),(((25,26),28),(29,30)))),(22,23))))); 0.0474247
(1,2,((3,(((4,5),14),(((6,7),(((8,9),11),(10,13))),12))),(((15,31),((16,17),((18,19),(20,21)))),((22,23),(24,(((25,26),28),(27,(29,30)))))))); 0.0435958
(1,2,((3,((((4,5),(6,7)),((((8,9),(11,13)),10),12)),14)),(15,((((16,17),((18,19),(20,21))),(((((24,28),27),(25,26)),(29,30)),31)),(22,23))))); 0.0459997
(1,2,((3,((4,5),(((6,7),(((((8,9),13),11),10),12)),14))),(15,(((((16,17),((18,19),(20,21))),(22,31)),(24,((((25,26),28),(29,30)),27))),23)))); 0.0540895
(1,2,((3,((4,5),(((6,7),((((8,9),10),(11,13)),12)),14))),(15,((((16,17),((18,19),(20,21))),(22,23)),((24,((25,26),(27,(28,(29,30))))),31))))); 0.0484976
(1,2,((3,(((4,5),(((6,7),13),(((8,9),(10,12)),11))),14)),(15,(((((16,17),((18,19),(20,21))),31),(24,((25,26),((27,28),(29,30))))),(22,23))))); 0.051343
(1,2,((3,(((4,5),14),(((6,7),(((8,9),11),(10,13))),12))),(15,((((16,17),((18,19),(20,21))),((((24,27),(25,26)),(28,(29,30))),31)),(22,23))))); 0.0483762
(1,2,((3,((4,5),(((6,7),((((8,9),10),(11,13)),12)),14))),(15,(((((16,17),((18,19),(20,21))),31),22),(23,((24,(27,(28,(29,30)))),(25,26))))))); 0.0423416
(1,2,((3,(15,((((16,17),((18,19),(20,21))),(((24,(25,26)),((27,28),(29,30))),31)),(22,23)))),((4,5),(((6,7),((((8,9),11),(10,13)),12)),14)))); 0.0444924
(1,2,((3,(((4,5),((6,7),((((8,9),11),(10,12)),13))),14)),((15,23),(((16,17),((18,19),(20,21))),((22,31),(((24,(25,26)),(27,28)),(29,30))))))); 0.0510297
(1,2,((3,((4,5),(((6,7),((8,9),((10,(11,12)),13))),14))),(15,(((((16,17),((18,19),(20,21))),31),(24,(((25,26),28),(27,(29,30))))),(22,23))))); 0.0406634
(1,2,((3,(((4,5),14),((6,7),(((((8,9),12),10),11),13)))),(15,(((16,17),((18,19),(20,21))),((22,23),((24,((25,26),(27,(28,(29,30))))),31)))))); 0.0344224
(1,2,((3,(15,(((((16,17),((18,19),(20,21))),31),(((24,28),(27,(29,30))),(25,26))),(22,23)))),(((4,5),((6,7),(((((8,9),13),11),10),12))),14))); 0.0408206
(1,2,((3,(15,(((16,17),((18,19),(20,21))),((22,23),(((24,((27,28),(29,30))),(25,26)),31))))),(((4,5),14),((6,7),((((8,9),11),(10,13)),12))))); 0.0414858
(1,2,((3,((4,5),(((6,7),(((((8,9),10),11),13),12)),14))),((15,(((16,17),((18,19),(20,21))),(((24,(25,26)),((27,28),(29,30))),31))),(22,23)))); 0.0463249
(1,2,((3,((4,5),(((6,7),(((8,9),(11,13)),(10,12))),14))),(15,((((16,17),((18,19),(20,21))),(((24,(25,26)),((27,28),(29,30))),31)),(22,23))))); 0.0384326
(1,2,((3,(((4,5),(((6,7),((((8,9),10),11),13)),12)),14)),(15,(((16,17),((18,19),(20,21))),((22,23),(((24,((27,28),(29,30))),(25,26)),31)))))); 0.0424003
(1,2,((3,(15,((((((16,17),((18,19),(20,21))),31),22),(24,(((25,26),28),(27,(29,30))))),23))),(((4,5),((6,7),(((8,9),11),((10,12),13)))),14))); 0.042127
(1,2,((3,(15,(((((16,17),((18,19),(20,21))),31),(24,((25,26),((27,(29,30)),28)))),(22,23)))),((4,5),(((6,7),((((8,9),(11,13)),10),12)),14)))); 0.0464701
(1,2,(3,((((4,5),14),((6,7),(((8,9),10),((11,13),12)))),((15,(((16,17),((18,19),(20,21))),((24,(((25,26),28),(27,(29,30)))),31))),(22,23))))); 0.0470449
(1,2,((3,((4,5),(((6,7),(((((8,9),11),10),13),12)),14))),(15,((((16,17),((18,19),(20,21))),((24,31),((25,26),((27,(29,30)),28)))),(22,23))))); 0.0405476
(1,2,(3,((((4,5),((6,7),(((8,9),((10,13),11)),12))),14),(15,(((16,17),((18,19),(20,21))),((22,23),(((24,(27,(28,(29,30)))),(25,26)),31))))))); 0.0465513
(1,2,(3,(((4,5),((((((6,7),13),((8,9),10)),11),12),14)),((15,(22,23)),((((16,17),((18,19),(20,21))),31),(24,(((25,26),27),(28,(29,30))))))))); 0.0466804
(1,2,(3,(((4,5),(((6,7),((((8,9),11),(10,12)),13)),14)),((15,((((16,17),((18,19),(20,21))),(22,31)),(24,((25,26),((27,(29,30)),28))))),23)))); 0.0432822
(1,2,((3,(15,(((((16,17),((18,19),(20,21))),31),((24,(27,(28,(29,30)))),(25,26))),(22,23)))),(((4,5),((6,7),((((8,9),11),(10,12)),13))),14))); 0.0397761
(1,2,((3,(((4,5),14),((6,7),((((8,9),11),(10,12)),13)))),(15,(((16,17),((18,19),(20,21))),((22,23),(((24,(27,(28,(29,30)))),(25,26)),31)))))); 0.0389746
(1,2,((3,((4,5),(((6,7),((((8,9),11),(10,12)),13)),14))),(15,((((16,17),((18,19),(20,21))),(((24,(25,26)),((27,(29,30)),28)),31)),(22,23))))); 0.0393855
(1,2,((3,(((4,5),14),((6,7),(((((8,9),11),12),10),13)))),(15,(((((16,17),((18,19),(20,21))),22),((24,((25,26),((27,28),(29,30)))),31)),23)))); 0.0416052
(1,2,((3,((((4,5),14),(6,7)),((((8,9),11),(10,12)),13))),(15,((((16,17),((18,19),(20,21))),(((24,((27,28),(29,30))),(25,26)),31)),(22,23))))); 0.0552853
(1,2,((3,(((4,5),14),((6,7),((8,9),(10,((11,13),12)))))),(15,((((16,17),((18,19),(20,21))),((24,31),(((25,26),(28,(29,30))),27))),(22,23))))); 0.0455042
(1,2,((3,((4,5),(((6,7),((8,9),((10,(11,12)),13))),14))),(15,((((((16,17),((18,19),(20,21))),31),(24,(((25,26),27),(28,(29,30))))),22),23)))); 0.0438471
(1,2,((3,(((4,5),14),((6,7),((((8,9),10),(11,13)),12)))),(15,((((16,17),((18,19),(20,21))),(((24,27),(28,(29,30))),((25,26),31))),(22,23))))); 0.0471411
(1,2,((3,(15,(((((16,17),((18,19),(20,21))),(22,31)),((24,((27,28),(29,30))),(25,26))),23))),(((4,5),14),((6,7),((((8,9),10),(11,13)),12))))); 0.0462067
(1,2,((3,(((4,5),14),((6,7),((((8,9),11),(10,12)),13)))),(15,(((16,17),((18,19),(20,21))),((22,23),((24,((25,26),((27,28),(29,30)))),31)))))); 0.038687
(1,2,((3,(15,((((((16,17),((18,19),(20,21))),22),31),(24,((25,26),(27,(28,(29,30)))))),23))),(((4,5),14),((6,7),(((8,9),(10,12)),(11,13)))))); 0.0369394
(1,2,((3,(((4,5),14),((6,7),((((8,9),12),10),(11,13))))),(15,((((16,17),((18,19),(20,21))),22),(23,((24,(27,(28,(29,30)))),((25,26),31))))))); 0.0478169
(1,2,(3,((((4,5),((6,7),((8,9),((10,(11,12)),13)))),14),(15,((((16,17),((18,19),(20,21))),(((24,((27,28),(29,30))),(25,26)),31)),(22,23)))))); 0.0520079
(1,2,((3,((4,5),(((6,7),(((8,9),13),((10,12),11))),14))),(15,((((16,17),((18,19),(20,21))),((24,((25,26),(28,((29,30),31)))),27)),(22,23))))); 0.042993
(1,2,((3,((4,5),(((6,7),(((((8,9),11),10),12),13)),14))),((15,23),(((((16,17),((18,19),(20,21))),31),(24,((25,26),((27,28),(29,30))))),22)))); 0.0466605
(1,2,((3,(((4,5),((6,7),((((8,9),11),(10,12)),13))),14)),(15,(((((16,17),((18,19),(20,21))),31),(24,(((25,26),28),(27,(29,30))))),(22,23))))); 0.0468433
(1,2,(3,((((4,5),14),((6,7),((8,9),(10,((11,13),12))))),(15,(((16,17),((18,19),(20,21))),(((22,31),23),((24,(27,(28,(29,30)))),(25,26)))))))); 0.0488498
(1,2,((3,((4,5),(((6,7),((8,9),(((10,11),12),13))),14))),(15,(((16,17),((18,19),(20,21))),((22,23),((24,((25,26),((27,(29,30)),28))),31)))))); 0.0479502
(1,2,((3,(((4,5),14),(((6,7),(((8,9),(11,12)),10)),13))),(15,((((16,17),((18,19),(20,21))),(((24,(27,28)),((25,26),(29,30))),31)),(22,23))))); 0.0649963
(1,2,((3,(15,(((((16,17),((18,19),(20,21))),31),(24,((25,26),((27,28),(29,30))))),(22,23)))),(((4,5),((6,7),(((8,9),(10,(11,13))),12))),14))); 0.0334431
(1,2,((3,(((4,5),14),((6,7),((((8,9),11),(10,12)),13)))),(15,((((16,17),((18,19),(20,21))),(((24,(25,26)),((27,28),(29,30))),31)),(22,23))))); 0.0702473
(1,2,((3,(((4,5),14),((((6,7),13),(((8,9),10),11)),12))),(15,((((16,17),((18,19),(20,21))),22),(23,(24,(((25,26),((27,28),(29,30))),31))))))); 0.0447333
(1,2,((3,((4,5),(((6,7),(((8,9),11),((10,13),12))),14))),((15,23),(((16,17),((18,19),(20,21))),(22,((24,((25,26),((27,28),(29,30)))),31)))))); 0.0441403
(1,2,((3,(((4,5),((6,7),((((8,9),11),(10,12)),13))),14)),((15,(((16,17),((18,19),(20,21))),((24,((25,26),((27,28),(29,30)))),31))),(22,23)))); 0.0465384
(1,2,((3,(((4,5),14),((6,7),(((8,9),(10,12)),(11,13))))),(15,((((16,17),((18,19),(20,21))),((24,(((25,26),28),(27,(29,30)))),31)),(22,23))))); 0.040245
(1,2,((3,(((4,5),14),((6,7),((((8,9),11),13),(10,12))))),((15,23),((((16,17),((18,19),(20,21))),(((24,((27,28),(29,30))),(25,26)),31)),22)))); 0.0601968
(1,2,(3,((((4,5),14),((6,7),(((8,9),(11,13)),(10,12)))),(((15,((((24,(27,28)),(29,30)),(25,26)),31)),(((16,17),((18,19),(20,21))),22)),23)))); 0.0465175
(1,2,((3,((4,5),(((6,7),((8,9),(10,((11,12),13)))),14))),(15,(((16,17),((18,19),(20,21))),((22,23),(((24,(25,26)),(27,(28,(29,30)))),31)))))); 0.0443767
(1,2,((3,(15,(((16,17),((18,19),(20,21))),((22,23),(((24,((27,28),(29,30))),(25,26)),31))))),(((4,5),14),((6,7),(((8,9),(11,12)),(10,13)))))); 0.0433124
(1,2,((3,(((4,5),14),((((6,7),10),(((8,9),11),13)),12))),(15,((((16,17),((18,19),(20,21))),((24,((25,26),((27,(29,30)),28))),31)),(22,23))))); 0.0434024
(1,2,((3,((4,5),(((6,7),((((8,9),11),(10,12)),13)),14))),(15,((((((16,17),((18,19),(20,21))),31),22),23),(24,(((25,26),27),(28,(29,30)))))))); 0.0503548
(1,2,((3,(15,((((16,17),((18,19),(20,21))),((24,31),((25,26),(27,(28,(29,30)))))),(22,23)))),((4,5),(((6,7),((((8,9),11),(10,12)),13)),14)))); 0.0428297
(1,2,((3,(((4,5),14),((6,7),((((8,9),(10,11)),12),13)))),((15,23),((((16,17),((18,19),(20,21))),22),((((24,27),(28,(29,30))),(25,26)),31))))); 0.0488719
(1,2,((3,(15,((((16,17),((18,19),(20,21))),((24,((25,26),(27,(28,(29,30))))),31)),(22,23)))),(((4,5),((6,7),((((8,9),11),12),(10,13)))),14))); 0.034154
