        0  0.083835 0.0920378 0.0950304 0.0911924 0.0845934 0.0861963 0.0915017  0.091102 0.0934488 0.0925314 0.0836316 0.0946126 0.0938649 0.0783704  0.108578 0.0805688 0.0937697 0.0913656  0.095512 0.0967092  0.115955  0.106914 0.0796355 0.0876721  0.107833 0.0689353 0.0856189 0.0977752  0.105246 0.0875846 0.0927236 0.0784127 0.0722928 0.0884265  0.104913  0.113179  0.103875 0.0983281 0.0765463 0.0817254 0.0886818  0.094891 0.0935298 0.0992026 0.0931522 0.0918136  0.104429 0.0892184 0.0851586 0.0833591 0.0816989 0.0814337 0.0933462 0.0951944  0.087601 0.0809609 0.0890408 0.0955611 0.0980165 0.0860521 0.0934173 0.0914158 0.0797574 0.0793822 0.0875103 0.0703075 0.0787559 0.0745838  0.100511 0.0800614 0.0854415 0.0905135 0.0743232 0.0937102  0.078605  0.078787 0.0914389 0.0829915  0.088297 0.0795589 0.0892764 0.0982635  0.085296 0.0852575 0.0799457 0.0949186 0.0855593 0.0802957 0.0851389 0.0867736 0.0872321 0.0857324 0.0778415 0.0830844 0.0766758 0.0931157  0.100251 0.0677994 0.0696301 0.0677994 0.0696301
 0.083835         0  0.086858 0.0874663 0.0711353 0.0756032 0.0658378 0.0755704 0.0692028 0.0928937  0.083372 0.0674761 0.0806109 0.0751035  0.081514  0.100642 0.0851352 0.0853287 0.0780216 0.0845968  0.073768 0.0960902 0.0917639 0.0692155 0.0890593 0.0869411 0.0799538 0.0819536 0.0767204  0.100838 0.0813603 0.0786095 0.0635257 0.0842483 0.0705516 0.0950264  0.101757 0.0828571 0.0920423 0.0820077 0.0797991 0.0675846 0.0859462 0.0783529  0.099143 0.0741316 0.0903405 0.0898375 0.0788786 0.0863067 0.0836444 0.0797949 0.0756574 0.0693408 0.0811943  0.081091 0.0720809 0.0796188 0.0839494  0.075324 0.0752087 0.0911944 0.0719958  0.078941 0.0690619  0.066168 0.0863819 0.0789939 0.0584504 0.0906276 0.0790863 0.0900486 0.0800181 0.0789753 0.0810206 0.0859874 0.0813352 0.0732366 0.0814157 0.0883414  0.076656 0.0789609 0.0866923 0.0724897 0.0881039 0.0698021 0.0807423 0.0739121  0.071751 0.0821361 0.0880562 0.0901885 0.0811636 0.0770231 0.0786342 0.0715787 0.0779658  0.097113 0.0528204 0.0608339 0.0528204 0.0608339
0.0920378  0.086858         0 0.0960875 0.0909056 0.0780333 0.0861256 0.0858054 0.0889827 0.0852377 0.0901032 0.0803983 0.0875231 0.0818536 0.0912089 0.0950576 0.0935698  0.102107 0.0872769 0.0963888 0.0827697 0.0966355 0.0975267 0.0865365 0.0878455 0.0773086 0.0774383 0.0898164 0.0894846  0.107881 0.0900179  0.100101 0.0820068 0.0862279 0.0732934 0.0951306   0.10572 0.0945226 0.0843194 0.0928521 0.0911731 0.0855906 0.0969457 0.0978648  0.113377 0.0970395 0.0956941 0.0935342 0.0823335 0.0950726 0.0926089 0.0692154 0.0922179 0.0889222  0.088563 0.0866519 0.0884307 0.0810664 0.0917493 0.0955465 0.0827285 0.0890282 0.0843425 0.0901659 0.0769658 0.0722284 0.0738783 0.0830591 0.0789783 0.0974461 0.0934065   0.08537 0.0839554 0.0866114 0.0903611 0.0927392 0.0904356 0.0923021 0.0820291 0.0830931 0.0790414 0.0872403  0.089243 0.0832894 0.0927327 0.0774164 0.0947173 0.0907986 0.0831807 0.0823515 0.0811814 0.0990445 0.0885882 0.0816916 0.0791994 0.0852101 0.0849757 0.0926998 0.0659447 0.0707089 0.0659447 0.0707089
0.0950304 0.0874663 0.0960875         0 0.0927015 0.0840377 0.0844183 0.0944761 0.0924003  0.106277 0.0910706  0.097578 0.0842364 0.0952406 0.0883467 0.0968418   0.10038 0.0847102 0.0802476 0.0971051 0.0876057 0.0826925  0.100976 0.0902424  0.109765  0.101334 0.0929192 0.0959645  0.075667 0.0955107 0.0847624 0.0767642 0.0866457 0.0980139 0.0895226 0.0975767 0.0875267  0.108418 0.0776137  0.091887 0.0922813 0.0846055 0.0787789 0.0832722 0.0873027 0.0937154 0.0978717 0.0901804 0.0887928 0.0922523 0.0902952 0.0905209 0.0865195 0.0860625 0.0960075 0.0927771 0.0860844 0.0828687  0.100547 0.0998985 0.0971727  0.101732  0.095528 0.0965245 0.0829147 0.0989329  0.093343 0.0889554 0.0869183  0.118911 0.0940776  0.112895  0.096202 0.0961705  0.101008 0.0908709 0.0947486  0.100985 0.0933331 0.0850384 0.0820621  0.102612 0.0943752 0.0790814 0.0899198 0.0926999 0.0996729 0.0883811 0.0936215 0.0896839 0.0924285 0.0906458 0.0905542 0.0942925  0.090255 0.0825208 0.0926023  0.097986 0.0690753 0.0789802 0.0690753 0.0789802
0.0911924 0.0711353 0.0909056 0.0927015         0 0.0676964 0.0646443 0.0846567 0.0748712 0.0977174 0.0845089 0.0744695 0.0977067 0.0817415 0.0916281  0.100739 0.0935225 0.0908082 0.0848371 0.0939134 0.0869998  0.100065 0.0926659 0.0747113  0.090326 0.0873996 0.0874911 0.0830977 0.0876758  0.100347 0.0831256  0.095508 0.0770135 0.0824068 0.0739752 0.0918152  0.105866 0.0847864 0.0941889 0.0856636 0.0818083 0.0732589  0.096949 0.0834488 0.0983526 0.0759668 0.0779167   0.08784 0.0693683  0.097055 0.0925998 0.0836543 0.0821195 0.0806818 0.0816111 0.0780057 0.0865032 0.0822938 0.0898333 0.0920101 0.0902518 0.0895393 0.0873493 0.0783399 0.0703514 0.0762452 0.0849849 0.0915422 0.0736459  0.101422 0.0885784  0.100654 0.0879405 0.0909518 0.0907144 0.0926963 0.0864405 0.0893191 0.0859116 0.0890459 0.0797656 0.0973175 0.0870983 0.0777064 0.0878609 0.0807459 0.0994289 0.0783226 0.0838163 0.0824688 0.0930514  0.104106 0.0852425 0.0807877 0.0799645 0.0818081 0.0955819 0.0766506 0.0603535 0.0700741 0.0603535 0.0700741
0.0845934 0.0756032 0.0780333 0.0840377 0.0676964         0 0.0637774 0.0727722  0.072837  0.082421 0.0756341 0.0710594 0.0929479 0.0763295 0.0906383 0.0965421  0.103285   0.08524 0.0668322 0.0892003 0.0756333 0.0858724  0.081803 0.0762213 0.0959822 0.0741534 0.0861841 0.0859158 0.0714614 0.0940871 0.0787495 0.0835997  0.070203 0.0816113 0.0699491 0.0865922  0.091125 0.0844695 0.0835746 0.0843216 0.0819559 0.0674001 0.0821721 0.0811568 0.0920592 0.0808329  0.072076 0.0802726 0.0752609 0.0931257 0.0875782 0.0773432 0.0806109 0.0720413 0.0711033 0.0805085  0.081653 0.0822928 0.0893635 0.0955411 0.0741734 0.0891593 0.0856145 0.0845943  0.070895 0.0791406 0.0765956 0.0818249 0.0764339 0.0976657 0.0852248 0.0888711 0.0845633 0.0862694 0.0926741 0.0939622 0.0772115  0.090828 0.0865685 0.0864175 0.0749325 0.0829563 0.0860505 0.0788911 0.0846312 0.0815418 0.0903972 0.0757355  0.090861 0.0837872 0.0829054 0.0936022 0.0859433 0.0820065 0.0830185 0.0732797 0.0891738 0.0922778 0.0541885 0.0663628 0.0541885 0.0663628
0.0861963 0.0658378 0.0861256 0.0844183 0.0646443 0.0637774         0 0.0680239 0.0712599 0.0798445 0.0731879 0.0728349   0.08163 0.0814221 0.0815057 0.0865595 0.0827234  0.083266 0.0724758 0.0794355   0.07331 0.0882466 0.0853972 0.0712016  0.094459 0.0897565  0.077109 0.0791256 0.0749698 0.0819073  0.089306 0.0726534 0.0769802 0.0728744 0.0649571 0.0872003 0.0908946 0.0764691 0.0822248 0.0750491 0.0896148 0.0614798 0.0829776 0.0732493 0.0839388 0.0738415 0.0784914 0.0818172 0.0798673 0.0821537 0.0813954 0.0757274 0.0739182 0.0644232 0.0617675  0.078307 0.0730974 0.0661397 0.0746434 0.0879102  0.074655 0.0803379 0.0717159 0.0789403 0.0666555 0.0747642 0.0705734 0.0790037 0.0610153 0.0852889 0.0775085 0.0836085 0.0708094 0.0796906 0.0719922 0.0857404 0.0733171 0.0769494 0.0769263 0.0776407 0.0761799 0.0726354 0.0708932 0.0737105 0.0779088 0.0718045 0.0800686 0.0647808 0.0813317 0.0745539 0.0808455 0.0820079 0.0793106 0.0661241 0.0754507 0.0708564 0.0829672 0.0817023 0.0477406 0.0544197 0.0477406 0.0544197
0.0915017 0.0755704 0.0858054 0.0944761 0.0846567 0.0727722 0.0680239         0 0.0806254 0.0750735 0.0773083 0.0729621 0.0927069  0.075595 0.0907556 0.0991555 0.0927457 0.0889184 0.0650972 0.0838856 0.0731432 0.0814423 0.0860013 0.0773444 0.0901085 0.0857709 0.0836788 0.0911411 0.0672606 0.0955527 0.0906581 0.0769559 0.0697765 0.0739362 0.0666934 0.0837605 0.0854508 0.0855684 0.0870935 0.0821913 0.0836293 0.0736632 0.0831708  0.074933 0.0993139 0.0807046 0.0848668 0.0929167 0.0808203 0.0943009 0.0902723 0.0774568 0.0799173 0.0729996 0.0772808 0.0799421 0.0708547 0.0841828 0.0834518 0.0884082  0.074186  0.088144 0.0836926 0.0868998 0.0746583 0.0818995 0.0776939 0.0786139 0.0764285 0.0936675 0.0801529 0.0866649 0.0748889 0.0843395  0.087637 0.0900867 0.0784593 0.0811278  0.074703 0.0873499 0.0810819 0.0706451  0.085654 0.0826785 0.0868073 0.0809722 0.0833858 0.0756781 0.0862116  0.090594 0.0924369 0.0842893 0.0811099 0.0813738 0.0873714  0.078665  0.081698  0.098651 0.0550374 0.0645957 0.0550374 0.0645957
 0.091102 0.0692028 0.0889827 0.0924003 0.0748712  0.072837 0.0712599 0.0806254         0 0.0788953 0.0828977 0.0670466 0.0967334 0.0755954 0.0866931  0.103687 0.0910969 0.0803431  0.079755 0.0854075  0.080506 0.0890563  0.092162 0.0844042  0.092064 0.0866752 0.0860623  0.082774 0.0845978  0.101718  0.078392  0.084477 0.0794703 0.0896824 0.0733364 0.0829278 0.0962752 0.0871322 0.0967721  0.081253 0.0776613 0.0701285 0.0839203 0.0706132 0.0899045 0.0700136 0.0917922 0.0806508 0.0758223 0.0893408 0.0846573 0.0857117 0.0782075  0.075532 0.0834516 0.0765465  0.084656 0.0878134 0.0868846 0.0941497 0.0794329 0.0919177 0.0912852 0.0862166 0.0802237 0.0816761 0.0863625 0.0912463 0.0740234 0.0950908 0.0741936 0.0986637 0.0923878 0.0844281 0.0926201 0.0981463 0.0933105 0.0732721 0.0867141 0.0951028 0.0776881  0.085982 0.0932462 0.0814439 0.0874677 0.0792675 0.0814987 0.0812943 0.0848238 0.0859432 0.0867767 0.0905205 0.0748185 0.0767982 0.0815325 0.0810906 0.0821101  0.105162 0.0579601 0.0684514 0.0579601 0.0684514
0.0934488 0.0928937 0.0852377  0.106277 0.0977174  0.082421 0.0798445 0.0750735 0.0788953         0 0.0819937 0.0792615 0.0952141 0.0743339 0.0899269 0.0943111 0.0931507 0.0800811 0.0733785 0.0819361 0.0905367 0.0958315 0.0908159 0.0863451  0.102782 0.0944065 0.0838287 0.0889627 0.0847352 0.0963217 0.0992656 0.0822673  0.082437 0.0742195 0.0838968 0.0816702 0.0861202 0.0959551 0.0881785 0.0834485 0.0841271 0.0769933  0.083099 0.0766938 0.0966716 0.0789817 0.0916895  0.096631  0.085989 0.0918872 0.0924686 0.0678445 0.0770354 0.0758879 0.0714065  0.078418 0.0672353 0.0837581 0.0740006  0.100126  0.074217 0.0781733 0.0826367 0.0872714 0.0736157 0.0895665 0.0739883 0.0708048 0.0854029 0.0796988 0.0694896 0.0848387 0.0816968 0.0758435 0.0852972 0.0982336 0.0762933 0.0743405 0.0725754 0.0939496 0.0751379  0.074099 0.0862174 0.0906213 0.0720498 0.0673136 0.0839914 0.0858809 0.0922742 0.0886019 0.0833969 0.0790926 0.0829521 0.0694202 0.0863564 0.0793443  0.084019  0.108963 0.0624077 0.0632793 0.0624077 0.0632793
0.0925314  0.083372 0.0901032 0.0910706 0.0845089 0.0756341 0.0731879 0.0773083 0.0828977 0.0819937         0 0.0729966 0.0820562 0.0744491  0.090546 0.0945437 0.0920918 0.0758403 0.0756294 0.0742396 0.0876676 0.0771899 0.0669573 0.0930645  0.102466  0.101614 0.0846892  0.090439 0.0812164  0.103798 0.0839407 0.0860876  0.073531 0.0967325 0.0715939 0.0744758 0.0697087 0.0983146 0.0812147 0.0886659 0.0950021 0.0827978 0.0884742 0.0753326 0.0995294 0.0862173 0.0693036 0.0640285 0.0818247  0.087076 0.0944973 0.0881534 0.0822466 0.0865279 0.0799249 0.0920311 0.0842731 0.0802718 0.0892112 0.0993911 0.0833557 0.0879906 0.0865621 0.0948171 0.0719739 0.0862974 0.0869227 0.0843534 0.0793526  0.097959  0.082094  0.102062 0.0916966 0.0871701 0.0985057 0.0943459 0.0839539 0.0883565 0.0891852 0.0863526 0.0846858 0.0921351 0.0902324  0.086314 0.0748405 0.0763765 0.0928314 0.0882056 0.0865725 0.0888089 0.0894814 0.0903422 0.0840242 0.0809874 0.0887025 0.0776467 0.0883806 0.0948284 0.0599958 0.0691744 0.0599958 0.0691744
0.0836316 0.0674761 0.0803983  0.097578 0.0744695 0.0710594 0.0728349 0.0729621 0.0670466 0.0792615 0.0729966         0 0.0965248 0.0617735 0.0854084   0.10077 0.0955982 0.0873731 0.0740588 0.0809557 0.0790115 0.0928166 0.0879033 0.0715133 0.0769802 0.0781213 0.0813139  0.083529 0.0851936  0.104554 0.0795905 0.0871931 0.0693528 0.0764596 0.0723504 0.0881949  0.093344 0.0865398 0.0935465 0.0798708 0.0824129 0.0671066 0.0905543 0.0780563 0.0991147 0.0778857 0.0846018 0.0860805  0.072304 0.0889682 0.0841801 0.0786479 0.0762299  0.069688 0.0818687  0.077626 0.0845572 0.0857592 0.0824264 0.0918966 0.0713477 0.0903387 0.0826734 0.0830037 0.0723357 0.0767238 0.0781804 0.0845945 0.0691638 0.0815415 0.0767781 0.0898475 0.0794873 0.0789649 0.0939239 0.0875115 0.0808217 0.0774989 0.0762176  0.091728 0.0806133 0.0766248 0.0909145 0.0861193 0.0862178 0.0699099 0.0836837 0.0835953 0.0789669 0.0891698 0.0808766 0.0916684 0.0750513 0.0689682 0.0823986 0.0780975 0.0844574 0.0907975 0.0571137 0.0643599 0.0571137 0.0643599
0.0946126 0.0806109 0.0875231 0.0842364 0.0977067 0.0929479   0.08163 0.0927069 0.0967334 0.0952141 0.0820562 0.0965248         0 0.0915687 0.0851784 0.0987477 0.0852992 0.0849893 0.0960071  0.081429 0.0901765 0.0920039 0.0892919 0.0900576  0.106665  0.105492  0.083702 0.0866897 0.0882025  0.111893 0.0908347 0.0868434 0.0804102 0.0941713 0.0675623 0.0917573 0.0912945 0.0983747 0.0860458 0.0884015  0.101313 0.0970517 0.0931671 0.0900791  0.108285 0.0872383 0.0944403 0.0839119  0.092668 0.0888368  0.091738 0.0850618 0.0887532 0.0908637 0.0881976 0.0919428 0.0792626 0.0830367 0.0948554 0.0895023 0.0915914 0.0864193 0.0795808 0.0875089 0.0833781 0.0814484 0.0860366 0.0749083 0.0793813  0.104867 0.0861541  0.102777 0.0824388 0.0892725 0.0904099 0.0885656 0.0874514 0.0899587 0.0823136 0.0753688 0.0803864 0.0948048 0.0907384 0.0806794 0.0775022 0.0728038 0.0883508 0.0848375 0.0810914 0.0905284 0.0964732 0.0878579 0.0820207 0.0855891 0.0830563 0.0677762 0.0859371  0.101394 0.0661441 0.0707149 0.0661441 0.0707149
0.0938649 0.0751035 0.0818536 0.0952406 0.0817415 0.0763295 0.0814221  0.075595 0.0755954 0.0743339 0.0744491 0.0617735 0.0915687         0 0.0796615 0.0980399 0.0935795  0.083939 0.0777094 0.0895672 0.0800811 0.0920753 0.0933495  0.086804  0.090799 0.0828071 0.0886646     0.088 0.0804185  0.100617 0.0873583 0.0761309 0.0615222 0.0904575 0.0796223 0.0848338 0.0895899 0.0965733 0.0902689 0.0896355 0.0838348 0.0725852 0.0901729 0.0789405 0.0994314 0.0737369 0.0886144 0.0884337 0.0675251 0.0836126 0.0756093 0.0800081 0.0733864 0.0655903 0.0839507 0.0705172 0.0791342 0.0796642 0.0773302 0.0913326 0.0728351 0.0907199  0.076648 0.0822216  0.069243 0.0715579 0.0796366 0.0818532 0.0647401 0.0869985 0.0742604 0.0914576 0.0844414 0.0767317 0.0961104 0.0909654 0.0797952  0.072238 0.0700653 0.0876477 0.0766466 0.0761903 0.0838554 0.0785312 0.0773792 0.0749869 0.0818185 0.0875578 0.0735453 0.0876715 0.0789169 0.0929682 0.0807884 0.0804497 0.0839045 0.0835823 0.0761444 0.0935157 0.0594046 0.0629547 0.0594046 0.0629547
0.0783704  0.081514 0.0912089 0.0883467 0.0916281 0.0906383 0.0815057 0.0907556 0.0866931 0.0899269  0.090546 0.0854084 0.0851784 0.0796615         0  0.109025 0.0742693 0.0859933 0.0900001 0.0937661 0.0762725  0.109135 0.0985364 0.0840537 0.0881596 0.0995244 0.0697849 0.0826752 0.0915705 0.0989956  0.091307 0.0804683 0.0797955 0.0888463 0.0860576 0.0986766   0.10416 0.0993112 0.0912214 0.0776539  0.090459 0.0845506 0.0932905 0.0815686  0.102913 0.0863612 0.0973372 0.0952035  0.079182  0.080007  0.062367 0.0735559 0.0671981 0.0803531 0.0829111 0.0790673 0.0787262 0.0668963 0.0875243 0.0807242 0.0795297 0.0895058 0.0762366 0.0742949 0.0742867 0.0706624 0.0711249 0.0779235  0.062616   0.09574 0.0696266 0.0819961 0.0846485 0.0686733 0.0866304 0.0794344 0.0795218 0.0777488 0.0659792 0.0748182 0.0665136 0.0794572 0.0684356 0.0713209 0.0753417 0.0708962 0.0730473 0.0722849  0.063925  0.068679 0.0696649 0.0778859 0.0663907 0.0701642 0.0569075 0.0759509 0.0750391 0.0970789 0.0634791 0.0562864 0.0634791 0.0562864
 0.108578  0.100642 0.0950576 0.0968418  0.100739 0.0965421 0.0865595 0.0991555  0.103687 0.0943111 0.0945437   0.10077 0.0987477 0.0980399  0.109025         0  0.111061 0.0948572 0.0896255 0.0982103  0.109728 0.0888015 0.0976665 0.0977472   0.11644   0.10702  0.103277 0.0898444 0.0849269  0.075587   0.10255 0.0838531  0.101172  0.095514  0.089595 0.0870791 0.0987559 0.0895811 0.0647453  0.105143 0.0967197 0.0891513 0.0776873 0.0840562 0.0940409 0.0975228 0.0998654  0.102554  0.096862  0.102199  0.117601 0.0983592  0.101179  0.100653 0.0956532 0.0948066 0.0926941 0.0968486 0.0997747  0.104623  0.106866 0.0859205 0.0963862  0.100154 0.0889611 0.0985661 0.0917807  0.102775 0.0998183  0.100662 0.0947918  0.106545  0.100145 0.0949084 0.0950581  0.104403  0.100168  0.112136 0.0959764  0.104345 0.0918121 0.0980551 0.0980621  0.103868 0.0995198 0.0888777  0.112049  0.105175   0.10354  0.105009 0.0922657  0.108384  0.101815 0.0843233  0.101002   0.10121   0.10275  0.105118 0.0745563 0.0856716 0.0745563 0.0856716
0.0805688 0.0851352 0.0935698   0.10038 0.0935225  0.103285 0.0827234 0.0927457 0.0910969 0.0931507 0.0920918 0.0955982 0.0852992 0.0935795 0.0742693  0.111061         0 0.0927478  0.100998 0.0977505 0.0939046  0.117231  0.106734 0.0892829 0.0886367  0.109878 0.0690534 0.0923382  0.101194  0.105338 0.0996858   0.09081 0.0895558 0.0955209 0.0918946  0.106685  0.109204   0.10504 0.0961382 0.0825957 0.0878776 0.0959408 0.0980439 0.0958858  0.100848 0.0981064 0.0969737  0.107994 0.0905063  0.082959 0.0864468 0.0871541 0.0815669 0.0923887 0.0941265 0.0907576 0.0813468 0.0677536 0.0924295  0.100327  0.091485 0.0862312 0.0875191 0.0874673 0.0855182 0.0918576 0.0800325  0.082263 0.0710595  0.103451 0.0872218  0.100395 0.0950529 0.0877758 0.0892072 0.0977073 0.0895804 0.0831123 0.0819902 0.0893395 0.0774547  0.098062 0.0896136  0.084413 0.0856801 0.0734641  0.088664  0.085869 0.0810843 0.0778147 0.0947289  0.084021 0.0907143 0.0732359 0.0732478 0.0868411 0.0876928 0.0997984 0.0723632 0.0701014 0.0723632 0.0701014
0.0937697 0.0853287  0.102107 0.0847102 0.0908082   0.08524  0.083266 0.0889184 0.0803431 0.0800811 0.0758403 0.0873731 0.0849893  0.083939 0.0859933 0.0948572 0.0927478         0 0.0808149 0.0824448 0.0956751 0.0857373 0.0861469 0.0929867  0.112481  0.111267 0.0895875 0.0890824 0.0817632  0.091383 0.0913354 0.0723026  0.081653 0.0936938 0.0818032 0.0767543 0.0777005 0.0981796 0.0837807 0.0888476 0.0864248 0.0902797 0.0812073  0.060114 0.0991178 0.0825133 0.0845899 0.0773481 0.0795119 0.0868943 0.0931768 0.0807009  0.078244 0.0838066 0.0839804 0.0813506 0.0792661 0.0868008 0.0834479 0.0966928 0.0884368 0.0816546 0.0765153 0.0834729 0.0798729 0.0915374 0.0862645 0.0755235 0.0844123 0.0940508  0.072763  0.102166 0.0903566 0.0853875 0.0920532 0.0955268 0.0779072 0.0876961 0.0812606 0.0923113 0.0650796 0.0890767 0.0921008 0.0830189 0.0691456 0.0738367 0.0859825  0.083951 0.0906314 0.0884923 0.0926702 0.0797326 0.0783677 0.0826376 0.0864953 0.0766088 0.0819624  0.111046 0.0619989 0.0670008 0.0619989 0.0670008
0.0913656 0.0780216 0.0872769 0.0802476 0.0848371 0.0668322 0.0724758 0.0650972  0.079755 0.0733785 0.0756294 0.0740588 0.0960071 0.0777094 0.0900001 0.0896255  0.100998 0.0808149         0 0.0777995 0.0716319 0.0753106 0.0733565 0.0818165 0.0925797 0.0832903 0.0839912 0.0932537 0.0604402 0.0863233 0.0793044 0.0778115 0.0706574 0.0755097 0.0757496 0.0853119 0.0744169 0.0953053 0.0748009 0.0849073  0.078658 0.0738241 0.0746454 0.0687128 0.0907543  0.080177 0.0761821  0.088675 0.0833809 0.0987368 0.0940036  0.068719 0.0769769 0.0747243  0.071138 0.0867955  0.076756 0.0836813 0.0848274 0.0890551 0.0732477 0.0943757 0.0850033  0.087771 0.0769998 0.0851545 0.0847528 0.0817402 0.0828916 0.0963228 0.0815879 0.0966681 0.0794639  0.085953 0.0926016 0.0886285 0.0768346 0.0801692   0.07846 0.0946114 0.0820384 0.0753539 0.0905718 0.0836358 0.0815864 0.0802125 0.0919269 0.0776331 0.0883871 0.0845035 0.0934199 0.0846306 0.0790147 0.0805966 0.0813554 0.0769176 0.0872929 0.0967863 0.0544579 0.0666713 0.0544579 0.0666713
 0.095512 0.0845968 0.0963888 0.0971051 0.0939134 0.0892003 0.0794355 0.0838856 0.0854075 0.0819361 0.0742396 0.0809557  0.081429 0.0895672 0.0937661 0.0982103 0.0977505 0.0824448 0.0777995         0 0.0927939 0.0846048 0.0810307 0.0855681  0.104068  0.108933 0.0837828 0.0852264 0.0910247  0.107214 0.0959093 0.0928569  0.080586 0.0752868 0.0743033 0.0790551 0.0818285 0.0881258 0.0899636 0.0880274 0.0892964 0.0800938 0.0995822 0.0864835  0.103474 0.0720201 0.0748928 0.0861946 0.0920925 0.0975832  0.104886 0.0786878 0.0886795 0.0845474 0.0753817 0.0896383 0.0854857 0.0915928 0.0902833 0.0994034 0.0897468 0.0867484 0.0882715  0.094889 0.0859614 0.0911173 0.0946603 0.0850398 0.0915953 0.0904483 0.0876755  0.105962 0.0847701 0.0902761 0.0890772 0.0930129 0.0840483 0.0873229 0.0886805 0.0974348 0.0848112 0.0807255 0.0952289 0.0944746  0.079525 0.0747211  0.097902  0.087975 0.0925723 0.0971283 0.0943256 0.0883855  0.082228 0.0753987 0.0871156 0.0789783 0.0881525  0.106163 0.0627864 0.0718674 0.0627864 0.0718674
0.0967092  0.073768 0.0827697 0.0876057 0.0869998 0.0756333   0.07331 0.0731432  0.080506 0.0905367 0.0876676 0.0790115 0.0901765 0.0800811 0.0762725  0.109728 0.0939046 0.0956751 0.0716319 0.0927939         0  0.091374 0.0927133 0.0814379 0.0856425 0.0826076 0.0784171 0.0833024 0.0789532  0.109115 0.0897905 0.0830173 0.0707363 0.0863956   0.07423 0.0935616 0.0993276 0.0868777 0.0916949 0.0799074 0.0905591 0.0689777 0.0901019 0.0797499  0.106424 0.0819312 0.0957999 0.0860509 0.0834153 0.0971782 0.0841884 0.0742567 0.0757625 0.0748317  0.072357 0.0865963 0.0877452 0.0737556 0.0876094 0.0790288 0.0769816  0.100546 0.0837918 0.0828693 0.0822098 0.0786538 0.0817965  0.091629  0.069103 0.0982416 0.0841906 0.0988393 0.0863936 0.0861337 0.0921968  0.080607 0.0900321 0.0840464 0.0755403 0.0852624 0.0821498 0.0796331 0.0796192  0.069569 0.0856575 0.0814832 0.0772458 0.0695263 0.0801605  0.085775 0.0901488 0.0905665 0.0765922 0.0807399 0.0665352 0.0782883 0.0826153  0.102664 0.0599053 0.0658491 0.0599053 0.0658491
 0.115955 0.0960902 0.0966355 0.0826925  0.100065 0.0858724 0.0882466 0.0814423 0.0890563 0.0958315 0.0771899 0.0928166 0.0920039 0.0920753  0.109135 0.0888015  0.117231 0.0857373 0.0753106 0.0846048  0.091374         0 0.0811159  0.103286  0.116275 0.0958457  0.108796  0.102915 0.0808658  0.099601  0.100197 0.0875665 0.0912275  0.103304 0.0842107 0.0741849 0.0757706 0.0933816 0.0782135  0.109484 0.0973388 0.0873183 0.0847183 0.0815635 0.0984638 0.0934348 0.0899884 0.0854687 0.0962339  0.104018  0.112437 0.0912355 0.0972039 0.0965503 0.0903612 0.0995501 0.0963682 0.0993114 0.0974552  0.102515 0.0989496 0.0973656 0.0983746  0.105044 0.0914939  0.100976 0.0998405  0.098552 0.0987289  0.111913 0.0970434  0.114639 0.0975224 0.0983667  0.103822   0.10659 0.0989825  0.106734  0.101093 0.0996861 0.0952155   0.09553  0.100272 0.0986608  0.100812 0.0962875   0.10308  0.098765   0.10609  0.104013  0.102305  0.103096 0.0906038 0.0957318 0.0997273   0.10066 0.0990054  0.107423 0.0710073 0.0859204 0.0710073 0.0859204
 0.106914 0.0917639 0.0975267  0.100976 0.0926659  0.081803 0.0853972 0.0860013  0.092162 0.0908159 0.0669573 0.0879033 0.0892919 0.0933495 0.0985364 0.0976665  0.106734 0.0861469 0.0733565 0.0810307 0.0927133 0.0811159         0 0.0954347  0.112543 0.0992951  0.101611  0.106281 0.0874167  0.104223 0.0902263 0.0950878 0.0888474  0.099759  0.073994 0.0718427 0.0772051  0.105986  0.084269  0.108332  0.102544 0.0957092 0.0864251 0.0829431  0.110421 0.0959546 0.0718519 0.0776383 0.0962193  0.105818  0.106483 0.0896269 0.0977578 0.0982878  0.082236  0.103144 0.0881316 0.0952593   0.10601  0.103673 0.0937418  0.100192 0.0915784  0.103947 0.0888158  0.093129 0.0973681 0.0957251 0.0976307  0.107559 0.0879949  0.110091 0.0987899  0.101149  0.106444  0.100482  0.097495  0.100276 0.0933408   0.10256 0.0903791 0.0984542  0.100152 0.0942092 0.0918361  0.084104  0.101283  0.087242 0.0960319 0.0916379   0.10369 0.0975928 0.0920246 0.0898984 0.0910795 0.0834601  0.105606  0.112128 0.0684709 0.0822123 0.0684709 0.0822123
0.0796355 0.0692155 0.0865365 0.0902424 0.0747113 0.0762213 0.0712016 0.0773444 0.0844042 0.0863451 0.0930645 0.0715133 0.0900576  0.086804 0.0840537 0.0977472 0.0892829 0.0929867 0.0818165 0.0855681 0.0814379  0.103286 0.0954347         0 0.0833845 0.0786751 0.0785427  0.081998 0.0842407 0.0949084 0.0803911 0.0787533 0.0815099 0.0727414 0.0726781 0.0965652  0.103061 0.0822018  0.087976 0.0787254 0.0765112 0.0706714 0.0870234 0.0863361 0.0879499 0.0778956 0.0878737 0.0990267 0.0806657 0.0916039 0.0948049   0.07486 0.0793755 0.0739532 0.0708647  0.079821 0.0805064 0.0819738 0.0963163 0.0888619 0.0878493 0.0854058 0.0860261  0.084595 0.0739822 0.0754166 0.0740119 0.0850911 0.0726408 0.0883157  0.084194 0.0863131 0.0839441 0.0828025 0.0778831 0.0873524 0.0792319 0.0864004   0.08142 0.0884206 0.0744023 0.0852236 0.0860497 0.0851905 0.0897613 0.0778045 0.0889981 0.0797741 0.0872238 0.0748463   0.08272 0.0940602 0.0848386 0.0730898 0.0784569 0.0778159 0.0870278  0.091404 0.0550323 0.0649481 0.0550323 0.0649481
0.0876721 0.0890593 0.0878455  0.109765  0.090326 0.0959822  0.094459 0.0901085  0.092064  0.102782  0.102466 0.0769802  0.106665  0.090799 0.0881596   0.11644 0.0886367  0.112481 0.0925797  0.104068 0.0856425  0.116275  0.112543 0.0833845         0  0.096288 0.0845454 0.0993741  0.109053  0.117818  0.085826  0.107413 0.0930101 0.0892001  0.087418  0.108486  0.120847  0.103232  0.106536 0.0898379 0.0871439  0.088921  0.108918  0.102938  0.113782 0.0880622 0.0998618  0.111429 0.0824594  0.109883  0.100669 0.0857963 0.0938293 0.0945561  0.090574 0.0918091  0.102399 0.0944009  0.111818 0.0987147 0.0941289  0.110601  0.103524 0.0895625 0.0936374 0.0862615 0.0763748  0.106246 0.0830769 0.0987188 0.0959475 0.0996716  0.104175 0.0913538  0.103521 0.0894174  0.104539 0.0909379 0.0862609   0.10411  0.095282 0.0988432 0.0964049  0.102812  0.104676 0.0944576  0.104524 0.0956584 0.0878133  0.102789 0.0937037   0.10729 0.0847373 0.0812671 0.0866308 0.0967823 0.0974444 0.0951882 0.0751885 0.0825034 0.0751885 0.0825034
 0.107833 0.0869411 0.0773086  0.101334 0.0873996 0.0741534 0.0897565 0.0857709 0.0866752 0.0944065  0.101614 0.0781213  0.105492 0.0828071 0.0995244   0.10702  0.109878  0.111267 0.0832903  0.108933 0.0826076 0.0958457 0.0992951 0.0786751  0.096288         0 0.0991498 0.0985666 0.0810912  0.106211 0.0954806 0.0986037 0.0919315 0.0932955 0.0805269  0.101992  0.112928  0.088704 0.0914619 0.0998058 0.0860507 0.0778947 0.0901822  0.102798 0.0984786 0.0947024 0.0962146  0.102911 0.0959851  0.113964  0.101115 0.0850092 0.0916716 0.0860981 0.0886464 0.0872499 0.0991423 0.0941569  0.101179 0.0978508 0.0858404 0.0996603 0.0968387  0.103446 0.0889888 0.0823481 0.0901418  0.100656 0.0906234  0.113507  0.101395  0.105565 0.0951606  0.101462  0.106485  0.106212 0.0957048  0.100521 0.0969248  0.098879 0.0903615 0.0929487 0.0961314 0.0981629  0.104098  0.095647 0.0990818 0.0933379  0.099286 0.0906729 0.0883301  0.110281 0.0972664 0.0923221 0.0881366  0.101106  0.102543 0.0975582 0.0722408 0.0830029 0.0722408 0.0830029
0.0689353 0.0799538 0.0774383 0.0929192 0.0874911 0.0861841  0.077109 0.0836788 0.0860623 0.0838287 0.0846892 0.0813139  0.083702 0.0886646 0.0697849  0.103277 0.0690534 0.0895875 0.0839912 0.0837828 0.0784171  0.108796  0.101611 0.0785427 0.0845454 0.0991498         0 0.0649293 0.0883979  0.106586 0.0902132 0.0869025  0.074344 0.0718082 0.0806487 0.0988202  0.103764  0.082566 0.0931452 0.0641364 0.0880319 0.0831683 0.0947726 0.0828563  0.107057 0.0875673 0.0949768 0.0968108 0.0843593 0.0784151 0.0816982 0.0689601 0.0620411 0.0800816  0.078311 0.0807222 0.0754702 0.0693599    0.0774  0.080577 0.0746675 0.0764016 0.0737641 0.0687682 0.0715167 0.0695334 0.0654873 0.0730874 0.0633826 0.0859849 0.0762491 0.0826967 0.0711747 0.0719774  0.073476 0.0770349 0.0713052 0.0749005 0.0653306 0.0697879 0.0621776 0.0758069 0.0772248 0.0756122 0.0741469 0.0573331 0.0782863 0.0673461 0.0708758 0.0726804 0.0822632  0.075464 0.0748737 0.0582209 0.0677601 0.0610776 0.0706082 0.0915398 0.0604644 0.0515405 0.0604644 0.0515405
0.0856189 0.0819536 0.0898164 0.0959645 0.0830977 0.0859158 0.0791256 0.0911411  0.082774 0.0889627  0.090439  0.083529 0.0866897     0.088 0.0826752 0.0898444 0.0923382 0.0890824 0.0932537 0.0852264 0.0833024  0.102915  0.106281  0.081998 0.0993741 0.0985666 0.0649293         0 0.0879933  0.105678 0.0960386 0.0883368 0.0768881 0.0770904 0.0825483 0.0927438  0.110237 0.0656637 0.0903664 0.0637517 0.0836823  0.072079 0.0931447 0.0846639  0.106211 0.0786185 0.0989635 0.0915216 0.0816768 0.0796308 0.0888958 0.0803796  0.072023 0.0764915 0.0770103 0.0659376 0.0773825 0.0820767 0.0786981 0.0636263 0.0818726 0.0675723 0.0766985 0.0559254 0.0720242 0.0749579 0.0733092 0.0833459 0.0715053 0.0774784 0.0681613 0.0903784 0.0742277 0.0732626 0.0732739 0.0745161  0.080379 0.0776046 0.0728969 0.0787014 0.0651457 0.0725666 0.0837219 0.0728053 0.0697286 0.0676088 0.0845818  0.070927 0.0783665 0.0886297 0.0821548 0.0876713  0.070824 0.0678014 0.0714056 0.0699839  0.075395 0.0947723 0.0629042 0.0563033 0.0629042 0.0563033
0.0977752 0.0767204 0.0894846  0.075667 0.0876758 0.0714614 0.0749698 0.0672606 0.0845978 0.0847352 0.0812164 0.0851936 0.0882025 0.0804185 0.0915705 0.0849269  0.101194 0.0817632 0.0604402 0.0910247 0.0789532 0.0808658 0.0874167 0.0842407  0.109053 0.0810912 0.0883979 0.0879933         0  0.083888 0.0834804 0.0627807 0.0741593 0.0837009 0.0713753 0.0847809 0.0806213 0.0844634 0.0755567  0.087105 0.0864127 0.0735447 0.0736844 0.0697516 0.0922941 0.0809711 0.0848346 0.0910751 0.0888347 0.0915195 0.0929939 0.0797498 0.0752732 0.0727923 0.0830509 0.0814949 0.0745198 0.0811148 0.0851203 0.0901231 0.0734028 0.0872961 0.0839215 0.0883844 0.0711545 0.0847462 0.0848121 0.0778866 0.0806686 0.0999519 0.0821566 0.0980616 0.0778778 0.0874101 0.0948727 0.0949394 0.0795794 0.0885345 0.0814998 0.0898795 0.0777178  0.079115 0.0912564 0.0824658 0.0813019 0.0791964  0.082572 0.0810688 0.0904885 0.0889076 0.0902843  0.084719 0.0857657 0.0818256 0.0817623 0.0784155 0.0835606  0.100536 0.0589569 0.0667747 0.0589569 0.0667747
 0.105246  0.100838  0.107881 0.0955107  0.100347 0.0940871 0.0819073 0.0955527  0.101718 0.0963217  0.103798  0.104554  0.111893  0.100617 0.0989956  0.075587  0.105338  0.091383 0.0863233  0.107214  0.109115  0.099601  0.104223 0.0949084  0.117818  0.106211  0.106586  0.105678  0.083888         0   0.11489 0.0761273  0.108498  0.100574 0.0977873  0.102321  0.103019   0.10563 0.0802628  0.105931  0.100404  0.092386  0.070222 0.0873411 0.0783427  0.102261 0.0977398  0.110843 0.0986189  0.101212  0.105266 0.0956952 0.0995286 0.0893439 0.0920339  0.097007 0.0907829 0.0930347 0.0988474  0.108938   0.10612 0.0941488 0.0920751  0.103006 0.0933417  0.101991 0.0861013  0.103438 0.0936669  0.102759  0.097431  0.102114  0.103931 0.0973245 0.0956274  0.108008 0.0962916  0.108399 0.0985728  0.100742 0.0880694 0.0901029 0.0910249 0.0999949  0.101599 0.0995225  0.101207 0.0997712  0.107334 0.0963284 0.0887206  0.105211  0.102924 0.0892048 0.0970227  0.105045  0.102393  0.112198 0.0786149 0.0835888 0.0786149 0.0835888
0.0875846 0.0813603 0.0900179 0.0847624 0.0831256 0.0787495  0.089306 0.0906581  0.078392 0.0992656 0.0839407 0.0795905 0.0908347 0.0873583  0.091307   0.10255 0.0996858 0.0913354 0.0793044 0.0959093 0.0897905  0.100197 0.0902263 0.0803911  0.085826 0.0954806 0.0902132 0.0960386 0.0834804   0.11489         0 0.0884441 0.0813443  0.096425 0.0781631 0.0924791 0.0956054  0.104188 0.0903801 0.0879545 0.0870225 0.0852305 0.0923067 0.0818168  0.103964  0.084168 0.0899161 0.0810006 0.0850463 0.0970394  0.100858 0.0942985  0.085294 0.0932295 0.0962664 0.0860434 0.0905244 0.0866908  0.108446 0.0999061  0.092725  0.105303  0.101686 0.0928051 0.0828871  0.085793 0.0924257 0.0957114 0.0846804  0.107241 0.0857686  0.105232 0.0959558 0.0943749  0.104393   0.09457 0.0971384  0.087215 0.0892814 0.0988771 0.0882594  0.103847  0.106582 0.0880371 0.0907121 0.0870264  0.102643 0.0951877 0.0871146 0.0885842 0.0945264 0.0963463  0.083737 0.0878375 0.0850625 0.0784572 0.0931979 0.0928804 0.0646381 0.0800255 0.0646381 0.0800255
0.0927236 0.0786095  0.100101 0.0767642  0.095508 0.0835997 0.0726534 0.0769559  0.084477 0.0822673 0.0860876 0.0871931 0.0868434 0.0761309 0.0804683 0.0838531   0.09081 0.0723026 0.0778115 0.0928569 0.0830173 0.0875665 0.0950878 0.0787533  0.107413 0.0986037 0.0869025 0.0883368 0.0627807 0.0761273 0.0884441         0 0.0816097 0.0915695 0.0816328  0.083912 0.0859894 0.0917278 0.0799328 0.0866879 0.0894059 0.0775593 0.0706173 0.0667305 0.0807724 0.0805049 0.0924346 0.0934041 0.0853466 0.0738143 0.0836843 0.0811262 0.0685106 0.0644149 0.0829231 0.0791091 0.0723761 0.0787346 0.0797526 0.0914709 0.0829128 0.0858998 0.0796635  0.086319 0.0711378 0.0852533 0.0765155 0.0788237 0.0727242 0.0876755 0.0735064 0.0915366 0.0820183 0.0774168 0.0855658  0.090169 0.0770529 0.0842617 0.0774506 0.0871042 0.0698649   0.07564 0.0852394 0.0805483 0.0845607 0.0805042 0.0681692 0.0802942 0.0853338 0.0809317 0.0824687 0.0752919 0.0833634 0.0733511 0.0780291 0.0822962  0.074048  0.107091 0.0587898 0.0622844 0.0587898 0.0622844
0.0784127 0.0635257 0.0820068 0.0866457 0.0770135  0.070203 0.0769802 0.0697765 0.0794703  0.082437  0.073531 0.0693528 0.0804102 0.0615222 0.0797955  0.101172 0.0895558  0.081653 0.0706574  0.080586 0.0707363 0.0912275 0.0888474 0.0815099 0.0930101 0.0919315  0.074344 0.0768881 0.0741593  0.108498 0.0813443 0.0816097         0 0.0778087 0.0740554 0.0896877 0.0909892 0.0910797 0.0993676 0.0761905 0.0775186 0.0686964 0.0919719 0.0801103  0.110513 0.0785553 0.0913623 0.0843524 0.0652404 0.0764859 0.0747329 0.0665085 0.0709484 0.0751176 0.0825922 0.0792359 0.0696617 0.0814097 0.0768822 0.0821562 0.0631224 0.0834662 0.0698249 0.0700529 0.0671843 0.0692252 0.0806731 0.0644663 0.0652278 0.0910252 0.0778102 0.0859011 0.0752899 0.0728781 0.0907097 0.0793227 0.0667509 0.0702637 0.0713602 0.0777687 0.0723437 0.0769712 0.0890365 0.0660123 0.0762586  0.067407  0.083097 0.0738268 0.0745818 0.0823192 0.0867894 0.0855964 0.0752616 0.0776776 0.0763656 0.0692629 0.0718157 0.0938301  0.055469 0.0570897  0.055469 0.0570897
0.0722928 0.0842483 0.0862279 0.0980139 0.0824068 0.0816113 0.0728744 0.0739362 0.0896824 0.0742195 0.0967325 0.0764596 0.0941713 0.0904575 0.0888463  0.095514 0.0955209 0.0936938 0.0755097 0.0752868 0.0863956  0.103304  0.099759 0.0727414 0.0892001 0.0932955 0.0718082 0.0770904 0.0837009  0.100574  0.096425 0.0915695 0.0778087         0 0.0767494 0.0911772  0.104086  0.078709 0.0932399 0.0744505 0.0779698 0.0679058 0.0941066 0.0842174  0.103587  0.071417 0.0850569  0.104103  0.086917  0.095724 0.0933872  0.062561 0.0716494 0.0762256 0.0732875 0.0736211 0.0692724 0.0839733 0.0772502 0.0900048 0.0717204 0.0808476 0.0794245 0.0740375 0.0733573 0.0821307 0.0683878 0.0722577 0.0835477 0.0857867 0.0778193 0.0879309 0.0647607 0.0804572 0.0809072   0.07499 0.0686855 0.0864581 0.0634673 0.0869153 0.0754848 0.0719309 0.0820386 0.0859394 0.0736286 0.0706953 0.0949083 0.0730664 0.0831465 0.0897829 0.0860308 0.0811173   0.08246 0.0619951  0.081197 0.0723252 0.0878516 0.0882761 0.0591955 0.0599757 0.0591955 0.0599757
0.0884265 0.0705516 0.0732934 0.0895226 0.0739752 0.0699491 0.0649571 0.0666934 0.0733364 0.0838968 0.0715939 0.0723504 0.0675623 0.0796223 0.0860576  0.089595 0.0918946 0.0818032 0.0757496 0.0743033   0.07423 0.0842107  0.073994 0.0726781  0.087418 0.0805269 0.0806487 0.0825483 0.0713753 0.0977873 0.0781631 0.0816328 0.0740554 0.0767494         0 0.0758492 0.0882702 0.0811342  0.082022 0.0822225 0.0853853 0.0787582 0.0839018 0.0782764 0.0983713 0.0689142 0.0715206 0.0670458 0.0784545 0.0981798 0.0914705 0.0758233 0.0883304 0.0772185 0.0749856 0.0780393 0.0817167 0.0852897 0.0939403 0.0911861   0.08101 0.0896671  0.083163 0.0879385  0.075421 0.0713517 0.0781466 0.0829658 0.0758396 0.0955095 0.0821798 0.0961358 0.0819668 0.0906627 0.0961013 0.0871318 0.0858062 0.0879731 0.0812401 0.0840993 0.0775523 0.0832579 0.0882282 0.0804348 0.0788554  0.075704 0.0857056 0.0761929  0.083319 0.0855961 0.0871614 0.0928658 0.0777852 0.0768794 0.0755537 0.0719202 0.0879811  0.095308  0.048179 0.0663812  0.048179 0.0663812
 0.104913 0.0950264 0.0951306 0.0975767 0.0918152 0.0865922 0.0872003 0.0837605 0.0829278 0.0816702 0.0744758 0.0881949 0.0917573 0.0848338 0.0986766 0.0870791  0.106685 0.0767543 0.0853119 0.0790551 0.0935616 0.0741849 0.0718427 0.0965652  0.108486  0.101992 0.0988202 0.0927438 0.0847809  0.102321 0.0924791  0.083912 0.0896877 0.0911772 0.0758492         0 0.0802704 0.0912405 0.0797627 0.0990366 0.0908018 0.0819533  0.086626 0.0742521   0.10564 0.0766174 0.0748478 0.0771449 0.0832902 0.0953795  0.105922 0.0868009 0.0839578 0.0904756 0.0827576 0.0786964 0.0850827 0.0902394 0.0944559 0.0978249 0.0942747 0.0911122 0.0910764 0.0966894 0.0779755 0.0925484 0.0887621 0.0930376 0.0932607 0.0942267 0.0749503  0.104165 0.0949648 0.0874206 0.0976472 0.0916507 0.0959944 0.0978601  0.086606  0.105587 0.0812553 0.0913005 0.0887305 0.0902275 0.0801787 0.0823684 0.0941388 0.0902188 0.0963282 0.0996189 0.0881464  0.091742 0.0795637 0.0805129 0.0896485 0.0901254 0.0877889  0.107963 0.0631963 0.0750041 0.0631963 0.0750041
 0.113179  0.101757   0.10572 0.0875267  0.105866  0.091125 0.0908946 0.0854508 0.0962752 0.0861202 0.0697087  0.093344 0.0912945 0.0895899   0.10416 0.0987559  0.109204 0.0777005 0.0744169 0.0818285 0.0993276 0.0757706 0.0772051  0.103061  0.120847  0.112928  0.103764  0.110237 0.0806213  0.103019 0.0956054 0.0859894 0.0909892  0.104086 0.0882702 0.0802704         0  0.113446 0.0832561  0.105535  0.106575  0.100078 0.0853014 0.0773388  0.103922  0.092889 0.0873897 0.0883965  0.102624  0.106494  0.108993 0.0952392 0.0951281 0.0957868 0.0890982  0.103097 0.0946993 0.0926023   0.10156  0.115836 0.0963777  0.103763    0.1006  0.111188 0.0931505  0.107055  0.101843 0.0906602  0.101907  0.107695 0.0955522  0.117203  0.097641 0.0999418  0.108659  0.109553 0.0946915 0.0995495 0.0943131  0.102345 0.0964424  0.100751  0.107305 0.0998302 0.0880459   0.08878 0.0979139  0.100901  0.101039  0.101762  0.109239 0.0928967 0.0983932 0.0965879   0.10348 0.0879424  0.103008  0.117114 0.0764822 0.0849993 0.0764822 0.0849993
 0.103875 0.0828571 0.0945226  0.108418 0.0847864 0.0844695 0.0764691 0.0855684 0.0871322 0.0959551 0.0983146 0.0865398 0.0983747 0.0965733 0.0993112 0.0895811   0.10504 0.0981796 0.0953053 0.0881258 0.0868777 0.0933816  0.105986 0.0822018  0.103232  0.088704  0.082566 0.0656637 0.0844634   0.10563  0.104188 0.0917278 0.0910797  0.078709 0.0811342 0.0912405  0.113446         0  0.094136 0.0841472 0.0922641 0.0732072  0.102051 0.0863927   0.11323 0.0811662  0.098077  0.102443 0.0968033 0.0962241  0.111619 0.0867862 0.0815744  0.084758 0.0819514 0.0811474 0.0933737 0.0884506  0.086033 0.0837027 0.0877718 0.0738973 0.0871228 0.0807585 0.0806041 0.0822744 0.0866802 0.0972135 0.0869547 0.0846148  0.087959 0.0939574 0.0801155 0.0869687   0.08137  0.102377 0.0885046 0.0947796 0.0884733 0.0954599 0.0799606 0.0758703 0.0882092 0.0959676 0.0949735 0.0791923 0.0952498 0.0830281 0.0981529 0.0983662  0.090884   0.10128 0.0890673 0.0711758 0.0874007 0.0889361 0.0899307  0.101569 0.0680069 0.0714408 0.0680069 0.0714408
0.0983281 0.0920423 0.0843194 0.0776137 0.0941889 0.0835746 0.0822248 0.0870935 0.0967721 0.0881785 0.0812147 0.0935465 0.0860458 0.0902689 0.0912214 0.0647453 0.0961382 0.0837807 0.0748009 0.0899636 0.0916949 0.0782135  0.084269  0.087976  0.106536 0.0914619 0.0931452 0.0903664 0.0755567 0.0802628 0.0903801 0.0799328 0.0993676 0.0932399  0.082022 0.0797627 0.0832561  0.094136         0 0.0966246 0.0896432 0.0873228 0.0661006 0.0762181 0.0806468 0.0928631 0.0777458 0.0895341 0.0949964  0.102066  0.104879 0.0870626 0.0891527 0.0888361 0.0796004 0.0870979 0.0814481 0.0770426 0.0922096 0.0897775 0.0969462 0.0835514 0.0894423  0.096097 0.0781723 0.0912517 0.0829306 0.0913748 0.0870686   0.10416 0.0836721  0.105386 0.0928727 0.0923864 0.0861548 0.0936611 0.0917619  0.103207 0.0865577 0.0912372 0.0797625 0.0902878 0.0797159  0.087267  0.081356 0.0821666 0.0987462 0.0905005 0.0888012 0.0894213 0.0826541 0.0924992 0.0914786 0.0828608 0.0860683 0.0859963 0.0958261 0.0948996 0.0633131 0.0734689 0.0633131 0.0734689
