
Alignment summary:
Dolphin1: A=350 C=336 G=144 T=310
Dolphin2: A=350 C=332 G=145 T=313
giant sperm whale: A=353 C=365 G=144 T=278
bowhead whale: A=340 C=357 G=149 T=294
right whale: A=347 C=354 G=144 T=295
minke whale: A=345 C=352 G=149 T=294
Antarctic minke whale: A=349 C=357 G=147 T=287
sei whale: A=348 C=355 G=147 T=290
Bryde's whale: A=348 C=355 G=146 T=291
fin whale: A=344 C=356 G=149 T=291
blue whale: A=341 C=351 G=153 T=295
humpback whale: A=351 C=356 G=146 T=287
California whale: A=342 C=362 G=151 T=285
Pygmy right whale: A=339 C=342 G=151 T=308
Hippo: A=340 C=367 G=157 T=276
Camel dromedary: A=335 C=315 G=170 T=320
Camel bactrianus: A=331 C=320 G=171 T=318
Camel llama: A=335 C=312 G=160 T=333
Camel Llama: A=338 C=317 G=158 T=327
Camel pacos: A=329 C=319 G=167 T=325
Camel vicuna: A=338 C=316 G=161 T=325
Pig: A=359 C=328 G=150 T=303
Peccary: A=360 C=349 G=144 T=287
Cow: A=356 C=344 G=153 T=287
Sheep: A=359 C=322 G=148 T=311
Goat: A=365 C=331 G=146 T=298
Black-tailed deer: A=352 C=321 G=149 T=318
Giraffe: A=357 C=327 G=149 T=307
Fallow: A=365 C=311 G=149 T=315
Pronghorn: A=371 C=340 G=147 T=282
Chevrotain: A=335 C=325 G=172 T=308

Seed = 4193290133
Jukes-Cantor Distance Matrix:

        0 0.0631085  0.197563  0.160807  0.158637  0.168455  0.162984  0.165168  0.167358  0.176181  0.170654  0.159721  0.171757  0.169554  0.224289  0.255695  0.255695  0.269388  0.269388  0.279506  0.273167  0.223107  0.239828  0.238621  0.227847  0.244674  0.233813  0.241036  0.220749  0.211388  0.270646
0.0631085         0  0.206752  0.177292  0.176181  0.180632  0.178404  0.178404  0.180632  0.189614  0.181749   0.17286  0.190745  0.179517  0.227847  0.275696  0.278234  0.259405  0.253232  0.273167  0.269388  0.230228  0.249552  0.259405  0.249552  0.255695  0.241036  0.250777  0.232616  0.212552  0.287186
 0.197563  0.206752         0  0.170654  0.166262  0.180632  0.169554  0.168455  0.179517  0.162984  0.180632  0.170654  0.156472   0.19985  0.238621  0.269388  0.265629  0.270646  0.269388  0.273167  0.271905   0.24346  0.237416  0.237416  0.271905  0.265629  0.255695  0.253232  0.254462  0.231421   0.27443
 0.160807  0.177292  0.170654         0 0.0517447  0.110368  0.104295  0.119571  0.116491  0.121631  0.123697  0.107326  0.106314  0.126807  0.224289   0.25693   0.25693   0.25693   0.25693   0.26688  0.258166  0.237416  0.218398  0.221927  0.236213  0.218398  0.229036  0.210226  0.239828  0.212552  0.245891
 0.158637  0.176181  0.166262 0.0517447         0  0.113423  0.104295  0.114444  0.117516  0.107326  0.111385  0.103288  0.101277  0.128888  0.213718   0.24346  0.247109  0.252003  0.252003  0.260645  0.258166  0.218398  0.218398  0.226659  0.238621  0.227847  0.233813  0.216054  0.231421  0.207908   0.24833
 0.168455  0.180632  0.180632  0.110368  0.113423         0 0.0479946 0.0982712  0.102282 0.0932878  0.111385 0.0962739 0.0962739  0.132019  0.221927  0.278234  0.260645  0.261888  0.254462  0.265629   0.26438  0.223107  0.213718  0.237416  0.227847  0.225473  0.219572  0.224289  0.235012  0.202143  0.255695
 0.162984  0.178404  0.169554  0.104295  0.104295 0.0479946         0 0.0834192 0.0873511 0.0844003 0.0982712 0.0922951 0.0834192  0.128888  0.207908  0.261888  0.258166  0.260645  0.253232  0.255695  0.250777  0.213718  0.203293  0.218398  0.220749  0.213718  0.221927  0.213718  0.221927  0.194146  0.247109
 0.165168  0.178404  0.168455  0.119571  0.114444 0.0982712 0.0834192         0 0.0387008 0.0756168 0.0765877 0.0844003 0.0795079   0.12993  0.211388   0.26688  0.253232  0.254462  0.249552  0.249552  0.249552  0.221927  0.210226  0.214885  0.217225  0.205597  0.231421  0.214885  0.224289  0.194146  0.252003
 0.167358  0.180632  0.179517  0.116491  0.117516  0.102282 0.0873511 0.0387008         0 0.0785332 0.0853826 0.0804838 0.0795079  0.127847  0.210226  0.258166   0.24833   0.25693  0.254462   0.25693  0.252003  0.223107  0.211388  0.226659  0.224289  0.216054  0.237416  0.220749  0.225473  0.196422  0.258166
 0.176181  0.189614  0.162984  0.121631  0.107326 0.0932878 0.0844003 0.0756168 0.0785332         0  0.081461 0.0736788 0.0746472  0.142553  0.220749  0.260645  0.247109  0.249552  0.247109  0.241036  0.237416  0.218398  0.214885  0.230228  0.217225  0.217225  0.221927  0.211388  0.216054  0.194146  0.245891
 0.170654  0.181749  0.180632  0.123697  0.111385  0.111385 0.0982712 0.0765877 0.0853826  0.081461         0  0.081461 0.0795079   0.12993  0.223107  0.263133   0.25693   0.25693  0.259405  0.254462   0.24833  0.212552  0.217225  0.230228  0.231421  0.217225  0.218398  0.226659  0.232616  0.207908  0.259405
 0.159721   0.17286  0.170654  0.107326  0.103288 0.0962739 0.0922951 0.0844003 0.0804838 0.0736788  0.081461         0 0.0804838  0.125769  0.220749  0.263133  0.253232  0.260645  0.255695   0.25693  0.252003  0.205597  0.202143  0.230228  0.227847  0.219572  0.218398  0.212552  0.223107  0.197563  0.252003
 0.171757  0.190745  0.156472  0.106314  0.101277 0.0962739 0.0834192 0.0795079 0.0795079 0.0746472 0.0795079 0.0804838         0  0.132019  0.217225  0.258166  0.250777  0.254462  0.254462   0.24833  0.250777  0.219572  0.226659  0.231421  0.225473  0.214885  0.232616  0.219572  0.241036  0.211388  0.258166
 0.169554  0.179517   0.19985  0.126807  0.128888  0.132019  0.128888   0.12993  0.127847  0.142553   0.12993  0.125769  0.132019         0  0.225473   0.26688  0.259405  0.254462   0.25693  0.270646  0.265629  0.232616  0.238621  0.244674  0.241036  0.238621  0.238621  0.241036  0.245891  0.219572  0.259405
 0.224289  0.227847  0.238621  0.224289  0.213718  0.221927  0.207908  0.211388  0.210226  0.220749  0.223107  0.220749  0.217225  0.225473         0  0.244674  0.252003  0.260645  0.258166  0.261888   0.24833  0.230228  0.206752  0.217225  0.231421  0.225473  0.224289  0.230228  0.220749  0.198706   0.24833
 0.255695  0.275696  0.269388   0.25693   0.24346  0.278234  0.261888   0.26688  0.258166  0.260645  0.263133  0.263133  0.258166   0.26688  0.244674         0  0.101277  0.179517  0.170654  0.173966  0.171757  0.244674  0.265629   0.24346  0.261888   0.24833  0.233813  0.242247  0.250777  0.236213  0.269388
 0.255695  0.278234  0.265629   0.25693  0.247109  0.260645  0.258166  0.253232   0.24833  0.247109   0.25693  0.253232  0.250777  0.259405  0.252003  0.101277         0  0.168455  0.159721  0.164075  0.161895  0.230228  0.254462   0.24833  0.254462  0.249552  0.247109   0.25693  0.255695  0.235012  0.250777
 0.269388  0.259405  0.270646   0.25693  0.252003  0.261888  0.260645  0.254462   0.25693  0.249552   0.25693  0.260645  0.254462  0.254462  0.260645  0.179517  0.168455         0 0.0168546 0.0650193 0.0659766  0.250777  0.250777  0.236213  0.242247  0.239828  0.232616  0.239828  0.260645  0.229036  0.244674
 0.269388  0.253232  0.269388   0.25693  0.252003  0.254462  0.253232  0.249552  0.254462  0.247109  0.259405  0.255695  0.254462   0.25693  0.258166  0.170654  0.159721 0.0168546         0 0.0602514 0.0631085  0.236213   0.24346  0.231421  0.237416  0.232616  0.219572  0.227847  0.258166  0.226659   0.24346
 0.279506  0.273167  0.273167   0.26688  0.260645  0.265629  0.255695  0.249552   0.25693  0.241036  0.254462   0.25693   0.24833  0.270646  0.261888  0.173966  0.164075 0.0650193 0.0602514         0 0.0195509  0.241036  0.254462  0.239828  0.238621   0.24346  0.231421  0.238621  0.253232  0.226659   0.24346
 0.273167  0.269388  0.271905  0.258166  0.258166   0.26438  0.250777  0.249552  0.252003  0.237416   0.24833  0.252003  0.250777  0.265629   0.24833  0.171757  0.161895 0.0659766 0.0631085 0.0195509         0  0.236213  0.249552  0.237416  0.227847  0.235012  0.232616  0.235012  0.247109  0.219572   0.24346
 0.223107  0.230228   0.24346  0.237416  0.218398  0.223107  0.213718  0.221927  0.223107  0.218398  0.212552  0.205597  0.219572  0.232616  0.230228  0.244674  0.230228  0.250777  0.236213  0.241036  0.236213         0  0.187359  0.226659  0.216054  0.206752  0.207908  0.206752  0.206752  0.176181  0.223107
 0.239828  0.249552  0.237416  0.218398  0.218398  0.213718  0.203293  0.210226  0.211388  0.214885  0.217225  0.202143  0.226659  0.238621  0.206752  0.265629  0.254462  0.250777   0.24346  0.254462  0.249552  0.187359         0  0.202143  0.207908   0.19985  0.209066  0.212552  0.210226  0.176181  0.241036
 0.238621  0.259405  0.237416  0.221927  0.226659  0.237416  0.218398  0.214885  0.226659  0.230228  0.230228  0.230228  0.231421  0.244674  0.217225   0.24346   0.24833  0.236213  0.231421  0.239828  0.237416  0.226659  0.202143         0  0.186234  0.156472  0.170654  0.162984  0.171757  0.157554  0.219572
 0.227847  0.249552  0.271905  0.236213  0.238621  0.227847  0.220749  0.217225  0.224289  0.217225  0.231421  0.227847  0.225473  0.241036  0.231421  0.261888  0.254462  0.242247  0.237416  0.238621  0.227847  0.216054  0.207908  0.186234         0  0.105304   0.17286  0.160807   0.17286  0.151088  0.214885
 0.244674  0.255695  0.265629  0.218398  0.227847  0.225473  0.213718  0.205597  0.216054  0.217225  0.217225  0.219572  0.214885  0.238621  0.225473   0.24833  0.249552  0.239828  0.232616   0.24346  0.235012  0.206752   0.19985  0.156472  0.105304         0  0.167358  0.154314  0.159721  0.140434  0.211388
 0.233813  0.241036  0.255695  0.229036  0.233813  0.219572  0.221927  0.231421  0.237416  0.221927  0.218398  0.218398  0.232616  0.238621  0.224289  0.233813  0.247109  0.232616  0.219572  0.231421  0.232616  0.207908  0.209066  0.170654   0.17286  0.167358         0  0.151088  0.148945  0.150016  0.236213
 0.241036  0.250777  0.253232  0.210226  0.216054  0.224289  0.213718  0.214885  0.220749  0.211388  0.226659  0.212552  0.219572  0.241036  0.230228  0.242247   0.25693  0.239828  0.227847  0.238621  0.235012  0.206752  0.212552  0.162984  0.160807  0.154314  0.151088         0  0.143615  0.139377  0.211388
 0.220749  0.232616  0.254462  0.239828  0.231421  0.235012  0.221927  0.224289  0.225473  0.216054  0.232616  0.223107  0.241036  0.245891  0.220749  0.250777  0.255695  0.260645  0.258166  0.253232  0.247109  0.206752  0.210226  0.171757   0.17286  0.159721  0.148945  0.143615         0 0.0736788  0.205597
 0.211388  0.212552  0.231421  0.212552  0.207908  0.202143  0.194146  0.194146  0.196422  0.194146  0.207908  0.197563  0.211388  0.219572  0.198706  0.236213  0.235012  0.229036  0.226659  0.226659  0.219572  0.176181  0.176181  0.157554  0.151088  0.140434  0.150016  0.139377 0.0736788         0  0.188486
 0.270646  0.287186   0.27443  0.245891   0.24833  0.255695  0.247109  0.252003  0.258166  0.245891  0.259405  0.252003  0.258166  0.259405   0.24833  0.269388  0.250777  0.244674   0.24346   0.24346   0.24346  0.223107  0.241036  0.219572  0.214885  0.211388  0.236213  0.211388  0.205597  0.188486         0


JC Tree topology:
(1,2,((3,(((4,5),14),((6,7),((((8,9),11),(10,12)),13)))),(15,((((16,17),((18,19),(20,21))),((24,((25,26),((27,28),(29,30)))),31)),(22,23)))));

MLE Branch Lengths
(((25:0.0620796,26:0.0445211):0.0395777,(24:0.0893801,(((((20:0.0098408,21:0.0100266):0.0234638,(19:0.0060790,18:0.0107858):0.0246121):0.0548030,(17:0.0445326,16:0.0567400):0.0514640):0.0940668,((22:0.0985332,23:0.0961671):0.0248582,(15:0.1114034,(((((4:0.0279813,5:0.0234869):0.0271213,14:0.0789343):0.0102495,((((12:0.0412253,10:0.0319714):0.0074570,((9:0.0235246,8:0.0149988):0.0228425,11:0.0425910):0.0092255):0.0047553,13:0.0387029):0.0129655,(7:0.0200908,6:0.0278109):0.0235632):0.0182384):0.0227851,3:0.1128298):0.0196199,(2:0.0401058,1:0.0232631):0.0708022):0.0477862):0.0257864):0.0086875):0.0256967,31:0.1405099):0.0237121):0.0115621):0.0144063,(28:0.0703389,27:0.0846311):0.0206555,(29:0.0512143,30:0.0248299):0.0423855);
stationary acceptance: 0.229047
symmetric acceptance: 0.189538
branch length acceptance: 0.896076
avgP: 0.234841 0.220715    0.176 0.368445
sP: 7.09142e-05  4.8975e-05  9.6001e-05 0.000132276
avgS:  0.152729  0.205014 0.0551243 0.0114299  0.569376 0.0063261
sS: 4.04408e-05 0.000107018 3.08884e-05 6.01036e-06 0.000130965 5.28385e-06
0.234841 0.220715    0.176 0.368445
 0.152729  0.205014 0.0551243 0.0114299  0.569376 0.0063261

 -0.879036   0.325175   0.436496   0.117365
  0.345987   -1.66173  0.0258929    1.28985
  0.582428  0.0324714  -0.632872  0.0179719
 0.0748068   0.772676 0.00858487  -0.856068

mean p: 0.234841 0.220715    0.176 0.368445
var p: 7.09142e-05  4.8975e-05  9.6001e-05 0.000132276
Scale for p0 is 2533.92
Scale for p1 is 3511.99
Scale for p2 is 1510.65
Scale for p3 is 1759.15
Dirichlet for P scale: 1510.65
mean s:  0.152729  0.205014 0.0551243 0.0114299  0.569376 0.0063261
var s: 4.04408e-05 0.000107018 3.08884e-05 6.01036e-06 0.000130965 5.28385e-06
Scale for s0 is 3199.81
Scale for s1 is 1522.95
Scale for s2 is 1686.25
Scale for s3 is 1879.96
Scale for s4 is 1872.15
Scale for s5 is 1189.68
Dirichlet for QP scale: 1189.68
GTR Distance Matrix:

        0 0.0599675  0.190779  0.155242   0.15286  0.163734  0.156894  0.159753  0.161495  0.170382  0.165004  0.153217  0.164675   0.16575  0.221373  0.263397  0.265189  0.282529  0.280364  0.290994   0.28478  0.226855  0.240786   0.23781  0.231245  0.245576  0.239246  0.246276  0.225445  0.211501  0.279223
0.0599675         0  0.202254  0.172232   0.17119  0.177211  0.173675  0.174283  0.176232  0.184911  0.177559  0.167465  0.184783  0.177428  0.227036   0.28811  0.291731  0.274351  0.265607   0.28688  0.282541  0.236758  0.252119  0.261956  0.256763  0.258484  0.250052  0.258868  0.240343  0.215431  0.300736
 0.190779  0.202254         0  0.159708  0.155544  0.172083  0.159953  0.158418  0.168542  0.154323  0.170215  0.160438  0.147536  0.189931  0.231398  0.271831  0.269409  0.276887  0.274049  0.279698  0.277329  0.245139  0.236025   0.23409  0.272535  0.264316   0.25959  0.257041   0.26073  0.232259   0.27993
 0.155242  0.172232  0.159708         0 0.0477368  0.102699 0.0964756  0.110733  0.107904  0.112526    0.1145 0.0991831  0.098364  0.117706   0.21841  0.260789  0.263302  0.263302  0.261485  0.272268   0.26344  0.237709  0.217478  0.217725  0.233303  0.215088  0.231055  0.212504  0.242838  0.210604  0.250914
  0.15286   0.17119  0.155544 0.0477368         0  0.105668 0.0965982  0.106146  0.108969 0.0994815  0.103302 0.0956005  0.093727  0.119783  0.208898  0.249364  0.255186  0.261133   0.25932  0.268318  0.266269  0.220535  0.218386  0.222609  0.235865  0.224288  0.236305  0.219271  0.236672  0.207275  0.252616
 0.163734  0.177211  0.172083  0.102699  0.105668         0 0.0445968 0.0914301  0.095022 0.0866106  0.103416 0.0892096 0.0895412  0.123629  0.217916   0.28777  0.271051  0.273427  0.263958  0.275305   0.27496  0.227714  0.215572  0.236252  0.228642  0.224475  0.224179  0.228305  0.241403  0.203111  0.265356
 0.156894  0.173675  0.159953 0.0964756 0.0965982 0.0445968         0 0.0770894 0.0806034 0.0778108 0.0906251 0.0849016 0.0770565  0.119953  0.202969  0.268096  0.265684  0.268156   0.25886  0.262806  0.257799  0.216282  0.201958  0.214435  0.219314  0.210707  0.224624  0.215433  0.226281  0.194259  0.254357
 0.159753  0.174283  0.158418  0.110733  0.106146 0.0914301 0.0770894         0 0.0356356  0.069834 0.0707864  0.077811 0.0734868  0.121853  0.204896  0.272357  0.261102    0.2603  0.253604  0.253792  0.253821  0.222343  0.207849  0.209189  0.214085  0.201841   0.23017   0.21382  0.226315  0.192086  0.256132
 0.161495  0.176232  0.168542  0.107904  0.108969  0.095022 0.0806034 0.0356356         0 0.0725097 0.0788771 0.0742907 0.0735561  0.119442  0.202993  0.264443  0.255856  0.261899  0.257643  0.260436  0.255484  0.223207  0.208023  0.220087  0.220705  0.211073   0.23644  0.220393  0.227436  0.194194     0.262
 0.170382  0.184911  0.154323  0.112526 0.0994815 0.0866106 0.0778108  0.069834 0.0725097         0 0.0752195 0.0678868 0.0690242  0.133131  0.213147  0.267345  0.255231  0.257436  0.253202  0.247035   0.24371  0.219189  0.212344  0.224718   0.21541  0.213513  0.223245  0.212005  0.219875  0.193581  0.251411
 0.165004  0.177559  0.170215    0.1145  0.103302  0.103416 0.0906251 0.0707864 0.0788771 0.0752195         0 0.0750821  0.073471  0.121548  0.216462  0.270843  0.265907  0.265985   0.26663  0.262157  0.255899  0.214849  0.215598  0.225863  0.229209  0.214567  0.219815  0.227776  0.237081  0.207148  0.266849
 0.153217  0.167465  0.160438 0.0991831 0.0956005 0.0892096 0.0849016  0.077811 0.0742907 0.0678868 0.0750821         0  0.074281  0.117267  0.213746  0.269363  0.259951  0.267721  0.260911  0.261649  0.256989  0.206527  0.198855  0.224153  0.223392  0.214937   0.21833  0.211977  0.224594  0.195643  0.256464
 0.164675  0.184783  0.147536  0.098364  0.093727 0.0895412 0.0770565 0.0734868 0.0735561 0.0690242  0.073471  0.074281         0  0.123039  0.208353  0.263929  0.257625   0.26275  0.260925  0.254211  0.256844  0.220022  0.222933   0.22507  0.221992  0.210259  0.231844  0.218985  0.243144  0.209005  0.263179
  0.16575  0.177428  0.189931  0.117706  0.119783  0.123629  0.119953  0.121853  0.119442  0.133131  0.121548  0.117267  0.123039         0  0.221378  0.274841  0.269688  0.264651  0.265381  0.279652  0.274185   0.23774  0.240703  0.242524  0.241753  0.237898  0.243289  0.245581  0.252267  0.221622  0.269084
 0.221373  0.227036  0.231398   0.21841  0.208898  0.217916  0.202969  0.204896  0.202993  0.213147  0.216462  0.213746  0.208353  0.221378         0  0.244999  0.252732  0.260573  0.256195  0.262065  0.248687  0.226031  0.199736  0.210649    0.2247  0.216878  0.222788  0.227328  0.219749  0.193744  0.249306
 0.263397   0.28811  0.271831  0.260789  0.249364   0.28777  0.268096  0.272357  0.264443  0.267345  0.270843  0.269363  0.263929  0.274841  0.244999         0 0.0964109  0.176364  0.167061  0.170949   0.16838  0.247961  0.268888  0.248201  0.269621  0.252841  0.243881  0.250422  0.259274  0.238099  0.281444
 0.265189  0.291731  0.269409  0.263302  0.255186  0.271051  0.265684  0.261102  0.255856  0.255231  0.265907  0.259951  0.257625  0.269688  0.252732 0.0964109         0  0.164003  0.154945  0.160148  0.157836  0.235734   0.25852  0.251376  0.262508  0.254707  0.257069  0.266582  0.264312  0.238084  0.264256
 0.282529  0.274351  0.276887  0.263302  0.261133  0.273427  0.268156    0.2603  0.261899  0.257436  0.265985  0.267721   0.26275  0.264651  0.260573  0.176364  0.164003         0 0.0159973 0.0621532 0.0631588  0.253861  0.255522  0.237672  0.248099  0.242268  0.242498  0.249677  0.269339   0.23193  0.255717
 0.280364  0.265607  0.274049  0.261485   0.25932  0.263958   0.25886  0.253604  0.257643  0.253202   0.26663  0.260911  0.260925  0.265381  0.256195  0.167061  0.154945 0.0159973         0 0.0574705 0.0602812  0.238872  0.247088  0.232483  0.242194  0.234105  0.227938  0.236683  0.265616  0.228568  0.252593
 0.290994   0.28688  0.279698  0.272268  0.268318  0.275305  0.262806  0.253792  0.260436  0.247035  0.262157  0.261649  0.254211  0.279652  0.262065  0.170949  0.160148 0.0621532 0.0574705         0 0.0186167   0.24471  0.259273  0.242836  0.247188  0.248744   0.24074  0.249488  0.262174  0.229337  0.252026
  0.28478  0.282541  0.277329   0.26344  0.266269   0.27496  0.257799  0.253821  0.255484   0.24371  0.255899  0.256989  0.256844  0.274185  0.248687   0.16838  0.157836 0.0631588 0.0602812 0.0186167         0  0.240691  0.253661   0.23829  0.234377  0.238249    0.2421  0.243493  0.254858  0.221638  0.251698
 0.226855  0.236758  0.245139  0.237709  0.220535  0.227714  0.216282  0.222343  0.223207  0.219189  0.214849  0.206527  0.220022   0.23774  0.226031  0.247961  0.235734  0.253861  0.238872   0.24471  0.240691         0  0.182725  0.223417  0.219813  0.206893  0.210472   0.20814  0.207429   0.17316  0.227624
 0.240786  0.252119  0.236025  0.217478  0.218386  0.215572  0.201958  0.207849  0.208023  0.212344  0.215598  0.198855  0.222933  0.240703  0.199736  0.268888   0.25852  0.255522  0.247088  0.259273  0.253661  0.182725         0  0.197572  0.204222   0.19305  0.208121  0.210302  0.209253  0.171698  0.240731
  0.23781  0.261956   0.23409  0.217725  0.222609  0.236252  0.214435  0.209189  0.220087  0.224718  0.225863  0.224153   0.22507  0.242524  0.210649  0.248201  0.251376  0.237672  0.232483  0.242836   0.23829  0.223417  0.197572         0  0.177971   0.14987  0.164882  0.156002  0.167528  0.151693  0.218319
 0.231245  0.256763  0.272535  0.233303  0.235865  0.228642  0.219314  0.214085  0.220705   0.21541  0.229209  0.223392  0.221992  0.241753    0.2247  0.269621  0.262508  0.248099  0.242194  0.247188  0.234377  0.219813  0.204222  0.177971         0 0.0996367  0.168825  0.156751  0.171383  0.147418  0.215455
 0.245576  0.258484  0.264316  0.215088  0.224288  0.224475  0.210707  0.201841  0.211073  0.213513  0.214567  0.214937  0.210259  0.237898  0.216878  0.252841  0.254707  0.242268  0.234105  0.248744  0.238249  0.206893   0.19305   0.14987 0.0996367         0  0.162504   0.14841  0.156473  0.135443  0.212524
 0.239246  0.250052   0.25959  0.231055  0.236305  0.224179  0.224624   0.23017   0.23644  0.223245  0.219815   0.21833  0.231844  0.243289  0.222788  0.243881  0.257069  0.242498  0.227938   0.24074    0.2421  0.210472  0.208121  0.164882  0.168825  0.162504         0   0.14713  0.146686  0.146074  0.241676
 0.246276  0.258868  0.257041  0.212504  0.219271  0.228305  0.215433   0.21382  0.220393  0.212005  0.227776  0.211977  0.218985  0.245581  0.227328  0.250422  0.266582  0.249677  0.236683  0.249488  0.243493   0.20814  0.210302  0.156002  0.156751   0.14841   0.14713         0  0.138307  0.133181  0.216994
 0.225445  0.240343   0.26073  0.242838  0.236672  0.241403  0.226281  0.226315  0.227436  0.219875  0.237081  0.224594  0.243144  0.252267  0.219749  0.259274  0.264312  0.269339  0.265616  0.262174  0.254858  0.207429  0.209253  0.167528  0.171383  0.156473  0.146686  0.138307         0 0.0709448  0.210567
 0.211501  0.215431  0.232259  0.210604  0.207275  0.203111  0.194259  0.192086  0.194194  0.193581  0.207148  0.195643  0.209005  0.221622  0.193744  0.238099  0.238084   0.23193  0.228568  0.229337  0.221638   0.17316  0.171698  0.151693  0.147418  0.135443  0.146074  0.133181 0.0709448         0  0.188307
 0.279223  0.300736   0.27993  0.250914  0.252616  0.265356  0.254357  0.256132     0.262  0.251411  0.266849  0.256464  0.263179  0.269084  0.249306  0.281444  0.264256  0.255717  0.252593  0.252026  0.251698  0.227624  0.240731  0.218319  0.215455  0.212524  0.241676  0.216994  0.210567  0.188307         0

(1,2,((3,(((4,5),14),((6,7),(((8,9),10),((11,12),13))))),(15,((((16,17),((18,19),(20,21))),(((24,(27,(28,(29,30)))),(25,26)),31)),(22,23))))); 0.0484837
(1,2,((3,(15,(((((16,17),((18,19),(20,21))),22),((24,((25,26),(27,(28,(29,30))))),31)),23))),(((4,5),14),(((6,7),(((8,9),11),(10,13))),12)))); 0.0447746
(1,2,((3,(((4,5),14),((6,7),((((8,9),11),13),(10,12))))),((15,((22,((((24,(25,26)),(28,(29,30))),27),31)),23)),((16,17),((18,19),(20,21)))))); 0.0479812
(1,2,((3,((4,5),((6,7),((((8,9),11),((10,12),13)),14)))),(15,((((16,17),((18,19),(20,21))),(((24,((25,26),27)),(28,(29,30))),31)),(22,23))))); 0.0433263
(1,2,((3,((4,5),(((6,7),((8,9),(((10,12),11),13))),14))),(15,(((16,17),((18,19),(20,21))),((22,23),((24,(((25,26),27),(28,(29,30)))),31)))))); 0.0339734
(1,2,((3,(15,((((16,17),((18,19),(20,21))),(22,(((24,((25,26),(27,28))),(29,30)),31))),23))),(((4,5),((6,7),(((8,9),(10,13)),(11,12)))),14))); 0.0465448
(1,2,((3,(((4,5),14),((6,7),(((((8,9),10),11),13),12)))),(15,((((16,17),((18,19),(20,21))),(((24,(25,26)),((27,(29,30)),28)),31)),(22,23))))); 0.0404911
(1,2,((3,((4,5),(((((6,7),10),(((8,9),11),13)),12),14))),(15,(((((16,17),((18,19),(20,21))),31),(24,((25,26),(27,(28,(29,30)))))),(22,23))))); 0.037243
(1,2,((3,((((4,5),14),(6,7)),(((8,9),10),((11,13),12)))),(15,((((16,17),((18,19),(20,21))),(24,(((25,26),((27,(29,30)),28)),31))),(22,23))))); 0.0451728
(1,2,((3,((4,5),(((6,7),((8,9),((10,12),(11,13)))),14))),((15,((22,23),(((24,((27,(29,30)),28)),(25,26)),31))),((16,17),((18,19),(20,21)))))); 0.0406675
(1,2,(3,((((4,5),((6,7),((((8,9),(11,13)),10),12))),14),(15,(((((16,17),((18,19),(20,21))),31),(24,((25,26),((27,(29,30)),28)))),(22,23)))))); 0.0401699
(1,2,((3,(((4,5),((6,7),((8,9),((10,12),(11,13))))),14)),(15,(((16,17),((18,19),(20,21))),((22,23),((24,((25,26),((27,(29,30)),28))),31)))))); 0.0472985
(1,2,((3,(((4,5),14),((6,7),((((8,9),(10,12)),11),13)))),(15,(((((16,17),((18,19),(20,21))),31),((24,((25,26),(28,(29,30)))),27)),(22,23))))); 0.0526108
(1,2,((3,(((4,5),(((6,7),((((8,9),11),13),10)),12)),14)),(15,(((((16,17),((18,19),(20,21))),31),(22,23)),((24,((27,28),(29,30))),(25,26)))))); 0.0370462
(1,2,(3,((((4,5),((6,7),((((8,9),11),(10,12)),13))),14),(15,(((((16,17),((18,19),(20,21))),31),(24,((25,26),(27,(28,(29,30)))))),(22,23)))))); 0.0416494
(1,2,((3,(15,(((((16,17),((18,19),(20,21))),22),((((24,(25,26)),(27,28)),(29,30)),31)),23))),(((4,5),((6,7),((((8,9),11),13),(10,12)))),14))); 0.0386398
(1,2,((3,((4,5),(((6,7),((((8,9),13),(10,11)),12)),14))),(15,((((16,17),((18,19),(20,21))),((22,31),(24,((((25,26),28),27),(29,30))))),23)))); 0.0474192
(1,2,((3,(((4,5),14),((6,7),(((8,9),(11,13)),(10,12))))),(15,(((((16,17),((18,19),(20,21))),31),(24,((25,26),((27,28),(29,30))))),(22,23))))); 0.0422557
(1,2,((3,(((4,5),14),((6,7),((((8,9),11),(10,12)),13)))),(15,(((((16,17),((18,19),(20,21))),31),(24,((25,26),((27,(29,30)),28)))),(22,23))))); 0.0381051
(1,2,((3,(((4,5),14),((6,7),(((((8,9),11),10),13),12)))),((15,(22,23)),((((16,17),((18,19),(20,21))),31),((24,((25,26),28)),(27,(29,30))))))); 0.0517603
(1,2,((3,(((4,5),14),((6,7),((((8,9),10),(11,13)),12)))),(15,((((16,17),((18,19),(20,21))),(22,31)),(23,((((24,28),27),(29,30)),(25,26))))))); 0.0552463
(1,2,((3,(((4,5),14),((6,7),(((((8,9),11),12),10),13)))),(((15,(((16,17),((18,19),(20,21))),(((24,((25,26),(27,28))),(29,30)),31))),23),22))); 0.0429246
(1,2,((3,(((4,5),14),((6,7),((((8,9),10),(11,12)),13)))),(15,((((16,17),((18,19),(20,21))),((((24,(27,28)),(25,26)),(29,30)),31)),(22,23))))); 0.0404562
(1,2,((3,((4,5),(((6,7),(((8,9),((10,11),13)),12)),14))),((15,((16,17),((18,19),(20,21)))),((22,23),(((24,((27,28),(29,30))),(25,26)),31))))); 0.0397564
(1,2,((3,(((4,5),((6,7),(((8,9),((10,12),11)),13))),14)),(15,((((16,17),((18,19),(20,21))),((24,((25,26),((27,28),(29,30)))),31)),(22,23))))); 0.0448373
(1,2,((3,(((4,5),((6,7),((((8,9),10),(11,12)),13))),14)),(15,((((16,17),((18,19),(20,21))),((24,((((25,26),27),28),(29,30))),31)),(22,23))))); 0.0432416
(1,2,((3,((4,5),(((6,7),(((((8,9),11),12),10),13)),14))),(15,((((16,17),((18,19),(20,21))),((24,((((25,26),28),27),(29,30))),31)),(22,23))))); 0.0498545
(1,2,((3,(((4,5),14),(((6,7),((((8,9),11),10),13)),12))),(15,((((16,17),((18,19),(20,21))),((24,(27,(28,(29,30)))),((25,26),31))),(22,23))))); 0.0459649
(1,2,((3,(((4,5),((6,7),((((8,9),11),13),(10,12)))),14)),(15,((((((16,17),((18,19),(20,21))),31),(24,(((25,26),28),(27,(29,30))))),22),23)))); 0.0482514
(1,2,((3,(((4,5),((6,7),(((((8,9),11),10),13),12))),14)),((15,(22,23)),(((16,17),((18,19),(20,21))),(((24,((27,(29,30)),28)),(25,26)),31))))); 0.0416021
(1,2,((3,((4,5),(((6,7),((8,9),((10,(11,12)),13))),14))),(15,((((16,17),((18,19),(20,21))),((24,((25,26),((27,28),(29,30)))),31)),(22,23))))); 0.0351397
(1,2,((3,(((4,5),14),((6,7),((((8,9),10),(11,13)),12)))),(15,(((((16,17),((18,19),(20,21))),31),((24,(25,26)),((27,28),(29,30)))),(22,23))))); 0.0473665
(1,2,((3,((4,5),(((6,7),((((8,9),11),(10,12)),13)),14))),(15,(((((16,17),((18,19),(20,21))),31),(24,(((25,26),28),(27,(29,30))))),(22,23))))); 0.037717
(1,2,((3,((4,5),(((6,7),(((8,9),11),((10,12),13))),14))),(15,(((((16,17),((18,19),(20,21))),31),((24,((27,28),(29,30))),(25,26))),(22,23))))); 0.0434348
(1,2,((3,(((4,5),14),((6,7),(((8,9),(10,(11,12))),13)))),(15,((((16,17),((18,19),(20,21))),((24,31),((25,26),(27,(28,(29,30)))))),(22,23))))); 0.0476056
(1,2,((3,(((4,5),((6,7),(((8,9),10),((11,12),13)))),14)),(15,((((16,17),((18,19),(20,21))),((24,((25,26),((27,(29,30)),28))),31)),(22,23))))); 0.0460872
(1,2,((((3,(15,(((((16,17),((18,19),(20,21))),22),(((24,28),((25,26),(27,(29,30)))),31)),23))),((6,7),(((8,9),(11,12)),(10,13)))),(4,5)),14)); 0.0539167
(1,2,((3,((4,5),(((6,7),(((8,9),(11,13)),(10,12))),14))),(15,(((((16,17),((18,19),(20,21))),31),((24,(25,26)),(27,(28,(29,30))))),(22,23))))); 0.0421214
(1,2,((3,((4,5),(((6,7),((((8,9),(11,13)),10),12)),14))),(15,(((16,17),((18,19),(20,21))),(22,(23,((24,((25,26),((27,28),(29,30)))),31))))))); 0.0402975
(1,2,((3,(((4,5),14),((6,7),((((8,9),13),10),(11,12))))),(15,(((((16,17),((18,19),(20,21))),31),(24,((25,26),(27,(28,(29,30)))))),(22,23))))); 0.0387062
(1,2,((3,(((4,5),14),((6,7),((8,9),((10,12),(11,13)))))),(15,(((16,17),((18,19),(20,21))),((22,23),((24,((25,26),((27,28),(29,30)))),31)))))); 0.0353332
(1,2,((3,(((4,5),14),((6,7),((8,9),(10,((11,13),12)))))),(15,(((((16,17),((18,19),(20,21))),31),(22,23)),(((24,(27,28)),(25,26)),(29,30)))))); 0.0580372
(1,2,((3,(((4,5),14),((6,7),(((8,9),(11,12)),(10,13))))),(15,((((16,17),((18,19),(20,21))),(((24,((27,28),(29,30))),(25,26)),31)),(22,23))))); 0.0469045
(1,2,((3,(((4,5),14),((6,7),(((((8,9),11),10),12),13)))),((15,23),((((16,17),((18,19),(20,21))),22),(((24,((27,(29,30)),28)),(25,26)),31))))); 0.0448832
(1,2,((3,((15,23),((((16,17),((18,19),(20,21))),(22,31)),(24,((25,26),(27,(28,(29,30)))))))),((4,5),(((6,7),((((8,9),10),(11,13)),12)),14)))); 0.0424778
(1,2,(3,((((4,5),((6,7),((((8,9),(11,13)),10),12))),14),(15,(((((16,17),((18,19),(20,21))),31),(24,((25,26),((27,28),(29,30))))),(22,23)))))); 0.0587634
(1,2,(((3,((4,5),((6,7),(((((8,9),11),12),10),13)))),14),(15,((((16,17),((18,19),(20,21))),((((24,27),((25,26),28)),(29,30)),31)),(22,23))))); 0.0647354
(1,2,((3,(((4,5),((6,7),((8,9),(((10,12),11),13)))),14)),(15,(((16,17),((18,19),(20,21))),((22,23),(((24,(27,(28,(29,30)))),(25,26)),31)))))); 0.0460307
(1,2,((3,(((4,5),14),((6,7),((((8,9),10),(11,13)),12)))),((15,((22,23),((24,((25,26),((27,28),(29,30)))),31))),((16,17),((18,19),(20,21)))))); 0.0472033
(1,2,((3,(((4,5),14),((6,7),(((8,9),((10,11),13)),12)))),(15,((((16,17),((18,19),(20,21))),((((24,((25,26),28)),27),(29,30)),31)),(22,23))))); 0.0479207
(1,2,((3,(((4,5),14),((6,7),(((((8,9),11),12),10),13)))),(15,(((((16,17),((18,19),(20,21))),31),(24,((25,26),(27,(28,(29,30)))))),(22,23))))); 0.0413619
(1,2,((3,(((4,5),14),((6,7),((((8,9),11),(10,12)),13)))),(15,((((16,17),((18,19),(20,21))),((((24,28),(25,26)),(27,(29,30))),31)),(22,23))))); 0.0508465
(1,2,((3,(((4,5),14),((6,7),(((8,9),(11,13)),(10,12))))),(15,(((((16,17),((18,19),(20,21))),31),(22,23)),(24,((25,26),(27,(28,(29,30))))))))); 0.0495723
(1,2,((3,(((4,5),14),((6,7),((((8,9),11),(10,12)),13)))),(15,((((16,17),((18,19),(20,21))),(((24,((27,28),(29,30))),(25,26)),31)),(22,23))))); 0.0413712
(1,2,((3,((15,((16,17),((18,19),(20,21)))),(22,(23,((24,((25,26),((27,28),(29,30)))),31))))),(((4,5),((6,7),((8,9),((10,13),(11,12))))),14))); 0.0425386
(1,2,(3,((((4,5),14),((6,7),(((8,9),(10,(11,13))),12))),(15,(((((16,17),((18,19),(20,21))),31),((24,(27,(28,(29,30)))),(25,26))),(22,23)))))); 0.0402556
(1,2,((3,((4,5),(((6,7),((((8,9),10),(11,12)),13)),14))),(15,(((((16,17),((18,19),(20,21))),22),(((24,(25,26)),(27,(28,(29,30)))),31)),23)))); 0.0392508
(1,2,((3,(((4,5),14),((6,7),(((((8,9),10),11),13),12)))),(15,((((16,17),((18,19),(20,21))),((24,((25,26),((27,28),(29,30)))),31)),(22,23))))); 0.0509216
(1,2,((3,(((4,5),14),((6,7),(((8,9),(10,(11,13))),12)))),(15,(((((16,17),((18,19),(20,21))),31),(24,(((25,26),27),(28,(29,30))))),(22,23))))); 0.074218
(1,2,((3,(((4,5),14),((6,7),((8,9),((10,12),(11,13)))))),(15,(((((16,17),((18,19),(20,21))),31),(24,((25,26),(27,(28,(29,30)))))),(22,23))))); 0.0395373
(1,2,((3,((4,5),(((6,7),((8,9),((10,12),(11,13)))),14))),(15,(((16,17),((18,19),(20,21))),((22,23),((24,((25,26),((27,(29,30)),28))),31)))))); 0.0373706
(1,2,((3,(15,(((((16,17),((18,19),(20,21))),31),((((24,28),27),(29,30)),(25,26))),(22,23)))),((4,5),(((6,7),(((8,9),((10,12),11)),13)),14)))); 0.0565237
(1,2,((3,(((4,5),((6,7),((8,9),(((10,11),13),12)))),14)),(15,(((((16,17),((18,19),(20,21))),31),((24,((27,28),(29,30))),(25,26))),(22,23))))); 0.0492285
(1,2,(3,(((4,5),(((6,7),((((8,9),13),(11,12)),10)),14)),(15,(((((16,17),((18,19),(20,21))),(22,31)),((24,((27,28),(29,30))),(25,26))),23))))); 0.0391531
(1,2,((3,(((4,5),((6,7),(((8,9),((10,11),12)),13))),14)),(15,((((16,17),((18,19),(20,21))),(((24,((27,(29,30)),28)),(25,26)),31)),(22,23))))); 0.0549738
(1,2,((3,(15,((((16,17),((18,19),(20,21))),22),(23,(((((24,27),(29,30)),28),31),(25,26)))))),(((4,5),((6,7),((((8,9),11),(10,12)),13))),14))); 0.0435262
(1,2,((3,((15,23),((((16,17),((18,19),(20,21))),((24,((25,26),((27,28),(29,30)))),31)),22))),((4,5),(((6,7),((8,9),(10,((11,12),13)))),14)))); 0.048563
(1,2,((3,((4,5),(((6,7),(((((8,9),10),12),11),13)),14))),(15,((((16,17),((18,19),(20,21))),((((24,27),((25,26),28)),(29,30)),31)),(22,23))))); 0.0324036
(1,2,((3,((4,5),(((6,7),(((8,9),(11,13)),(10,12))),14))),(15,(((16,17),((18,19),(20,21))),((22,23),((24,((25,26),((27,28),(29,30)))),31)))))); 0.0417158
(1,2,((3,((4,5),(((6,7),(((8,9),(11,12)),(10,13))),14))),(15,(((((16,17),((18,19),(20,21))),22),((24,((25,26),((27,28),(29,30)))),31)),23)))); 0.0427442
(1,2,((3,(((4,5),14),((6,7),((((8,9),11),(10,13)),12)))),(15,((((16,17),((18,19),(20,21))),(22,23)),(((24,((27,28),(29,30))),(25,26)),31))))); 0.0414225
(1,2,((3,(((4,5),((((6,7),13),((8,9),(10,11))),12)),14)),(((15,23),((((16,17),((18,19),(20,21))),31),(((24,28),(27,(29,30))),(25,26)))),22))); 0.0428677
(1,2,((3,((4,5),(((6,7),((((8,9),11),13),(10,12))),14))),(15,(((((16,17),((18,19),(20,21))),31),((24,((27,(29,30)),28)),(25,26))),(22,23))))); 0.0393926
(1,2,((3,(((4,5),((6,7),((((8,9),(11,13)),10),12))),14)),(15,(((16,17),((18,19),(20,21))),((22,23),((24,((25,26),(27,(28,(29,30))))),31)))))); 0.0346519
(1,2,((3,((4,5),(((6,7),((8,9),(10,((11,13),12)))),14))),(15,((((16,17),((18,19),(20,21))),22),(23,((24,((25,26),((27,28),(29,30)))),31)))))); 0.0400557
(1,2,((3,(((4,5),((6,7),((((8,9),11),(10,12)),13))),14)),(15,(((16,17),((18,19),(20,21))),((22,23),((24,(((25,26),28),(27,(29,30)))),31)))))); 0.0424292
(1,2,((3,(((4,5),14),((6,7),(((((8,9),10),11),12),13)))),(15,((((16,17),((18,19),(20,21))),(((24,((27,(29,30)),28)),(25,26)),31)),(22,23))))); 0.0476749
(1,2,((3,((15,(((16,17),((18,19),(20,21))),(((24,(25,26)),((27,28),(29,30))),31))),(22,23))),((4,5),(((6,7),((8,9),(10,(11,(12,13))))),14)))); 0.0345415
(1,2,((3,(((4,5),14),((6,7),(((8,9),11),((10,12),13))))),(15,((((16,17),((18,19),(20,21))),(22,(((24,(27,(28,(29,30)))),(25,26)),31))),23)))); 0.0416742
(1,2,((3,(((4,5),((6,7),(((((8,9),13),10),11),12))),14)),(15,(((((16,17),((18,19),(20,21))),22),23),(24,(((25,26),((29,30),31)),(27,28))))))); 0.0422991
(1,2,((3,(15,((((16,17),((18,19),(20,21))),(((24,28),(((25,26),27),(29,30))),31)),(22,23)))),(((4,5),((6,7),((((8,9),11),(10,13)),12))),14))); 0.0435339
(1,2,((3,(((4,5),(((6,7),10),(((8,9),(11,12)),13))),14)),(15,(((((16,17),((18,19),(20,21))),31),(((24,28),(27,(29,30))),(25,26))),(22,23))))); 0.0440969
(1,2,((3,(((4,5),14),((((6,7),((8,9),10)),(11,13)),12))),(15,(((((16,17),((18,19),(20,21))),31),(24,((25,26),((27,28),(29,30))))),(22,23))))); 0.05236
(1,2,((3,(15,((((16,17),((18,19),(20,21))),((24,(27,(28,(29,30)))),((25,26),31))),(22,23)))),(((4,5),((6,7),((((8,9),11),(10,12)),13))),14))); 0.0400704
(1,2,((3,(((4,5),14),(((6,7),((((8,9),11),10),12)),13))),(15,((((((16,17),((18,19),(20,21))),31),(24,((25,26),(27,(28,(29,30)))))),23),22)))); 0.0483784
(1,2,((3,((4,5),(((6,7),((((8,9),(10,11)),13),12)),14))),(15,(((((16,17),((18,19),(20,21))),22),((24,31),((25,26),((27,28),(29,30))))),23)))); 0.0429797
(1,2,((3,(15,(((((16,17),((18,19),(20,21))),(22,31)),(((24,(27,28)),(29,30)),(25,26))),23))),((4,5),(((6,7),((((8,9),(11,13)),10),12)),14)))); 0.0515113
(1,2,((3,(((4,5),((6,7),(((8,9),(10,(11,13))),12))),14)),(15,((((16,17),((18,19),(20,21))),((24,((25,26),((27,(29,30)),28))),31)),(22,23))))); 0.0409752
(1,2,((3,(15,(((((16,17),((18,19),(20,21))),31),(24,(((25,26),28),(27,(29,30))))),(22,23)))),(((4,5),((6,7),((((8,9),13),11),(10,12)))),14))); 0.0421645
(1,2,((3,(15,((((16,17),((18,19),(20,21))),((24,((25,26),((27,28),(29,30)))),31)),(22,23)))),(((4,5),(((6,7),(((8,9),10),(11,13))),12)),14))); 0.0435346
(1,2,((3,((4,5),((((6,7),10),((8,9),13)),((11,14),12)))),(15,(((((16,17),((18,19),(20,21))),31),((24,((27,28),(29,30))),(25,26))),(22,23))))); 0.0472991
(1,2,((3,(((4,5),((6,7),((((8,9),13),(10,11)),12))),14)),(15,(((16,17),((18,19),(20,21))),((22,23),((24,((25,26),(27,(28,(29,30))))),31)))))); 0.0387117
(1,2,((3,((15,((16,17),((18,19),(20,21)))),((22,23),(((24,(27,(28,(29,30)))),(25,26)),31)))),(((4,5),((6,7),((((8,9),13),(10,11)),12))),14))); 0.0453714
(1,2,((3,(((4,5),((6,7),((((8,9),11),(10,12)),13))),14)),((15,(((16,17),((18,19),(20,21))),((24,((25,26),(27,(28,(29,30))))),31))),(22,23)))); 0.049591
(1,2,((3,((4,5),(((6,7),((((8,9),10),12),(11,13))),14))),(15,(((((16,17),((18,19),(20,21))),31),((24,((27,28),(29,30))),(25,26))),(22,23))))); 0.0426369
(1,2,((3,(((4,5),((6,7),(((8,9),(11,13)),10))),(12,14))),(15,((((16,17),((18,19),(20,21))),(((((24,27),28),(29,30)),(25,26)),31)),(22,23))))); 0.03754
(1,2,((3,(((4,5),14),((6,7),((8,9),(((10,12),11),13))))),(15,((((16,17),((18,19),(20,21))),((24,((25,26),31)),(27,(28,(29,30))))),(22,23))))); 0.0408535
(1,2,((3,(((4,5),14),(((6,7),((((8,9),11),13),10)),12))),(15,((((16,17),((18,19),(20,21))),((23,(24,((25,26),((27,(29,30)),28)))),31)),22)))); 0.0387792
(1,2,((3,(((4,5),14),((6,7),((((8,9),11),(10,13)),12)))),(15,(((16,17),((18,19),(20,21))),((22,23),((24,((25,26),(27,(28,(29,30))))),31)))))); 0.0331701
(1,2,((3,(((4,5),14),((6,7),(((8,9),((10,12),11)),13)))),(15,((((16,17),((18,19),(20,21))),31),((22,23),(24,((25,26),(27,(28,(29,30)))))))))); 0.0416184

Topology counts to file
Tree distance matrix: 

        0 0.0725957 0.0674943 0.0579616 0.0625627 0.0692372  0.063242 0.0615539 0.0601383 0.0630737 0.0679219 0.0639181 0.0654938  0.064792 0.0586704 0.0659149 0.0728592 0.0711721 0.0618592 0.0660577  0.076388 0.0728485 0.0619635 0.0612526 0.0608577 0.0632694 0.0717935 0.0656156 0.0720854 0.0627758 0.0605171 0.0637114 0.0619058 0.0630898 0.0593617 0.0658622  0.074015 0.0667376 0.0649986 0.0597115 0.0585695 0.0797674 0.0588328 0.0689244 0.0704218  0.076959 0.0841586 0.0622298 0.0621346 0.0642259 0.0666034 0.0705021 0.0665237 0.0640433 0.0694297 0.0622054 0.0596745 0.0688939 0.0856806   0.06054 0.0622367 0.0714091 0.0674623 0.0677996 0.0721511 0.0642012 0.0653366 0.0571459  0.060225 0.0615895 0.0630568  0.066032 0.0601382 0.0582832 0.0683963 0.0708047  0.056476 0.0599499  0.059679 0.0644984 0.0622253 0.0703254 0.0695989 0.0559456 0.0732452 0.0681826  0.081266 0.0624423 0.0661548 0.0598848 0.0653113 0.0622108 0.0632378 0.0670187 0.0641061 0.0657426 0.0597813 0.0652089 0.0546994 0.0667681 0.0484837
0.0725957         0  0.061204 0.0576962 0.0555394 0.0648872 0.0602691 0.0602637 0.0598635 0.0554757 0.0616575  0.067403  0.064877  0.055081 0.0635136  0.055951 0.0513175 0.0647404 0.0601729 0.0687945 0.0749559 0.0551598 0.0563566 0.0618437 0.0735096  0.061991 0.0593825  0.062141 0.0614946  0.061095 0.0571662 0.0711489  0.056967 0.0646518 0.0661657 0.0699659 0.0699323 0.0649564 0.0570527 0.0617828 0.0496387 0.0673314 0.0664551 0.0538265 0.0535028  0.076426 0.0742901  0.064154 0.0649339 0.0577763  0.067046 0.0717405  0.068828 0.0642698 0.0651604 0.0639512  0.054768 0.0647973 0.0880503 0.0564125 0.0571051 0.0801589 0.0718585 0.0522872 0.0745654 0.0600813 0.0628433 0.0560794 0.0655738  0.063761  0.063338  0.052165 0.0643243  0.060277 0.0613545 0.0557638 0.0607211 0.0515787 0.0595158 0.0634814  0.069259 0.0659695 0.0682442 0.0581788 0.0585544 0.0526261  0.067791 0.0623075 0.0656244 0.0615987 0.0674628 0.0635732 0.0670211 0.0644459 0.0681425 0.0560794 0.0592434  0.063781 0.0569753 0.0622858 0.0447746
