
Alignment summary:
Dolphin1: A=350 C=336 G=144 T=310
Dolphin2: A=350 C=332 G=145 T=313
giant sperm whale: A=353 C=365 G=144 T=278
bowhead whale: A=340 C=357 G=149 T=294
right whale: A=347 C=354 G=144 T=295
minke whale: A=345 C=352 G=149 T=294
Antarctic minke whale: A=349 C=357 G=147 T=287
sei whale: A=348 C=355 G=147 T=290
Bryde's whale: A=348 C=355 G=146 T=291
fin whale: A=344 C=356 G=149 T=291
blue whale: A=341 C=351 G=153 T=295
humpback whale: A=351 C=356 G=146 T=287
California whale: A=342 C=362 G=151 T=285
Pygmy right whale: A=339 C=342 G=151 T=308
Hippo: A=340 C=367 G=157 T=276
Camel dromedary: A=335 C=315 G=170 T=320
Camel bactrianus: A=331 C=320 G=171 T=318
 Camel llama: A=335 C=312 G=160 T=333
Camel Llama: A=338 C=317 G=158 T=327
Camel pacos: A=329 C=319 G=167 T=325
Camel vicuna: A=338 C=316 G=161 T=325
Pig: A=359 C=328 G=150 T=303
Peccary: A=360 C=349 G=144 T=287
Cow: A=356 C=344 G=153 T=287
Sheep: A=359 C=322 G=148 T=311
Goat: A=365 C=331 G=146 T=298
Black-tailed deer: A=352 C=321 G=149 T=318
Giraffe: A=357 C=327 G=149 T=307
Fallow: A=365 C=311 G=149 T=315
Pronghorn: A=371 C=340 G=147 T=282
Chevrotain: A=335 C=325 G=172 T=308

Jukes-Cantor Distance Matrix:

        0 0.0631085  0.197563  0.160807  0.158637  0.168455  0.162984  0.165168  0.167358  0.176181  0.170654  0.159721  0.171757  0.169554  0.224289  0.255695  0.255695  0.269388  0.269388  0.279506  0.273167  0.223107  0.239828  0.238621  0.227847  0.244674  0.233813  0.241036  0.220749  0.211388  0.270646
0.0631085         0  0.206752  0.177292  0.176181  0.180632  0.178404  0.178404  0.180632  0.189614  0.181749   0.17286  0.190745  0.179517  0.227847  0.275696  0.278234  0.259405  0.253232  0.273167  0.269388  0.230228  0.249552  0.259405  0.249552  0.255695  0.241036  0.250777  0.232616  0.212552  0.287186
 0.197563  0.206752         0  0.170654  0.166262  0.180632  0.169554  0.168455  0.179517  0.162984  0.180632  0.170654  0.156472   0.19985  0.238621  0.269388  0.265629  0.270646  0.269388  0.273167  0.271905   0.24346  0.237416  0.237416  0.271905  0.265629  0.255695  0.253232  0.254462  0.231421   0.27443
 0.160807  0.177292  0.170654         0 0.0517447  0.110368  0.104295  0.119571  0.116491  0.121631  0.123697  0.107326  0.106314  0.126807  0.224289   0.25693   0.25693   0.25693   0.25693   0.26688  0.258166  0.237416  0.218398  0.221927  0.236213  0.218398  0.229036  0.210226  0.239828  0.212552  0.245891
 0.158637  0.176181  0.166262 0.0517447         0  0.113423  0.104295  0.114444  0.117516  0.107326  0.111385  0.103288  0.101277  0.128888  0.213718   0.24346  0.247109  0.252003  0.252003  0.260645  0.258166  0.218398  0.218398  0.226659  0.238621  0.227847  0.233813  0.216054  0.231421  0.207908   0.24833
 0.168455  0.180632  0.180632  0.110368  0.113423         0 0.0479946 0.0982712  0.102282 0.0932878  0.111385 0.0962739 0.0962739  0.132019  0.221927  0.278234  0.260645  0.261888  0.254462  0.265629   0.26438  0.223107  0.213718  0.237416  0.227847  0.225473  0.219572  0.224289  0.235012  0.202143  0.255695
 0.162984  0.178404  0.169554  0.104295  0.104295 0.0479946         0 0.0834192 0.0873511 0.0844003 0.0982712 0.0922951 0.0834192  0.128888  0.207908  0.261888  0.258166  0.260645  0.253232  0.255695  0.250777  0.213718  0.203293  0.218398  0.220749  0.213718  0.221927  0.213718  0.221927  0.194146  0.247109
 0.165168  0.178404  0.168455  0.119571  0.114444 0.0982712 0.0834192         0 0.0387008 0.0756168 0.0765877 0.0844003 0.0795079   0.12993  0.211388   0.26688  0.253232  0.254462  0.249552  0.249552  0.249552  0.221927  0.210226  0.214885  0.217225  0.205597  0.231421  0.214885  0.224289  0.194146  0.252003
 0.167358  0.180632  0.179517  0.116491  0.117516  0.102282 0.0873511 0.0387008         0 0.0785332 0.0853826 0.0804838 0.0795079  0.127847  0.210226  0.258166   0.24833   0.25693  0.254462   0.25693  0.252003  0.223107  0.211388  0.226659  0.224289  0.216054  0.237416  0.220749  0.225473  0.196422  0.258166
 0.176181  0.189614  0.162984  0.121631  0.107326 0.0932878 0.0844003 0.0756168 0.0785332         0  0.081461 0.0736788 0.0746472  0.142553  0.220749  0.260645  0.247109  0.249552  0.247109  0.241036  0.237416  0.218398  0.214885  0.230228  0.217225  0.217225  0.221927  0.211388  0.216054  0.194146  0.245891
 0.170654  0.181749  0.180632  0.123697  0.111385  0.111385 0.0982712 0.0765877 0.0853826  0.081461         0  0.081461 0.0795079   0.12993  0.223107  0.263133   0.25693   0.25693  0.259405  0.254462   0.24833  0.212552  0.217225  0.230228  0.231421  0.217225  0.218398  0.226659  0.232616  0.207908  0.259405
 0.159721   0.17286  0.170654  0.107326  0.103288 0.0962739 0.0922951 0.0844003 0.0804838 0.0736788  0.081461         0 0.0804838  0.125769  0.220749  0.263133  0.253232  0.260645  0.255695   0.25693  0.252003  0.205597  0.202143  0.230228  0.227847  0.219572  0.218398  0.212552  0.223107  0.197563  0.252003
 0.171757  0.190745  0.156472  0.106314  0.101277 0.0962739 0.0834192 0.0795079 0.0795079 0.0746472 0.0795079 0.0804838         0  0.132019  0.217225  0.258166  0.250777  0.254462  0.254462   0.24833  0.250777  0.219572  0.226659  0.231421  0.225473  0.214885  0.232616  0.219572  0.241036  0.211388  0.258166
 0.169554  0.179517   0.19985  0.126807  0.128888  0.132019  0.128888   0.12993  0.127847  0.142553   0.12993  0.125769  0.132019         0  0.225473   0.26688  0.259405  0.254462   0.25693  0.270646  0.265629  0.232616  0.238621  0.244674  0.241036  0.238621  0.238621  0.241036  0.245891  0.219572  0.259405
 0.224289  0.227847  0.238621  0.224289  0.213718  0.221927  0.207908  0.211388  0.210226  0.220749  0.223107  0.220749  0.217225  0.225473         0  0.244674  0.252003  0.260645  0.258166  0.261888   0.24833  0.230228  0.206752  0.217225  0.231421  0.225473  0.224289  0.230228  0.220749  0.198706   0.24833
 0.255695  0.275696  0.269388   0.25693   0.24346  0.278234  0.261888   0.26688  0.258166  0.260645  0.263133  0.263133  0.258166   0.26688  0.244674         0  0.101277  0.179517  0.170654  0.173966  0.171757  0.244674  0.265629   0.24346  0.261888   0.24833  0.233813  0.242247  0.250777  0.236213  0.269388
 0.255695  0.278234  0.265629   0.25693  0.247109  0.260645  0.258166  0.253232   0.24833  0.247109   0.25693  0.253232  0.250777  0.259405  0.252003  0.101277         0  0.168455  0.159721  0.164075  0.161895  0.230228  0.254462   0.24833  0.254462  0.249552  0.247109   0.25693  0.255695  0.235012  0.250777
 0.269388  0.259405  0.270646   0.25693  0.252003  0.261888  0.260645  0.254462   0.25693  0.249552   0.25693  0.260645  0.254462  0.254462  0.260645  0.179517  0.168455         0 0.0168546 0.0650193 0.0659766  0.250777  0.250777  0.236213  0.242247  0.239828  0.232616  0.239828  0.260645  0.229036  0.244674
 0.269388  0.253232  0.269388   0.25693  0.252003  0.254462  0.253232  0.249552  0.254462  0.247109  0.259405  0.255695  0.254462   0.25693  0.258166  0.170654  0.159721 0.0168546         0 0.0602514 0.0631085  0.236213   0.24346  0.231421  0.237416  0.232616  0.219572  0.227847  0.258166  0.226659   0.24346
 0.279506  0.273167  0.273167   0.26688  0.260645  0.265629  0.255695  0.249552   0.25693  0.241036  0.254462   0.25693   0.24833  0.270646  0.261888  0.173966  0.164075 0.0650193 0.0602514         0 0.0195509  0.241036  0.254462  0.239828  0.238621   0.24346  0.231421  0.238621  0.253232  0.226659   0.24346
 0.273167  0.269388  0.271905  0.258166  0.258166   0.26438  0.250777  0.249552  0.252003  0.237416   0.24833  0.252003  0.250777  0.265629   0.24833  0.171757  0.161895 0.0659766 0.0631085 0.0195509         0  0.236213  0.249552  0.237416  0.227847  0.235012  0.232616  0.235012  0.247109  0.219572   0.24346
 0.223107  0.230228   0.24346  0.237416  0.218398  0.223107  0.213718  0.221927  0.223107  0.218398  0.212552  0.205597  0.219572  0.232616  0.230228  0.244674  0.230228  0.250777  0.236213  0.241036  0.236213         0  0.187359  0.226659  0.216054  0.206752  0.207908  0.206752  0.206752  0.176181  0.223107
 0.239828  0.249552  0.237416  0.218398  0.218398  0.213718  0.203293  0.210226  0.211388  0.214885  0.217225  0.202143  0.226659  0.238621  0.206752  0.265629  0.254462  0.250777   0.24346  0.254462  0.249552  0.187359         0  0.202143  0.207908   0.19985  0.209066  0.212552  0.210226  0.176181  0.241036
 0.238621  0.259405  0.237416  0.221927  0.226659  0.237416  0.218398  0.214885  0.226659  0.230228  0.230228  0.230228  0.231421  0.244674  0.217225   0.24346   0.24833  0.236213  0.231421  0.239828  0.237416  0.226659  0.202143         0  0.186234  0.156472  0.170654  0.162984  0.171757  0.157554  0.219572
 0.227847  0.249552  0.271905  0.236213  0.238621  0.227847  0.220749  0.217225  0.224289  0.217225  0.231421  0.227847  0.225473  0.241036  0.231421  0.261888  0.254462  0.242247  0.237416  0.238621  0.227847  0.216054  0.207908  0.186234         0  0.105304   0.17286  0.160807   0.17286  0.151088  0.214885
 0.244674  0.255695  0.265629  0.218398  0.227847  0.225473  0.213718  0.205597  0.216054  0.217225  0.217225  0.219572  0.214885  0.238621  0.225473   0.24833  0.249552  0.239828  0.232616   0.24346  0.235012  0.206752   0.19985  0.156472  0.105304         0  0.167358  0.154314  0.159721  0.140434  0.211388
 0.233813  0.241036  0.255695  0.229036  0.233813  0.219572  0.221927  0.231421  0.237416  0.221927  0.218398  0.218398  0.232616  0.238621  0.224289  0.233813  0.247109  0.232616  0.219572  0.231421  0.232616  0.207908  0.209066  0.170654   0.17286  0.167358         0  0.151088  0.148945  0.150016  0.236213
 0.241036  0.250777  0.253232  0.210226  0.216054  0.224289  0.213718  0.214885  0.220749  0.211388  0.226659  0.212552  0.219572  0.241036  0.230228  0.242247   0.25693  0.239828  0.227847  0.238621  0.235012  0.206752  0.212552  0.162984  0.160807  0.154314  0.151088         0  0.143615  0.139377  0.211388
 0.220749  0.232616  0.254462  0.239828  0.231421  0.235012  0.221927  0.224289  0.225473  0.216054  0.232616  0.223107  0.241036  0.245891  0.220749  0.250777  0.255695  0.260645  0.258166  0.253232  0.247109  0.206752  0.210226  0.171757   0.17286  0.159721  0.148945  0.143615         0 0.0736788  0.205597
 0.211388  0.212552  0.231421  0.212552  0.207908  0.202143  0.194146  0.194146  0.196422  0.194146  0.207908  0.197563  0.211388  0.219572  0.198706  0.236213  0.235012  0.229036  0.226659  0.226659  0.219572  0.176181  0.176181  0.157554  0.151088  0.140434  0.150016  0.139377 0.0736788         0  0.188486
 0.270646  0.287186   0.27443  0.245891   0.24833  0.255695  0.247109  0.252003  0.258166  0.245891  0.259405  0.252003  0.258166  0.259405   0.24833  0.269388  0.250777  0.244674   0.24346   0.24346   0.24346  0.223107  0.241036  0.219572  0.214885  0.211388  0.236213  0.211388  0.205597  0.188486         0

(1,2,((3,(((4,5),14),((6,7),((((8,9),11),(10,12)),13)))),(15,((((16,17),((18,19),(20,21))),((24,((25,26),((27,28),(29,30)))),31)),(22,23)))));

Seed = 1917824079
stationary acceptance: 0.263246
symmetric acceptance: 0.242734
0.226079  0.19869  0.19128 0.383952
 0.151882  0.212044 0.0568175 0.0155719  0.553644 0.0100412

-0.930523  0.335904   0.46896  0.125659
 0.382208  -1.81463 0.0391864   1.39324
 0.554275 0.0407043 -0.621227 0.0262474
0.0739904  0.720982 0.0130762 -0.808048

stationary acceptance: 0.245699
symmetric acceptance: 0.203541
0.224424 0.198828  0.18984 0.386908
  0.152969   0.210658  0.0557366  0.0118585   0.563694 0.00508362

 -0.934314   0.340805   0.469332   0.124177
  0.384676   -1.83203  0.0298208    1.41754
  0.554832  0.0312328  -0.599454  0.0133892
 0.0720282   0.728459 0.00656954  -0.807057

GTR Distance Matrix:

        0 0.0572569  0.180921  0.147666  0.145294  0.155528   0.14899  0.151714  0.153425  0.161834  0.156839  0.145507  0.156322  0.157707  0.209839  0.250483  0.252238  0.268946  0.266546  0.276487  0.270517  0.215493  0.227977  0.225394  0.219592  0.232844  0.227222  0.233909  0.214519  0.200508  0.264992
0.0572569         0  0.191827  0.163902  0.162724  0.168375  0.164883  0.165464    0.1673  0.175604  0.168731  0.158937  0.175391  0.168922  0.215119   0.27393  0.277042  0.261257   0.25257  0.272722  0.268351  0.224784  0.238664  0.247932  0.243579  0.244858  0.237521  0.245745  0.228393  0.204278  0.285263
 0.180921  0.191827         0  0.151448  0.147531  0.163056  0.151637  0.150218  0.159751  0.146361  0.161405  0.152083  0.139896   0.18011  0.218532  0.257891  0.255502  0.262706  0.259885  0.265298   0.26306  0.231892  0.222809  0.221486  0.257762  0.249724  0.245726  0.243568  0.247115  0.219532  0.265108
 0.147666  0.163902  0.151448         0 0.0454465 0.0976068 0.0916804  0.105251  0.102571  0.106905  0.108872 0.0942402 0.0934568  0.112005  0.206464  0.247486  0.249735  0.250081  0.248219  0.258197  0.249869  0.225347  0.205839  0.206265  0.221243  0.203977  0.219309  0.201872   0.23062  0.199567  0.237877
 0.145294  0.162724  0.147531 0.0454465         0  0.100468 0.0917887   0.10084  0.103514 0.0945435 0.0982504 0.0908376 0.0890542  0.113918  0.197736  0.236908  0.242276  0.248201  0.246342  0.254726  0.252689  0.209115  0.206675  0.210772  0.223638  0.212694  0.224335  0.208132  0.224709  0.196504  0.239529
 0.155528  0.168375  0.163056 0.0976068  0.100468         0 0.0424496   0.08696 0.0903624 0.0823502  0.098323 0.0848399 0.0851027   0.11763  0.206117  0.273042   0.25731  0.259791  0.250722  0.261331  0.260963  0.216005  0.204168  0.223432   0.21695  0.212896   0.21279   0.21652  0.229035  0.192464  0.251558
  0.14899  0.164883  0.151637 0.0916804 0.0917887 0.0424496         0 0.0733307 0.0766613 0.0739787 0.0861645 0.0806783 0.0732423  0.114044  0.191902  0.254476  0.252016  0.254569  0.245673  0.249221  0.244584  0.205142   0.19121  0.202956   0.20808  0.199863  0.213021  0.204412  0.214765  0.184056  0.240986
 0.151714  0.165464  0.150218  0.105251   0.10084   0.08696 0.0733307         0 0.0339317 0.0664629 0.0673529 0.0739635 0.0699062  0.115926  0.193832  0.258365  0.247569  0.247175  0.240724  0.240923  0.241014  0.210717  0.196773  0.198075  0.203059  0.191413  0.218305  0.202774  0.214771  0.182057  0.242896
 0.153425    0.1673  0.159751  0.102571  0.103514 0.0903624 0.0766613 0.0339317         0 0.0690039 0.0750333 0.0706294 0.0700098  0.113633  0.191895  0.250724  0.242631  0.248587  0.244434  0.247069  0.242479  0.211439  0.196789  0.208319  0.209288  0.199944  0.224106  0.208947  0.215823   0.18396  0.248492
 0.161834  0.175604  0.146361  0.106905 0.0945435 0.0823502 0.0739787 0.0664629 0.0690039         0 0.0715709 0.0645611 0.0656425  0.126556  0.201446  0.253582  0.241909  0.244429  0.240295    0.2345  0.231437  0.207848  0.200853  0.212774  0.204407   0.20227  0.211797  0.201165  0.208801  0.183407  0.238808
 0.156839  0.168731  0.161405  0.108872 0.0982504  0.098323 0.0861645 0.0673529 0.0750333 0.0715709         0 0.0714192 0.0698886   0.11564   0.20466  0.257109  0.252269   0.25284  0.253291  0.249007  0.243086  0.203887  0.204024  0.213782  0.217499   0.20343    0.2086  0.215939  0.225107  0.196172    0.2532
 0.145507  0.158937  0.152083 0.0942402 0.0908376 0.0848399 0.0806783 0.0739635 0.0706294 0.0645611 0.0714192         0 0.0706073    0.1115  0.201912  0.255305  0.246361  0.253996  0.247441  0.248244  0.243836  0.195736  0.188168  0.212075  0.211758  0.203592  0.207019  0.200999  0.213097  0.185287  0.243486
 0.156322  0.175391  0.139896 0.0934568 0.0890542 0.0851027 0.0732423 0.0699062 0.0700098 0.0656425 0.0698886 0.0706073         0  0.116953  0.196927  0.250243  0.244309  0.249247  0.247382  0.241123  0.243646  0.208428  0.210852   0.21289   0.21032  0.199174  0.219689  0.207533  0.230399  0.197702  0.249464
 0.157707  0.168922   0.18011  0.112005  0.113918   0.11763  0.114044  0.115926  0.113633  0.126556   0.11564    0.1115  0.116953         0  0.209552   0.26129  0.256052  0.251609  0.252132  0.265693  0.260441   0.22581  0.228285  0.229773  0.229516  0.225817  0.231169  0.233353  0.239762  0.210157  0.255498
 0.209839  0.215119  0.218532  0.206464  0.197736  0.206117  0.191902  0.193832  0.191895  0.201446   0.20466  0.201912  0.196927  0.209552         0  0.232391  0.239457  0.247094  0.242839  0.248358  0.235763  0.213796  0.188837  0.199458  0.212922  0.205141  0.211001  0.215342  0.208403  0.183388  0.236118
 0.250483   0.27393  0.257891  0.247486  0.236908  0.273042  0.254476  0.258365  0.250724  0.253582  0.257109  0.255305  0.250243   0.26129  0.232391         0 0.0922899  0.168767  0.159813  0.163537  0.161149  0.235864  0.254847    0.2359  0.256282    0.2403  0.232692  0.238436   0.24697  0.226067  0.267765
 0.252238  0.277042  0.255502  0.249735  0.242276   0.25731  0.252016  0.247569  0.242631  0.241909  0.252269  0.246361  0.244309  0.256052  0.239457 0.0922899         0  0.156745  0.148037  0.153001  0.150786  0.224151  0.245091   0.23864  0.249489  0.241784  0.244884  0.253474  0.251525  0.226015  0.251507
 0.268946  0.261257  0.262706  0.250081  0.248201  0.259791  0.254569  0.247175  0.248587  0.244429   0.25284  0.253996  0.249247  0.251609  0.247094  0.168767  0.156745         0 0.0153434 0.0595455 0.0604957   0.24127  0.242561   0.22585  0.236239  0.230393  0.231148  0.237646  0.256328  0.220277  0.243491
 0.266546   0.25257  0.259885  0.248219  0.246342  0.250722  0.245673  0.240724  0.244434  0.240295  0.253291  0.247441  0.247382  0.252132  0.242839  0.159813  0.148037 0.0153434         0 0.0550384 0.0577148   0.22699  0.234484  0.220835  0.230442   0.22248  0.217341  0.225332  0.252657  0.216983  0.240406
 0.276487  0.272722  0.265298  0.258197  0.254726  0.261331  0.249221  0.240923  0.247069    0.2345  0.249007  0.248244  0.241123  0.265693  0.248358  0.163537  0.153001 0.0595455 0.0550384         0  0.017863  0.232501  0.245875  0.230666  0.235223  0.236348   0.22955  0.237596  0.249504  0.217716  0.240086
 0.270517  0.268351   0.26306  0.249869  0.252689  0.260963  0.244584  0.241014  0.242479  0.231437  0.243086  0.243836  0.243646  0.260441  0.235763  0.161149  0.150786 0.0604957 0.0577148  0.017863         0   0.22877  0.240674  0.226391  0.223054  0.226465  0.230812  0.231775   0.24267  0.210534  0.239677
 0.215493  0.224784  0.231892  0.225347  0.209115  0.216005  0.205142  0.210717  0.211439  0.207848  0.203887  0.195736  0.208428   0.22581  0.213796  0.235864  0.224151   0.24127   0.22699  0.232501   0.22877         0  0.173422  0.211918  0.208586  0.196216   0.20022  0.197701   0.19713  0.164322  0.216391
 0.227977  0.238664  0.222809  0.205839  0.206675  0.204168   0.19121  0.196773  0.196789  0.200853  0.204024  0.188168  0.210852  0.228285  0.188837  0.254847  0.245091  0.242561  0.234484  0.245875  0.240674  0.173422         0   0.18717  0.193734  0.183025  0.197493  0.199342   0.19857  0.162718   0.22821
 0.225394  0.247932  0.221486  0.206265  0.210772  0.223432  0.202956  0.198075  0.208319  0.212774  0.213782  0.212075   0.21289  0.229773  0.199458    0.2359   0.23864   0.22585  0.220835  0.230666  0.226391  0.211918   0.18717         0  0.169219  0.142355  0.156902   0.14838  0.159434  0.144162  0.207527
 0.219592  0.243579  0.257762  0.221243  0.223638   0.21695   0.20808  0.203059  0.209288  0.204407  0.217499  0.211758   0.21032  0.229516  0.212922  0.256282  0.249489  0.236239  0.230442  0.235223  0.223054  0.208586  0.193734  0.169219         0  0.094975  0.160765  0.149278  0.163456  0.140206  0.205072
 0.232844  0.244858  0.249724  0.203977  0.212694  0.212896  0.199863  0.191413  0.199944   0.20227   0.20343  0.203592  0.199174  0.225817  0.205141    0.2403  0.241784  0.230393   0.22248  0.236348  0.226465  0.196216  0.183025  0.142355  0.094975         0  0.154749  0.141295  0.149064  0.128792  0.201873
 0.227222  0.237521  0.245726  0.219309  0.224335   0.21279  0.213021  0.218305  0.224106  0.211797    0.2086  0.207019  0.219689  0.231169  0.211001  0.232692  0.244884  0.231148  0.217341   0.22955  0.230812   0.20022  0.197493  0.156902  0.160765  0.154749         0  0.140255  0.140015  0.139119  0.229984
 0.233909  0.245745  0.243568  0.201872  0.208132   0.21652  0.204412  0.202774  0.208947  0.201165  0.215939  0.200999  0.207533  0.233353  0.215342  0.238436  0.253474  0.237646  0.225332  0.237596  0.231775  0.197701  0.199342   0.14838  0.149278  0.141295  0.140255         0  0.131864  0.126627  0.206348
 0.214519  0.228393  0.247115   0.23062  0.224709  0.229035  0.214765  0.214771  0.215823  0.208801  0.225107  0.213097  0.230399  0.239762  0.208403   0.24697  0.251525  0.256328  0.252657  0.249504   0.24267   0.19713   0.19857  0.159434  0.163456  0.149064  0.140015  0.131864         0 0.0676998  0.200518
 0.200508  0.204278  0.219532  0.199567  0.196504  0.192464  0.184056  0.182057   0.18396  0.183407  0.196172  0.185287  0.197702  0.210157  0.183388  0.226067  0.226015  0.220277  0.216983  0.217716  0.210534  0.164322  0.162718  0.144162  0.140206  0.128792  0.139119  0.126627 0.0676998         0  0.179021
 0.264992  0.285263  0.265108  0.237877  0.239529  0.251558  0.240986  0.242896  0.248492  0.238808    0.2532  0.243486  0.249464  0.255498  0.236118  0.267765  0.251507  0.243491  0.240406  0.240086  0.239677  0.216391   0.22821  0.207527  0.205072  0.201873  0.229984  0.206348  0.200518  0.179021         0


Topology counts:
(1,2,(((((((((3,13),10),(8,9)),11),12),(6,7)),(4,5)),14),(15,((((((16,17),((18,19),(20,21))),31),22),23),(((24,(25,26)),(27,28)),(29,30))))));     1
(1,2,(((((((3,13),10),((8,9),(11,12))),(4,5)),(6,7)),14),(15,(((((16,17),((18,19),(20,21))),31),(24,((25,26),(27,(28,(29,30)))))),(22,23)))));     1
(1,2,((((((3,13),((((8,9),10),11),12)),(6,7)),(4,5)),14),(15,(((((16,17),((18,19),(20,21))),31),(24,((25,26),((27,28),(29,30))))),(22,23)))));     1
(1,2,((((((3,13),((((8,9),11),10),12)),(6,7)),(4,5)),14),(15,(((((16,17),((18,19),(20,21))),31),(22,23)),(((24,27),(25,26)),(28,(29,30)))))));     1
(1,2,((((((3,13),(((8,9),11),(10,12))),(6,7)),(4,5)),14),(15,((((16,17),((18,19),(20,21))),22),(23,(((24,(25,26)),((27,28),(29,30))),31))))));     1
(1,2,(((((3,(((((8,9),11),10),12),13)),(6,7)),(4,5)),14),(((15,(((16,17),((18,19),(20,21))),31)),(22,23)),(24,(((25,26),27),(28,(29,30)))))));     1
(1,2,(((((3,(((((8,9),11),10),13),12)),(6,7)),(4,5)),14),(15,(((((16,17),((18,19),(20,21))),31),((24,(25,26)),((27,28),(29,30)))),(22,23)))));     1
(1,2,(((((3,(((((8,9),11),13),10),12)),(6,7)),(4,5)),14),(15,(((((16,17),((18,19),(20,21))),((24,((25,26),((27,28),(29,30)))),31)),22),23))));     1
(1,2,(((((3,((((8,9),(11,12)),10),13)),(6,7)),(4,5)),14),(15,((((16,17),((18,19),(20,21))),31),((22,23),((24,(25,26)),((27,28),(29,30))))))));     1
(1,2,(((((3,(((8,9),(10,(11,13))),12)),(6,7)),(4,5)),14),(15,((((16,17),((18,19),(20,21))),(22,23)),((24,31),((25,26),((27,28),(29,30))))))));     1
(1,2,(((((3,((15,23),((((16,17),((18,19),(20,21))),22),((24,((25,26),((27,28),(29,30)))),31)))),((8,9),(10,((11,12),13)))),(6,7)),(4,5)),14));     1
(1,2,((((3,(((((6,7),(8,9)),10),(11,12)),13)),(4,5)),14),(((15,23),((24,((25,26),31)),((27,28),(29,30)))),(((16,17),((18,19),(20,21))),22))));     1
(1,2,((((3,(((((6,7),10),(8,9)),(11,12)),13)),(4,5)),14),(15,((((16,17),((18,19),(20,21))),((24,((25,26),((27,28),(29,30)))),31)),(22,23)))));     1
(1,2,((((3,(((((6,7),10),(8,9)),(11,13)),12)),(4,5)),14),(15,(((((16,17),((18,19),(20,21))),31),(24,((25,26),((27,(29,30)),28)))),(22,23)))));     1
(1,2,((((3,(((((6,7),10),(8,9)),(11,13)),12)),(4,5)),14),(15,((((16,17),((18,19),(20,21))),(((24,(25,26)),((27,(29,30)),28)),31)),(22,23)))));     1
(1,2,((((3,(((((6,7),10),(8,9)),13),(11,12))),(4,5)),14),((15,23),((((16,17),((18,19),(20,21))),(((((24,28),27),(29,30)),(25,26)),31)),22))));     1
(1,2,((((3,(((((6,7),11),(8,9)),(10,12)),13)),(4,5)),14),(15,(((16,17),((18,19),(20,21))),((22,23),((24,((25,26),((27,28),(29,30)))),31))))));     1
(1,2,((((3,(((((6,7),12),10),((8,9),11)),13)),(4,5)),14),(15,((((16,17),((18,19),(20,21))),(((24,27),((25,26),(28,(29,30)))),31)),(22,23)))));     1
(1,2,((((3,((((6,7),(8,9)),(10,(11,12))),13)),(4,5)),14),(15,(((((16,17),((18,19),(20,21))),31),(24,((25,26),((27,28),(29,30))))),(22,23)))));     1
(1,2,((((3,((((6,7),(8,9)),(10,12)),(11,13))),(4,5)),14),(15,(((16,17),((18,19),(20,21))),(22,(23,((((24,(27,28)),(29,30)),(25,26)),31)))))));     1
(1,2,((((3,((((6,7),10),(((8,9),11),12)),13)),(4,5)),14),(15,((((16,17),((18,19),(20,21))),(22,((24,(27,(28,(29,30)))),((25,26),31)))),23))));     1
(1,2,((((3,((((6,7),10),((8,9),(11,12))),13)),(4,5)),14),(15,((((16,17),((18,19),(20,21))),(((24,(25,26)),(27,(28,(29,30)))),31)),(22,23)))));     1
(1,2,((((3,((((6,7),10),((8,9),13)),(11,12))),(4,5)),14),(15,(((((16,17),((18,19),(20,21))),31),((24,(((25,26),28),27)),(29,30))),(22,23)))));     1
(1,2,((((3,(((6,7),((((8,9),11),10),12)),13)),(4,5)),14),(15,((((((16,17),((18,19),(20,21))),31),22),((24,(27,(28,(29,30)))),(25,26))),23))));     1
(1,2,((((3,(((6,7),(((8,9),10),(11,12))),13)),(4,5)),14),(15,((((16,17),((18,19),(20,21))),((24,(((25,26),28),(27,(29,30)))),31)),(22,23)))));     1
(1,2,((((3,(((6,7),(((8,9),11),(10,12))),13)),(4,5)),14),(15,(((((16,17),((18,19),(20,21))),31),(((24,(27,28)),(29,30)),(25,26))),(22,23)))));     1
(1,2,((((3,(((6,7),(((8,9),11),(10,13))),12)),(4,5)),14),(15,(((((16,17),((18,19),(20,21))),22),((((24,(27,28)),(25,26)),(29,30)),31)),23))));     1
(1,2,((((3,(((6,7),((8,9),((10,12),11))),13)),(4,5)),(15,((((16,17),((18,19),(20,21))),22),(23,((24,((25,26),((27,28),(29,30)))),31))))),14));     1
(1,2,((((3,(((6,7),(8,9)),(((10,13),12),11))),(4,5)),14),(15,(((((16,17),((18,19),(20,21))),31),(((24,28),((25,26),(29,30))),27)),(22,23)))));     1
(1,2,((((3,(((6,7),12),(((8,9),(10,11)),13))),(4,5)),14),(15,((((((16,17),((18,19),(20,21))),31),22),23),((24,(27,28)),((25,26),(29,30)))))));     1
(1,2,((((3,(((6,7),12),((8,9),((10,11),13)))),(4,5)),14),(15,(((((16,17),((18,19),(20,21))),31),(((24,(27,28)),(25,26)),(29,30))),(22,23)))));     1
(1,2,((((3,(((6,7),13),(((8,9),(11,12)),10))),(4,5)),14),(15,(((((16,17),((18,19),(20,21))),31),((24,28),((25,26),(27,(29,30))))),(22,23)))));     1
(1,2,((((3,((15,(((16,17),((18,19),(20,21))),(((24,(27,(28,(29,30)))),31),(25,26)))),(22,23))),((6,7),((((8,9),(11,12)),10),13))),(4,5)),14));     1
(1,2,((((3,((15,(((16,17),((18,19),(20,21))),(22,(((24,((25,26),28)),27),((29,30),31))))),23)),((6,7),((((8,9),(10,11)),13),12))),(4,5)),14));     1
(1,2,((((3,((15,((16,17),((18,19),(20,21)))),((22,((24,31),(((25,26),(28,(29,30))),27))),23))),((6,7),((((8,9),11),13),(10,12)))),(4,5)),14));     1
(1,2,((((3,((15,(22,23)),((((16,17),((18,19),(20,21))),31),(24,((25,26),(27,(28,(29,30)))))))),((6,7),(((8,9),11),((10,12),13)))),(4,5)),14));     1
(1,2,((((3,((15,(22,23)),(((16,17),((18,19),(20,21))),((24,((25,26),((27,(29,30)),28))),31)))),((6,7),((((8,9),13),11),(10,12)))),(4,5)),14));     1
(1,2,((((3,((15,(22,23)),(((16,17),((18,19),(20,21))),((24,((25,26),((27,28),(29,30)))),31)))),((6,7),(((8,9),(10,12)),(11,13)))),(4,5)),14));     1
(1,2,((((3,((15,23),((((16,17),((18,19),(20,21))),((((24,(27,28)),(29,30)),(25,26)),31)),22))),((6,7),(((8,9),10),((11,13),12)))),(4,5)),14));     1
(1,2,((((3,((15,23),((((16,17),((18,19),(20,21))),22),(((24,(25,26)),((27,28),(29,30))),31)))),((6,7),((8,9),(((10,12),11),13)))),(4,5)),14));     1
(1,2,((((3,((15,23),((((16,17),((18,19),(20,21))),22),(((24,(25,26)),(27,(28,(29,30)))),31)))),((6,7),((((8,9),(11,13)),10),12))),(4,5)),14));     1
(1,2,((((3,((6,7),(((((8,9),10),11),13),12))),(4,5)),14),(15,((((16,17),((18,19),(20,21))),(22,31)),(23,(((24,(27,28)),(25,26)),(29,30)))))));     1
(1,2,((((3,((6,7),(((((8,9),10),13),11),12))),(4,5)),14),(15,((((16,17),((18,19),(20,21))),(22,23)),((24,(((25,26),(28,(29,30))),27)),31)))));     1
(1,2,((((3,((6,7),(((((8,9),11),10),12),13))),(4,5)),14),(15,(((((16,17),((18,19),(20,21))),((24,((25,26),((27,(29,30)),28))),31)),22),23))));     1
(1,2,((((3,((6,7),(((((8,9),11),10),13),12))),(4,5)),14),(15,((((((16,17),((18,19),(20,21))),31),(24,((25,26),((27,28),(29,30))))),22),23))));     1
(1,2,((((3,((6,7),(((((8,9),11),12),10),13))),(4,5)),14),(15,(((((16,17),((18,19),(20,21))),31),(24,((25,26),((27,28),(29,30))))),(22,23)))));     1
(1,2,((((3,((6,7),(((((8,9),11),12),10),13))),(4,5)),14),(15,((((16,17),((18,19),(20,21))),(22,23)),(((24,27),((25,26),(28,(29,30)))),31)))));     1
(1,2,((((3,((6,7),(((((8,9),13),11),10),12))),(4,5)),14),(15,(((16,17),((18,19),(20,21))),((22,23),(((24,(27,(28,(29,30)))),(25,26)),31))))));     1
(1,2,((((3,((6,7),((((8,9),(11,12)),10),13))),(4,5)),14),(15,(((((16,17),((18,19),(20,21))),31),((24,(25,26)),(27,(28,(29,30))))),(22,23)))));     1
(1,2,((((3,((6,7),((((8,9),(11,12)),10),13))),(4,5)),14),(15,(((((16,17),((18,19),(20,21))),31),(24,((25,26),((27,28),(29,30))))),(22,23)))));     1
(1,2,((((3,((6,7),((((8,9),(11,12)),10),13))),(4,5)),14),(15,(((16,17),((18,19),(20,21))),(((22,31),(((24,28),(25,26)),(27,(29,30)))),23)))));     1
(1,2,((((3,((6,7),((((8,9),(11,13)),10),12))),(4,5)),14),(((15,23),(((16,17),((18,19),(20,21))),(((24,(25,26)),(27,(28,(29,30)))),31))),22)));     1
(1,2,((((3,((6,7),((((8,9),10),(11,13)),12))),(4,5)),14),(((15,23),(((16,17),((18,19),(20,21))),(((24,(27,(28,(29,30)))),(25,26)),31))),22)));     1
(1,2,((((3,((6,7),((((8,9),10),13),(11,12)))),(4,5)),14),(15,(((((16,17),((18,19),(20,21))),31),((24,((27,(29,30)),28)),(25,26))),(22,23)))));     1
(1,2,((((3,((6,7),((((8,9),11),(10,12)),13))),(4,5)),14),(((15,((16,17),((18,19),(20,21)))),(24,(((25,26),(28,(29,30))),27))),((22,31),23))));     1
(1,2,((((3,((6,7),((((8,9),11),(10,12)),13))),(4,5)),14),((15,(((22,31),23),(24,((25,26),(27,(28,(29,30))))))),((16,17),((18,19),(20,21))))));     1
(1,2,((((3,((6,7),((((8,9),11),(10,12)),13))),(4,5)),14),((15,((22,23),(((24,(27,(28,(29,30)))),(25,26)),31))),((16,17),((18,19),(20,21))))));     1
(1,2,((((3,((6,7),((((8,9),11),(10,12)),13))),(4,5)),14),(15,(((((16,17),((18,19),(20,21))),31),(24,(((25,26),(27,(29,30))),28))),(22,23)))));     1
(1,2,((((3,((6,7),((((8,9),11),(10,12)),13))),(4,5)),14),(15,(((((16,17),((18,19),(20,21))),31),(24,((25,26),((27,28),(29,30))))),(22,23)))));     1
(1,2,((((3,((6,7),((((8,9),11),13),(10,12)))),(4,5)),14),(15,((((16,17),((18,19),(20,21))),22),(23,(((24,28),((25,26),(27,(29,30)))),31))))));     1
(1,2,((((3,((6,7),(((8,9),((10,12),11)),13))),(4,5)),14),(15,((((16,17),((18,19),(20,21))),(((24,(27,(28,(29,30)))),(25,26)),31)),(22,23)))));     1
(1,2,((((3,((6,7),(((8,9),((10,12),11)),13))),(4,5)),14),(15,((((16,17),((18,19),(20,21))),((24,((25,26),(27,(28,(29,30))))),31)),(22,23)))));     1
(1,2,((((3,((6,7),(((8,9),((10,12),11)),13))),(4,5)),14),(15,(((16,17),((18,19),(20,21))),(((22,31),23),(((24,28),(27,(29,30))),(25,26)))))));     1
(1,2,((((3,((6,7),(((8,9),((11,12),13)),10))),(4,5)),14),(15,(((((16,17),((18,19),(20,21))),(22,31)),((24,(27,(28,(29,30)))),(25,26))),23))));     1
(1,2,((((3,((6,7),(((8,9),(10,(11,12))),13))),(4,5)),14),(15,(((((16,17),((18,19),(20,21))),31),((24,(25,26)),((27,28),(29,30)))),(22,23)))));     1
(1,2,((((3,((6,7),(((8,9),(10,(11,12))),13))),(4,5)),14),(15,((((16,17),((18,19),(20,21))),((24,((25,26),((27,28),(29,30)))),31)),(22,23)))));     1
(1,2,((((3,((6,7),(((8,9),(10,12)),(11,13)))),(4,5)),14),(15,(((16,17),((18,19),(20,21))),(((22,31),((24,(27,(28,(29,30)))),(25,26))),23)))));     1
(1,2,((((3,((6,7),(((8,9),(11,13)),(10,12)))),(4,5)),(15,(((((16,17),((18,19),(20,21))),(22,31)),(24,((((25,26),28),(29,30)),27))),23))),14));     1
(1,2,((((3,((6,7),(((8,9),(11,13)),(10,12)))),(4,5)),14),(15,(((16,17),((18,19),(20,21))),((22,23),((24,((25,26),((27,28),(29,30)))),31))))));     1
(1,2,((((3,((6,7),(((8,9),11),((10,12),13)))),(4,5)),14),(15,((((16,17),((18,19),(20,21))),(22,23)),((24,(((25,26),(28,(29,30))),27)),31)))));     1
(1,2,((((3,((6,7),(((8,9),11),((10,12),13)))),(4,5)),14),(15,((((16,17),((18,19),(20,21))),22),(23,(24,(((25,26),((27,28),(29,30))),31)))))));     1
(1,2,((((3,((6,7),(((8,9),11),((10,13),12)))),(4,5)),14),(15,(((((16,17),((18,19),(20,21))),31),(23,(24,((25,26),((27,28),(29,30)))))),22))));     1
(1,2,((((3,((6,7),(((8,9),13),((10,12),11)))),(4,5)),14),(15,(((((16,17),((18,19),(20,21))),31),22),(23,((24,((27,28),(29,30))),(25,26)))))));     1
(1,2,((((3,((6,7),(((8,9),13),(10,(11,12))))),(4,5)),14),((15,(22,23)),((((16,17),((18,19),(20,21))),31),(24,(((25,26),(27,(29,30))),28))))));     1
(1,2,((((3,((6,7),(((8,9),13),(10,(11,12))))),(4,5)),14),(15,(((((16,17),((18,19),(20,21))),31),((24,(25,26)),(27,(28,(29,30))))),(22,23)))));     1
(1,2,((((3,((6,7),((8,9),(((10,11),13),12)))),(4,5)),14),(15,(((16,17),((18,19),(20,21))),((22,23),(((24,(25,26)),((27,28),(29,30))),31))))));     1
(1,2,((((3,((6,7),((8,9),((10,12),(11,13))))),(4,5)),14),(15,(((((16,17),((18,19),(20,21))),22),((24,((25,26),((27,28),(29,30)))),31)),23))));     1
(1,2,((((3,((6,7),((8,9),((10,12),(11,13))))),(4,5)),14),(15,(((((16,17),((18,19),(20,21))),31),(((24,((25,26),28)),(29,30)),27)),(22,23)))));     1
(1,2,((((3,((6,7),((8,9),((10,12),(11,13))))),(4,5)),14),(15,(((((16,17),((18,19),(20,21))),31),(24,((25,26),(27,(28,(29,30)))))),(22,23)))));     1
(1,2,((((3,((6,7),((8,9),((10,13),(11,12))))),(4,5)),14),(15,((((16,17),((18,19),(20,21))),((24,((25,26),(27,(28,(29,30))))),31)),(22,23)))));     1
(1,2,((((3,(15,((((((16,17),((18,19),(20,21))),31),22),(24,((25,26),(27,(28,(29,30)))))),23))),((6,7),(((((8,9),11),13),10),12))),(4,5)),14));     1
(1,2,((((3,(15,(((((16,17),((18,19),(20,21))),((((24,(27,28)),(25,26)),(29,30)),31)),22),23))),((6,7),((((8,9),13),(11,12)),10))),(4,5)),14));     1
(1,2,((((3,(15,(((((16,17),((18,19),(20,21))),(((24,((27,(29,30)),28)),(25,26)),31)),22),23))),((6,7),(((8,9),10),((11,13),12)))),(4,5)),14));     1
(1,2,((((3,(15,(((((16,17),((18,19),(20,21))),(((24,(27,(28,(29,30)))),(25,26)),31)),22),23))),((6,7),((((8,9),(11,13)),10),12))),(4,5)),14));     1
(1,2,((((3,(15,(((((16,17),((18,19),(20,21))),((24,((((25,26),28),(29,30)),27)),31)),22),23))),((6,7),(((((8,9),11),10),13),12))),(4,5)),14));     1
(1,2,((((3,(15,(((((16,17),((18,19),(20,21))),((24,(((25,26),(27,28)),(29,30))),31)),22),23))),((6,7),((((8,9),11),(10,12)),13))),(4,5)),14));     1
(1,2,((((3,(15,(((((16,17),((18,19),(20,21))),(22,31)),((24,(27,(28,(29,30)))),(25,26))),23))),((6,7),(((8,9),(11,13)),(10,12)))),(4,5)),14));     1
(1,2,((((3,(15,(((((16,17),((18,19),(20,21))),22),(((24,((27,28),(29,30))),(25,26)),31)),23))),((6,7),((((8,9),(10,11)),12),13))),(4,5)),14));     1
(1,2,((((3,(15,(((((16,17),((18,19),(20,21))),22),(((24,((27,28),(29,30))),(25,26)),31)),23))),((6,7),(((8,9),(10,(11,12))),13))),(4,5)),14));     1
(1,2,((((3,(15,(((((16,17),((18,19),(20,21))),22),(((24,(25,26)),((27,28),(29,30))),31)),23))),((6,7),((8,9),(10,((11,12),13))))),(4,5)),14));     1
(1,2,((((3,(15,(((((16,17),((18,19),(20,21))),22),(((24,31),(25,26)),((27,28),(29,30)))),23))),((6,7),(((8,9),11),((10,13),12)))),(4,5)),14));     1
(1,2,((((3,(15,(((((16,17),((18,19),(20,21))),31),(22,23)),((24,(25,26)),((27,28),(29,30)))))),((6,7),(((8,9),((11,12),13)),10))),(4,5)),14));     1
(1,2,((((3,(15,(((((16,17),((18,19),(20,21))),31),(22,23)),(24,((25,26),(27,(28,(29,30)))))))),((((6,7),10),(((8,9),11),13)),12)),(4,5)),14));     1
(1,2,((((3,(15,(((((16,17),((18,19),(20,21))),31),(24,(((25,26),28),(27,(29,30))))),(22,23)))),((6,7),((8,9),((10,12),(11,13))))),(4,5)),14));     1
(1,2,((((3,(15,((((16,17),((18,19),(20,21))),((((24,(28,(29,30))),27),(25,26)),31)),(22,23)))),((6,7),((((8,9),11),13),(10,12)))),(4,5)),14));     1
(1,2,((((3,(15,((((16,17),((18,19),(20,21))),((((24,27),(28,(29,30))),(25,26)),31)),(22,23)))),((6,7),((((8,9),11),(10,13)),12))),(4,5)),14));     1
(1,2,((((3,(15,((((16,17),((18,19),(20,21))),(((24,((27,28),(29,30))),(25,26)),31)),(22,23)))),(((6,7),(((8,9),11),(10,13))),12)),(4,5)),14));     1
(1,2,((((3,(15,((((16,17),((18,19),(20,21))),(((24,(25,26)),((27,28),(29,30))),31)),(22,23)))),((6,7),(((8,9),11),((10,12),13)))),(4,5)),14));     1
(1,2,((((3,(15,((((16,17),((18,19),(20,21))),(((24,(27,(28,(29,30)))),(25,26)),31)),(22,23)))),((6,7),(((8,9),(10,(11,12))),13))),(4,5)),14));     1
(1,2,((((3,(15,((((16,17),((18,19),(20,21))),(((24,(27,(28,(29,30)))),(25,26)),31)),(22,23)))),((6,7),(((8,9),(10,13)),(11,12)))),(4,5)),14));     1
(1,2,((((3,(15,((((16,17),((18,19),(20,21))),((24,(((25,26),(28,(29,30))),27)),31)),(22,23)))),((6,7),((((8,9),11),13),(10,12)))),(4,5)),14));     1
(1,2,((((3,(15,((((16,17),((18,19),(20,21))),((24,((25,26),((27,(29,30)),28))),31)),(22,23)))),((6,7),((8,9),(10,((11,12),13))))),(4,5)),14));     1
(1,2,((((3,(15,((((16,17),((18,19),(20,21))),((24,((27,28),(29,30))),((25,26),31))),(22,23)))),(((((6,7),10),12),(11,13)),(8,9))),(4,5)),14));     1
(1,2,((((3,(15,((((16,17),((18,19),(20,21))),(22,23)),((24,((25,26),((27,28),(29,30)))),31)))),((6,7),((((8,9),11),(10,12)),13))),(4,5)),14));     1
(1,2,((((3,(15,((((16,17),((18,19),(20,21))),22),(23,(((24,(28,(29,30))),((25,26),31)),27))))),((6,7),((((8,9),11),(10,12)),13))),(4,5)),14));     1
(1,2,((((3,(15,((((16,17),((18,19),(20,21))),31),((22,23),(((24,27),((25,26),28)),(29,30)))))),((6,7),(((8,9),13),((10,11),12)))),(4,5)),14));     1
(1,2,((((3,(15,(((16,17),((18,19),(20,21))),(((22,31),23),(((24,(27,28)),(29,30)),(25,26)))))),(4,5)),((6,7),(((8,9),(10,(11,12))),13))),14));     1
(1,2,((((3,(15,(((16,17),((18,19),(20,21))),(((22,31),23),((24,(25,26)),(27,(28,(29,30)))))))),((6,7),((8,9),((10,(11,12)),13)))),(4,5)),14));     1
(1,2,((((3,(15,(((16,17),((18,19),(20,21))),((22,((24,(((25,26),(27,28)),(29,30))),31)),23)))),((6,7),(((8,9),(10,12)),(11,13)))),(4,5)),14));     1
(1,2,((((3,(15,(((16,17),((18,19),(20,21))),((22,23),(((24,(25,26)),(27,(28,(29,30)))),31))))),((((6,7),(10,13)),((8,9),11)),12)),(4,5)),14));     1
(1,2,((((3,(4,5)),(((6,7),(8,9)),((10,(11,13)),12))),14),(15,(((((16,17),((18,19),(20,21))),31),(24,((25,26),((27,28),(29,30))))),(22,23)))));     1
(1,2,((((3,(4,5)),(((6,7),13),((((8,9),10),11),12))),14),(15,(((((16,17),((18,19),(20,21))),((24,(((25,26),27),(28,(29,30)))),31)),22),23))));     1
(1,2,((((3,(4,5)),((6,7),(((((8,9),10),11),13),12))),(15,(((((16,17),((18,19),(20,21))),31),22),(23,(24,((25,26),((27,28),(29,30)))))))),14));     1
(1,2,((((3,(4,5)),((6,7),(((((8,9),13),11),10),12))),14),(15,(((16,17),((18,19),(20,21))),((22,23),((24,((25,26),(27,(28,(29,30))))),31))))));     1
(1,2,((((3,(4,5)),((6,7),((((8,9),(11,13)),10),12))),14),((15,23),(((((16,17),((18,19),(20,21))),31),((24,((25,26),(28,(29,30)))),27)),22))));     1
(1,2,((((3,(4,5)),((6,7),((((8,9),(11,13)),10),12))),14),(15,(((16,17),((18,19),(20,21))),((22,23),((((24,(27,28)),(29,30)),(25,26)),31))))));     1
(1,2,((((3,(4,5)),((6,7),((((8,9),10),(11,13)),12))),14),(15,((((16,17),((18,19),(20,21))),((((24,(27,28)),(29,30)),(25,26)),31)),(22,23)))));     1
(1,2,((((3,(4,5)),((6,7),((((8,9),11),(10,12)),13))),14),(15,((((16,17),((18,19),(20,21))),((22,31),(24,((25,26),((27,(29,30)),28))))),23))));     1
(1,2,((((3,(4,5)),((6,7),((((8,9),11),(10,12)),13))),14),(15,((((16,17),((18,19),(20,21))),((24,((25,26),((27,(29,30)),28))),31)),(22,23)))));     1
(1,2,((((3,(4,5)),((6,7),((((8,9),11),(10,13)),12))),14),(15,(((((16,17),((18,19),(20,21))),31),((24,((27,(29,30)),28)),(25,26))),(22,23)))));     1
(1,2,((((3,(4,5)),((6,7),((((8,9),11),12),(10,13)))),14),(15,(((16,17),((18,19),(20,21))),(((22,23),31),(24,((25,26),(27,(28,(29,30))))))))));     1
(1,2,((((3,(4,5)),((6,7),((((8,9),13),(10,11)),12))),14),(15,((((16,17),((18,19),(20,21))),(((24,(((25,26),27),28)),(29,30)),31)),(22,23)))));     1
(1,2,((((3,(4,5)),((6,7),(((8,9),(10,(11,12))),13))),14),(15,(((16,17),((18,19),(20,21))),((22,23),((24,31),((25,26),(27,(28,(29,30))))))))));     1
(1,2,((((3,(4,5)),((6,7),(((8,9),(10,(11,13))),12))),14),(15,((((((16,17),((18,19),(20,21))),31),22),((24,(27,28)),((25,26),(29,30)))),23))));     1
(1,2,((((3,(4,5)),((6,7),(((8,9),10),((11,12),13)))),14),(15,((((16,17),((18,19),(20,21))),((24,((25,26),(27,(28,(29,30))))),31)),(22,23)))));     1
