
Alignment summary:
Dolphin1: A=350 C=336 G=144 T=310
Dolphin2: A=350 C=332 G=145 T=313
giant sperm whale: A=353 C=365 G=144 T=278
bowhead whale: A=340 C=357 G=149 T=294
right whale: A=347 C=354 G=144 T=295
minke whale: A=345 C=352 G=149 T=294
Antarctic minke whale: A=349 C=357 G=147 T=287
sei whale: A=348 C=355 G=147 T=290
Bryde's whale: A=348 C=355 G=146 T=291
fin whale: A=344 C=356 G=149 T=291
blue whale: A=341 C=351 G=153 T=295
humpback whale: A=351 C=356 G=146 T=287
California whale: A=342 C=362 G=151 T=285
Pygmy right whale: A=339 C=342 G=151 T=308
Hippo: A=340 C=367 G=157 T=276
Camel dromedary: A=335 C=315 G=170 T=320
Camel bactrianus: A=331 C=320 G=171 T=318
 Camel llama: A=335 C=312 G=160 T=333
Camel Llama: A=338 C=317 G=158 T=327
Camel pacos: A=329 C=319 G=167 T=325
Camel vicuna: A=338 C=316 G=161 T=325
Pig: A=359 C=328 G=150 T=303
Peccary: A=360 C=349 G=144 T=287
Cow: A=356 C=344 G=153 T=287
Sheep: A=359 C=322 G=148 T=311
Goat: A=365 C=331 G=146 T=298
Black-tailed deer: A=352 C=321 G=149 T=318
Giraffe: A=357 C=327 G=149 T=307
Fallow: A=365 C=311 G=149 T=315
Pronghorn: A=371 C=340 G=147 T=282
Chevrotain: A=335 C=325 G=172 T=308

Jukes-Cantor Distance Matrix:

        0 0.0631085  0.197563  0.160807  0.158637  0.168455  0.162984  0.165168  0.167358  0.176181  0.170654  0.159721  0.171757  0.169554  0.224289  0.255695  0.255695  0.269388  0.269388  0.279506  0.273167  0.223107  0.239828  0.238621  0.227847  0.244674  0.233813  0.241036  0.220749  0.211388  0.270646
0.0631085         0  0.206752  0.177292  0.176181  0.180632  0.178404  0.178404  0.180632  0.189614  0.181749   0.17286  0.190745  0.179517  0.227847  0.275696  0.278234  0.259405  0.253232  0.273167  0.269388  0.230228  0.249552  0.259405  0.249552  0.255695  0.241036  0.250777  0.232616  0.212552  0.287186
 0.197563  0.206752         0  0.170654  0.166262  0.180632  0.169554  0.168455  0.179517  0.162984  0.180632  0.170654  0.156472   0.19985  0.238621  0.269388  0.265629  0.270646  0.269388  0.273167  0.271905   0.24346  0.237416  0.237416  0.271905  0.265629  0.255695  0.253232  0.254462  0.231421   0.27443
 0.160807  0.177292  0.170654         0 0.0517447  0.110368  0.104295  0.119571  0.116491  0.121631  0.123697  0.107326  0.106314  0.126807  0.224289   0.25693   0.25693   0.25693   0.25693   0.26688  0.258166  0.237416  0.218398  0.221927  0.236213  0.218398  0.229036  0.210226  0.239828  0.212552  0.245891
 0.158637  0.176181  0.166262 0.0517447         0  0.113423  0.104295  0.114444  0.117516  0.107326  0.111385  0.103288  0.101277  0.128888  0.213718   0.24346  0.247109  0.252003  0.252003  0.260645  0.258166  0.218398  0.218398  0.226659  0.238621  0.227847  0.233813  0.216054  0.231421  0.207908   0.24833
 0.168455  0.180632  0.180632  0.110368  0.113423         0 0.0479946 0.0982712  0.102282 0.0932878  0.111385 0.0962739 0.0962739  0.132019  0.221927  0.278234  0.260645  0.261888  0.254462  0.265629   0.26438  0.223107  0.213718  0.237416  0.227847  0.225473  0.219572  0.224289  0.235012  0.202143  0.255695
 0.162984  0.178404  0.169554  0.104295  0.104295 0.0479946         0 0.0834192 0.0873511 0.0844003 0.0982712 0.0922951 0.0834192  0.128888  0.207908  0.261888  0.258166  0.260645  0.253232  0.255695  0.250777  0.213718  0.203293  0.218398  0.220749  0.213718  0.221927  0.213718  0.221927  0.194146  0.247109
 0.165168  0.178404  0.168455  0.119571  0.114444 0.0982712 0.0834192         0 0.0387008 0.0756168 0.0765877 0.0844003 0.0795079   0.12993  0.211388   0.26688  0.253232  0.254462  0.249552  0.249552  0.249552  0.221927  0.210226  0.214885  0.217225  0.205597  0.231421  0.214885  0.224289  0.194146  0.252003
 0.167358  0.180632  0.179517  0.116491  0.117516  0.102282 0.0873511 0.0387008         0 0.0785332 0.0853826 0.0804838 0.0795079  0.127847  0.210226  0.258166   0.24833   0.25693  0.254462   0.25693  0.252003  0.223107  0.211388  0.226659  0.224289  0.216054  0.237416  0.220749  0.225473  0.196422  0.258166
 0.176181  0.189614  0.162984  0.121631  0.107326 0.0932878 0.0844003 0.0756168 0.0785332         0  0.081461 0.0736788 0.0746472  0.142553  0.220749  0.260645  0.247109  0.249552  0.247109  0.241036  0.237416  0.218398  0.214885  0.230228  0.217225  0.217225  0.221927  0.211388  0.216054  0.194146  0.245891
 0.170654  0.181749  0.180632  0.123697  0.111385  0.111385 0.0982712 0.0765877 0.0853826  0.081461         0  0.081461 0.0795079   0.12993  0.223107  0.263133   0.25693   0.25693  0.259405  0.254462   0.24833  0.212552  0.217225  0.230228  0.231421  0.217225  0.218398  0.226659  0.232616  0.207908  0.259405
 0.159721   0.17286  0.170654  0.107326  0.103288 0.0962739 0.0922951 0.0844003 0.0804838 0.0736788  0.081461         0 0.0804838  0.125769  0.220749  0.263133  0.253232  0.260645  0.255695   0.25693  0.252003  0.205597  0.202143  0.230228  0.227847  0.219572  0.218398  0.212552  0.223107  0.197563  0.252003
 0.171757  0.190745  0.156472  0.106314  0.101277 0.0962739 0.0834192 0.0795079 0.0795079 0.0746472 0.0795079 0.0804838         0  0.132019  0.217225  0.258166  0.250777  0.254462  0.254462   0.24833  0.250777  0.219572  0.226659  0.231421  0.225473  0.214885  0.232616  0.219572  0.241036  0.211388  0.258166
 0.169554  0.179517   0.19985  0.126807  0.128888  0.132019  0.128888   0.12993  0.127847  0.142553   0.12993  0.125769  0.132019         0  0.225473   0.26688  0.259405  0.254462   0.25693  0.270646  0.265629  0.232616  0.238621  0.244674  0.241036  0.238621  0.238621  0.241036  0.245891  0.219572  0.259405
 0.224289  0.227847  0.238621  0.224289  0.213718  0.221927  0.207908  0.211388  0.210226  0.220749  0.223107  0.220749  0.217225  0.225473         0  0.244674  0.252003  0.260645  0.258166  0.261888   0.24833  0.230228  0.206752  0.217225  0.231421  0.225473  0.224289  0.230228  0.220749  0.198706   0.24833
 0.255695  0.275696  0.269388   0.25693   0.24346  0.278234  0.261888   0.26688  0.258166  0.260645  0.263133  0.263133  0.258166   0.26688  0.244674         0  0.101277  0.179517  0.170654  0.173966  0.171757  0.244674  0.265629   0.24346  0.261888   0.24833  0.233813  0.242247  0.250777  0.236213  0.269388
 0.255695  0.278234  0.265629   0.25693  0.247109  0.260645  0.258166  0.253232   0.24833  0.247109   0.25693  0.253232  0.250777  0.259405  0.252003  0.101277         0  0.168455  0.159721  0.164075  0.161895  0.230228  0.254462   0.24833  0.254462  0.249552  0.247109   0.25693  0.255695  0.235012  0.250777
 0.269388  0.259405  0.270646   0.25693  0.252003  0.261888  0.260645  0.254462   0.25693  0.249552   0.25693  0.260645  0.254462  0.254462  0.260645  0.179517  0.168455         0 0.0168546 0.0650193 0.0659766  0.250777  0.250777  0.236213  0.242247  0.239828  0.232616  0.239828  0.260645  0.229036  0.244674
 0.269388  0.253232  0.269388   0.25693  0.252003  0.254462  0.253232  0.249552  0.254462  0.247109  0.259405  0.255695  0.254462   0.25693  0.258166  0.170654  0.159721 0.0168546         0 0.0602514 0.0631085  0.236213   0.24346  0.231421  0.237416  0.232616  0.219572  0.227847  0.258166  0.226659   0.24346
 0.279506  0.273167  0.273167   0.26688  0.260645  0.265629  0.255695  0.249552   0.25693  0.241036  0.254462   0.25693   0.24833  0.270646  0.261888  0.173966  0.164075 0.0650193 0.0602514         0 0.0195509  0.241036  0.254462  0.239828  0.238621   0.24346  0.231421  0.238621  0.253232  0.226659   0.24346
 0.273167  0.269388  0.271905  0.258166  0.258166   0.26438  0.250777  0.249552  0.252003  0.237416   0.24833  0.252003  0.250777  0.265629   0.24833  0.171757  0.161895 0.0659766 0.0631085 0.0195509         0  0.236213  0.249552  0.237416  0.227847  0.235012  0.232616  0.235012  0.247109  0.219572   0.24346
 0.223107  0.230228   0.24346  0.237416  0.218398  0.223107  0.213718  0.221927  0.223107  0.218398  0.212552  0.205597  0.219572  0.232616  0.230228  0.244674  0.230228  0.250777  0.236213  0.241036  0.236213         0  0.187359  0.226659  0.216054  0.206752  0.207908  0.206752  0.206752  0.176181  0.223107
 0.239828  0.249552  0.237416  0.218398  0.218398  0.213718  0.203293  0.210226  0.211388  0.214885  0.217225  0.202143  0.226659  0.238621  0.206752  0.265629  0.254462  0.250777   0.24346  0.254462  0.249552  0.187359         0  0.202143  0.207908   0.19985  0.209066  0.212552  0.210226  0.176181  0.241036
 0.238621  0.259405  0.237416  0.221927  0.226659  0.237416  0.218398  0.214885  0.226659  0.230228  0.230228  0.230228  0.231421  0.244674  0.217225   0.24346   0.24833  0.236213  0.231421  0.239828  0.237416  0.226659  0.202143         0  0.186234  0.156472  0.170654  0.162984  0.171757  0.157554  0.219572
 0.227847  0.249552  0.271905  0.236213  0.238621  0.227847  0.220749  0.217225  0.224289  0.217225  0.231421  0.227847  0.225473  0.241036  0.231421  0.261888  0.254462  0.242247  0.237416  0.238621  0.227847  0.216054  0.207908  0.186234         0  0.105304   0.17286  0.160807   0.17286  0.151088  0.214885
 0.244674  0.255695  0.265629  0.218398  0.227847  0.225473  0.213718  0.205597  0.216054  0.217225  0.217225  0.219572  0.214885  0.238621  0.225473   0.24833  0.249552  0.239828  0.232616   0.24346  0.235012  0.206752   0.19985  0.156472  0.105304         0  0.167358  0.154314  0.159721  0.140434  0.211388
 0.233813  0.241036  0.255695  0.229036  0.233813  0.219572  0.221927  0.231421  0.237416  0.221927  0.218398  0.218398  0.232616  0.238621  0.224289  0.233813  0.247109  0.232616  0.219572  0.231421  0.232616  0.207908  0.209066  0.170654   0.17286  0.167358         0  0.151088  0.148945  0.150016  0.236213
 0.241036  0.250777  0.253232  0.210226  0.216054  0.224289  0.213718  0.214885  0.220749  0.211388  0.226659  0.212552  0.219572  0.241036  0.230228  0.242247   0.25693  0.239828  0.227847  0.238621  0.235012  0.206752  0.212552  0.162984  0.160807  0.154314  0.151088         0  0.143615  0.139377  0.211388
 0.220749  0.232616  0.254462  0.239828  0.231421  0.235012  0.221927  0.224289  0.225473  0.216054  0.232616  0.223107  0.241036  0.245891  0.220749  0.250777  0.255695  0.260645  0.258166  0.253232  0.247109  0.206752  0.210226  0.171757   0.17286  0.159721  0.148945  0.143615         0 0.0736788  0.205597
 0.211388  0.212552  0.231421  0.212552  0.207908  0.202143  0.194146  0.194146  0.196422  0.194146  0.207908  0.197563  0.211388  0.219572  0.198706  0.236213  0.235012  0.229036  0.226659  0.226659  0.219572  0.176181  0.176181  0.157554  0.151088  0.140434  0.150016  0.139377 0.0736788         0  0.188486
 0.270646  0.287186   0.27443  0.245891   0.24833  0.255695  0.247109  0.252003  0.258166  0.245891  0.259405  0.252003  0.258166  0.259405   0.24833  0.269388  0.250777  0.244674   0.24346   0.24346   0.24346  0.223107  0.241036  0.219572  0.214885  0.211388  0.236213  0.211388  0.205597  0.188486         0

Seed = 4121083894
stationary acceptance: 0.259218
symmetric acceptance: 0.224759
0.229977 0.196074 0.197355 0.376594
 0.150382  0.217288 0.0596822 0.0173277  0.544054 0.0112664

 -0.92912  0.326951  0.472412  0.129757
 0.383483  -1.81504 0.0441866   1.38737
 0.550501    0.0439 -0.622945 0.0285436
0.0792393  0.722334 0.0149583 -0.816531

stationary acceptance: 0.252158
symmetric acceptance: 0.200298
0.224274 0.198946 0.189949 0.386831
  0.152645   0.210574  0.0558753  0.0119013   0.563928 0.00507549

 -0.934336    0.34031   0.469457   0.124569
  0.383636   -1.83084  0.0299108    1.41729
  0.554291  0.0313275  -0.598979  0.0133601
 0.0722219   0.728908 0.00656035  -0.807691

GTR Distance Matrix:

        0 0.0572668  0.180954  0.147695  0.145318  0.155547  0.149013  0.151735   0.15345  0.161859  0.156864  0.145531  0.156349  0.157727  0.209883  0.250519  0.252275  0.268983  0.266582  0.276524  0.270548   0.21552  0.228007  0.225435  0.219625  0.232886  0.227243  0.233944  0.214548  0.200537  0.265025
0.0572668         0  0.191858  0.163938  0.162752  0.168395  0.164905  0.165484  0.167321  0.175628  0.168756  0.158958  0.175421  0.168944  0.215159  0.273963  0.277068  0.261281  0.252591  0.272751   0.26837  0.224804  0.238694  0.247966  0.243606  0.244893  0.237538  0.245773  0.228408  0.204299  0.285291
 0.180954  0.191858         0  0.151488   0.14757  0.163087  0.151673  0.150256  0.159792  0.146395  0.161446  0.152121   0.13993  0.180147  0.218593  0.257949  0.255555  0.262753  0.259935  0.265349  0.263112   0.23193  0.222849  0.221545  0.257818  0.249777  0.245762  0.243621  0.247152   0.21957  0.265162
 0.147695  0.163938  0.151488         0 0.0454571 0.0976279 0.0917019  0.105277  0.102596   0.10693  0.108901 0.0942629 0.0934787  0.112033   0.20651  0.247531  0.249773  0.250119  0.248261  0.258236  0.249905  0.225393  0.205878  0.206314  0.221292  0.204024  0.219344  0.201908  0.230661   0.19961  0.237909
 0.145318  0.162752   0.14757 0.0454571         0   0.10049 0.0918096  0.100863  0.103538 0.0945651 0.0982752 0.0908589 0.0890748  0.113944   0.19778  0.236947   0.24231  0.248235  0.246379  0.254764  0.252722  0.209147   0.20671  0.210819  0.223687  0.212746  0.224371  0.208165  0.224738  0.196545  0.239569
 0.155547  0.168395  0.163087 0.0976279   0.10049         0 0.0424584   0.08698 0.0903837 0.0823683 0.0983455 0.0848606 0.0851204  0.117657   0.20616  0.273085  0.257348  0.259823  0.250756  0.261367  0.260996  0.216033  0.204198  0.223468   0.21699   0.21294  0.212811  0.216547  0.229056  0.192493  0.251584
 0.149013  0.164905  0.151673 0.0917019 0.0918096 0.0424584         0 0.0733492 0.0766812 0.0739968 0.0861861 0.0806987 0.0732592  0.114069  0.191942  0.254526  0.252058  0.254611  0.245717  0.249257  0.244622  0.205173  0.191245  0.202997  0.208123  0.199909  0.213044  0.204444  0.214791  0.184085  0.241012
 0.151735  0.165484  0.150256  0.105277  0.100863   0.08698 0.0733492         0 0.0339399 0.0664799 0.0673691 0.0739817 0.0699237  0.115951   0.19388  0.258414  0.247603  0.247216  0.240768  0.240968  0.241061  0.210752  0.196814  0.198121  0.203101  0.191454  0.218343   0.20281  0.214803  0.182094  0.242939
  0.15345  0.167321  0.159792  0.102596  0.103538 0.0903837 0.0766812 0.0339399         0 0.0690215 0.0750514 0.0706462 0.0700283  0.113659   0.19194  0.250762  0.242666  0.248629  0.244479  0.247116  0.242528  0.211473  0.196828  0.208369  0.209333  0.199986  0.224141  0.208983  0.215856  0.183996  0.248541
 0.161859  0.175628  0.146395   0.10693 0.0945651 0.0823683 0.0739968 0.0664799 0.0690215         0 0.0715886 0.0645771 0.0656574  0.126584  0.201494  0.253621  0.241935  0.244458  0.240328  0.234534  0.231471  0.207885  0.200891  0.212824  0.204448  0.202308  0.211825  0.201198  0.208829  0.183436  0.238859
 0.156864  0.168756  0.161446  0.108901 0.0982752 0.0983455 0.0861861 0.0673691 0.0750514 0.0715886         0 0.0714372 0.0699053  0.115664  0.204706  0.257152  0.252304  0.252881  0.253337   0.24905  0.243127  0.203917   0.20406  0.213825  0.217546   0.20347  0.208626  0.215971  0.225139  0.196204  0.253241
 0.145531  0.158958  0.152121 0.0942629 0.0908589 0.0848606 0.0806987 0.0739817 0.0706462 0.0645771 0.0714372         0 0.0706239  0.111525  0.201958  0.255343  0.246394  0.254032   0.24748   0.24829  0.243879  0.195762  0.188202  0.212124  0.211807  0.203637  0.207048  0.201033  0.213131  0.185321   0.24354
 0.156349  0.175421   0.13993 0.0934787 0.0890748 0.0851204 0.0732592 0.0699237 0.0700283 0.0656574 0.0699053 0.0706239         0  0.116979  0.196981  0.250285  0.244348   0.24928  0.247418   0.24116  0.243687  0.208464    0.2109  0.212941  0.210363  0.199217  0.219724   0.20757  0.230434  0.197739  0.249511
 0.157727  0.168944  0.180147  0.112033  0.113944  0.117657  0.114069  0.115951  0.113659  0.126584  0.115664  0.111525  0.116979         0  0.209595  0.261334  0.256078  0.251636  0.252164  0.265732  0.260475  0.225845  0.228333  0.229821  0.229556  0.225864  0.231199  0.233392  0.239794  0.210188  0.255529
 0.209883  0.215159  0.218593   0.20651   0.19778   0.20616  0.191942   0.19388   0.19194  0.201494  0.204706  0.201958  0.196981  0.209595         0  0.232436  0.239501  0.247146  0.242894   0.24841   0.23581   0.21384   0.18888  0.199511  0.212982  0.205195  0.211034  0.215392  0.208444  0.183433  0.236164
 0.250519  0.273963  0.257949  0.247531  0.236947  0.273085  0.254526  0.258414  0.250762  0.253621  0.257152  0.255343  0.250285  0.261334  0.232436         0 0.0923111  0.168799  0.159845  0.163569  0.161183  0.235905  0.254894  0.235939  0.256316  0.240339  0.232724  0.238471  0.247001  0.226106  0.267799
 0.252275  0.277068  0.255555  0.249773   0.24231  0.257348  0.252058  0.247603  0.242666  0.241935  0.252304  0.246394  0.244348  0.256078  0.239501 0.0923111         0  0.156774  0.148065  0.153028  0.150812  0.224178  0.245135   0.23868  0.249519  0.241817  0.244917  0.253508  0.251556  0.226053  0.251534
 0.268983  0.261281  0.262753  0.250119  0.248235  0.259823  0.254611  0.247216  0.248629  0.244458  0.252881  0.254032   0.24928  0.251636  0.247146  0.168799  0.156774         0 0.0153463 0.0595561  0.060506  0.241305  0.242603  0.225888  0.236272  0.230431  0.231168   0.23767  0.256352  0.220306  0.243516
 0.266582  0.252591  0.259935  0.248261  0.246379  0.250756  0.245717  0.240768  0.244479  0.240328  0.253337   0.24748  0.247418  0.252164  0.242894  0.159845  0.148065 0.0153463         0 0.0550482 0.0577248  0.227021  0.234525  0.220871  0.230472  0.222515  0.217364  0.225356  0.252682  0.217013  0.240435
 0.276524  0.272751  0.265349  0.258236  0.254764  0.261367  0.249257  0.240968  0.247116  0.234534   0.24905   0.24829   0.24116  0.265732   0.24841  0.163569  0.153028 0.0595561 0.0550482         0 0.0178667  0.232533  0.245916  0.230703  0.235248  0.236379  0.229578  0.237626  0.249529  0.217746  0.240124
 0.270548   0.26837  0.263112  0.249905  0.252722  0.260996  0.244622  0.241061  0.242528  0.231471  0.243127  0.243879  0.243687  0.260475   0.23581  0.161183  0.150812  0.060506 0.0577248 0.0178667         0  0.228801  0.240717  0.226432  0.223077  0.226498  0.230838  0.231803  0.242698  0.210566  0.239712
  0.21552  0.224804   0.23193  0.225393  0.209147  0.216033  0.205173  0.210752  0.211473  0.207885  0.203917  0.195762  0.208464  0.225845   0.21384  0.235905  0.224178  0.241305  0.227021  0.232533  0.228801         0  0.173454  0.211966  0.208603   0.19624  0.200248  0.197724  0.197151  0.164349  0.216422
 0.228007  0.238694  0.222849  0.205878   0.20671  0.204198  0.191245  0.196814  0.196828  0.200891   0.20406  0.188202    0.2109  0.228333   0.18888  0.254894  0.245135  0.242603  0.234525  0.245916  0.240717  0.173454         0  0.187209   0.19377  0.183068  0.197522  0.199374    0.1986  0.162748  0.228252
 0.225435  0.247966  0.221545  0.206314  0.210819  0.223468  0.202997  0.198121  0.208369  0.212824  0.213825  0.212124  0.212941  0.229821  0.199511  0.235939   0.23868  0.225888  0.220871  0.230703  0.226432  0.211966  0.187209         0  0.169258   0.14238  0.156932  0.148411  0.159459  0.144194  0.207567
 0.219625  0.243606  0.257818  0.221292  0.223687   0.21699  0.208123  0.203101  0.209333  0.204448  0.217546  0.211807  0.210363  0.229556  0.212982  0.256316  0.249519  0.236272  0.230472  0.235248  0.223077  0.208603   0.19377  0.169258         0 0.0949938  0.160788  0.149299   0.16348  0.140226  0.205104
 0.232886  0.244893  0.249777  0.204024  0.212746   0.21294  0.199909  0.191454  0.199986  0.202308   0.20347  0.203637  0.199217  0.225864  0.205195  0.240339  0.241817  0.230431  0.222515  0.236379  0.226498   0.19624  0.183068   0.14238 0.0949938         0  0.154776  0.141324  0.149087  0.128817  0.201897
 0.227243  0.237538  0.245762  0.219344  0.224371  0.212811  0.213044  0.218343  0.224141  0.211825  0.208626  0.207048  0.219724  0.231199  0.211034  0.232724  0.244917  0.231168  0.217364  0.229578  0.230838  0.200248  0.197522  0.156932  0.160788  0.154776         0  0.140275  0.140033  0.139143  0.230011
 0.233944  0.245773  0.243621  0.201908  0.208165  0.216547  0.204444   0.20281  0.208983  0.201198  0.215971  0.201033   0.20757  0.233392  0.215392  0.238471  0.253508   0.23767  0.225356  0.237626  0.231803  0.197724  0.199374  0.148411  0.149299  0.141324  0.140275         0  0.131886   0.12665   0.20636
 0.214548  0.228408  0.247152  0.230661  0.224738  0.229056  0.214791  0.214803  0.215856  0.208829  0.225139  0.213131  0.230434  0.239794  0.208444  0.247001  0.251556  0.256352  0.252682  0.249529  0.242698  0.197151    0.1986  0.159459   0.16348  0.149087  0.140033  0.131886         0 0.0677098  0.200534
 0.200537  0.204299   0.21957   0.19961  0.196545  0.192493  0.184085  0.182094  0.183996  0.183436  0.196204  0.185321  0.197739  0.210188  0.183433  0.226106  0.226053  0.220306  0.217013  0.217746  0.210566  0.164349  0.162748  0.144194  0.140226  0.128817  0.139143   0.12665 0.0677098         0  0.179046
 0.265025  0.285291  0.265162  0.237909  0.239569  0.251584  0.241012  0.242939  0.248541  0.238859  0.253241   0.24354  0.249511  0.255529  0.236164  0.267799  0.251534  0.243516  0.240435  0.240124  0.239712  0.216422  0.228252  0.207567  0.205104  0.201897  0.230011   0.20636  0.200534  0.179046         0


Topology counts:
(1,2,(((((((3,13),(((8,9),11),10)),12),(6,7)),(4,5)),14),(15,(((((16,17),((18,19),(20,21))),31),(24,(((25,26),28),(27,(29,30))))),(22,23)))));     1
(1,2,((((((3,13),((((8,9),10),11),12)),(6,7)),(4,5)),14),(15,((((((16,17),((18,19),(20,21))),22),31),(24,((25,26),((27,(29,30)),28)))),23))));     1
(1,2,((((((3,13),((((8,9),11),12),10)),(6,7)),(4,5)),14),(15,(((((16,17),((18,19),(20,21))),(22,31)),(24,((25,26),(27,(28,(29,30)))))),23))));     1
(1,2,(((((3,(((((8,9),11),10),12),13)),(6,7)),(4,5)),14),(15,((((16,17),((18,19),(20,21))),(24,31)),((22,23),((25,26),(27,(28,(29,30)))))))));     1
(1,2,(((((3,(((((8,9),11),12),10),13)),(6,7)),(4,5)),14),(15,(((((16,17),((18,19),(20,21))),31),22),(23,(24,(((25,26),28),(27,(29,30)))))))));     1
(1,2,(((((3,(((8,9),11),((10,12),13))),(6,7)),(4,5)),14),(15,(((((16,17),((18,19),(20,21))),31),(24,((25,26),((27,28),(29,30))))),(22,23)))));     1
(1,2,(((((3,13),(((6,7),(8,9)),(10,(11,12)))),(4,5)),14),(15,(((16,17),((18,19),(20,21))),((22,23),(((24,((25,26),(27,28))),(29,30)),31))))));     1
(1,2,(((((3,13),((6,7),(((8,9),11),(10,12)))),(4,5)),14),(15,(((((16,17),((18,19),(20,21))),22),((((24,27),28),(25,26)),((29,30),31))),23))));     1
(1,2,(((((3,13),((6,7),((8,9),((10,12),11)))),(4,5)),14),(15,(((((16,17),((18,19),(20,21))),31),(24,((25,26),((27,28),(29,30))))),(22,23)))));     1
(1,2,((((3,((((((6,7),(8,9)),12),10),11),13)),(4,5)),14),(15,(((16,17),((18,19),(20,21))),(22,(23,((((24,27),(28,(29,30))),(25,26)),31)))))));     1
(1,2,((((3,((((((6,7),(8,9)),13),12),10),11)),(4,5)),14),(15,(((16,17),((18,19),(20,21))),((22,23),((24,(((25,26),28),(27,(29,30)))),31))))));     1
(1,2,((((3,(((((6,7),(8,9)),10),(11,12)),13)),(4,5)),14),((15,23),((((16,17),((18,19),(20,21))),((24,((25,26),((27,28),(29,30)))),31)),22))));     1
(1,2,((((3,(((((6,7),10),12),((8,9),11)),13)),(4,5)),14),(15,(((((16,17),((18,19),(20,21))),31),(24,((25,26),(27,(28,(29,30)))))),(22,23)))));     1
(1,2,((((3,(((((6,7),10),13),((8,9),11)),12)),(4,5)),14),(15,(((16,17),((18,19),(20,21))),((22,23),(((24,27),(((25,26),28),(29,30))),31))))));     1
(1,2,((((3,(((((6,7),12),10),((8,9),11)),13)),(4,5)),14),(((15,((16,17),((18,19),(20,21)))),((24,((25,26),((27,28),(29,30)))),31)),(22,23))));     1
(1,2,((((3,((((6,7),(((8,9),11),12)),10),13)),(4,5)),14),(15,(((((16,17),((18,19),(20,21))),31),((24,(27,28)),((25,26),(29,30)))),(22,23)))));     1
(1,2,((((3,((((6,7),(10,12)),13),((8,9),11))),(4,5)),14),(15,((((16,17),((18,19),(20,21))),((((24,27),((25,26),28)),(29,30)),31)),(22,23)))));     1
(1,2,((((3,((((6,7),(8,9)),(10,(11,12))),13)),(4,5)),14),(15,(((((16,17),((18,19),(20,21))),31),(24,(((25,26),28),(27,(29,30))))),(22,23)))));     1
(1,2,((((3,((((6,7),(8,9)),10),((11,12),13))),(4,5)),14),(15,(((((16,17),((18,19),(20,21))),31),((24,28),((25,26),(27,(29,30))))),(22,23)))));     1
(1,2,((((3,((((6,7),10),12),(((8,9),11),13))),(4,5)),14),(15,(((((16,17),((18,19),(20,21))),(22,31)),((24,(25,26)),(27,(28,(29,30))))),23))));     1
(1,2,((((3,((((8,9),11),(10,12)),13)),(6,7)),((4,5),14)),(15,((((16,17),((18,19),(20,21))),31),((22,23),((24,((25,26),(27,28))),(29,30)))))));     1
(1,2,((((3,((((8,9),11),13),(10,12))),((4,5),(6,7))),14),(15,(((((16,17),((18,19),(20,21))),31),((24,(27,(28,(29,30)))),(25,26))),(22,23)))));     1
(1,2,((((3,(((6,7),((((8,9),11),10),13)),12)),(4,5)),14),(15,((((16,17),((18,19),(20,21))),22),(23,((24,31),(((25,26),(28,(29,30))),27)))))));     1
(1,2,((((3,(((6,7),((((8,9),11),13),10)),12)),(4,5)),14),(15,(((((16,17),((18,19),(20,21))),31),((24,((27,28),(29,30))),(25,26))),(22,23)))));     1
(1,2,((((3,(((6,7),(((8,9),(10,11)),12)),13)),(4,5)),14),(15,(((16,17),((18,19),(20,21))),((22,23),(((24,(27,28)),((25,26),(29,30))),31))))));     1
(1,2,((((3,(((6,7),(((8,9),(10,11)),13)),12)),(4,5)),14),(15,((((16,17),((18,19),(20,21))),(((24,((27,28),(29,30))),(25,26)),31)),(22,23)))));     1
(1,2,((((3,(((6,7),(((8,9),10),(11,12))),13)),(4,5)),14),(15,((((16,17),((18,19),(20,21))),((24,((25,26),((27,28),(29,30)))),31)),(22,23)))));     1
(1,2,((((3,(((6,7),(((8,9),10),(11,13))),12)),(4,5)),((15,((22,23),((24,(((25,26),(28,(29,30))),31)),27))),((16,17),((18,19),(20,21))))),14));     1
(1,2,((((3,(((6,7),(((8,9),11),(10,12))),13)),(4,5)),14),(15,((((16,17),((18,19),(20,21))),((24,((25,26),(27,(28,(29,30))))),31)),(22,23)))));     1
(1,2,((((3,(((6,7),(((8,9),11),(10,12))),13)),(4,5)),14),(15,(((16,17),((18,19),(20,21))),(((22,23),31),(((24,(25,26)),(27,28)),(29,30)))))));     1
(1,2,((((3,(((6,7),((8,9),((10,12),11))),13)),(4,5)),14),(15,((((((16,17),((18,19),(20,21))),31),(((24,(28,(29,30))),27),(25,26))),22),23))));     1
(1,2,((((3,(((6,7),((8,9),((10,12),11))),13)),(4,5)),14),(15,(((((16,17),((18,19),(20,21))),31),22),(23,((((24,28),(25,26)),27),(29,30)))))));     1
(1,2,((((3,(((6,7),(8,9)),((10,13),(11,12)))),(4,5)),14),(15,(((((16,17),((18,19),(20,21))),31),(22,23)),(24,((25,26),((27,28),(29,30))))))));     1
(1,2,((((3,(((6,7),10),(((8,9),(11,13)),12))),(4,5)),(15,(((((16,17),((18,19),(20,21))),31),((24,((27,28),(29,30))),(25,26))),(22,23)))),14));     1
(1,2,((((3,(((6,7),12),((8,9),((10,13),11)))),(4,5)),14),(15,(((((16,17),((18,19),(20,21))),31),((((24,27),28),(25,26)),(29,30))),(22,23)))));     1
(1,2,((((3,(((6,7),13),(((8,9),11),(10,12)))),(4,5)),14),(15,(((((16,17),((18,19),(20,21))),31),(24,((25,26),(27,(28,(29,30)))))),(22,23)))));     1
(1,2,((((3,((15,((((16,17),((18,19),(20,21))),(22,31)),((24,(25,26)),((27,28),(29,30))))),23)),((6,7),(((8,9),(10,(11,12))),13))),(4,5)),14));     1
(1,2,((((3,((15,((((16,17),((18,19),(20,21))),31),((24,((25,26),28)),(27,(29,30))))),(22,23))),(4,5)),((6,7),((8,9),((10,12),(11,13))))),14));     1
(1,2,((((3,((15,((((16,17),((18,19),(20,21))),31),(24,((((25,26),(29,30)),28),27)))),(22,23))),((6,7),((((8,9),(10,11)),13),12))),(4,5)),14));     1
(1,2,((((3,((15,(((16,17),((18,19),(20,21))),(((24,(27,(28,(29,30)))),(25,26)),31))),(22,23))),((6,7),(((8,9),(10,(11,13))),12))),(4,5)),14));     1
(1,2,((((3,((15,(((22,23),31),((24,28),(((25,26),(29,30)),27)))),((16,17),((18,19),(20,21))))),((6,7),((((8,9),13),11),(10,12)))),(4,5)),14));     1
(1,2,((((3,((15,(22,23)),(((16,17),((18,19),(20,21))),(((24,(27,(28,(29,30)))),(25,26)),31)))),((((6,7),(10,13)),((8,9),11)),12)),(4,5)),14));     1
(1,2,((((3,((15,(23,(24,((((25,26),28),(27,(29,30))),31)))),(((16,17),((18,19),(20,21))),22))),((6,7),((((8,9),11),(10,12)),13))),(4,5)),14));     1
(1,2,((((3,((6,7),(((((8,9),11),10),13),12))),(4,5)),14),(15,(((16,17),((18,19),(20,21))),((22,23),((24,((25,26),(27,(28,(29,30))))),31))))));     1
(1,2,((((3,((6,7),(((((8,9),11),12),10),13))),(4,5)),14),((15,(23,((24,(25,26)),((27,28),(29,30))))),((((16,17),((18,19),(20,21))),31),22))));     1
(1,2,((((3,((6,7),(((((8,9),11),12),10),13))),(4,5)),14),((15,23),((((16,17),((18,19),(20,21))),(((24,(27,(28,(29,30)))),(25,26)),31)),22))));     1
(1,2,((((3,((6,7),(((((8,9),11),12),10),13))),(4,5)),14),(15,(((16,17),((18,19),(20,21))),((22,23),((24,((25,26),((27,28),(29,30)))),31))))));     1
(1,2,((((3,((6,7),(((((8,9),11),13),12),10))),(4,5)),14),((15,((16,17),((18,19),(20,21)))),((22,23),(((24,(25,26)),((27,28),(29,30))),31)))));     1
(1,2,((((3,((6,7),((((8,9),(10,11)),13),12))),(4,5)),14),(15,((((((16,17),((18,19),(20,21))),31),(((24,(27,28)),(25,26)),(29,30))),22),23))));     1
(1,2,((((3,((6,7),((((8,9),(11,12)),10),13))),(4,5)),14),(15,(((((16,17),((18,19),(20,21))),31),((24,((25,26),(28,(29,30)))),27)),(22,23)))));     1
(1,2,((((3,((6,7),((((8,9),(11,12)),10),13))),(4,5)),14),(15,((((16,17),((18,19),(20,21))),(((24,27),((25,26),(28,(29,30)))),31)),(22,23)))));     1
(1,2,((((3,((6,7),((((8,9),(11,12)),10),13))),(4,5)),14),(15,((((16,17),((18,19),(20,21))),((24,((25,26),((27,28),(29,30)))),31)),(22,23)))));     1
(1,2,((((3,((6,7),((((8,9),(11,13)),10),12))),(4,5)),14),(15,(((((16,17),((18,19),(20,21))),31),(24,((25,26),((27,(29,30)),28)))),(22,23)))));     1
(1,2,((((3,((6,7),((((8,9),10),(11,12)),13))),(4,5)),14),(15,((((16,17),((18,19),(20,21))),(((24,(25,26)),(27,(28,(29,30)))),31)),(22,23)))));     1
(1,2,((((3,((6,7),((((8,9),10),(11,13)),12))),(4,5)),14),(15,(((16,17),((18,19),(20,21))),((22,23),((24,31),((25,26),((27,28),(29,30)))))))));     1
(1,2,((((3,((6,7),((((8,9),11),(10,12)),13))),(4,5)),14),((((15,23),(((24,((25,26),(27,28))),(29,30)),31)),((16,17),((18,19),(20,21)))),22)));     1
(1,2,((((3,((6,7),((((8,9),11),12),(10,13)))),(4,5)),14),(15,(((((16,17),((18,19),(20,21))),31),((24,(27,(28,(29,30)))),(25,26))),(22,23)))));     1
(1,2,((((3,((6,7),((((8,9),11),13),(10,12)))),(4,5)),14),(15,(((((16,17),((18,19),(20,21))),31),(24,(((25,26),(28,(29,30))),27))),(22,23)))));     1
(1,2,((((3,((6,7),((((8,9),12),(11,13)),10))),(4,5)),14),(15,((((16,17),((18,19),(20,21))),31),((22,23),((24,(25,26)),(27,(28,(29,30)))))))));     1
(1,2,((((3,((6,7),(((8,9),((10,11),12)),13))),(4,5)),(15,((((((16,17),((18,19),(20,21))),22),23),((24,(27,(28,(29,30)))),(25,26))),31))),14));     1
(1,2,((((3,((6,7),(((8,9),((10,12),11)),13))),(4,5)),14),(15,(((((16,17),((18,19),(20,21))),31),(22,23)),(24,(((25,26),28),(27,(29,30))))))));     1
(1,2,((((3,((6,7),(((8,9),((11,12),13)),10))),(4,5)),14),(15,(((((16,17),((18,19),(20,21))),22),(((24,27),(((25,26),28),(29,30))),31)),23))));     1
(1,2,((((3,((6,7),(((8,9),((11,13),12)),10))),(4,5)),14),(15,((((16,17),((18,19),(20,21))),(((24,((27,28),(29,30))),(25,26)),31)),(22,23)))));     1
(1,2,((((3,((6,7),(((8,9),(10,(11,12))),13))),(4,5)),14),(15,(((16,17),((18,19),(20,21))),((22,23),((24,((27,28),(29,30))),((25,26),31)))))));     1
(1,2,((((3,((6,7),(((8,9),(10,(11,13))),12))),(4,5)),14),(15,((((16,17),((18,19),(20,21))),(((24,(25,26)),((27,28),(29,30))),31)),(22,23)))));     1
(1,2,((((3,((6,7),(((8,9),10),((11,13),12)))),(4,5)),14),(15,(((((16,17),((18,19),(20,21))),31),(24,((25,26),((27,28),(29,30))))),(22,23)))));     1
(1,2,((((3,((6,7),(((8,9),13),((10,12),11)))),(4,5)),14),(15,((((16,17),((18,19),(20,21))),22),((23,(24,((25,26),((27,(29,30)),28)))),31)))));     1
(1,2,((((3,((6,7),((8,9),(((10,12),11),13)))),(4,5)),14),(15,((((((16,17),((18,19),(20,21))),31),(24,((25,26),((27,28),(29,30))))),22),23))));     1
(1,2,((((3,((6,7),((8,9),((10,(11,12)),13)))),(4,5)),14),(15,(((((16,17),((18,19),(20,21))),(((24,(25,26)),(27,(28,(29,30)))),31)),22),23))));     1
(1,2,((((3,((6,7),((8,9),((10,12),(11,13))))),(4,5)),14),(15,(((((16,17),((18,19),(20,21))),31),(22,23)),((((24,28),27),(25,26)),(29,30))))));     1
(1,2,((((3,((6,7),((8,9),(10,((11,12),13))))),(4,5)),14),((15,23),((((16,17),((18,19),(20,21))),22),((24,((25,26),((27,28),(29,30)))),31)))));     1
(1,2,((((3,(15,((((((16,17),((18,19),(20,21))),31),22),(((24,28),(27,(29,30))),(25,26))),23))),(4,5)),((6,7),(((((8,9),11),13),10),12))),14));     1
(1,2,((((3,(15,(((((16,17),((18,19),(20,21))),((((24,(27,28)),(29,30)),(25,26)),31)),22),23))),((6,7),(((8,9),10),((11,13),12)))),(4,5)),14));     1
(1,2,((((3,(15,(((((16,17),((18,19),(20,21))),(((24,(27,(28,(29,30)))),(25,26)),31)),22),23))),((6,7),((((8,9),11),(10,12)),13))),(4,5)),14));     1
(1,2,((((3,(15,(((((16,17),((18,19),(20,21))),(((24,(27,(28,(29,30)))),(25,26)),31)),22),23))),(4,5)),((6,7),((8,9),(10,((11,12),13))))),14));     1
(1,2,((((3,(15,(((((16,17),((18,19),(20,21))),((24,((25,26),((27,(29,30)),28))),31)),22),23))),((6,7),((((8,9),11),(10,13)),12))),(4,5)),14));     1
(1,2,((((3,(15,(((((16,17),((18,19),(20,21))),(22,31)),(((24,(28,(29,30))),(25,26)),27)),23))),((6,7),((8,9),((10,(11,12)),13)))),(4,5)),14));     1
(1,2,((((3,(15,(((((16,17),((18,19),(20,21))),(22,31)),(((24,28),(25,26)),(27,(29,30)))),23))),((6,7),(((((8,9),11),13),10),12))),(4,5)),14));     1
(1,2,((((3,(15,(((((16,17),((18,19),(20,21))),31),((24,(27,(28,(29,30)))),(25,26))),(22,23)))),(((6,7),(((8,9),13),(10,12))),11)),(4,5)),14));     1
(1,2,((((3,(15,(((((16,17),((18,19),(20,21))),31),(24,(((25,26),(27,(29,30))),28))),(22,23)))),((6,7),(((8,9),((11,13),12)),10))),(4,5)),14));     1
(1,2,((((3,(15,(((((16,17),((18,19),(20,21))),31),(24,((25,26),((27,28),(29,30))))),(22,23)))),(((6,7),(8,9)),(((10,11),12),13))),(4,5)),14));     1
(1,2,((((3,(15,((((16,17),((18,19),(20,21))),((((24,((25,26),28)),27),(29,30)),31)),(22,23)))),((6,7),((8,9),((10,13),(11,12))))),(4,5)),14));     1
(1,2,((((3,(15,((((16,17),((18,19),(20,21))),(((24,((27,28),(29,30))),(25,26)),31)),(22,23)))),((6,7),((((8,9),11),13),(10,12)))),(4,5)),14));     1
(1,2,((((3,(15,((((16,17),((18,19),(20,21))),((22,31),((24,(25,26)),((27,28),(29,30))))),23))),((6,7),(((((8,9),11),10),13),12))),(4,5)),14));     1
(1,2,((((3,(15,((((16,17),((18,19),(20,21))),((24,(((25,26),(27,(29,30))),28)),31)),(22,23)))),((6,7),((8,9),((10,13),(11,12))))),(4,5)),14));     1
(1,2,((((3,(15,((((16,17),((18,19),(20,21))),((24,((25,26),((27,28),(29,30)))),31)),(22,23)))),((6,7),((((8,9),(11,13)),10),12))),(4,5)),14));     1
(1,2,((((3,(15,((((16,17),((18,19),(20,21))),((24,((25,26),((27,28),(29,30)))),31)),(22,23)))),((6,7),((((8,9),11),(10,13)),12))),(4,5)),14));     1
(1,2,((((3,(15,((((16,17),((18,19),(20,21))),((24,((25,26),((27,28),(29,30)))),31)),(22,23)))),((6,7),(((8,9),((10,11),12)),13))),(4,5)),14));     1
(1,2,((((3,(15,((((16,17),((18,19),(20,21))),((24,((25,26),(27,(28,(29,30))))),31)),(22,23)))),((6,7),((8,9),((10,12),(11,13))))),(4,5)),14));     1
(1,2,((((3,(15,((((16,17),((18,19),(20,21))),(24,((25,26),(27,(28,(29,30)))))),((22,23),31)))),(4,5)),((6,7),(((8,9),((10,11),12)),13))),14));     1
(1,2,((((3,(15,(((16,17),((18,19),(20,21))),((22,23),(((24,28),(((25,26),27),(29,30))),31))))),((6,7),((8,9),(((10,12),11),13)))),(4,5)),14));     1
(1,2,((((3,(15,(((16,17),((18,19),(20,21))),((22,23),((24,((25,26),(27,(28,(29,30))))),31))))),((((6,7),10),(((8,9),13),11)),12)),(4,5)),14));     1
(1,2,((((3,(15,(((16,17),((18,19),(20,21))),((22,23),((24,((25,26),(27,(28,(29,30))))),31))))),(((6,7),(((8,9),11),(10,12))),13)),(4,5)),14));     1
(1,2,((((3,(15,(((16,17),((18,19),(20,21))),((22,23),((24,31),(((25,26),28),(27,(29,30)))))))),((6,7),((((8,9),11),13),(10,12)))),(4,5)),14));     1
(1,2,((((3,(4,5)),((((6,7),10),13),((8,9),(11,12)))),14),(15,((((16,17),((18,19),(20,21))),31),((22,23),(24,((25,26),((27,28),(29,30)))))))));     1
(1,2,((((3,(4,5)),(((6,7),((((8,9),11),12),10)),13)),14),(15,(((((16,17),((18,19),(20,21))),31),22),(23,(((24,(27,28)),(25,26)),(29,30)))))));     1
(1,2,((((3,(4,5)),(((6,7),((8,9),((10,11),13))),12)),14),(15,(((((16,17),((18,19),(20,21))),31),(((24,(27,28)),(25,26)),(29,30))),(22,23)))));     1
(1,2,((((3,(4,5)),(((6,7),13),((8,9),((10,12),11)))),14),(15,(((((16,17),((18,19),(20,21))),((((24,27),(28,(29,30))),(25,26)),31)),22),23))));     1
(1,2,((((3,(4,5)),((6,7),(((((8,9),11),12),10),13))),14),(15,((((16,17),((18,19),(20,21))),(((24,(25,26)),(27,(28,(29,30)))),31)),(22,23)))));     1
(1,2,((((3,(4,5)),((6,7),(((((8,9),13),11),10),12))),14),((15,((22,23),(((24,(27,28)),(25,26)),((29,30),31)))),((16,17),((18,19),(20,21))))));     1
(1,2,((((3,(4,5)),((6,7),((((8,9),(10,11)),12),13))),14),(15,(((((16,17),((18,19),(20,21))),31),(((24,(25,26)),27),(28,(29,30)))),(22,23)))));     1
(1,2,((((3,(4,5)),((6,7),((((8,9),(11,12)),10),13))),14),((15,(((22,31),23),(24,((25,26),((27,28),(29,30)))))),((16,17),((18,19),(20,21))))));     1
(1,2,((((3,(4,5)),((6,7),((((8,9),(11,12)),10),13))),14),(15,(((((16,17),((18,19),(20,21))),31),((24,((27,28),(29,30))),(25,26))),(22,23)))));     1
(1,2,((((3,(4,5)),((6,7),((((8,9),10),12),(11,13)))),14),(15,(((((16,17),((18,19),(20,21))),22),((((24,(27,28)),(29,30)),(25,26)),31)),23))));     1
(1,2,((((3,(4,5)),((6,7),((((8,9),11),(10,12)),13))),14),((15,((16,17),((18,19),(20,21)))),(((22,31),23),(24,(((25,26),(27,28)),(29,30)))))));     1
(1,2,((((3,(4,5)),((6,7),((((8,9),11),(10,12)),13))),14),((15,23),((((16,17),((18,19),(20,21))),(((24,(25,26)),((27,(29,30)),28)),31)),22))));     1
(1,2,((((3,(4,5)),((6,7),((((8,9),11),(10,13)),12))),14),(15,((((((16,17),((18,19),(20,21))),31),22),((24,((27,28),(29,30))),(25,26))),23))));     1
(1,2,((((3,(4,5)),((6,7),((((8,9),11),12),(10,13)))),14),(15,((((((16,17),((18,19),(20,21))),22),31),23),(24,((25,26),((27,28),(29,30))))))));     1
(1,2,((((3,(4,5)),((6,7),((((8,9),11),13),(10,12)))),14),(15,((((16,17),((18,19),(20,21))),(((24,((27,28),(29,30))),(25,26)),31)),(22,23)))));     1
(1,2,((((3,(4,5)),((6,7),((((8,9),11),13),(10,12)))),14),(15,((((16,17),((18,19),(20,21))),((24,(((25,26),(27,28)),(29,30))),31)),(22,23)))));     1
(1,2,((((3,(4,5)),((6,7),((((8,9),12),(10,11)),13))),14),(((15,23),((22,31),((24,(25,26)),((27,28),(29,30))))),((16,17),((18,19),(20,21))))));     1
(1,2,((((3,(4,5)),((6,7),(((8,9),(10,12)),(11,13)))),14),((15,23),((((16,17),((18,19),(20,21))),(22,31)),(24,((25,26),((27,28),(29,30))))))));     1
(1,2,((((3,(4,5)),((6,7),(((8,9),(10,12)),(11,13)))),14),(15,(((16,17),((18,19),(20,21))),((22,23),((((24,(28,(29,30))),27),(25,26)),31))))));     1
(1,2,((((3,(4,5)),((6,7),(((8,9),(11,12)),(10,13)))),14),(15,((((16,17),((18,19),(20,21))),((24,(((25,26),(27,28)),(29,30))),31)),(22,23)))));     1
(1,2,((((3,(4,5)),((6,7),(((8,9),(11,13)),(10,12)))),14),(15,((((16,17),((18,19),(20,21))),((((24,28),(27,(29,30))),(25,26)),31)),(22,23)))));     1
(1,2,((((3,(4,5)),((6,7),(((8,9),11),((10,12),13)))),14),(15,((((((16,17),((18,19),(20,21))),31),(24,((25,26),((27,28),(29,30))))),22),23))));     1
(1,2,((((3,(4,5)),((6,7),(((8,9),11),((10,12),13)))),14),(15,(((((16,17),((18,19),(20,21))),31),(24,(((25,26),(27,28)),(29,30)))),(22,23)))));     1
(1,2,((((3,(4,5)),((6,7),(((8,9),11),((10,12),13)))),14),(15,(((16,17),((18,19),(20,21))),((22,23),(((24,((27,(29,30)),28)),(25,26)),31))))));     1
(1,2,((((3,(4,5)),((6,7),(((8,9),11),(10,(12,13))))),(15,(((((16,17),((18,19),(20,21))),((24,(((25,26),(27,28)),(29,30))),31)),22),23))),14));     1
(1,2,((((3,(4,5)),((6,7),(((8,9),13),((10,12),11)))),14),(15,(((((16,17),((18,19),(20,21))),31),(24,((25,26),((27,(29,30)),28)))),(22,23)))));     1
(1,2,((((3,(4,5)),((6,7),((8,9),((10,(11,12)),13)))),14),(15,(((((16,17),((18,19),(20,21))),31),(24,((25,26),(27,(28,(29,30)))))),(22,23)))));     1
(1,2,((((3,(4,5)),((6,7),((8,9),(10,((11,13),12))))),14),(15,((((16,17),((18,19),(20,21))),((24,((25,26),(27,(28,(29,30))))),31)),(22,23)))));     1
(1,2,(((3,((((6,7),(8,9)),(10,12)),(11,13))),((4,5),14)),(15,(((16,17),((18,19),(20,21))),(22,(23,((24,31),((25,26),((27,28),(29,30))))))))));     1
(1,2,(((3,(((15,((((24,27),((25,26),28)),(29,30)),31)),(22,23)),((16,17),((18,19),(20,21))))),((4,5),((6,7),(((8,9),11),((10,13),12))))),14));     1
(1,2,(((3,(((15,(((16,17),((18,19),(20,21))),31)),(22,23)),((24,(25,26)),((27,28),(29,30))))),((4,5),((6,7),((((8,9),11),(10,13)),12)))),14));     1
(1,2,(((3,(((15,((24,((25,26),(27,(28,(29,30))))),31)),((16,17),((18,19),(20,21)))),(22,23))),(((4,5),(6,7)),((8,9),(((10,12),13),11)))),14));     1
