
Alignment summary:
Dolphin1: A=350 C=336 G=144 T=310
Dolphin2: A=350 C=332 G=145 T=313
giant sperm whale: A=353 C=365 G=144 T=278
bowhead whale: A=340 C=357 G=149 T=294
right whale: A=347 C=354 G=144 T=295
minke whale: A=345 C=352 G=149 T=294
Antarctic minke whale: A=349 C=357 G=147 T=287
sei whale: A=348 C=355 G=147 T=290
Bryde's whale: A=348 C=355 G=146 T=291
fin whale: A=344 C=356 G=149 T=291
blue whale: A=341 C=351 G=153 T=295
humpback whale: A=351 C=356 G=146 T=287
California whale: A=342 C=362 G=151 T=285
Pygmy right whale: A=339 C=342 G=151 T=308
Hippo: A=340 C=367 G=157 T=276
Camel dromedary: A=335 C=315 G=170 T=320
Camel bactrianus: A=331 C=320 G=171 T=318
 Camel llama: A=335 C=312 G=160 T=333
Camel Llama: A=338 C=317 G=158 T=327
Camel pacos: A=329 C=319 G=167 T=325
Camel vicuna: A=338 C=316 G=161 T=325
Pig: A=359 C=328 G=150 T=303
Peccary: A=360 C=349 G=144 T=287
Cow: A=356 C=344 G=153 T=287
Sheep: A=359 C=322 G=148 T=311
Goat: A=365 C=331 G=146 T=298
Black-tailed deer: A=352 C=321 G=149 T=318
Giraffe: A=357 C=327 G=149 T=307
Fallow: A=365 C=311 G=149 T=315
Pronghorn: A=371 C=340 G=147 T=282
Chevrotain: A=335 C=325 G=172 T=308

Jukes-Cantor Distance Matrix:

        0 0.0631085  0.197563  0.160807  0.158637  0.168455  0.162984  0.165168  0.167358  0.176181  0.170654  0.159721  0.171757  0.169554  0.224289  0.255695  0.255695  0.269388  0.269388  0.279506  0.273167  0.223107  0.239828  0.238621  0.227847  0.244674  0.233813  0.241036  0.220749  0.211388  0.270646
0.0631085         0  0.206752  0.177292  0.176181  0.180632  0.178404  0.178404  0.180632  0.189614  0.181749   0.17286  0.190745  0.179517  0.227847  0.275696  0.278234  0.259405  0.253232  0.273167  0.269388  0.230228  0.249552  0.259405  0.249552  0.255695  0.241036  0.250777  0.232616  0.212552  0.287186
 0.197563  0.206752         0  0.170654  0.166262  0.180632  0.169554  0.168455  0.179517  0.162984  0.180632  0.170654  0.156472   0.19985  0.238621  0.269388  0.265629  0.270646  0.269388  0.273167  0.271905   0.24346  0.237416  0.237416  0.271905  0.265629  0.255695  0.253232  0.254462  0.231421   0.27443
 0.160807  0.177292  0.170654         0 0.0517447  0.110368  0.104295  0.119571  0.116491  0.121631  0.123697  0.107326  0.106314  0.126807  0.224289   0.25693   0.25693   0.25693   0.25693   0.26688  0.258166  0.237416  0.218398  0.221927  0.236213  0.218398  0.229036  0.210226  0.239828  0.212552  0.245891
 0.158637  0.176181  0.166262 0.0517447         0  0.113423  0.104295  0.114444  0.117516  0.107326  0.111385  0.103288  0.101277  0.128888  0.213718   0.24346  0.247109  0.252003  0.252003  0.260645  0.258166  0.218398  0.218398  0.226659  0.238621  0.227847  0.233813  0.216054  0.231421  0.207908   0.24833
 0.168455  0.180632  0.180632  0.110368  0.113423         0 0.0479946 0.0982712  0.102282 0.0932878  0.111385 0.0962739 0.0962739  0.132019  0.221927  0.278234  0.260645  0.261888  0.254462  0.265629   0.26438  0.223107  0.213718  0.237416  0.227847  0.225473  0.219572  0.224289  0.235012  0.202143  0.255695
 0.162984  0.178404  0.169554  0.104295  0.104295 0.0479946         0 0.0834192 0.0873511 0.0844003 0.0982712 0.0922951 0.0834192  0.128888  0.207908  0.261888  0.258166  0.260645  0.253232  0.255695  0.250777  0.213718  0.203293  0.218398  0.220749  0.213718  0.221927  0.213718  0.221927  0.194146  0.247109
 0.165168  0.178404  0.168455  0.119571  0.114444 0.0982712 0.0834192         0 0.0387008 0.0756168 0.0765877 0.0844003 0.0795079   0.12993  0.211388   0.26688  0.253232  0.254462  0.249552  0.249552  0.249552  0.221927  0.210226  0.214885  0.217225  0.205597  0.231421  0.214885  0.224289  0.194146  0.252003
 0.167358  0.180632  0.179517  0.116491  0.117516  0.102282 0.0873511 0.0387008         0 0.0785332 0.0853826 0.0804838 0.0795079  0.127847  0.210226  0.258166   0.24833   0.25693  0.254462   0.25693  0.252003  0.223107  0.211388  0.226659  0.224289  0.216054  0.237416  0.220749  0.225473  0.196422  0.258166
 0.176181  0.189614  0.162984  0.121631  0.107326 0.0932878 0.0844003 0.0756168 0.0785332         0  0.081461 0.0736788 0.0746472  0.142553  0.220749  0.260645  0.247109  0.249552  0.247109  0.241036  0.237416  0.218398  0.214885  0.230228  0.217225  0.217225  0.221927  0.211388  0.216054  0.194146  0.245891
 0.170654  0.181749  0.180632  0.123697  0.111385  0.111385 0.0982712 0.0765877 0.0853826  0.081461         0  0.081461 0.0795079   0.12993  0.223107  0.263133   0.25693   0.25693  0.259405  0.254462   0.24833  0.212552  0.217225  0.230228  0.231421  0.217225  0.218398  0.226659  0.232616  0.207908  0.259405
 0.159721   0.17286  0.170654  0.107326  0.103288 0.0962739 0.0922951 0.0844003 0.0804838 0.0736788  0.081461         0 0.0804838  0.125769  0.220749  0.263133  0.253232  0.260645  0.255695   0.25693  0.252003  0.205597  0.202143  0.230228  0.227847  0.219572  0.218398  0.212552  0.223107  0.197563  0.252003
 0.171757  0.190745  0.156472  0.106314  0.101277 0.0962739 0.0834192 0.0795079 0.0795079 0.0746472 0.0795079 0.0804838         0  0.132019  0.217225  0.258166  0.250777  0.254462  0.254462   0.24833  0.250777  0.219572  0.226659  0.231421  0.225473  0.214885  0.232616  0.219572  0.241036  0.211388  0.258166
 0.169554  0.179517   0.19985  0.126807  0.128888  0.132019  0.128888   0.12993  0.127847  0.142553   0.12993  0.125769  0.132019         0  0.225473   0.26688  0.259405  0.254462   0.25693  0.270646  0.265629  0.232616  0.238621  0.244674  0.241036  0.238621  0.238621  0.241036  0.245891  0.219572  0.259405
 0.224289  0.227847  0.238621  0.224289  0.213718  0.221927  0.207908  0.211388  0.210226  0.220749  0.223107  0.220749  0.217225  0.225473         0  0.244674  0.252003  0.260645  0.258166  0.261888   0.24833  0.230228  0.206752  0.217225  0.231421  0.225473  0.224289  0.230228  0.220749  0.198706   0.24833
 0.255695  0.275696  0.269388   0.25693   0.24346  0.278234  0.261888   0.26688  0.258166  0.260645  0.263133  0.263133  0.258166   0.26688  0.244674         0  0.101277  0.179517  0.170654  0.173966  0.171757  0.244674  0.265629   0.24346  0.261888   0.24833  0.233813  0.242247  0.250777  0.236213  0.269388
 0.255695  0.278234  0.265629   0.25693  0.247109  0.260645  0.258166  0.253232   0.24833  0.247109   0.25693  0.253232  0.250777  0.259405  0.252003  0.101277         0  0.168455  0.159721  0.164075  0.161895  0.230228  0.254462   0.24833  0.254462  0.249552  0.247109   0.25693  0.255695  0.235012  0.250777
 0.269388  0.259405  0.270646   0.25693  0.252003  0.261888  0.260645  0.254462   0.25693  0.249552   0.25693  0.260645  0.254462  0.254462  0.260645  0.179517  0.168455         0 0.0168546 0.0650193 0.0659766  0.250777  0.250777  0.236213  0.242247  0.239828  0.232616  0.239828  0.260645  0.229036  0.244674
 0.269388  0.253232  0.269388   0.25693  0.252003  0.254462  0.253232  0.249552  0.254462  0.247109  0.259405  0.255695  0.254462   0.25693  0.258166  0.170654  0.159721 0.0168546         0 0.0602514 0.0631085  0.236213   0.24346  0.231421  0.237416  0.232616  0.219572  0.227847  0.258166  0.226659   0.24346
 0.279506  0.273167  0.273167   0.26688  0.260645  0.265629  0.255695  0.249552   0.25693  0.241036  0.254462   0.25693   0.24833  0.270646  0.261888  0.173966  0.164075 0.0650193 0.0602514         0 0.0195509  0.241036  0.254462  0.239828  0.238621   0.24346  0.231421  0.238621  0.253232  0.226659   0.24346
 0.273167  0.269388  0.271905  0.258166  0.258166   0.26438  0.250777  0.249552  0.252003  0.237416   0.24833  0.252003  0.250777  0.265629   0.24833  0.171757  0.161895 0.0659766 0.0631085 0.0195509         0  0.236213  0.249552  0.237416  0.227847  0.235012  0.232616  0.235012  0.247109  0.219572   0.24346
 0.223107  0.230228   0.24346  0.237416  0.218398  0.223107  0.213718  0.221927  0.223107  0.218398  0.212552  0.205597  0.219572  0.232616  0.230228  0.244674  0.230228  0.250777  0.236213  0.241036  0.236213         0  0.187359  0.226659  0.216054  0.206752  0.207908  0.206752  0.206752  0.176181  0.223107
 0.239828  0.249552  0.237416  0.218398  0.218398  0.213718  0.203293  0.210226  0.211388  0.214885  0.217225  0.202143  0.226659  0.238621  0.206752  0.265629  0.254462  0.250777   0.24346  0.254462  0.249552  0.187359         0  0.202143  0.207908   0.19985  0.209066  0.212552  0.210226  0.176181  0.241036
 0.238621  0.259405  0.237416  0.221927  0.226659  0.237416  0.218398  0.214885  0.226659  0.230228  0.230228  0.230228  0.231421  0.244674  0.217225   0.24346   0.24833  0.236213  0.231421  0.239828  0.237416  0.226659  0.202143         0  0.186234  0.156472  0.170654  0.162984  0.171757  0.157554  0.219572
 0.227847  0.249552  0.271905  0.236213  0.238621  0.227847  0.220749  0.217225  0.224289  0.217225  0.231421  0.227847  0.225473  0.241036  0.231421  0.261888  0.254462  0.242247  0.237416  0.238621  0.227847  0.216054  0.207908  0.186234         0  0.105304   0.17286  0.160807   0.17286  0.151088  0.214885
 0.244674  0.255695  0.265629  0.218398  0.227847  0.225473  0.213718  0.205597  0.216054  0.217225  0.217225  0.219572  0.214885  0.238621  0.225473   0.24833  0.249552  0.239828  0.232616   0.24346  0.235012  0.206752   0.19985  0.156472  0.105304         0  0.167358  0.154314  0.159721  0.140434  0.211388
 0.233813  0.241036  0.255695  0.229036  0.233813  0.219572  0.221927  0.231421  0.237416  0.221927  0.218398  0.218398  0.232616  0.238621  0.224289  0.233813  0.247109  0.232616  0.219572  0.231421  0.232616  0.207908  0.209066  0.170654   0.17286  0.167358         0  0.151088  0.148945  0.150016  0.236213
 0.241036  0.250777  0.253232  0.210226  0.216054  0.224289  0.213718  0.214885  0.220749  0.211388  0.226659  0.212552  0.219572  0.241036  0.230228  0.242247   0.25693  0.239828  0.227847  0.238621  0.235012  0.206752  0.212552  0.162984  0.160807  0.154314  0.151088         0  0.143615  0.139377  0.211388
 0.220749  0.232616  0.254462  0.239828  0.231421  0.235012  0.221927  0.224289  0.225473  0.216054  0.232616  0.223107  0.241036  0.245891  0.220749  0.250777  0.255695  0.260645  0.258166  0.253232  0.247109  0.206752  0.210226  0.171757   0.17286  0.159721  0.148945  0.143615         0 0.0736788  0.205597
 0.211388  0.212552  0.231421  0.212552  0.207908  0.202143  0.194146  0.194146  0.196422  0.194146  0.207908  0.197563  0.211388  0.219572  0.198706  0.236213  0.235012  0.229036  0.226659  0.226659  0.219572  0.176181  0.176181  0.157554  0.151088  0.140434  0.150016  0.139377 0.0736788         0  0.188486
 0.270646  0.287186   0.27443  0.245891   0.24833  0.255695  0.247109  0.252003  0.258166  0.245891  0.259405  0.252003  0.258166  0.259405   0.24833  0.269388  0.250777  0.244674   0.24346   0.24346   0.24346  0.223107  0.241036  0.219572  0.214885  0.211388  0.236213  0.211388  0.205597  0.188486         0

Seed = 1644076782
stationary acceptance: 0.220444
symmetric acceptance: 0.225497
0.229202 0.196927 0.193241 0.380629
  0.150019   0.219049  0.0577789  0.0143981    0.55118 0.00757608

 -0.931156   0.327262    0.47785   0.126043
  0.380898   -1.81691   0.036557    1.39945
  0.566775  0.0372543  -0.623632  0.0196027
 0.0758991   0.724037 0.00995204  -0.809888

stationary acceptance: 0.244255
symmetric acceptance: 0.202884
0.224745 0.198733 0.190428 0.386095
  0.153091   0.210929  0.0561404  0.0120408   0.562481 0.00531834

 -0.934749   0.340588   0.469263   0.124898
  0.385167   -1.83063  0.0302941    1.41517
  0.553828  0.0316153  -0.599408  0.0139642
 0.0727028   0.728423 0.00688734  -0.808013

GTR Distance Matrix:

        0 0.0572435  0.180834  0.147589  0.145234  0.155461  0.148937  0.151654  0.153359  0.161762  0.156771  0.145459   0.15627   0.15763  0.209698  0.250271  0.251994  0.268651  0.266283  0.276226  0.270268  0.215326  0.227829  0.225255  0.219442  0.232698  0.227059  0.233702  0.214342  0.200386  0.264767
0.0572435         0  0.191711  0.163799  0.162643  0.168288  0.164815  0.165389  0.167226  0.175519   0.16865  0.158883  0.175316  0.168813  0.214975  0.273666  0.276789  0.260962  0.252325  0.272448  0.268112  0.224605  0.238505   0.24778  0.243402  0.244714  0.237322  0.245524  0.228216  0.204139  0.284999
 0.180834  0.191711         0  0.151402  0.147488  0.162993  0.151585  0.150169  0.159701  0.146307  0.161352  0.152034  0.139848  0.180048  0.218406  0.257665  0.255266  0.262452  0.259641  0.265029  0.262801  0.231719  0.222663  0.221324  0.257579  0.249561  0.245536  0.243322  0.246882  0.219362   0.26486
 0.147589  0.163799  0.151402         0 0.0454466 0.0975971 0.0916765  0.105239  0.102558  0.106899  0.108861 0.0942369 0.0934523  0.111991  0.206363  0.247304  0.249533  0.249874  0.248022  0.258006  0.249685  0.225184  0.205697  0.206146  0.221124   0.20386   0.21915  0.201691  0.230431  0.199431  0.237694
 0.145234  0.162643  0.147488 0.0454466         0   0.10045 0.0917833  0.100832  0.103506 0.0945376  0.098239 0.0908332 0.0890496  0.113908  0.197619  0.236701  0.242048  0.247959  0.246109  0.254494  0.252467  0.208958  0.206526  0.210658  0.223517  0.212565   0.22416   0.20795  0.224518  0.196354  0.239345
 0.155461  0.168288  0.162993 0.0975971   0.10045         0 0.0424471 0.0869463 0.0903489  0.082344 0.0983152 0.0848293 0.0850943  0.117609  0.205998  0.272791  0.257053  0.259527  0.250475  0.261085  0.260712  0.215816  0.203995  0.223307  0.216801  0.212748  0.212624  0.216343   0.22885  0.192321  0.251332
 0.148937  0.164815  0.151585 0.0916765 0.0917833 0.0424471         0 0.0733242 0.0766552 0.0739783 0.0861637 0.0806783 0.0732402  0.114034  0.191807  0.254251  0.251791  0.254347  0.245467   0.24902  0.244379  0.204974  0.191077  0.202855  0.207951  0.199737  0.212876  0.204249  0.214593  0.183923   0.24079
 0.151654  0.165389  0.150169  0.105239  0.100832 0.0869463 0.0733242         0 0.0339328 0.0664576  0.067352 0.0739627 0.0698997  0.115903  0.193736  0.258162  0.247362  0.246976  0.240539  0.240736  0.240819  0.210577  0.196646  0.197987  0.202961  0.191313  0.218182  0.202648  0.214625  0.181941  0.242702
 0.153359  0.167226  0.159701  0.102558  0.103506 0.0903489 0.0766552 0.0339328         0 0.0689983 0.0750318  0.070628 0.0699981  0.113614  0.191822  0.250538   0.24243  0.248404  0.244261  0.246893  0.242299   0.21131  0.196685   0.20823  0.209188  0.199863  0.223986  0.208812  0.215678  0.183854  0.248289
 0.161762  0.175519  0.146307  0.106899 0.0945376  0.082344 0.0739783 0.0664576 0.0689983         0 0.0715709 0.0645617 0.0656408  0.126541   0.20137   0.25338  0.241721  0.244225  0.240103  0.234312  0.231242  0.207702  0.200742  0.212668  0.204292   0.20218  0.211661  0.201021  0.208639  0.183289  0.238574
 0.156771   0.16865  0.161352  0.108861  0.098239 0.0983152 0.0861637  0.067352 0.0750318 0.0715709         0 0.0714198 0.0698877  0.115627  0.204575  0.256893  0.252055  0.252601  0.253061  0.248786  0.242871   0.20373  0.203904  0.213685   0.21738  0.203327  0.208478  0.215802  0.224934  0.196058   0.25297
 0.145459  0.158883  0.152034 0.0942369 0.0908332 0.0848293 0.0806783 0.0739627  0.070628 0.0645617 0.0714198         0  0.070606   0.11149   0.20183  0.255113   0.24617  0.253794  0.247253  0.248051  0.243645   0.19561  0.188066  0.211979  0.211664  0.203498  0.206906  0.200869  0.212956  0.185176  0.243255
  0.15627  0.175316  0.139848 0.0934523 0.0890496 0.0850943 0.0732402 0.0698997 0.0699981 0.0656408 0.0698877  0.070606         0  0.116942  0.196853  0.250051  0.244102  0.249043  0.247188  0.240936   0.24345   0.20829  0.210723  0.212795  0.210227  0.199082  0.219571  0.207402  0.230253  0.197595  0.249253
  0.15763  0.168813  0.180048  0.111991  0.113908  0.117609  0.114034  0.115903  0.113614  0.126541  0.115627   0.11149  0.116942         0  0.209444  0.261059  0.255834  0.251391  0.251922  0.265461  0.260224  0.225613  0.228079  0.229638  0.229369   0.22566  0.230987   0.23314   0.23956      0.21  0.255262
 0.209698  0.214975  0.218406  0.206363  0.197619  0.205998  0.191807  0.193736  0.191822   0.20137  0.204575   0.20183  0.196853  0.209444         0  0.232247  0.239313  0.246945  0.242703  0.248205  0.235616  0.213711  0.188763  0.199356  0.212831  0.205088  0.210901  0.215211  0.208278  0.183298  0.235963
 0.250271  0.273666  0.257665  0.247304  0.236701  0.272791  0.254251  0.258162  0.250538   0.25338  0.256893  0.255113  0.250051  0.261059  0.232247         0 0.0922759  0.168679  0.159732   0.16345  0.161058   0.23571  0.254691   0.23571  0.256102  0.240138  0.232452  0.238221   0.24677  0.225935   0.26753
 0.251994  0.276789  0.255266  0.249533  0.242048  0.257053  0.251791  0.247362   0.24243  0.241721  0.252055   0.24617  0.244102  0.255834  0.239313 0.0922759         0  0.156697  0.147995  0.152951  0.150737  0.223995  0.244924   0.23848  0.249309  0.241636  0.244659  0.253248  0.251333  0.225865  0.251259
 0.268651  0.260962  0.262452  0.249874  0.247959  0.259527  0.254347  0.246976  0.248404  0.244225  0.252601  0.253794  0.249043  0.251391  0.246945  0.168679  0.156697         0  0.015343 0.0595386 0.0604875  0.241146  0.242383  0.225717  0.236072   0.23026  0.230949   0.23744  0.256153  0.220151  0.243286
 0.266283  0.252325  0.259641  0.248022  0.246109  0.250475  0.245467  0.240539  0.244261  0.240103  0.253061  0.247253  0.247188  0.251922  0.242703  0.159732  0.147995  0.015343         0 0.0550324 0.0577074  0.226874  0.234315  0.220705  0.230292  0.222365   0.21715  0.225128  0.252489  0.216863  0.240215
 0.276226  0.272448  0.265029  0.258006  0.254494  0.261085   0.24902  0.240736  0.246893  0.234312  0.248786  0.248051  0.240936  0.265461  0.248205   0.16345  0.152951 0.0595386 0.0550324         0 0.0178606  0.232376  0.245705   0.23051  0.235036   0.23619  0.229336  0.237354   0.24932  0.217592  0.239881
 0.270268  0.268112  0.262801  0.249685  0.252467  0.260712  0.244379  0.240819  0.242299  0.231242  0.242871  0.243645   0.24345  0.260224  0.235616  0.161058  0.150737 0.0604875 0.0577074 0.0178606         0  0.228634  0.240501   0.22625  0.222896  0.226326  0.230595   0.23157  0.242487  0.210408  0.239483
 0.215326  0.224605  0.231719  0.225184  0.208958  0.215816  0.204974  0.210577   0.21131  0.207702   0.20373   0.19561   0.20829  0.225613  0.213711   0.23571  0.223995  0.241146  0.226874  0.232376  0.228634         0  0.173349  0.211807  0.208474  0.196131  0.200084  0.197586   0.19704  0.164257  0.216235
 0.227829  0.238505  0.222663  0.205697  0.206526  0.203995  0.191077  0.196646  0.196685  0.200742  0.203904  0.188066  0.210723  0.228079  0.188763  0.254691  0.244924  0.242383  0.234315  0.245705  0.240501  0.173349         0  0.187081  0.193649  0.182964  0.197391   0.19924  0.198466  0.162649  0.228077
 0.225255   0.24778  0.221324  0.206146  0.210658  0.223307  0.202855  0.197987   0.20823  0.212668  0.213685  0.211979  0.212795  0.229638  0.199356   0.23571   0.23848  0.225717  0.220705   0.23051   0.22625  0.211807  0.187081         0  0.169168  0.142322  0.156844   0.14833  0.159363  0.144095  0.207393
 0.219442  0.243402  0.257579  0.221124  0.223517  0.216801  0.207951  0.202961  0.209188  0.204292   0.21738  0.211664  0.210227  0.229369  0.212831  0.256102  0.249309  0.236072  0.230292  0.235036  0.222896  0.208474  0.193649  0.169168         0 0.0949643  0.160712  0.149221  0.163369  0.140156  0.204953
 0.232698  0.244714  0.249561   0.20386  0.212565  0.212748  0.199737  0.191313  0.199863   0.20218  0.203327  0.203498  0.199082   0.22566  0.205088  0.240138  0.241636   0.23026  0.222365   0.23619  0.226326  0.196131  0.182964  0.142322 0.0949643         0  0.154687  0.141247  0.148999  0.128749  0.201767
 0.227059  0.237322  0.245536   0.21915   0.22416  0.212624  0.212876  0.218182  0.223986  0.211661  0.208478  0.206906  0.219571  0.230987  0.210901  0.232452  0.244659  0.230949   0.21715  0.229336  0.230595  0.200084  0.197391  0.156844  0.160712  0.154687         0  0.140204  0.139947  0.139055  0.229811
 0.233702  0.245524  0.243322  0.201691   0.20795  0.216343  0.204249  0.202648  0.208812  0.201021  0.215802  0.200869  0.207402   0.23314  0.215211  0.238221  0.253248   0.23744  0.225128  0.237354   0.23157  0.197586   0.19924   0.14833  0.149221  0.141247  0.140204         0  0.131836  0.126603    0.2062
 0.214342  0.228216  0.246882  0.230431  0.224518   0.22885  0.214593  0.214625  0.215678  0.208639  0.224934  0.212956  0.230253   0.23956  0.208278   0.24677  0.251333  0.256153  0.252489   0.24932  0.242487   0.19704  0.198466  0.159363  0.163369  0.148999  0.139947  0.131836         0 0.0676803  0.200386
 0.200386  0.204139  0.219362  0.199431  0.196354  0.192321  0.183923  0.181941  0.183854  0.183289  0.196058  0.185176  0.197595      0.21  0.183298  0.225935  0.225865  0.220151  0.216863  0.217592  0.210408  0.164257  0.162649  0.144095  0.140156  0.128749  0.139055  0.126603 0.0676803         0  0.178918
 0.264767  0.284999   0.26486  0.237694  0.239345  0.251332   0.24079  0.242702  0.248289  0.238574   0.25297  0.243255  0.249253  0.255262  0.235963   0.26753  0.251259  0.243286  0.240215  0.239881  0.239483  0.216235  0.228077  0.207393  0.204953  0.201767  0.229811    0.2062  0.200386  0.178918         0


Topology counts:
(1,2,(((((((3,10),13),((8,9),11)),(6,7)),((4,5),12)),14),(15,(((((16,17),((18,19),(20,21))),22),23),((24,((25,26),((27,28),(29,30)))),31)))));     1
(1,2,((((((3,13),((((8,9),11),12),10)),(6,7)),(4,5)),14),(15,((((((16,17),((18,19),(20,21))),31),(24,((((25,26),28),(29,30)),27))),23),22))));     1
(1,2,((((((3,13),((8,9),((10,12),11))),(6,7)),(4,5)),14),(15,(((((16,17),((18,19),(20,21))),31),(22,23)),((24,(27,(28,(29,30)))),(25,26))))));     1
(1,2,(((((3,(((8,9),(10,(11,12))),13)),(6,7)),(4,5)),14),(15,((((16,17),((18,19),(20,21))),(((24,(25,26)),((27,28),(29,30))),31)),(22,23)))));     1
(1,2,((((3,((((((6,7),10),12),(8,9)),11),13)),(4,5)),14),(15,(((((16,17),((18,19),(20,21))),31),(24,((25,26),((27,(29,30)),28)))),(22,23)))));     1
(1,2,((((3,(((((6,7),(10,12)),(8,9)),11),13)),(4,5)),14),(15,((((16,17),((18,19),(20,21))),(((((24,28),27),(29,30)),(25,26)),31)),(22,23)))));     1
(1,2,((((3,(((((6,7),(8,9)),(10,12)),11),13)),(4,5)),14),(15,((((16,17),((18,19),(20,21))),((24,((25,26),(27,(28,(29,30))))),31)),(22,23)))));     1
(1,2,((((3,((((6,7),(((8,9),11),10)),12),13)),(4,5)),14),(15,(((16,17),((18,19),(20,21))),((22,23),((24,(((25,26),(27,28)),(29,30))),31))))));     1
(1,2,((((3,((((6,7),(((8,9),11),12)),10),13)),(4,5)),14),(((15,23),((((16,17),((18,19),(20,21))),31),((24,27),((25,26),(28,(29,30)))))),22)));     1
(1,2,((((3,((((6,7),((8,9),10)),13),(11,12))),(4,5)),14),(15,((((16,17),((18,19),(20,21))),((24,((25,26),(27,(28,(29,30))))),31)),(22,23)))));     1
(1,2,((((3,((((6,7),10),((8,9),13)),(11,12))),(4,5)),14),(15,(((16,17),((18,19),(20,21))),(22,(23,((24,((((25,26),28),(29,30)),27)),31)))))));     1
(1,2,((((3,(((15,((((16,17),((18,19),(20,21))),31),(24,(((25,26),(27,28)),(29,30))))),23),22)),((6,7),(((8,9),(10,13)),(11,12)))),(4,5)),14));     1
(1,2,((((3,(((6,7),((((8,9),11),10),13)),12)),(4,5)),14),(15,(((16,17),((18,19),(20,21))),((22,(((24,(25,26)),(27,(28,(29,30)))),31)),23)))));     1
(1,2,((((3,(((6,7),((((8,9),11),12),10)),13)),(4,5)),14),(15,(((((16,17),((18,19),(20,21))),(22,31)),((24,(27,(28,(29,30)))),(25,26))),23))));     1
(1,2,((((3,(((6,7),(((8,9),11),(10,12))),13)),(4,5)),14),(15,(((((16,17),((18,19),(20,21))),22),(((24,(27,28)),(25,26)),((29,30),31))),23))));     1
(1,2,((((3,(((6,7),(((8,9),11),(10,12))),13)),(4,5)),14),(15,(((((16,17),((18,19),(20,21))),31),(24,((25,26),((27,(29,30)),28)))),(22,23)))));     1
(1,2,((((3,(((6,7),(((8,9),11),(10,12))),13)),(4,5)),14),(15,(((16,17),((18,19),(20,21))),((22,23),((24,((25,26),((27,28),(29,30)))),31))))));     1
(1,2,((((3,(((6,7),((8,9),((10,11),12))),13)),(4,5)),14),(15,(((((16,17),((18,19),(20,21))),22),23),(24,(((25,26),31),(27,(28,(29,30)))))))));     1
(1,2,((((3,(((6,7),12),((((8,9),11),10),13))),(4,5)),14),(15,(((((16,17),((18,19),(20,21))),31),(24,((25,26),((27,(29,30)),28)))),(22,23)))));     1
(1,2,((((3,(((6,7),12),(((8,9),(10,11)),13))),(4,5)),14),(15,(((((16,17),((18,19),(20,21))),31),(24,(((25,26),28),(27,(29,30))))),(22,23)))));     1
(1,2,((((3,(((6,7),12),(((8,9),11),(10,13)))),(4,5)),14),((15,23),((((16,17),((18,19),(20,21))),22),((((24,27),(28,(29,30))),(25,26)),31)))));     1
(1,2,((((3,((15,(((16,17),((18,19),(20,21))),((24,((25,26),((27,(29,30)),28))),31))),(22,23))),((6,7),((8,9),((10,12),(11,13))))),(4,5)),14));     1
(1,2,((((3,((15,(((16,17),((18,19),(20,21))),(22,((((24,(27,28)),(25,26)),(29,30)),31)))),23)),((6,7),((((8,9),10),12),(11,13)))),(4,5)),14));     1
(1,2,((((3,((15,((16,17),((18,19),(20,21)))),((22,23),(((24,27),(25,26)),((28,(29,30)),31))))),((6,7),(((((8,9),11),10),13),12))),(4,5)),14));     1
(1,2,((((3,((15,((22,23),((24,31),((25,26),(27,(28,(29,30))))))),((16,17),((18,19),(20,21))))),((6,7),(((8,9),13),(10,(11,12))))),14),(4,5)));     1
(1,2,((((3,((15,23),((((16,17),((18,19),(20,21))),22),((24,((27,28),(29,30))),((25,26),31))))),((6,7),((((8,9),11),(10,13)),12))),(4,5)),14));     1
(1,2,((((3,((15,23),(((16,17),((18,19),(20,21))),((22,31),(24,((25,26),((27,(29,30)),28))))))),((6,7),((((8,9),(11,12)),10),13))),(4,5)),14));     1
(1,2,((((3,((15,23),(((16,17),((18,19),(20,21))),(22,(((24,(25,26)),((27,(29,30)),28)),31))))),((6,7),(((((8,9),11),10),13),12))),(4,5)),14));     1
(1,2,((((3,((6,7),(((((8,9),11),10),12),13))),(4,5)),14),(15,((((16,17),((18,19),(20,21))),(((24,((27,(29,30)),28)),(25,26)),31)),(22,23)))));     1
(1,2,((((3,((6,7),(((((8,9),11),10),13),12))),(4,5)),14),(15,(((((16,17),((18,19),(20,21))),(22,31)),(24,(((25,26),(27,28)),(29,30)))),23))));     1
(1,2,((((3,((6,7),(((((8,9),11),12),10),13))),(4,5)),14),(15,((((((16,17),((18,19),(20,21))),31),((24,(25,26)),((27,28),(29,30)))),22),23))));     1
(1,2,((((3,((6,7),(((((8,9),11),12),10),13))),(4,5)),14),(15,(((((16,17),((18,19),(20,21))),31),((24,((27,28),(29,30))),(25,26))),(22,23)))));     1
(1,2,((((3,((6,7),(((((8,9),11),12),10),13))),(4,5)),14),(15,((((16,17),((18,19),(20,21))),((24,31),((25,26),((27,28),(29,30))))),(22,23)))));     1
(1,2,((((3,((6,7),(((((8,9),11),12),10),13))),(4,5)),14),(15,(((16,17),((18,19),(20,21))),(((22,31),23),(24,((25,26),((27,(29,30)),28))))))));     1
(1,2,((((3,((6,7),(((((8,9),11),12),10),13))),(4,5)),14),(15,(((16,17),((18,19),(20,21))),((22,23),((24,((25,26),((27,28),(29,30)))),31))))));     1
(1,2,((((3,((6,7),(((((8,9),11),12),13),10))),(4,5)),14),(15,(((((16,17),((18,19),(20,21))),31),22),(23,(24,((25,26),(27,(28,(29,30))))))))));     1
(1,2,((((3,((6,7),(((((8,9),11),13),10),12))),(4,5)),14),(15,((((16,17),((18,19),(20,21))),((24,((25,26),(27,(28,(29,30))))),31)),(22,23)))));     1
(1,2,((((3,((6,7),(((((8,9),11),13),10),12))),(4,5)),14),(15,((((16,17),((18,19),(20,21))),((24,((25,26),(27,28))),((29,30),31))),(22,23)))));     1
(1,2,((((3,((6,7),(((((8,9),13),11),10),12))),(4,5)),(15,(((((16,17),((18,19),(20,21))),((((24,28),(27,(29,30))),(25,26)),31)),22),23))),14));     1
(1,2,((((3,((6,7),(((((8,9),13),11),10),12))),(4,5)),14),(15,((((16,17),((18,19),(20,21))),((24,(((25,26),(27,28)),(29,30))),31)),(22,23)))));     1
(1,2,((((3,((6,7),((((8,9),(11,12)),10),13))),(4,5)),14),(((15,23),((((16,17),((18,19),(20,21))),31),((24,(25,26)),((27,28),(29,30))))),22)));     1
(1,2,((((3,((6,7),((((8,9),(11,12)),10),13))),(4,5)),14),(15,(((((16,17),((18,19),(20,21))),22),((24,((25,26),((27,(29,30)),28))),31)),23))));     1
(1,2,((((3,((6,7),((((8,9),(11,12)),10),13))),(4,5)),14),(15,(((16,17),((18,19),(20,21))),((22,23),(((24,(25,26)),(27,(28,(29,30)))),31))))));     1
(1,2,((((3,((6,7),((((8,9),(11,12)),13),10))),(4,5)),14),((15,23),((((16,17),((18,19),(20,21))),(22,31)),((((24,28),27),(29,30)),(25,26))))));     1
(1,2,((((3,((6,7),((((8,9),(11,12)),13),10))),(4,5)),14),((15,23),(((16,17),((18,19),(20,21))),(22,(((24,(25,26)),((27,28),(29,30))),31))))));     1
(1,2,((((3,((6,7),((((8,9),(11,13)),10),12))),(4,5)),14),(15,(((16,17),((18,19),(20,21))),((22,23),(((24,(25,26)),((27,28),(29,30))),31))))));     1
(1,2,((((3,((6,7),((((8,9),10),(11,12)),13))),(4,5)),14),(15,((((16,17),((18,19),(20,21))),(((24,(27,(28,(29,30)))),(25,26)),31)),(22,23)))));     1
(1,2,((((3,((6,7),((((8,9),10),(11,12)),13))),(4,5)),14),(15,(((16,17),((18,19),(20,21))),((22,23),(((24,(25,26)),(27,(28,(29,30)))),31))))));     1
(1,2,((((3,((6,7),((((8,9),10),12),(11,13)))),(4,5)),14),(15,((((16,17),((18,19),(20,21))),31),((22,23),(24,(((25,26),(27,28)),(29,30))))))));     1
(1,2,((((3,((6,7),((((8,9),11),(10,12)),13))),(4,5)),14),(15,((((16,17),((18,19),(20,21))),((((24,(25,26)),28),(27,(29,30))),31)),(22,23)))));     1
(1,2,((((3,((6,7),((((8,9),11),(10,12)),13))),(4,5)),14),(15,((((16,17),((18,19),(20,21))),(((24,((27,(29,30)),28)),(25,26)),31)),(22,23)))));     1
(1,2,((((3,((6,7),((((8,9),11),(10,12)),13))),(4,5)),14),(15,(((16,17),((18,19),(20,21))),((22,23),(24,(((25,26),31),((27,28),(29,30)))))))));     1
(1,2,((((3,((6,7),((((8,9),11),(10,13)),12))),(4,5)),14),(15,((((16,17),((18,19),(20,21))),((24,(((25,26),(27,28)),(29,30))),31)),(22,23)))));     1
(1,2,((((3,((6,7),(((8,9),((10,11),12)),13))),(4,5)),14),(15,((((16,17),((18,19),(20,21))),((24,((25,26),((27,(29,30)),28))),31)),(22,23)))));     1
(1,2,((((3,((6,7),(((8,9),((10,12),11)),13))),(4,5)),14),(15,(((16,17),((18,19),(20,21))),((22,(23,31)),(24,((25,26),((27,28),(29,30)))))))));     1
(1,2,((((3,((6,7),(((8,9),(10,(11,12))),13))),(4,5)),14),((15,((16,17),((18,19),(20,21)))),((22,23),((24,((25,26),((27,28),(29,30)))),31)))));     1
(1,2,((((3,((6,7),(((8,9),(10,(11,12))),13))),(4,5)),14),(15,(((((16,17),((18,19),(20,21))),31),((24,((27,(29,30)),28)),(25,26))),(22,23)))));     1
(1,2,((((3,((6,7),(((8,9),(10,(11,12))),13))),(4,5)),14),(15,((((16,17),((18,19),(20,21))),(((24,(27,(28,(29,30)))),(25,26)),31)),(22,23)))));     1
(1,2,((((3,((6,7),(((8,9),10),((11,12),13)))),(4,5)),14),(15,((((16,17),((18,19),(20,21))),((24,((25,26),(27,(28,(29,30))))),31)),(22,23)))));     1
(1,2,((((3,((6,7),(((8,9),10),((11,12),13)))),(4,5)),14),(15,(((16,17),((18,19),(20,21))),((22,23),((((24,(25,26)),(27,28)),(29,30)),31))))));     1
(1,2,((((3,((6,7),(((8,9),11),((10,13),12)))),(4,5)),14),(15,(((((16,17),((18,19),(20,21))),31),((24,((27,28),(29,30))),(25,26))),(22,23)))));     1
(1,2,((((3,((6,7),(((8,9),13),((10,11),12)))),(4,5)),14),(15,((((16,17),((18,19),(20,21))),(22,23)),((((24,28),(25,26)),27),((29,30),31))))));     1
(1,2,((((3,((6,7),((8,9),((10,11),(12,13))))),(4,5)),14),(15,((((16,17),((18,19),(20,21))),((24,(((25,26),(28,(29,30))),27)),31)),(22,23)))));     1
(1,2,((((3,((6,7),((8,9),((10,12),(11,13))))),(4,5)),14),((15,((((16,17),((18,19),(20,21))),31),(24,((25,26),(27,(28,(29,30))))))),(22,23))));     1
(1,2,((((3,((6,7),((8,9),((10,12),(11,13))))),(4,5)),14),(15,(((((16,17),((18,19),(20,21))),31),(24,((((25,26),28),27),(29,30)))),(22,23)))));     1
(1,2,((((3,((6,7),((8,9),((10,12),(11,13))))),(4,5)),14),(15,(((((16,17),((18,19),(20,21))),31),(24,((25,26),((27,28),(29,30))))),(22,23)))));     1
(1,2,((((3,((6,7),((8,9),(10,((11,13),12))))),(4,5)),14),(15,(((((16,17),((18,19),(20,21))),22),(((24,(27,(28,(29,30)))),(25,26)),31)),23))));     1
(1,2,((((3,((6,7),((8,9),(10,((11,13),12))))),(4,5)),14),(15,((((16,17),((18,19),(20,21))),((24,(27,(28,(29,30)))),((25,26),31))),(22,23)))));     1
(1,2,((((3,(15,((((((16,17),((18,19),(20,21))),31),((24,(((25,26),28),27)),(29,30))),22),23))),((6,7),(((8,9),(10,(11,12))),13))),(4,5)),14));     1
(1,2,((((3,(15,((((((16,17),((18,19),(20,21))),31),22),((24,((27,28),(29,30))),(25,26))),23))),((6,7),(((((8,9),11),12),10),13))),(4,5)),14));     1
(1,2,((((3,(15,(((((16,17),((18,19),(20,21))),(22,31)),(24,(((25,26),27),(28,(29,30))))),23))),((6,7),((((8,9),11),(10,13)),12))),(4,5)),14));     1
(1,2,((((3,(15,(((((16,17),((18,19),(20,21))),22),(((((24,27),28),(29,30)),(25,26)),31)),23))),(((6,7),12),((((8,9),11),10),13))),(4,5)),14));     1
(1,2,((((3,(15,(((((16,17),((18,19),(20,21))),22),(((24,((25,26),28)),(27,(29,30))),31)),23))),((6,7),((8,9),((10,(11,13)),12)))),(4,5)),14));     1
(1,2,((((3,(15,(((((16,17),((18,19),(20,21))),22),(((24,((27,28),(29,30))),(25,26)),31)),23))),((6,7),((((8,9),11),13),(10,12)))),(4,5)),14));     1
(1,2,((((3,(15,(((((16,17),((18,19),(20,21))),22),(24,(((25,26),((27,28),(29,30))),31))),23))),(((6,7),((((8,9),11),13),10)),12)),(4,5)),14));     1
(1,2,((((3,(15,(((((16,17),((18,19),(20,21))),22),23),(((24,(27,(28,(29,30)))),(25,26)),31)))),((6,7),((8,9),(((10,12),11),13)))),(4,5)),14));     1
(1,2,((((3,(15,(((((16,17),((18,19),(20,21))),31),((24,(25,26)),((27,28),(29,30)))),(22,23)))),((6,7),((8,9),((10,13),(11,12))))),(4,5)),14));     1
(1,2,((((3,(15,(((((16,17),((18,19),(20,21))),31),((24,(27,(28,(29,30)))),(25,26))),(22,23)))),((6,7),(((8,9),(10,(11,13))),12))),(4,5)),14));     1
(1,2,((((3,(15,(((((16,17),((18,19),(20,21))),31),(22,23)),(24,((25,26),((27,28),(29,30))))))),((6,7),((((8,9),(11,12)),10),13))),(4,5)),14));     1
(1,2,((((3,(15,(((((16,17),((18,19),(20,21))),31),(24,(((25,26),(29,30)),(27,28)))),(22,23)))),((6,7),(((8,9),11),((10,12),13)))),(4,5)),14));     1
(1,2,((((3,(15,((((16,17),((18,19),(20,21))),((((24,28),27),(25,26)),((29,30),31))),(22,23)))),((6,7),((((8,9),11),12),(10,13)))),(4,5)),14));     1
(1,2,((((3,(15,((((16,17),((18,19),(20,21))),(((24,(27,(28,(29,30)))),(25,26)),31)),(22,23)))),((6,7),(((8,9),10),((11,13),12)))),(4,5)),14));     1
(1,2,((((3,(15,((((16,17),((18,19),(20,21))),((24,((25,26),((27,28),(29,30)))),31)),(22,23)))),((6,7),((((8,9),10),(11,12)),13))),(4,5)),14));     1
(1,2,((((3,(15,((((16,17),((18,19),(20,21))),((24,((25,26),((27,28),(29,30)))),31)),(22,23)))),((6,7),((((8,9),13),(11,12)),10))),(4,5)),14));     1
(1,2,((((3,(15,((((16,17),((18,19),(20,21))),((24,((25,26),(27,(28,(29,30))))),31)),(22,23)))),((6,7),((((8,9),(11,12)),10),13))),(4,5)),14));     1
(1,2,((((3,(15,((((16,17),((18,19),(20,21))),((24,((25,26),(27,(28,(29,30))))),31)),(22,23)))),((6,7),((((8,9),11),(10,12)),13))),(4,5)),14));     1
(1,2,((((3,(15,((((16,17),((18,19),(20,21))),(22,(((24,(25,26)),((27,28),(29,30))),31))),23))),((6,7),((8,9),((10,13),(11,12))))),(4,5)),14));     1
(1,2,((((3,(15,((((16,17),((18,19),(20,21))),(24,(((((25,26),28),(29,30)),27),31))),(22,23)))),((6,7),((((8,9),11),13),(10,12)))),(4,5)),14));     1
(1,2,((((3,(15,((((16,17),((18,19),(20,21))),22),(23,(((24,27),((25,26),(28,(29,30)))),31))))),((6,7),((((8,9),(11,13)),10),12))),(4,5)),14));     1
(1,2,((((3,(15,((((16,17),((18,19),(20,21))),31),((22,23),((24,(25,26)),((27,28),(29,30))))))),((6,7),((8,9),((10,(11,12)),13)))),(4,5)),14));     1
(1,2,((((3,(15,(((16,17),((18,19),(20,21))),((22,23),((((24,28),(25,26)),27),((29,30),31)))))),((6,7),(((8,9),10),((11,13),12)))),(4,5)),14));     1
(1,2,((((3,(15,(((16,17),((18,19),(20,21))),((22,23),((24,(((25,26),(29,30)),(27,28))),31))))),((6,7),((((8,9),(11,12)),10),13))),(4,5)),14));     1
(1,2,((((3,(15,(((16,17),((18,19),(20,21))),((22,23),((24,((25,26),((27,28),(29,30)))),31))))),((6,7),(((8,9),((10,11),12)),13))),(4,5)),14));     1
(1,2,((((3,(15,(((16,17),((18,19),(20,21))),((22,23),((24,((25,26),((27,28),(29,30)))),31))))),((6,7),((8,9),((10,(11,12)),13)))),(4,5)),14));     1
(1,2,((((3,(15,(((16,17),((18,19),(20,21))),((22,23),((24,31),((((25,26),28),(29,30)),27)))))),((6,7),(((((8,9),11),12),10),13))),(4,5)),14));     1
(1,2,((((3,(15,(((16,17),((18,19),(20,21))),((22,23),(24,(((25,26),((27,(29,30)),28)),31)))))),((6,7),(((8,9),(10,(11,12))),13))),(4,5)),14));     1
(1,2,((((3,(4,5)),(((6,7),(((8,9),10),13)),(11,12))),14),(15,((((16,17),((18,19),(20,21))),(((24,(25,26)),((27,28),(29,30))),31)),(22,23)))));     1
(1,2,((((3,(4,5)),(((6,7),((8,9),((10,12),11))),13)),14),((15,23),(((((16,17),((18,19),(20,21))),31),22),(24,((25,26),(27,(28,(29,30)))))))));     1
(1,2,((((3,(4,5)),((6,7),(((((8,9),10),11),12),13))),14),((15,(((16,17),((18,19),(20,21))),((24,((25,26),(27,(28,(29,30))))),31))),(22,23))));     1
(1,2,((((3,(4,5)),((6,7),(((((8,9),11),10),12),13))),14),(15,((((((16,17),((18,19),(20,21))),31),(24,(((25,26),(28,(29,30))),27))),22),23))));     1
(1,2,((((3,(4,5)),((6,7),(((((8,9),11),12),10),13))),14),((15,(22,23)),((((16,17),((18,19),(20,21))),31),((((24,28),27),(29,30)),(25,26))))));     1
(1,2,((((3,(4,5)),((6,7),(((((8,9),11),12),10),13))),14),(15,(((((16,17),((18,19),(20,21))),31),(23,(24,((25,26),((27,28),(29,30)))))),22))));     1
(1,2,((((3,(4,5)),((6,7),(((((8,9),13),10),11),12))),14),(15,(((((16,17),((18,19),(20,21))),((24,((25,26),((27,28),(29,30)))),31)),22),23))));     1
(1,2,((((3,(4,5)),((6,7),((((8,9),10),(11,12)),13))),14),(15,(((16,17),((18,19),(20,21))),(((22,23),31),((24,((27,(29,30)),28)),(25,26)))))));     1
(1,2,((((3,(4,5)),((6,7),((((8,9),10),(11,12)),13))),14),(15,(((16,17),((18,19),(20,21))),((22,23),(((24,((27,(29,30)),28)),(25,26)),31))))));     1
(1,2,((((3,(4,5)),((6,7),((((8,9),10),(11,13)),12))),14),(15,(((((16,17),((18,19),(20,21))),31),((24,((27,(29,30)),28)),(25,26))),(22,23)))));     1
(1,2,((((3,(4,5)),((6,7),((((8,9),11),(10,12)),13))),((15,(((16,17),((18,19),(20,21))),(((24,(25,26)),(27,(28,(29,30)))),31))),(22,23))),14));     1
(1,2,((((3,(4,5)),((6,7),((((8,9),11),(10,12)),13))),(15,(((((16,17),((18,19),(20,21))),31),(24,((25,26),((27,28),(29,30))))),(22,23)))),14));     1
(1,2,((((3,(4,5)),((6,7),((((8,9),11),(10,12)),13))),14),((15,23),((((16,17),((18,19),(20,21))),((24,(27,(28,(29,30)))),(25,26))),(22,31)))));     1
(1,2,((((3,(4,5)),((6,7),((((8,9),11),(10,12)),13))),14),(15,(((16,17),((18,19),(20,21))),((22,((((24,(27,28)),(25,26)),(29,30)),31)),23)))));     1
(1,2,((((3,(4,5)),((6,7),((((8,9),11),12),(10,13)))),14),(15,(((((16,17),((18,19),(20,21))),(22,31)),((24,(27,(28,(29,30)))),(25,26))),23))));     1
(1,2,((((3,(4,5)),((6,7),((((8,9),11),13),(10,12)))),14),(15,((((((16,17),((18,19),(20,21))),31),(24,((25,26),(27,(28,(29,30)))))),22),23))));     1
(1,2,((((3,(4,5)),((6,7),((((8,9),11),13),(10,12)))),14),(15,(((((16,17),((18,19),(20,21))),31),(24,(((25,26),28),(27,(29,30))))),(22,23)))));     1
(1,2,((((3,(4,5)),((6,7),((((8,9),12),(10,11)),13))),14),(15,(((((16,17),((18,19),(20,21))),31),(24,(((25,26),(28,(29,30))),27))),(22,23)))));     1
(1,2,((((3,(4,5)),((6,7),((((8,9),13),(10,11)),12))),14),(15,((((16,17),((18,19),(20,21))),((24,(((25,26),(28,(29,30))),27)),31)),(22,23)))));     1
(1,2,((((3,(4,5)),((6,7),(((8,9),((10,12),11)),13))),14),(15,((((((16,17),((18,19),(20,21))),31),22),23),(((24,28),(27,(29,30))),(25,26))))));     1
(1,2,((((3,(4,5)),((6,7),(((8,9),((10,12),11)),13))),14),(15,(((((16,17),((18,19),(20,21))),((((24,(27,28)),(25,26)),(29,30)),31)),22),23))));     1
(1,2,((((3,(4,5)),((6,7),(((8,9),(10,(11,12))),13))),14),((15,23),(((((16,17),((18,19),(20,21))),31),22),((24,(27,(28,(29,30)))),(25,26))))));     1
(1,2,((((3,(4,5)),((6,7),(((8,9),(10,(11,13))),12))),14),(15,(((16,17),((18,19),(20,21))),((22,23),((((24,(27,28)),(25,26)),(29,30)),31))))));     1
(1,2,((((3,(4,5)),((6,7),(((8,9),10),((11,12),13)))),14),(15,((((16,17),((18,19),(20,21))),((((24,28),(25,26)),(27,(29,30))),31)),(22,23)))));     1
(1,2,((((3,(4,5)),((6,7),(((8,9),10),((11,13),12)))),14),(15,((((((16,17),((18,19),(20,21))),31),((24,27),((25,26),(28,(29,30))))),22),23))));     1
(1,2,((((3,(4,5)),((6,7),(((8,9),11),((10,13),12)))),14),(15,((((16,17),((18,19),(20,21))),((24,((((25,26),27),28),(29,30))),31)),(22,23)))));     1
(1,2,((((3,(4,5)),((6,7),(((8,9),13),((10,11),12)))),14),(15,((((16,17),((18,19),(20,21))),((((24,28),(27,(29,30))),(25,26)),31)),(22,23)))));     1
(1,2,((((3,(4,5)),((6,7),(((8,9),13),(10,(11,12))))),14),(15,(((((16,17),((18,19),(20,21))),31),(24,((25,26),((27,28),(29,30))))),(22,23)))));     1
(1,2,((((3,(4,5)),((6,7),((8,9),(((10,12),11),13)))),((15,(((16,17),((18,19),(20,21))),((24,31),((25,26),((27,28),(29,30)))))),(22,23))),14));     1
(1,2,((((3,(4,5)),((6,7),((8,9),((10,(11,12)),13)))),14),((15,23),((((16,17),((18,19),(20,21))),22),((24,((25,26),(27,(28,(29,30))))),31)))));     1
