
Alignment summary:
Dolphin1: A=350 C=336 G=144 T=310
Dolphin2: A=350 C=332 G=145 T=313
giant sperm whale: A=353 C=365 G=144 T=278
bowhead whale: A=340 C=357 G=149 T=294
right whale: A=347 C=354 G=144 T=295
minke whale: A=345 C=352 G=149 T=294
Antarctic minke whale: A=349 C=357 G=147 T=287
sei whale: A=348 C=355 G=147 T=290
Bryde's whale: A=348 C=355 G=146 T=291
fin whale: A=344 C=356 G=149 T=291
blue whale: A=341 C=351 G=153 T=295
humpback whale: A=351 C=356 G=146 T=287
California whale: A=342 C=362 G=151 T=285
Pygmy right whale: A=339 C=342 G=151 T=308
Hippo: A=340 C=367 G=157 T=276
Camel dromedary: A=335 C=315 G=170 T=320
Camel bactrianus: A=331 C=320 G=171 T=318
 Camel llama: A=335 C=312 G=160 T=333
Camel Llama: A=338 C=317 G=158 T=327
Camel pacos: A=329 C=319 G=167 T=325
Camel vicuna: A=338 C=316 G=161 T=325
Pig: A=359 C=328 G=150 T=303
Peccary: A=360 C=349 G=144 T=287
Cow: A=356 C=344 G=153 T=287
Sheep: A=359 C=322 G=148 T=311
Goat: A=365 C=331 G=146 T=298
Black-tailed deer: A=352 C=321 G=149 T=318
Giraffe: A=357 C=327 G=149 T=307
Fallow: A=365 C=311 G=149 T=315
Pronghorn: A=371 C=340 G=147 T=282
Chevrotain: A=335 C=325 G=172 T=308

Jukes-Cantor Distance Matrix:

        0 0.0631085  0.197563  0.160807  0.158637  0.168455  0.162984  0.165168  0.167358  0.176181  0.170654  0.159721  0.171757  0.169554  0.224289  0.255695  0.255695  0.269388  0.269388  0.279506  0.273167  0.223107  0.239828  0.238621  0.227847  0.244674  0.233813  0.241036  0.220749  0.211388  0.270646
0.0631085         0  0.206752  0.177292  0.176181  0.180632  0.178404  0.178404  0.180632  0.189614  0.181749   0.17286  0.190745  0.179517  0.227847  0.275696  0.278234  0.259405  0.253232  0.273167  0.269388  0.230228  0.249552  0.259405  0.249552  0.255695  0.241036  0.250777  0.232616  0.212552  0.287186
 0.197563  0.206752         0  0.170654  0.166262  0.180632  0.169554  0.168455  0.179517  0.162984  0.180632  0.170654  0.156472   0.19985  0.238621  0.269388  0.265629  0.270646  0.269388  0.273167  0.271905   0.24346  0.237416  0.237416  0.271905  0.265629  0.255695  0.253232  0.254462  0.231421   0.27443
 0.160807  0.177292  0.170654         0 0.0517447  0.110368  0.104295  0.119571  0.116491  0.121631  0.123697  0.107326  0.106314  0.126807  0.224289   0.25693   0.25693   0.25693   0.25693   0.26688  0.258166  0.237416  0.218398  0.221927  0.236213  0.218398  0.229036  0.210226  0.239828  0.212552  0.245891
 0.158637  0.176181  0.166262 0.0517447         0  0.113423  0.104295  0.114444  0.117516  0.107326  0.111385  0.103288  0.101277  0.128888  0.213718   0.24346  0.247109  0.252003  0.252003  0.260645  0.258166  0.218398  0.218398  0.226659  0.238621  0.227847  0.233813  0.216054  0.231421  0.207908   0.24833
 0.168455  0.180632  0.180632  0.110368  0.113423         0 0.0479946 0.0982712  0.102282 0.0932878  0.111385 0.0962739 0.0962739  0.132019  0.221927  0.278234  0.260645  0.261888  0.254462  0.265629   0.26438  0.223107  0.213718  0.237416  0.227847  0.225473  0.219572  0.224289  0.235012  0.202143  0.255695
 0.162984  0.178404  0.169554  0.104295  0.104295 0.0479946         0 0.0834192 0.0873511 0.0844003 0.0982712 0.0922951 0.0834192  0.128888  0.207908  0.261888  0.258166  0.260645  0.253232  0.255695  0.250777  0.213718  0.203293  0.218398  0.220749  0.213718  0.221927  0.213718  0.221927  0.194146  0.247109
 0.165168  0.178404  0.168455  0.119571  0.114444 0.0982712 0.0834192         0 0.0387008 0.0756168 0.0765877 0.0844003 0.0795079   0.12993  0.211388   0.26688  0.253232  0.254462  0.249552  0.249552  0.249552  0.221927  0.210226  0.214885  0.217225  0.205597  0.231421  0.214885  0.224289  0.194146  0.252003
 0.167358  0.180632  0.179517  0.116491  0.117516  0.102282 0.0873511 0.0387008         0 0.0785332 0.0853826 0.0804838 0.0795079  0.127847  0.210226  0.258166   0.24833   0.25693  0.254462   0.25693  0.252003  0.223107  0.211388  0.226659  0.224289  0.216054  0.237416  0.220749  0.225473  0.196422  0.258166
 0.176181  0.189614  0.162984  0.121631  0.107326 0.0932878 0.0844003 0.0756168 0.0785332         0  0.081461 0.0736788 0.0746472  0.142553  0.220749  0.260645  0.247109  0.249552  0.247109  0.241036  0.237416  0.218398  0.214885  0.230228  0.217225  0.217225  0.221927  0.211388  0.216054  0.194146  0.245891
 0.170654  0.181749  0.180632  0.123697  0.111385  0.111385 0.0982712 0.0765877 0.0853826  0.081461         0  0.081461 0.0795079   0.12993  0.223107  0.263133   0.25693   0.25693  0.259405  0.254462   0.24833  0.212552  0.217225  0.230228  0.231421  0.217225  0.218398  0.226659  0.232616  0.207908  0.259405
 0.159721   0.17286  0.170654  0.107326  0.103288 0.0962739 0.0922951 0.0844003 0.0804838 0.0736788  0.081461         0 0.0804838  0.125769  0.220749  0.263133  0.253232  0.260645  0.255695   0.25693  0.252003  0.205597  0.202143  0.230228  0.227847  0.219572  0.218398  0.212552  0.223107  0.197563  0.252003
 0.171757  0.190745  0.156472  0.106314  0.101277 0.0962739 0.0834192 0.0795079 0.0795079 0.0746472 0.0795079 0.0804838         0  0.132019  0.217225  0.258166  0.250777  0.254462  0.254462   0.24833  0.250777  0.219572  0.226659  0.231421  0.225473  0.214885  0.232616  0.219572  0.241036  0.211388  0.258166
 0.169554  0.179517   0.19985  0.126807  0.128888  0.132019  0.128888   0.12993  0.127847  0.142553   0.12993  0.125769  0.132019         0  0.225473   0.26688  0.259405  0.254462   0.25693  0.270646  0.265629  0.232616  0.238621  0.244674  0.241036  0.238621  0.238621  0.241036  0.245891  0.219572  0.259405
 0.224289  0.227847  0.238621  0.224289  0.213718  0.221927  0.207908  0.211388  0.210226  0.220749  0.223107  0.220749  0.217225  0.225473         0  0.244674  0.252003  0.260645  0.258166  0.261888   0.24833  0.230228  0.206752  0.217225  0.231421  0.225473  0.224289  0.230228  0.220749  0.198706   0.24833
 0.255695  0.275696  0.269388   0.25693   0.24346  0.278234  0.261888   0.26688  0.258166  0.260645  0.263133  0.263133  0.258166   0.26688  0.244674         0  0.101277  0.179517  0.170654  0.173966  0.171757  0.244674  0.265629   0.24346  0.261888   0.24833  0.233813  0.242247  0.250777  0.236213  0.269388
 0.255695  0.278234  0.265629   0.25693  0.247109  0.260645  0.258166  0.253232   0.24833  0.247109   0.25693  0.253232  0.250777  0.259405  0.252003  0.101277         0  0.168455  0.159721  0.164075  0.161895  0.230228  0.254462   0.24833  0.254462  0.249552  0.247109   0.25693  0.255695  0.235012  0.250777
 0.269388  0.259405  0.270646   0.25693  0.252003  0.261888  0.260645  0.254462   0.25693  0.249552   0.25693  0.260645  0.254462  0.254462  0.260645  0.179517  0.168455         0 0.0168546 0.0650193 0.0659766  0.250777  0.250777  0.236213  0.242247  0.239828  0.232616  0.239828  0.260645  0.229036  0.244674
 0.269388  0.253232  0.269388   0.25693  0.252003  0.254462  0.253232  0.249552  0.254462  0.247109  0.259405  0.255695  0.254462   0.25693  0.258166  0.170654  0.159721 0.0168546         0 0.0602514 0.0631085  0.236213   0.24346  0.231421  0.237416  0.232616  0.219572  0.227847  0.258166  0.226659   0.24346
 0.279506  0.273167  0.273167   0.26688  0.260645  0.265629  0.255695  0.249552   0.25693  0.241036  0.254462   0.25693   0.24833  0.270646  0.261888  0.173966  0.164075 0.0650193 0.0602514         0 0.0195509  0.241036  0.254462  0.239828  0.238621   0.24346  0.231421  0.238621  0.253232  0.226659   0.24346
 0.273167  0.269388  0.271905  0.258166  0.258166   0.26438  0.250777  0.249552  0.252003  0.237416   0.24833  0.252003  0.250777  0.265629   0.24833  0.171757  0.161895 0.0659766 0.0631085 0.0195509         0  0.236213  0.249552  0.237416  0.227847  0.235012  0.232616  0.235012  0.247109  0.219572   0.24346
 0.223107  0.230228   0.24346  0.237416  0.218398  0.223107  0.213718  0.221927  0.223107  0.218398  0.212552  0.205597  0.219572  0.232616  0.230228  0.244674  0.230228  0.250777  0.236213  0.241036  0.236213         0  0.187359  0.226659  0.216054  0.206752  0.207908  0.206752  0.206752  0.176181  0.223107
 0.239828  0.249552  0.237416  0.218398  0.218398  0.213718  0.203293  0.210226  0.211388  0.214885  0.217225  0.202143  0.226659  0.238621  0.206752  0.265629  0.254462  0.250777   0.24346  0.254462  0.249552  0.187359         0  0.202143  0.207908   0.19985  0.209066  0.212552  0.210226  0.176181  0.241036
 0.238621  0.259405  0.237416  0.221927  0.226659  0.237416  0.218398  0.214885  0.226659  0.230228  0.230228  0.230228  0.231421  0.244674  0.217225   0.24346   0.24833  0.236213  0.231421  0.239828  0.237416  0.226659  0.202143         0  0.186234  0.156472  0.170654  0.162984  0.171757  0.157554  0.219572
 0.227847  0.249552  0.271905  0.236213  0.238621  0.227847  0.220749  0.217225  0.224289  0.217225  0.231421  0.227847  0.225473  0.241036  0.231421  0.261888  0.254462  0.242247  0.237416  0.238621  0.227847  0.216054  0.207908  0.186234         0  0.105304   0.17286  0.160807   0.17286  0.151088  0.214885
 0.244674  0.255695  0.265629  0.218398  0.227847  0.225473  0.213718  0.205597  0.216054  0.217225  0.217225  0.219572  0.214885  0.238621  0.225473   0.24833  0.249552  0.239828  0.232616   0.24346  0.235012  0.206752   0.19985  0.156472  0.105304         0  0.167358  0.154314  0.159721  0.140434  0.211388
 0.233813  0.241036  0.255695  0.229036  0.233813  0.219572  0.221927  0.231421  0.237416  0.221927  0.218398  0.218398  0.232616  0.238621  0.224289  0.233813  0.247109  0.232616  0.219572  0.231421  0.232616  0.207908  0.209066  0.170654   0.17286  0.167358         0  0.151088  0.148945  0.150016  0.236213
 0.241036  0.250777  0.253232  0.210226  0.216054  0.224289  0.213718  0.214885  0.220749  0.211388  0.226659  0.212552  0.219572  0.241036  0.230228  0.242247   0.25693  0.239828  0.227847  0.238621  0.235012  0.206752  0.212552  0.162984  0.160807  0.154314  0.151088         0  0.143615  0.139377  0.211388
 0.220749  0.232616  0.254462  0.239828  0.231421  0.235012  0.221927  0.224289  0.225473  0.216054  0.232616  0.223107  0.241036  0.245891  0.220749  0.250777  0.255695  0.260645  0.258166  0.253232  0.247109  0.206752  0.210226  0.171757   0.17286  0.159721  0.148945  0.143615         0 0.0736788  0.205597
 0.211388  0.212552  0.231421  0.212552  0.207908  0.202143  0.194146  0.194146  0.196422  0.194146  0.207908  0.197563  0.211388  0.219572  0.198706  0.236213  0.235012  0.229036  0.226659  0.226659  0.219572  0.176181  0.176181  0.157554  0.151088  0.140434  0.150016  0.139377 0.0736788         0  0.188486
 0.270646  0.287186   0.27443  0.245891   0.24833  0.255695  0.247109  0.252003  0.258166  0.245891  0.259405  0.252003  0.258166  0.259405   0.24833  0.269388  0.250777  0.244674   0.24346   0.24346   0.24346  0.223107  0.241036  0.219572  0.214885  0.211388  0.236213  0.211388  0.205597  0.188486         0

Seed = 382373263
stationary acceptance: 0.274625
symmetric acceptance: 0.211515
  0.2287 0.198343 0.193204 0.379753
  0.152964    0.21552  0.0583548  0.0153153   0.548743 0.00910231

-0.933185  0.334421  0.471185  0.127579
 0.385605  -1.80753  0.038608   1.38332
 0.557754  0.039635 -0.620945 0.0235563
0.0768326  0.722501 0.0119845 -0.811318

stationary acceptance: 0.25125
symmetric acceptance: 0.20288
0.225414 0.198453  0.19088 0.385253
  0.153045   0.212089   0.056449  0.0118248   0.561317 0.00527515

  -0.93513   0.339475   0.470443   0.125212
  0.385597   -1.82962  0.0297925    1.41423
  0.555556  0.0309744  -0.600348  0.0138179
 0.0732623   0.728504 0.00684635  -0.808613

GTR Distance Matrix:

        0 0.0572437  0.180833  0.147595  0.145235  0.155469  0.148934  0.151659  0.153365  0.161765  0.156775  0.145458  0.156263   0.15762  0.209697  0.250265  0.251991  0.268631  0.266276  0.276221  0.270266  0.215316   0.22783  0.225258  0.219435   0.23269  0.227042  0.233724  0.214337  0.200388  0.264792
0.0572437         0  0.191718  0.163803  0.162642  0.168287  0.164803  0.165395  0.167232  0.175515  0.168654  0.158879  0.175304   0.16881  0.214969  0.273656  0.276779  0.260953  0.252325   0.27245  0.268109  0.224597  0.238493  0.247784  0.243401  0.244706  0.237313  0.245546  0.228208   0.20413  0.285027
 0.180833  0.191718         0  0.151403  0.147484  0.163001  0.151573  0.150161  0.159693    0.1463  0.161348  0.152026  0.139843  0.180024  0.218432  0.257687  0.255307  0.262478  0.259672  0.265067  0.262827  0.231753  0.222708  0.221352  0.257588  0.249576  0.245538  0.243356  0.246892  0.219385  0.264888
 0.147595  0.163803  0.151403         0 0.0454454 0.0975988 0.0916678  0.105231  0.102551  0.106889  0.108854 0.0942288 0.0934428  0.111983  0.206387  0.247322  0.249572  0.249861  0.248016  0.258018  0.249691  0.225209  0.205731  0.206158  0.221115  0.203849  0.219146  0.201715  0.230437  0.199447  0.237738
 0.145235  0.162642  0.147484 0.0454454         0  0.100454 0.0917786  0.100831  0.103504 0.0945326 0.0982369 0.0908291  0.089045  0.113902  0.197627  0.236712  0.242083  0.247945  0.246102  0.254506  0.252472  0.208986  0.206565  0.210672  0.223508  0.212552  0.224153  0.207981  0.224525  0.196369  0.239374
 0.155469  0.168287  0.163001 0.0975988  0.100454         0 0.0424493 0.0869506 0.0903538  0.082347 0.0983187 0.0848312 0.0850954  0.117606   0.20602  0.272817  0.257086  0.259523  0.250477  0.261099  0.260724  0.215853  0.204051  0.223337  0.216813  0.212762  0.212635  0.216384  0.228874  0.192349  0.251363
 0.148934  0.164803  0.151573 0.0916678 0.0917786 0.0424493         0   0.07332 0.0766512  0.073973 0.0861579 0.0806731 0.0732333  0.114022  0.191822  0.254261  0.251813  0.254328  0.245455  0.249024  0.244373  0.204995  0.191112  0.202855  0.207941  0.199729  0.212873  0.204264  0.214605  0.183939  0.240816
 0.151659  0.165395  0.150161  0.105231  0.100831 0.0869506   0.07332         0 0.0339306 0.0664541   0.06735 0.0739611  0.069895  0.115894  0.193756  0.258173  0.247397  0.246959  0.240528  0.240741  0.240814  0.210606  0.196679  0.197996   0.20295  0.191307  0.218183  0.202668  0.214635  0.181954  0.242729
 0.153365  0.167232  0.159693  0.102551  0.103504 0.0903538 0.0766512 0.0339306         0 0.0689945 0.0750295 0.0706258 0.0699948  0.113607  0.191843   0.25056  0.242467  0.248385   0.24425  0.246896  0.242293  0.211343  0.196714  0.208234  0.209179  0.199853  0.223988  0.208836  0.215681  0.183862  0.248306
 0.161765  0.175515    0.1463  0.106889 0.0945326  0.082347  0.073973 0.0664541 0.0689945         0 0.0715657 0.0645574 0.0656342   0.12653  0.201384  0.253404  0.241759  0.244217  0.240101  0.234327  0.231246   0.20772  0.200767  0.212664  0.204279  0.202163  0.211665  0.201037  0.208646  0.183297  0.238592
 0.156775  0.168654  0.161348  0.108854 0.0982369 0.0983187 0.0861579   0.06735 0.0750295 0.0715657         0 0.0714152 0.0698816  0.115617    0.2046  0.256912  0.252087  0.252592  0.253058  0.248801  0.242879   0.20377   0.20394  0.213698   0.21737  0.203318  0.208472  0.215824   0.22494   0.19607  0.253007
 0.145458  0.158879  0.152026 0.0942288 0.0908291 0.0848312 0.0806731 0.0739611 0.0706258 0.0645574 0.0714152         0 0.0705996  0.111477  0.201856  0.255133  0.246194  0.253774  0.247239  0.248045  0.243631   0.19563  0.188092  0.211988   0.21165   0.20349  0.206897  0.200893  0.212961  0.185183  0.243268
 0.156263  0.175304  0.139843 0.0934428  0.089045 0.0850954 0.0732333  0.069895 0.0699948 0.0656342 0.0698816 0.0705996         0  0.116927  0.196869  0.250061  0.244119  0.249017  0.247168  0.240927   0.24343  0.208317  0.210753  0.212804  0.210218  0.199073   0.21957  0.207417  0.230257  0.197606  0.249272
  0.15762   0.16881  0.180024  0.111983  0.113902  0.117606  0.114022  0.115894  0.113607   0.12653  0.115617  0.111477  0.116927         0  0.209456  0.261067  0.255865  0.251386  0.251924  0.265475  0.260235  0.225617  0.228102  0.229652  0.229378  0.225666  0.230982   0.23315  0.239556  0.210002  0.255294
 0.209697  0.214969  0.218432  0.206387  0.197627   0.20602  0.191822  0.193756  0.191843  0.201384    0.2046  0.201856  0.196869  0.209456         0  0.232244  0.239326  0.246938  0.242694  0.248211  0.235623   0.21372  0.188791   0.19936   0.21283  0.205079  0.210899  0.215241  0.208291   0.18331  0.235997
 0.250265  0.273656  0.257687  0.247322  0.236712  0.272817  0.254261  0.258173   0.25056  0.253404  0.256912  0.255133  0.250061  0.261067  0.232244         0 0.0922651  0.168663   0.15972   0.16344  0.161049  0.235696  0.254696  0.235729  0.256103   0.24012  0.232436  0.238228   0.24676   0.22592  0.267568
 0.251991  0.276779  0.255307  0.249572  0.242083  0.257086  0.251813  0.247397  0.242467  0.241759  0.252087  0.246194  0.244119  0.255865  0.239326 0.0922651         0  0.156672  0.147972  0.152935  0.150722  0.223998  0.244939  0.238479  0.249315   0.24162  0.244625   0.25327  0.251316  0.225866  0.251318
 0.268631  0.260953  0.262478  0.249861  0.247945  0.259523  0.254328  0.246959  0.248385  0.244217  0.252592  0.253774  0.249017  0.251386  0.246938  0.168663  0.156672         0 0.0153411 0.0595351  0.060487  0.241111  0.242385  0.225704  0.236052  0.230215  0.230915   0.23744  0.256119   0.22012  0.243311
 0.266276  0.252325  0.259672  0.248016  0.246102  0.250477  0.245455  0.240528   0.24425  0.240101  0.253058  0.247239  0.247168  0.251924  0.242694   0.15972  0.147972 0.0153411         0 0.0550295 0.0577071   0.22684   0.23432  0.220692  0.230269  0.222318  0.217109  0.225126  0.252458  0.216835  0.240229
 0.276221   0.27245  0.265067  0.258018  0.254506  0.261099  0.249024  0.240741  0.246896  0.234327  0.248801  0.248045  0.240927  0.265475  0.248211   0.16344  0.152935 0.0595351 0.0550295         0 0.0178585  0.232354  0.245699  0.230508  0.235035  0.236171  0.229306  0.237363  0.249297  0.217569    0.2399
 0.270266  0.268109  0.262827  0.249691  0.252472  0.260724  0.244373  0.240814  0.242293  0.231246  0.242879  0.243631   0.24343  0.260235  0.235623  0.161049  0.150722  0.060487 0.0577071 0.0178585         0  0.228607  0.240496  0.226243  0.222881  0.226292  0.230572   0.23157  0.242467  0.210386  0.239499
 0.215316  0.224597  0.231753  0.225209  0.208986  0.215853  0.204995  0.210606  0.211343   0.20772   0.20377   0.19563  0.208317  0.225617   0.21372  0.235696  0.223998  0.241111   0.22684  0.232354  0.228607         0  0.173346  0.211809   0.20847  0.196118   0.20008   0.19759  0.197034  0.164262  0.216253
  0.22783  0.238493  0.222708  0.205731  0.206565  0.204051  0.191112  0.196679  0.196714  0.200767   0.20394  0.188092  0.210753  0.228102  0.188791  0.254696  0.244939  0.242385   0.23432  0.245699  0.240496  0.173346         0  0.187087  0.193644  0.182957  0.197372  0.199262  0.198479  0.162659  0.228105
 0.225258  0.247784  0.221352  0.206158  0.210672  0.223337  0.202855  0.197996  0.208234  0.212664  0.213698  0.211988  0.212804  0.229652   0.19936  0.235729  0.238479  0.225704  0.220692  0.230508  0.226243  0.211809  0.187087         0  0.169154  0.142316  0.156834  0.148333  0.159367  0.144095  0.207403
 0.219435  0.243401  0.257588  0.221115  0.223508  0.216813  0.207941   0.20295  0.209179  0.204279   0.21737   0.21165  0.210218  0.229378   0.21283  0.256103  0.249315  0.236052  0.230269  0.235035  0.222881   0.20847  0.193644  0.169154         0 0.0949558  0.160711  0.149223   0.16335  0.140133  0.204943
  0.23269  0.244706  0.249576  0.203849  0.212552  0.212762  0.199729  0.191307  0.199853  0.202163  0.203318   0.20349  0.199073  0.225666  0.205079   0.24012   0.24162  0.230215  0.222318  0.236171  0.226292  0.196118  0.182957  0.142316 0.0949558         0  0.154689  0.141244  0.148998  0.128732  0.201767
 0.227042  0.237313  0.245538  0.219146  0.224153  0.212635  0.212873  0.218183  0.223988  0.211665  0.208472  0.206897   0.21957  0.230982  0.210899  0.232436  0.244625  0.230915  0.217109  0.229306  0.230572   0.20008  0.197372  0.156834  0.160711  0.154689         0  0.140188  0.139948   0.13904  0.229816
 0.233724  0.245546  0.243356  0.201715  0.207981  0.216384  0.204264  0.202668  0.208836  0.201037  0.215824  0.200893  0.207417   0.23315  0.215241  0.238228   0.25327   0.23744  0.225126  0.237363   0.23157   0.19759  0.199262  0.148333  0.149223  0.141244  0.140188         0  0.131816   0.12659  0.206206
 0.214337  0.228208  0.246892  0.230437  0.224525  0.228874  0.214605  0.214635  0.215681  0.208646   0.22494  0.212961  0.230257  0.239556  0.208291   0.24676  0.251316  0.256119  0.252458  0.249297  0.242467  0.197034  0.198479  0.159367   0.16335  0.148998  0.139948  0.131816         0 0.0676771  0.200377
 0.200388   0.20413  0.219385  0.199447  0.196369  0.192349  0.183939  0.181954  0.183862  0.183297   0.19607  0.185183  0.197606  0.210002   0.18331   0.22592  0.225866   0.22012  0.216835  0.217569  0.210386  0.164262  0.162659  0.144095  0.140133  0.128732   0.13904   0.12659 0.0676771         0  0.178901
 0.264792  0.285027  0.264888  0.237738  0.239374  0.251363  0.240816  0.242729  0.248306  0.238592  0.253007  0.243268  0.249272  0.255294  0.235997  0.267568  0.251318  0.243311  0.240229    0.2399  0.239499  0.216253  0.228105  0.207403  0.204943  0.201767  0.229816  0.206206  0.200377  0.178901         0


Topology counts:
(1,2,((((((3,13),((((8,9),11),12),10)),(6,7)),(4,5)),14),(15,(((((16,17),((18,19),(20,21))),31),(23,((24,(25,26)),(27,(28,(29,30)))))),22))));     1
(1,2,(((((3,(15,((((16,17),((18,19),(20,21))),((24,((25,26),(27,(28,(29,30))))),31)),(22,23)))),((((8,9),11),(10,12)),13)),(6,7)),(4,5)),14));     1
(1,2,(((((3,13),((6,7),(((8,9),10),(11,12)))),(4,5)),14),(15,((((16,17),((18,19),(20,21))),(((24,((27,28),(29,30))),(25,26)),31)),(22,23)))));     1
(1,2,(((((3,13),((6,7),((8,9),((10,12),11)))),(4,5)),14),(15,(((16,17),((18,19),(20,21))),((22,23),((24,((25,26),((27,28),(29,30)))),31))))));     1
(1,2,((((3,((((((6,7),(8,9)),10),11),12),13)),(4,5)),14),((15,((16,17),((18,19),(20,21)))),((22,23),(((24,(25,26)),(27,(28,(29,30)))),31)))));     1
(1,2,((((3,(((((6,7),(8,9)),(11,12)),10),13)),(4,5)),14),(15,(((((16,17),((18,19),(20,21))),31),(22,23)),((24,(25,26)),(27,(28,(29,30))))))));     1
(1,2,((((3,(((((6,7),(8,9)),10),(11,12)),13)),(4,5)),14),(15,(((((16,17),((18,19),(20,21))),31),(22,23)),((24,((27,28),(29,30))),(25,26))))));     1
(1,2,((((3,(((((6,7),10),(8,9)),(11,12)),13)),(4,5)),14),(15,(((((16,17),((18,19),(20,21))),31),(24,((25,26),(27,(28,(29,30)))))),(22,23)))));     1
(1,2,((((3,(((((6,7),10),12),((8,9),11)),13)),(4,5)),14),(15,(((((16,17),((18,19),(20,21))),31),((24,27),((25,26),(28,(29,30))))),(22,23)))));     1
(1,2,((((3,(((((6,7),12),(10,11)),(8,9)),13)),(4,5)),14),((15,(((16,17),((18,19),(20,21))),((24,(((25,26),(28,(29,30))),27)),31))),(22,23))));     1
(1,2,((((3,(((((8,9),11),10),12),13)),((4,5),(6,7))),14),(15,(((((16,17),((18,19),(20,21))),31),((24,(27,(28,(29,30)))),(25,26))),(22,23)))));     1
(1,2,((((3,((((6,7),((8,9),(10,12))),13),11)),(4,5)),14),(15,((((((16,17),((18,19),(20,21))),31),((24,((27,28),(29,30))),(25,26))),22),23))));     1
(1,2,((((3,((((6,7),(8,9)),(10,(11,13))),12)),(4,5)),14),(15,(((((16,17),((18,19),(20,21))),31),(24,(((25,26),(29,30)),(27,28)))),(22,23)))));     1
(1,2,((((3,((((6,7),10),((8,9),(11,12))),13)),(4,5)),14),(15,(((16,17),((18,19),(20,21))),((22,23),(((24,((25,26),(27,28))),(29,30)),31))))));     1
(1,2,((((3,((((6,7),12),(((8,9),10),11)),13)),(4,5)),14),(15,((((16,17),((18,19),(20,21))),(22,23)),(((24,31),(25,26)),(27,(28,(29,30))))))));     1
(1,2,((((3,(((15,((24,((27,28),(29,30))),(25,26))),(22,23)),(((16,17),((18,19),(20,21))),31))),((6,7),((((8,9),11),(10,13)),12))),(4,5)),14));     1
(1,2,((((3,(((6,7),((((8,9),10),11),12)),13)),(4,5)),14),(15,(((16,17),((18,19),(20,21))),((22,23),((24,(((25,26),(27,28)),(29,30))),31))))));     1
(1,2,((((3,(((6,7),(((8,9),(11,12)),10)),13)),(4,5)),14),(15,(((((16,17),((18,19),(20,21))),31),(22,23)),(24,(((25,26),(27,(29,30))),28))))));     1
(1,2,((((3,(((6,7),(((8,9),11),(10,12))),13)),(4,5)),14),(15,(((((16,17),((18,19),(20,21))),31),((24,((27,28),(29,30))),(25,26))),(22,23)))));     1
(1,2,((((3,(((6,7),(((8,9),11),(10,12))),13)),(4,5)),14),(15,((((16,17),((18,19),(20,21))),((24,((25,26),(27,28))),((29,30),31))),(22,23)))));     1
(1,2,((((3,(((6,7),(((8,9),11),(10,12))),13)),(4,5)),14),(15,(((16,17),((18,19),(20,21))),(((22,31),23),(24,((25,26),((27,28),(29,30)))))))));     1
(1,2,((((3,(((6,7),((8,9),(10,(11,12)))),13)),(4,5)),14),(15,(((((16,17),((18,19),(20,21))),31),((24,(25,26)),(27,(28,(29,30))))),(22,23)))));     1
(1,2,((((3,(((6,7),((8,9),12)),((10,11),13))),(4,5)),14),(15,((((16,17),((18,19),(20,21))),((24,((25,26),((27,28),(29,30)))),31)),(22,23)))));     1
(1,2,((((3,(((6,7),12),((((8,9),11),10),13))),(4,5)),14),(15,((((16,17),((18,19),(20,21))),((24,((25,26),((27,(29,30)),28))),31)),(22,23)))));     1
(1,2,((((3,(((6,7),12),(((8,9),(11,13)),10))),(4,5)),14),(15,(((((16,17),((18,19),(20,21))),(22,31)),(((24,(27,28)),(29,30)),(25,26))),23))));     1
(1,2,((((3,(((6,7),12),(((8,9),10),(11,13)))),(4,5)),14),(15,(((((16,17),((18,19),(20,21))),31),((24,(27,(28,(29,30)))),(25,26))),(22,23)))));     1
(1,2,((((3,((15,(((((16,17),((18,19),(20,21))),31),22),((24,(27,(28,(29,30)))),(25,26)))),23)),((6,7),(((8,9),(11,13)),(10,12)))),(4,5)),14));     1
(1,2,((((3,((15,(((22,31),23),(24,((25,26),(27,(28,(29,30))))))),((16,17),((18,19),(20,21))))),((6,7),(((8,9),(11,12)),(10,13)))),(4,5)),14));     1
(1,2,((((3,((15,((16,17),((18,19),(20,21)))),((22,23),((24,((27,28),(29,30))),((25,26),31))))),(((6,7),(8,9)),((10,12),(11,13)))),(4,5)),14));     1
(1,2,((((3,((15,23),((((16,17),((18,19),(20,21))),(((24,((27,28),(29,30))),(25,26)),31)),22))),((6,7),((((8,9),13),(11,12)),10))),(4,5)),14));     1
(1,2,((((3,((15,23),((((16,17),((18,19),(20,21))),(22,31)),(24,((25,26),((27,(29,30)),28)))))),((6,7),(((((8,9),10),11),12),13))),(4,5)),14));     1
(1,2,((((3,((15,23),((((16,17),((18,19),(20,21))),22),((24,((25,26),(27,(28,(29,30))))),31)))),(4,5)),((6,7),(((8,9),(10,12)),(11,13)))),14));     1
(1,2,((((3,((6,7),(((((8,9),10),11),13),12))),(4,5)),14),(15,((((16,17),((18,19),(20,21))),((((24,28),(27,(29,30))),(25,26)),31)),(22,23)))));     1
(1,2,((((3,((6,7),(((((8,9),10),12),11),13))),(4,5)),14),(15,((((((16,17),((18,19),(20,21))),31),((24,(27,28)),((25,26),(29,30)))),22),23))));     1
(1,2,((((3,((6,7),(((((8,9),11),10),12),13))),(4,5)),14),(15,(((((16,17),((18,19),(20,21))),31),(24,((25,26),((27,28),(29,30))))),(22,23)))));     1
(1,2,((((3,((6,7),(((((8,9),11),12),10),13))),(4,5)),14),(15,(((((16,17),((18,19),(20,21))),31),(24,((25,26),((27,(29,30)),28)))),(22,23)))));     1
(1,2,((((3,((6,7),(((((8,9),11),12),10),13))),(4,5)),14),(15,((((16,17),((18,19),(20,21))),((((24,28),(27,(29,30))),(25,26)),31)),(22,23)))));     1
(1,2,((((3,((6,7),(((((8,9),11),12),10),13))),(4,5)),14),(15,((((16,17),((18,19),(20,21))),22),(23,((24,((25,26),(27,(28,(29,30))))),31))))));     1
(1,2,((((3,((6,7),(((((8,9),13),11),10),12))),(4,5)),14),(15,((((16,17),((18,19),(20,21))),((((24,28),(25,26)),(27,(29,30))),31)),(22,23)))));     1
(1,2,((((3,((6,7),((((8,9),(11,12)),10),13))),(4,5)),14),(15,(((((16,17),((18,19),(20,21))),31),((24,(25,26)),(27,(28,(29,30))))),(22,23)))));     1
(1,2,((((3,((6,7),((((8,9),(11,12)),10),13))),(4,5)),14),(15,((((16,17),((18,19),(20,21))),(22,23)),((24,(((25,26),27),(28,(29,30)))),31)))));     1
(1,2,((((3,((6,7),((((8,9),(11,13)),10),12))),(4,5)),14),(15,((((16,17),((18,19),(20,21))),(((24,27),((25,26),(28,(29,30)))),31)),(22,23)))));     1
(1,2,((((3,((6,7),((((8,9),10),(11,12)),13))),(4,5)),14),(((15,(24,((((25,26),(27,28)),(29,30)),31))),((16,17),((18,19),(20,21)))),(22,23))));     1
(1,2,((((3,((6,7),((((8,9),10),(11,13)),12))),(4,5)),14),(15,(((((16,17),((18,19),(20,21))),(((24,27),((25,26),28)),((29,30),31))),22),23))));     1
(1,2,((((3,((6,7),((((8,9),10),(11,13)),12))),(4,5)),14),(15,(((((16,17),((18,19),(20,21))),31),(24,(((25,26),(28,(29,30))),27))),(22,23)))));     1
(1,2,((((3,((6,7),((((8,9),10),(11,13)),12))),(4,5)),14),(15,((((16,17),((18,19),(20,21))),(((24,27),(((25,26),28),(29,30))),31)),(22,23)))));     1
(1,2,((((3,((6,7),((((8,9),11),(10,12)),13))),(4,5)),14),((15,((16,17),((18,19),(20,21)))),((22,23),(((24,((25,26),28)),(27,(29,30))),31)))));     1
(1,2,((((3,((6,7),((((8,9),11),(10,12)),13))),(4,5)),14),(15,(((((16,17),((18,19),(20,21))),(22,31)),(24,((25,26),((27,28),(29,30))))),23))));     1
(1,2,((((3,((6,7),((((8,9),11),(10,12)),13))),(4,5)),14),(15,(((((16,17),((18,19),(20,21))),31),(((24,(27,28)),(29,30)),(25,26))),(22,23)))));     1
(1,2,((((3,((6,7),((((8,9),11),(10,12)),13))),(4,5)),14),(15,(((((16,17),((18,19),(20,21))),31),(24,((25,26),((27,28),(29,30))))),(22,23)))));     1
(1,2,((((3,((6,7),((((8,9),11),(10,12)),13))),(4,5)),14),(15,((((16,17),((18,19),(20,21))),((24,((((25,26),28),27),(29,30))),31)),(22,23)))));     1
(1,2,((((3,((6,7),((((8,9),11),(10,12)),13))),(4,5)),14),(15,(((16,17),((18,19),(20,21))),((22,23),(((24,(25,26)),((27,28),(29,30))),31))))));     1
(1,2,((((3,((6,7),((((8,9),11),10),(12,13)))),(4,5)),14),(15,((((16,17),((18,19),(20,21))),((24,(((25,26),28),27)),((29,30),31))),(22,23)))));     1
(1,2,((((3,((6,7),(((8,9),((10,12),11)),13))),(4,5)),14),((15,23),((((16,17),((18,19),(20,21))),((((24,(27,28)),(25,26)),(29,30)),31)),22))));     1
(1,2,((((3,((6,7),(((8,9),((10,12),11)),13))),(4,5)),14),(15,(((((16,17),((18,19),(20,21))),31),((((24,28),27),(29,30)),(25,26))),(22,23)))));     1
(1,2,((((3,((6,7),(((8,9),((10,13),11)),12))),(4,5)),14),(15,((((16,17),((18,19),(20,21))),((24,(((25,26),28),27)),((29,30),31))),(22,23)))));     1
(1,2,((((3,((6,7),(((8,9),((11,12),13)),10))),(4,5)),14),((15,23),(((((16,17),((18,19),(20,21))),31),(((24,(25,26)),(27,28)),(29,30))),22))));     1
(1,2,((((3,((6,7),(((8,9),(11,12)),(10,13)))),(4,5)),14),(15,(((16,17),((18,19),(20,21))),((22,23),((((24,27),(28,(29,30))),(25,26)),31))))));     1
(1,2,((((3,((6,7),(((8,9),(11,13)),(10,12)))),(4,5)),14),((15,(22,23)),(((16,17),((18,19),(20,21))),(((24,((27,28),(29,30))),(25,26)),31)))));     1
(1,2,((((3,((6,7),(((8,9),10),((11,12),13)))),(4,5)),14),(15,(((16,17),((18,19),(20,21))),((22,23),((24,31),((25,26),((27,28),(29,30)))))))));     1
(1,2,((((3,((6,7),(((8,9),13),((10,12),11)))),(4,5)),14),(15,((((((16,17),((18,19),(20,21))),22),23),((24,(25,26)),((27,28),(29,30)))),31))));     1
(1,2,((((3,((6,7),((8,9),(((10,12),11),13)))),(4,5)),14),(15,((((16,17),((18,19),(20,21))),((24,(((25,26),28),(27,(29,30)))),31)),(22,23)))));     1
(1,2,((((3,((6,7),((8,9),((10,12),(11,13))))),(4,5)),14),(15,((((16,17),((18,19),(20,21))),((24,((25,26),(27,(28,(29,30))))),31)),(22,23)))));     1
(1,2,((((3,((6,7),((8,9),((10,12),(11,13))))),(4,5)),14),(15,(((16,17),((18,19),(20,21))),((22,23),((24,((25,26),((27,28),(29,30)))),31))))));     1
(1,2,((((3,((6,7),((8,9),((10,12),(11,13))))),(4,5)),14),(15,(((16,17),((18,19),(20,21))),((22,23),(24,(((25,26),((27,28),(29,30))),31)))))));     1
(1,2,((((3,((6,7),((8,9),((10,13),(11,12))))),(4,5)),14),(15,((((16,17),((18,19),(20,21))),22),(23,((24,(27,(29,30))),((25,26),(28,31))))))));     1
(1,2,((((3,(15,((((((16,17),((18,19),(20,21))),31),(24,((25,26),((27,28),(29,30))))),22),23))),((6,7),((((8,9),10),(11,13)),12))),(4,5)),14));     1
(1,2,((((3,(15,((((((16,17),((18,19),(20,21))),31),22),((((24,28),27),(25,26)),(29,30))),23))),((6,7),(((8,9),((10,12),11)),13))),(4,5)),14));     1
(1,2,((((3,(15,(((((16,17),((18,19),(20,21))),((((24,(27,28)),(25,26)),(29,30)),31)),22),23))),((6,7),((((8,9),11),(10,12)),13))),(4,5)),14));     1
(1,2,((((3,(15,(((((16,17),((18,19),(20,21))),((24,(((25,26),28),(27,(29,30)))),31)),22),23))),((6,7),(((8,9),(11,13)),(10,12)))),(4,5)),14));     1
(1,2,((((3,(15,(((((16,17),((18,19),(20,21))),22),((((24,(27,28)),(29,30)),(25,26)),31)),23))),((6,7),((((8,9),10),12),(11,13)))),(4,5)),14));     1
(1,2,((((3,(15,(((((16,17),((18,19),(20,21))),22),(((24,(27,(28,(29,30)))),(25,26)),31)),23))),((6,7),((((8,9),11),(10,12)),13))),(4,5)),14));     1
(1,2,((((3,(15,(((((16,17),((18,19),(20,21))),22),(((24,(27,(28,(29,30)))),(25,26)),31)),23))),((6,7),(((8,9),(10,(11,12))),13))),(4,5)),14));     1
(1,2,((((3,(15,(((((16,17),((18,19),(20,21))),31),((24,(25,26)),((27,28),(29,30)))),(22,23)))),((6,7),(((8,9),11),((10,12),13)))),(4,5)),14));     1
(1,2,((((3,(15,(((((16,17),((18,19),(20,21))),31),(24,(((25,26),27),(28,(29,30))))),(22,23)))),((6,7),((((8,9),(11,12)),10),13))),(4,5)),14));     1
(1,2,((((3,(15,(((((16,17),((18,19),(20,21))),31),(24,((25,26),((27,28),(29,30))))),(22,23)))),((6,7),((((8,9),11),(10,13)),12))),(4,5)),14));     1
(1,2,((((3,(15,((((16,17),((18,19),(20,21))),((((24,27),((25,26),28)),(29,30)),31)),(22,23)))),(((((6,7),13),(8,9)),(10,11)),12)),(4,5)),14));     1
(1,2,((((3,(15,((((16,17),((18,19),(20,21))),((((24,28),(25,26)),(27,(29,30))),31)),(22,23)))),((6,7),((((8,9),11),(10,12)),13))),(4,5)),14));     1
(1,2,((((3,(15,((((16,17),((18,19),(20,21))),(((24,((27,28),(29,30))),(25,26)),31)),(22,23)))),((6,7),((((8,9),11),(10,13)),12))),(4,5)),14));     1
(1,2,((((3,(15,((((16,17),((18,19),(20,21))),(((24,(25,26)),(27,(28,(29,30)))),31)),(22,23)))),((6,7),((((8,9),10),(11,12)),13))),(4,5)),14));     1
(1,2,((((3,(15,((((16,17),((18,19),(20,21))),(((24,28),(27,(29,30))),((25,26),31))),(22,23)))),((6,7),(((8,9),10),((11,12),13)))),(4,5)),14));     1
(1,2,((((3,(15,((((16,17),((18,19),(20,21))),((22,31),(24,((25,26),(27,(28,(29,30))))))),23))),((6,7),(((((8,9),11),12),10),13))),(4,5)),14));     1
(1,2,((((3,(15,((((16,17),((18,19),(20,21))),((24,(((25,26),(27,28)),(29,30))),31)),(22,23)))),((((6,7),10),(((8,9),11),13)),12)),(4,5)),14));     1
(1,2,((((3,(15,((((16,17),((18,19),(20,21))),((24,(((25,26),(28,(29,30))),27)),31)),(22,23)))),((6,7),(((((8,9),11),10),13),12))),(4,5)),14));     1
(1,2,((((3,(15,((((16,17),((18,19),(20,21))),((24,((25,26),((27,28),(29,30)))),31)),(22,23)))),((6,7),(((8,9),10),((11,12),13)))),(4,5)),14));     1
(1,2,((((3,(15,((((16,17),((18,19),(20,21))),((24,((25,26),(27,(28,(29,30))))),31)),(22,23)))),((6,7),((8,9),((10,12),(11,13))))),(4,5)),14));     1
(1,2,((((3,(15,((((16,17),((18,19),(20,21))),(22,((24,(((25,26),28),(27,(29,30)))),31))),23))),((6,7),(((((8,9),13),10),11),12))),(4,5)),14));     1
(1,2,((((3,(15,((((16,17),((18,19),(20,21))),(22,23)),((((24,(27,28)),(25,26)),(29,30)),31)))),((6,7),((((8,9),13),10),(11,12)))),(4,5)),14));     1
(1,2,((((3,(15,((((16,17),((18,19),(20,21))),(22,23)),(24,(((25,26),((27,(29,30)),28)),31))))),((6,7),((8,9),(10,((11,12),13))))),(4,5)),14));     1
(1,2,((((3,(15,(((16,17),((18,19),(20,21))),(((22,23),31),(24,((25,26),(27,(28,(29,30))))))))),((6,7),((8,9),((10,12),(11,13))))),(4,5)),14));     1
(1,2,((((3,(15,(((16,17),((18,19),(20,21))),(((22,31),(24,((25,26),((27,(29,30)),28)))),23)))),((6,7),(((8,9),11),((10,13),12)))),14),(4,5)));     1
(1,2,((((3,(15,(((16,17),((18,19),(20,21))),(((22,31),23),((24,((25,26),28)),(27,(29,30))))))),((6,7),(((8,9),(11,12)),(10,13)))),(4,5)),14));     1
(1,2,((((3,(15,(((16,17),((18,19),(20,21))),((22,23),(((24,(25,26)),((27,28),(29,30))),31))))),((6,7),(((8,9),((10,13),11)),12))),(4,5)),14));     1
(1,2,((((3,(15,(((16,17),((18,19),(20,21))),((22,23),((24,((25,26),(27,(28,(29,30))))),31))))),(((6,7),(10,12)),(((8,9),13),11))),(4,5)),14));     1
(1,2,((((3,(15,(((16,17),((18,19),(20,21))),((22,31),(23,(((24,28),(27,(29,30))),(25,26))))))),((6,7),((8,9),(((10,12),11),13)))),(4,5)),14));     1
(1,2,((((3,(4,5)),(((((6,7),10),(8,9)),(11,12)),13)),14),(15,((((16,17),((18,19),(20,21))),((24,31),(((25,26),(27,28)),(29,30)))),(22,23)))));     1
(1,2,((((3,(4,5)),((((6,7),((8,9),(10,13))),12),11)),14),(15,(((((16,17),((18,19),(20,21))),31),(24,(((25,26),28),(27,(29,30))))),(22,23)))));     1
(1,2,((((3,(4,5)),((((6,7),(8,9)),13),((10,11),12))),14),(15,((((16,17),((18,19),(20,21))),(((24,(27,(28,(29,30)))),(25,26)),31)),(22,23)))));     1
(1,2,((((3,(4,5)),((((6,7),10),(((8,9),11),12)),13)),14),(15,(((((16,17),((18,19),(20,21))),(((24,(27,(28,(29,30)))),(25,26)),31)),23),22))));     1
(1,2,((((3,(4,5)),(((6,7),((((8,9),11),13),10)),12)),14),(15,(((((16,17),((18,19),(20,21))),22),(((24,((27,28),(29,30))),31),(25,26))),23))));     1
(1,2,((((3,(4,5)),(((6,7),(((8,9),(11,12)),10)),13)),14),(15,(((16,17),((18,19),(20,21))),(((22,31),23),((24,((27,28),(29,30))),(25,26)))))));     1
(1,2,((((3,(4,5)),(((6,7),12),(((8,9),11),(10,13)))),14),(15,((((16,17),((18,19),(20,21))),((22,31),((((24,27),28),(25,26)),(29,30)))),23))));     1
(1,2,((((3,(4,5)),((6,7),(((((8,9),10),11),12),13))),14),(15,(((16,17),((18,19),(20,21))),(((22,31),23),((24,(27,(28,(29,30)))),(25,26)))))));     1
(1,2,((((3,(4,5)),((6,7),(((((8,9),10),13),11),12))),14),(15,((((((16,17),((18,19),(20,21))),31),22),((((24,27),(25,26)),(29,30)),28)),23))));     1
(1,2,((((3,(4,5)),((6,7),(((((8,9),10),13),11),12))),14),(15,(((((16,17),((18,19),(20,21))),31),((24,(27,(28,(29,30)))),(25,26))),(22,23)))));     1
(1,2,((((3,(4,5)),((6,7),(((((8,9),11),13),12),10))),14),(15,(((((16,17),((18,19),(20,21))),22),((((24,28),27),(29,30)),((25,26),31))),23))));     1
(1,2,((((3,(4,5)),((6,7),(((((8,9),12),11),13),10))),14),((15,23),(((16,17),((18,19),(20,21))),((22,31),((24,(25,26)),((27,28),(29,30))))))));     1
(1,2,((((3,(4,5)),((6,7),(((((8,9),13),10),11),12))),14),(15,((((((16,17),((18,19),(20,21))),31),22),((24,28),((25,26),(27,(29,30))))),23))));     1
(1,2,((((3,(4,5)),((6,7),((((8,9),(10,11)),13),12))),14),(15,(((((16,17),((18,19),(20,21))),31),((24,((27,28),(29,30))),(25,26))),(22,23)))));     1
(1,2,((((3,(4,5)),((6,7),((((8,9),(11,12)),10),13))),14),(15,((((16,17),((18,19),(20,21))),((24,((25,26),(27,(28,(29,30))))),31)),(22,23)))));     1
(1,2,((((3,(4,5)),((6,7),((((8,9),10),(11,12)),13))),14),(15,((((((16,17),((18,19),(20,21))),31),((((24,28),27),(29,30)),(25,26))),23),22))));     1
(1,2,((((3,(4,5)),((6,7),((((8,9),11),(10,12)),13))),14),(15,((((16,17),((18,19),(20,21))),((22,31),(((24,(25,26)),(27,28)),(29,30)))),23))));     1
(1,2,((((3,(4,5)),((6,7),((((8,9),11),(10,13)),12))),14),(15,(((((16,17),((18,19),(20,21))),31),(22,23)),(((24,27),(25,26)),(28,(29,30)))))));     1
(1,2,((((3,(4,5)),((6,7),((((8,9),11),(10,13)),12))),14),(15,(((16,17),((18,19),(20,21))),((22,23),(((24,(27,28)),((29,30),31)),(25,26)))))));     1
(1,2,((((3,(4,5)),((6,7),((((8,9),11),13),(10,12)))),14),(15,(((((16,17),((18,19),(20,21))),31),(24,((25,26),((27,28),(29,30))))),(22,23)))));     1
(1,2,((((3,(4,5)),((6,7),(((8,9),((10,11),12)),13))),14),(15,(((((16,17),((18,19),(20,21))),31),(24,((((25,26),28),(29,30)),27))),(22,23)))));     1
(1,2,((((3,(4,5)),((6,7),(((8,9),((10,11),13)),12))),14),(15,(((16,17),((18,19),(20,21))),((22,23),((((24,27),((25,26),28)),(29,30)),31))))));     1
(1,2,((((3,(4,5)),((6,7),(((8,9),((11,13),12)),10))),14),((15,(((16,17),((18,19),(20,21))),((((24,(25,26)),(28,(29,30))),31),27))),(22,23))));     1
(1,2,((((3,(4,5)),((6,7),(((8,9),(10,12)),(11,13)))),14),(((15,23),((((16,17),((18,19),(20,21))),31),22)),((24,((25,26),28)),(27,(29,30))))));     1
(1,2,((((3,(4,5)),((6,7),(((8,9),(11,12)),(10,13)))),14),(15,(((((16,17),((18,19),(20,21))),31),((24,(27,(28,(29,30)))),(25,26))),(22,23)))));     1
(1,2,((((3,(4,5)),((6,7),(((8,9),(11,12)),(10,13)))),14),(15,((((16,17),((18,19),(20,21))),((24,((25,26),(27,(28,(29,30))))),31)),(22,23)))));     1
(1,2,((((3,(4,5)),((6,7),(((8,9),(11,13)),(10,12)))),14),(15,(((((16,17),((18,19),(20,21))),(((24,((27,(29,30)),28)),(25,26)),31)),22),23))));     1
(1,2,((((3,(4,5)),((6,7),(((8,9),10),((11,12),13)))),14),(15,(((((16,17),((18,19),(20,21))),31),((24,(25,26)),(27,(28,(29,30))))),(22,23)))));     1
(1,2,((((3,(4,5)),((6,7),((8,9),((10,(11,12)),13)))),14),(15,(((((16,17),((18,19),(20,21))),31),((24,(25,26)),((27,28),(29,30)))),(22,23)))));     1
(1,2,((((3,(4,5)),((6,7),((8,9),((10,12),(11,13))))),14),(15,(((16,17),((18,19),(20,21))),((22,23),((((24,((25,26),28)),27),(29,30)),31))))));     1
(1,2,(((3,((((15,31),((16,17),((18,19),(20,21)))),(24,((25,26),((27,28),(29,30))))),(22,23))),((4,5),((6,7),(((8,9),(10,(11,13))),12)))),14));     1
