        0 0.0429466 0.0457648 0.0426298 0.0411307 0.0479391 0.0518776 0.0442996 0.0556561 0.0521443 0.0480371 0.0488012 0.0520897 0.0495388 0.0442022 0.0444636  0.055204 0.0587013 0.0465768 0.0450484 0.0493192 0.0424849 0.0563969 0.0535038 0.0480527 0.0361333 0.0487889 0.0522982 0.0526994  0.049202 0.0521332 0.0532966 0.0509745 0.0591333 0.0486988 0.0379446 0.0475945 0.0414012 0.0495921 0.0421573 0.0489599 0.0409385 0.0480862 0.0537768  0.061831 0.0416285 0.0496265 0.0496436 0.0571622 0.0612813 0.0503093 0.0512479 0.0554645 0.0570141  0.053522 0.0498634 0.0490794 0.0530774 0.0439279 0.0512299 0.0456639 0.0486402 0.0625803 0.0486146 0.0594262 0.0376273 0.0530431 0.0507947  0.051217 0.0505964 0.0584651 0.0583682 0.0522679 0.0482782 0.0543519 0.0489233 0.0434924 0.0491601 0.0492731 0.0594401 0.0541017 0.0522872 0.0526045 0.0544946  0.046104 0.0476835 0.0490043 0.0568238 0.0451854  0.046275 0.0388178   0.04433 0.0581806 0.0569022 0.0454594 0.0570007 0.0425449 0.0486792 0.0476261 0.0322724         0
0.0429466         0 0.0389608 0.0438941 0.0452037 0.0459991 0.0534809 0.0396291 0.0633364 0.0444903 0.0619022 0.0509941  0.034829 0.0547985 0.0475647 0.0524897   0.06314 0.0594903 0.0469499 0.0408772 0.0351962  0.048531 0.0556308  0.062087   0.04634 0.0449535 0.0425439 0.0460114 0.0625535 0.0421491 0.0441327 0.0526211 0.0577506 0.0536463 0.0393287 0.0392535 0.0390934 0.0486742  0.036965 0.0395867 0.0540417 0.0470542 0.0379764 0.0442695 0.0444262 0.0393676 0.0482858 0.0441097  0.053908 0.0506422 0.0406573 0.0420863 0.0484244  0.038628 0.0446239 0.0517849 0.0434233 0.0505872 0.0381168 0.0579222 0.0454326 0.0532005 0.0603567  0.043767 0.0693109 0.0386648 0.0426358 0.0430329 0.0420059 0.0379786 0.0491154 0.0491761 0.0521595 0.0515213 0.0449531 0.0365167  0.051446 0.0506946 0.0521755 0.0463971 0.0590231   0.05025 0.0485956 0.0471996 0.0431454  0.040688 0.0509675 0.0525092 0.0411039 0.0488465 0.0432008 0.0491122 0.0424262 0.0535529 0.0478754 0.0452059 0.0471625 0.0549494 0.0514476 0.0287024         0
0.0457648 0.0389608         0 0.0527776 0.0426566 0.0520272 0.0618839 0.0372703 0.0584611 0.0574767 0.0652391 0.0543093 0.0419697 0.0608622 0.0446397 0.0559441 0.0595316 0.0518932 0.0495228 0.0435148 0.0432114 0.0525529 0.0569173 0.0633164 0.0440741 0.0432534 0.0440139 0.0510071 0.0615721 0.0403181  0.042682 0.0588531 0.0526763 0.0599197 0.0494799 0.0455753 0.0449277 0.0515068 0.0479998 0.0527106 0.0491016 0.0517028 0.0450293 0.0532869 0.0561602 0.0483042 0.0511484 0.0489309 0.0503954 0.0636522 0.0396482 0.0467596 0.0583673 0.0506874 0.0442104 0.0546895  0.044246 0.0513502 0.0502403 0.0566332 0.0476977 0.0577567 0.0658823 0.0517477 0.0733138 0.0437316 0.0474087  0.056469 0.0483061 0.0464344  0.054305 0.0505114 0.0539072 0.0568421 0.0418333 0.0506619 0.0445602 0.0539216 0.0552347  0.052727   0.06268 0.0488682 0.0447204 0.0508613  0.051592 0.0453108 0.0509638 0.0601047 0.0447846 0.0501973 0.0499074 0.0549952 0.0621964 0.0552483 0.0468948 0.0412938 0.0449653 0.0557178 0.0492217 0.0348379         0
0.0426298 0.0438941 0.0527776         0 0.0472297 0.0510832 0.0459693 0.0472204 0.0598122  0.047505 0.0543393 0.0374771 0.0493891 0.0421144 0.0491056 0.0452476 0.0630716  0.061598 0.0468222  0.050933 0.0471277 0.0554231 0.0455518  0.046369 0.0466963 0.0504627 0.0434324 0.0559492 0.0662491 0.0507792 0.0556597 0.0560694 0.0474566 0.0555741 0.0527754 0.0462705 0.0393032 0.0461419 0.0529538 0.0371471 0.0529133 0.0449925 0.0480553 0.0541409 0.0615245 0.0477401 0.0467722 0.0413875 0.0535625 0.0569743 0.0514879 0.0406721  0.044624 0.0574599 0.0544794  0.043611 0.0481723 0.0673671 0.0435633 0.0516732 0.0542555 0.0495098 0.0694235 0.0523066 0.0638063 0.0383167 0.0580665 0.0488425 0.0541815 0.0565561 0.0577053 0.0525735 0.0570778 0.0477839 0.0509995 0.0491656 0.0564322 0.0462615 0.0558156 0.0529216 0.0638902 0.0465981 0.0545401 0.0530693 0.0522187  0.046789 0.0462766 0.0602396  0.044938 0.0518519  0.037806 0.0447324 0.0477615 0.0519145 0.0542914 0.0571547 0.0505773 0.0497268 0.0516474 0.0334786         0
0.0411307 0.0452037 0.0426566 0.0472297         0 0.0424954 0.0529923 0.0451739 0.0526728 0.0566261 0.0513322 0.0511453 0.0429666 0.0527077 0.0502137 0.0476803 0.0576442 0.0661718 0.0485654 0.0364901 0.0494343 0.0474309 0.0470468 0.0620082 0.0482783  0.033468 0.0508414 0.0550082 0.0578704 0.0525446 0.0472707 0.0524708 0.0490238 0.0520828 0.0551723 0.0423668 0.0425692 0.0447888 0.0454369 0.0455195 0.0542393 0.0455465 0.0476642 0.0572149 0.0532631 0.0544372 0.0513464  0.052346 0.0545822 0.0543061 0.0492216 0.0497508 0.0637374 0.0535111 0.0451405  0.051359 0.0469164 0.0597102  0.044853 0.0444468 0.0553867  0.048719 0.0617798 0.0521304 0.0692528 0.0436372 0.0517754 0.0517842 0.0592428 0.0535829 0.0558286 0.0570717 0.0497005 0.0371107 0.0451924 0.0513909 0.0493791 0.0499933 0.0458874  0.058636 0.0556202 0.0492725 0.0550574 0.0603145  0.043272 0.0430569 0.0484154 0.0697644 0.0392504 0.0434701 0.0466077 0.0478559 0.0601335 0.0531435 0.0460691 0.0476826 0.0476036 0.0599307 0.0470354 0.0337869         0
0.0479391 0.0459991 0.0520272 0.0510832 0.0424954         0 0.0449208 0.0498061  0.058948  0.059031 0.0579053 0.0548329 0.0494626 0.0484505 0.0609963 0.0531756 0.0551562 0.0698197 0.0567835 0.0454612 0.0500438 0.0544294 0.0544945 0.0631384 0.0476516 0.0438478 0.0482721 0.0480985 0.0613645 0.0518149 0.0423478 0.0568132 0.0629043 0.0519865 0.0501779 0.0531752 0.0486661  0.056074 0.0369004 0.0437093 0.0558841  0.048798 0.0449407 0.0512211 0.0521216 0.0490108 0.0479198 0.0527082 0.0610238 0.0496419 0.0544576 0.0529906 0.0588375 0.0574958 0.0577854 0.0658696 0.0498127 0.0619678 0.0543173  0.054159 0.0577102 0.0466383 0.0517314 0.0582113 0.0713638 0.0455727 0.0597065 0.0570349 0.0584355 0.0499642 0.0649929 0.0604125 0.0514182 0.0376097 0.0521992 0.0447513 0.0558384 0.0493249 0.0573285 0.0591434 0.0546233 0.0507254 0.0578048 0.0616075 0.0371072 0.0405854 0.0468114 0.0671071  0.046589 0.0520825  0.046642 0.0522969 0.0523251 0.0619102 0.0520487 0.0587085 0.0540665 0.0639208  0.047289 0.0380474         0
0.0518776 0.0534809 0.0618839 0.0459693 0.0529923 0.0449208         0 0.0550633  0.057091 0.0586041 0.0590154 0.0470602 0.0523509 0.0480313 0.0560719 0.0577902 0.0564775 0.0725882 0.0522949 0.0527492 0.0420515 0.0528432  0.049428 0.0665171 0.0570371  0.047711 0.0414388 0.0585894 0.0712264 0.0563898  0.054411 0.0506264 0.0588031 0.0594448 0.0497018 0.0591101 0.0555896 0.0553097 0.0521148 0.0513189 0.0689849 0.0504608 0.0450153 0.0623102 0.0582526 0.0446121 0.0438045 0.0562276 0.0581564 0.0388618 0.0599171 0.0495032 0.0577887 0.0556015 0.0607966 0.0596407 0.0464244 0.0629003 0.0574514 0.0572901 0.0655354   0.04899 0.0560612 0.0613773 0.0735117 0.0511061 0.0656533 0.0492519 0.0623537 0.0540532 0.0689132 0.0557436 0.0523722 0.0452712 0.0484992 0.0552715 0.0637733 0.0486414 0.0475854 0.0581795 0.0563824 0.0353664 0.0580505  0.057529  0.044941 0.0387398 0.0546991 0.0646413 0.0586777 0.0521236 0.0484002 0.0413858 0.0460404 0.0552406 0.0492014 0.0614577 0.0552118   0.05632 0.0512909 0.0396398         0
0.0442996 0.0396291 0.0372703 0.0472204 0.0451739 0.0498061 0.0550633         0 0.0538717 0.0488753 0.0512556 0.0441978 0.0431161 0.0515092 0.0412915 0.0472493 0.0475961 0.0532634 0.0523309 0.0462592 0.0496228 0.0434519 0.0502423 0.0595038  0.037844 0.0381291  0.041679 0.0447218 0.0469411 0.0485562 0.0338608 0.0541089 0.0468672 0.0510073 0.0459484 0.0386197 0.0452249 0.0440975 0.0449626 0.0417822 0.0497285 0.0441459 0.0427657 0.0512133 0.0467362 0.0406975 0.0502927 0.0487211 0.0409719 0.0617059 0.0397765 0.0444008 0.0497718 0.0491269 0.0414991 0.0510829 0.0424898 0.0597781 0.0407162 0.0549307 0.0454446 0.0500417 0.0582578 0.0471609 0.0629431 0.0465938 0.0399481 0.0516367 0.0439376 0.0475241 0.0599166 0.0479955 0.0427076 0.0589439 0.0367648 0.0428616 0.0430986 0.0460527 0.0478883 0.0435195 0.0569215  0.045872 0.0331304 0.0459261 0.0487139  0.040442 0.0558357 0.0489201 0.0385943 0.0388517 0.0401127 0.0573455 0.0562096 0.0502513 0.0430657 0.0553408 0.0508242  0.058497 0.0400503 0.0274366         0
0.0556561 0.0633364 0.0584611 0.0598122 0.0526728  0.058948  0.057091 0.0538717         0  0.066316 0.0573807 0.0587861 0.0620521 0.0598678 0.0545804 0.0477905 0.0470523 0.0599927 0.0600041  0.054577  0.058562 0.0685467 0.0643625  0.074958 0.0562593 0.0513315 0.0576473 0.0658604 0.0709012 0.0725241 0.0592845 0.0652458 0.0557866  0.062564 0.0597084 0.0615489 0.0665444 0.0550479 0.0628078 0.0611264 0.0615736 0.0559639 0.0553164 0.0736081 0.0744601 0.0635481 0.0658731 0.0582129 0.0571343 0.0654201 0.0656294 0.0623224  0.076421 0.0746441 0.0618782 0.0658598 0.0503862 0.0737623 0.0650963 0.0550582  0.061173 0.0525394 0.0703799 0.0681706 0.0580761 0.0616389  0.074178 0.0711997  0.063969 0.0693275 0.0816159 0.0580334 0.0486414 0.0596602 0.0633831 0.0639248 0.0585862 0.0432667 0.0588774 0.0709319 0.0561008 0.0522352 0.0501306 0.0661192 0.0538954 0.0560673 0.0581606  0.081784 0.0533336 0.0609103 0.0531502 0.0514369 0.0718054 0.0665645 0.0586981 0.0623697 0.0625586 0.0559933   0.04447 0.0478593         0
0.0521443 0.0444903 0.0574767  0.047505 0.0566261  0.059031 0.0586041 0.0488753  0.066316         0 0.0560707 0.0422921 0.0499629 0.0527034 0.0426329  0.049239 0.0615346 0.0684192 0.0527011 0.0546057  0.049257 0.0560796 0.0504838  0.067493  0.062023 0.0603998 0.0540212 0.0626596 0.0672745   0.05268 0.0513532 0.0498208 0.0602049 0.0402181 0.0499126 0.0424858 0.0472009   0.06176 0.0530456 0.0509133 0.0660993 0.0472622 0.0518428 0.0508288 0.0513255  0.045789 0.0498943 0.0521061 0.0529046 0.0571935 0.0450606  0.050528 0.0482027 0.0495162  0.052802 0.0509101 0.0461812 0.0664152 0.0393557  0.058567 0.0541165 0.0561856 0.0688942 0.0436771 0.0732266 0.0553348 0.0514986 0.0421056 0.0500384 0.0614839 0.0660987 0.0588171 0.0600781 0.0620392 0.0529635 0.0460271    0.0539 0.0546633  0.056543 0.0515349 0.0610688 0.0529925 0.0489796 0.0475987 0.0552569 0.0476492 0.0620803 0.0484399 0.0539121 0.0584641 0.0448806   0.06389 0.0466608 0.0517153 0.0495255 0.0503333 0.0557493 0.0575539 0.0580741 0.0372507         0
0.0480371 0.0619022 0.0652391 0.0543393 0.0513322 0.0579053 0.0590154 0.0512556 0.0573807 0.0560707         0 0.0532851 0.0600612 0.0464589 0.0550512 0.0418883 0.0570568  0.067216 0.0501421  0.052452  0.063376 0.0543838  0.055927 0.0582544 0.0603132 0.0550791 0.0603975 0.0728451 0.0485783 0.0684976 0.0586681 0.0634286 0.0593313 0.0583616 0.0662965 0.0509177 0.0611507 0.0489325 0.0602622 0.0519154 0.0531603 0.0415288 0.0601794 0.0624562 0.0660364  0.057789  0.058008 0.0546469 0.0533215 0.0723481 0.0599335 0.0576877  0.061529 0.0723692 0.0613656 0.0560913 0.0547431 0.0734803 0.0579192 0.0455882 0.0597573 0.0504462 0.0758629 0.0587054 0.0595031 0.0586451 0.0618126 0.0598753 0.0566471 0.0659524 0.0699021 0.0715604  0.059536  0.057513 0.0597672 0.0574172 0.0482955 0.0560013 0.0542473 0.0742018   0.06586 0.0582244 0.0519815 0.0686608 0.0580858 0.0530784  0.059037  0.069564 0.0553396 0.0529729 0.0446586 0.0617614 0.0694443 0.0593662 0.0432023 0.0682797 0.0563837 0.0701413 0.0521891 0.0443018         0
0.0488012 0.0509941 0.0543093 0.0374771 0.0511453 0.0548329 0.0470602 0.0441978 0.0587861 0.0422921 0.0532851         0 0.0518232 0.0457407 0.0414384 0.0490136 0.0595704 0.0708171 0.0456466  0.049434 0.0491393 0.0488174 0.0423881 0.0568512  0.055808 0.0532371 0.0512079 0.0616804 0.0680284 0.0534983 0.0516857 0.0449891 0.0470576 0.0504544 0.0563444 0.0449288 0.0480745 0.0516459 0.0547235 0.0435751  0.059669 0.0436677 0.0468177 0.0520123 0.0572161  0.041299 0.0459331 0.0476097 0.0480519 0.0568324 0.0444244 0.0373949 0.0466694 0.0547542 0.0508298 0.0449908 0.0415481 0.0668519 0.0399658  0.049144 0.0555407  0.049941 0.0705332 0.0416559 0.0707012 0.0521909 0.0553406 0.0527857 0.0558949 0.0612787 0.0695958 0.0587939 0.0583135 0.0513464 0.0439411 0.0452038 0.0507497 0.0499785  0.053493  0.048783 0.0633501 0.0458154 0.0463964 0.0476513 0.0514015 0.0422826 0.0539286  0.051747 0.0555765 0.0488143  0.035909 0.0506913 0.0440475 0.0487701 0.0470034 0.0519544 0.0592216 0.0572987 0.0495454 0.0341029         0
0.0520897  0.034829 0.0419697 0.0493891 0.0429666 0.0494626 0.0523509 0.0431161 0.0620521 0.0499629 0.0600612 0.0518232         0  0.056686 0.0494673 0.0519935 0.0590544 0.0615318 0.0500812  0.039175 0.0359914  0.047302 0.0467591 0.0585875  0.054592 0.0469657 0.0367297 0.0562923 0.0686675 0.0443511 0.0404178 0.0600959  0.051321 0.0546225 0.0475118 0.0450392 0.0443653  0.052833 0.0374671 0.0433424 0.0610029 0.0516842 0.0384841 0.0472883  0.040003 0.0475662 0.0485967 0.0500583 0.0480617 0.0516813 0.0460588 0.0415478  0.055464 0.0424214 0.0414436 0.0525189   0.03653 0.0563202 0.0455605 0.0608164 0.0493266 0.0513153 0.0615716 0.0515034 0.0749894 0.0443132  0.045248 0.0383967 0.0429225 0.0478401 0.0519713 0.0435059 0.0512559 0.0507186 0.0404421 0.0500525 0.0535459 0.0456823 0.0440597 0.0474901 0.0618629 0.0420031 0.0512507 0.0524206 0.0491876 0.0411636 0.0546034 0.0598671 0.0458787 0.0524955 0.0436347 0.0488666 0.0482766 0.0441617 0.0477619 0.0420399 0.0518595 0.0573312 0.0535112 0.0318761         0
0.0495388 0.0547985 0.0608622 0.0421144 0.0527077 0.0484505 0.0480313 0.0515092 0.0598678 0.0527034 0.0464589 0.0457407  0.056686         0 0.0484425 0.0473727 0.0649029  0.064729 0.0514242 0.0494702 0.0565908 0.0578277 0.0513184 0.0580943 0.0560867 0.0563161 0.0487664 0.0603045  0.059678 0.0590407 0.0550673 0.0546799 0.0557773 0.0523047 0.0637918  0.048738 0.0500838 0.0549885 0.0525904 0.0399462 0.0465736 0.0409832 0.0484703 0.0504948  0.064188 0.0499529 0.0443815 0.0445582 0.0497298  0.055739 0.0493417 0.0544179 0.0474086 0.0592189 0.0607838 0.0595452 0.0533002 0.0733596 0.0538784 0.0455282 0.0564782 0.0505553 0.0724665 0.0542063 0.0682788 0.0441318 0.0592843 0.0569872 0.0562156 0.0628349 0.0658508 0.0621499 0.0570182 0.0472084 0.0553168 0.0529457 0.0511272 0.0469599 0.0614097 0.0581885 0.0643047 0.0451323  0.056793 0.0604049 0.0523072 0.0453292 0.0389234 0.0668367 0.0519374 0.0479283 0.0382193 0.0525765 0.0593538 0.0579191 0.0473696 0.0600404 0.0538879 0.0679157 0.0492065 0.0391091         0
0.0442022 0.0475647 0.0446397 0.0491056 0.0502137 0.0609963 0.0560719 0.0412915 0.0545804 0.0426329 0.0550512 0.0414384 0.0494673 0.0484425         0  0.041658 0.0577368 0.0583731 0.0437399 0.0452166 0.0465193 0.0471305 0.0498728 0.0589413 0.0563646 0.0464326  0.051709 0.0624519 0.0609322 0.0541562 0.0538826 0.0539017 0.0470884 0.0516974  0.050611 0.0354203 0.0451427 0.0498962 0.0548552 0.0474721 0.0534115 0.0395985 0.0491983 0.0502124 0.0570301 0.0440504 0.0445418 0.0430484 0.0440985 0.0601476  0.031314 0.0488798 0.0497563 0.0478697 0.0494164 0.0388902 0.0388934 0.0511044  0.041188 0.0433878 0.0427347 0.0524912 0.0688671 0.0388184 0.0709915 0.0487677  0.051341 0.0503176 0.0482066 0.0638761 0.0602302 0.0577058 0.0529976 0.0608665 0.0452975 0.0512481  0.043019 0.0445917 0.0476758 0.0424885 0.0572638 0.0429271 0.0394949 0.0369517 0.0503068 0.0366997 0.0523187 0.0531562 0.0526126 0.0481627 0.0436471 0.0505803 0.0550917 0.0456249 0.0457882 0.0486065 0.0520595 0.0536841 0.0452839 0.0312088         0
0.0444636 0.0524897 0.0559441 0.0452476 0.0476803 0.0531756 0.0577902 0.0472493 0.0477905  0.049239 0.0418883 0.0490136 0.0519935 0.0473727  0.041658         0 0.0488708 0.0569479 0.0463995 0.0508156 0.0543656 0.0535182 0.0503818 0.0523882 0.0544029 0.0472602 0.0540632 0.0650211 0.0558716 0.0617622  0.057134 0.0682506   0.05351 0.0515796 0.0512741 0.0461893 0.0526658 0.0500712 0.0534546 0.0425176 0.0476617 0.0359144 0.0540841 0.0556594  0.060403 0.0562297 0.0507714 0.0430198 0.0532812  0.068385 0.0521233 0.0558548 0.0562942 0.0653189 0.0558109 0.0453105 0.0471769 0.0629858 0.0484348 0.0445293 0.0420885 0.0394883 0.0625961 0.0510539 0.0590404 0.0507941 0.0617457 0.0543675 0.0519762 0.0661545 0.0615587 0.0613711 0.0550906 0.0564655 0.0585002 0.0519986 0.0470018  0.037438 0.0521572 0.0622684 0.0506979 0.0536327 0.0480421 0.0547939 0.0458381 0.0449326 0.0491729 0.0703334  0.046605 0.0526058 0.0411123 0.0503879 0.0619414  0.055985 0.0523379 0.0594964 0.0546687 0.0515818 0.0445411 0.0356408         0
 0.055204   0.06314 0.0595316 0.0630716 0.0576442 0.0551562 0.0564775 0.0475961 0.0470523 0.0615346 0.0570568 0.0595704 0.0590544 0.0649029 0.0577368 0.0488708         0 0.0650228 0.0641339 0.0623733 0.0616635 0.0580367  0.065016 0.0705085 0.0545822 0.0487534 0.0554786 0.0599851 0.0661262 0.0669912 0.0520794 0.0689819 0.0580693 0.0602117 0.0551411 0.0619184 0.0654051  0.059969  0.059978 0.0581428 0.0688745 0.0532947   0.05741 0.0675801 0.0665753 0.0581261 0.0644797 0.0652697 0.0562337 0.0660182 0.0643392 0.0610615 0.0727196 0.0726916 0.0627843 0.0646762  0.050048 0.0722583 0.0648313 0.0632954 0.0609282 0.0481714 0.0589373 0.0684129 0.0626591 0.0637357 0.0716935 0.0634716 0.0597743 0.0627923 0.0816855 0.0572012 0.0504847 0.0657576 0.0598894 0.0613157 0.0583145 0.0449939 0.0556307 0.0689262 0.0569678 0.0552061 0.0519427 0.0604092 0.0531874  0.053337 0.0649675 0.0709288 0.0564392 0.0630269 0.0553586  0.060405 0.0707602 0.0615605 0.0595382 0.0691986 0.0623172  0.057395 0.0494825 0.0472524         0
0.0587013 0.0594903 0.0518932  0.061598 0.0661718 0.0698197 0.0725882 0.0532634 0.0599927 0.0684192  0.067216 0.0708171 0.0615318  0.064729 0.0583731 0.0569479 0.0650228         0 0.0691829 0.0649355 0.0642418 0.0741272  0.071343 0.0664949 0.0495064 0.0639395 0.0520045 0.0640102 0.0686231 0.0712007 0.0622258 0.0774752 0.0655895 0.0711596   0.06364 0.0622066 0.0638811 0.0612496 0.0685325 0.0657454 0.0607327 0.0637718 0.0612512 0.0632876 0.0770584 0.0647278 0.0719671 0.0603193 0.0634276 0.0797964 0.0642697 0.0688224 0.0759984 0.0729293 0.0653105 0.0695603 0.0615549 0.0732683 0.0702346 0.0702548 0.0570416 0.0718765 0.0791497 0.0699799 0.0653717 0.0554655 0.0687597 0.0739386 0.0543424 0.0587403 0.0642586 0.0601973 0.0566599 0.0721829 0.0673458 0.0714881 0.0610591 0.0601567 0.0687952 0.0743107 0.0696792 0.0661534 0.0536981 0.0707106 0.0710493 0.0676931 0.0655118  0.078837 0.0566648 0.0646602 0.0624628 0.0667572 0.0807042 0.0738333 0.0597631 0.0727658 0.0594545 0.0647889 0.0652232 0.0536565         0
0.0465768 0.0469499 0.0495228 0.0468222 0.0485654 0.0567835 0.0522949 0.0523309 0.0600041 0.0527011 0.0501421 0.0456466 0.0500812 0.0514242 0.0437399 0.0463995 0.0641339 0.0691829         0 0.0443233 0.0401213 0.0499847 0.0526574 0.0556081  0.058871 0.0530711 0.0542969 0.0680072 0.0637865 0.0518221 0.0595425 0.0562094  0.056878 0.0595442  0.058019 0.0468589 0.0477041 0.0499615 0.0549649 0.0493601 0.0520848 0.0405544 0.0545203 0.0570657 0.0616106 0.0476653 0.0456638 0.0437949 0.0480744 0.0565991 0.0444398 0.0444126 0.0542872 0.0568909 0.0533978 0.0407323 0.0432282 0.0513752 0.0513943 0.0436886 0.0589736  0.049906 0.0738078  0.051739 0.0751624 0.0489332 0.0578482 0.0512053 0.0553121 0.0584639 0.0552374 0.0625079 0.0623583 0.0511418  0.044145 0.0478321 0.0503887 0.0535995 0.0514159 0.0589319 0.0655928 0.0464588 0.0500695 0.0497482 0.0531366 0.0385767 0.0527324 0.0614517 0.0586727 0.0502754 0.0416415 0.0446513 0.0553957 0.0419579 0.0410876  0.048883 0.0505381 0.0580907 0.0482077 0.0370122         0
0.0450484 0.0408772 0.0435148  0.050933 0.0364901 0.0454612 0.0527492 0.0462592  0.054577 0.0546057  0.052452  0.049434  0.039175 0.0494702 0.0452166 0.0508156 0.0623733 0.0649355 0.0443233         0 0.0399031 0.0495465  0.043884 0.0574056 0.0542876 0.0416119 0.0519848 0.0617522 0.0629311 0.0474988 0.0460608 0.0521176 0.0547666 0.0510485 0.0561417   0.04032 0.0449832 0.0444521 0.0397392 0.0450184 0.0501729 0.0443171 0.0382979 0.0499217 0.0483892 0.0492305 0.0458281 0.0438071 0.0504188 0.0567208 0.0437343 0.0427627 0.0522013 0.0488316 0.0409777 0.0493817 0.0385343 0.0543692 0.0461044 0.0486818 0.0454338 0.0522448 0.0681368 0.0467311 0.0712618 0.0425896 0.0489848 0.0545906 0.0493724 0.0540115 0.0577658 0.0594185 0.0567397  0.045258 0.0436133 0.0468234 0.0467006 0.0534508   0.04749 0.0522328 0.0595487 0.0459963 0.0463771 0.0573266 0.0446974 0.0378306 0.0497733 0.0632396 0.0465078 0.0456479 0.0423452 0.0454788 0.0516263 0.0523307 0.0396952 0.0428305 0.0493722 0.0586617 0.0510624 0.0316763         0
0.0493192 0.0351962 0.0432114 0.0471277 0.0494343 0.0500438 0.0420515 0.0496228  0.058562  0.049257  0.063376 0.0491393 0.0359914 0.0565908 0.0465193 0.0543656 0.0616635 0.0642418 0.0401213 0.0399031         0 0.0494659 0.0496477 0.0638726 0.0541377 0.0487355 0.0374822 0.0596491 0.0706402 0.0380147 0.0487527 0.0506186 0.0567103 0.0573042 0.0387058 0.0448681 0.0472902 0.0529922 0.0430326 0.0500563 0.0585004 0.0497178 0.0370412 0.0525883 0.0519749 0.0436351 0.0393619 0.0434354  0.051967 0.0446061 0.0487523 0.0423617 0.0508763 0.0445811 0.0470821 0.0529231 0.0374473 0.0458278 0.0512852 0.0552109 0.0532906 0.0508686  0.060983 0.0500808 0.0739253 0.0408193 0.0506828 0.0408999 0.0472161 0.0453647 0.0553194 0.0462947 0.0563746 0.0511731 0.0440938 0.0495596 0.0549982 0.0516269 0.0448095 0.0506142 0.0565203 0.0367881 0.0487837 0.0466229 0.0476337 0.0362095 0.0519442 0.0543751 0.0535705 0.0557675 0.0423698 0.0402554 0.0406184 0.0465557 0.0455222 0.0387848 0.0470413 0.0433966 0.0519143 0.0313669         0
0.0424849  0.048531 0.0525529 0.0554231 0.0474309 0.0544294 0.0528432 0.0434519 0.0685467 0.0560796 0.0543838 0.0488174  0.047302 0.0578277 0.0471305 0.0535182 0.0580367 0.0741272 0.0499847 0.0495465 0.0494659         0 0.0557199  0.059931 0.0548578 0.0411756  0.051259 0.0554873 0.0535881 0.0486235 0.0479159  0.057488 0.0551629 0.0581285 0.0507157 0.0434128 0.0527397  0.054431 0.0472756  0.043627 0.0585297 0.0406178 0.0478535 0.0471139 0.0499759 0.0429313  0.045092 0.0574145 0.0534531 0.0574382 0.0480567 0.0489132 0.0539873 0.0503964 0.0531752 0.0521915 0.0483184   0.05185 0.0455121 0.0548918 0.0541686  0.043804 0.0573604 0.0501158  0.079888 0.0485119  0.045731 0.0441037 0.0524074 0.0499206 0.0583745 0.0623448 0.0555939 0.0554557 0.0427118 0.0478228 0.0504239 0.0553737  0.044551  0.054302 0.0614562 0.0496052 0.0551421 0.0458268  0.050504  0.041074 0.0568072 0.0491425 0.0576442 0.0497446 0.0457438 0.0562101 0.0561696 0.0450864  0.048288 0.0585831 0.0503569 0.0617713 0.0522459  0.035755         0
0.0563969 0.0556308 0.0569173 0.0455518 0.0470468 0.0544945  0.049428 0.0502423 0.0643625 0.0504838  0.055927 0.0423881 0.0467591 0.0513184 0.0498728 0.0503818  0.065016  0.071343 0.0526574  0.043884 0.0496477 0.0557199         0 0.0597742  0.059059 0.0511615  0.053841  0.070392 0.0695569 0.0507155 0.0532124 0.0569907 0.0518562 0.0492485 0.0625052  0.046348 0.0455135  0.055119 0.0531823 0.0510201 0.0608351 0.0445659 0.0537217 0.0603487 0.0541343 0.0553422 0.0473607 0.0507294 0.0512777 0.0595952 0.0543778  0.046041 0.0519224 0.0564012 0.0456303 0.0468914 0.0420502 0.0707721 0.0483677 0.0553665 0.0591504 0.0491728 0.0703825 0.0473708 0.0767307 0.0531091 0.0555636 0.0533073 0.0612502 0.0668624 0.0667389 0.0580148 0.0661231 0.0553008 0.0482332 0.0575332 0.0566961 0.0548664 0.0512908 0.0523994 0.0619779 0.0448511 0.0527728 0.0594656 0.0549173 0.0428593 0.0605218 0.0670562 0.0543641 0.0497681 0.0491969 0.0500045 0.0521991 0.0515364 0.0465534 0.0541104 0.0604903 0.0597827 0.0577569 0.0390034         0
0.0535038  0.062087 0.0633164  0.046369 0.0620082 0.0631384 0.0665171 0.0595038  0.074958  0.067493 0.0582544 0.0568512 0.0585875 0.0580943 0.0589413 0.0523882 0.0705085 0.0664949 0.0556081 0.0574056 0.0638726  0.059931 0.0597742         0 0.0588097 0.0618417 0.0621748 0.0711042 0.0674238 0.0634903 0.0685444 0.0765866 0.0589435 0.0724558 0.0701711 0.0599605  0.052269 0.0511504 0.0649739 0.0483599 0.0569762  0.055487 0.0649681 0.0565768 0.0689722 0.0617657 0.0623185 0.0561606 0.0630354 0.0782348 0.0611565 0.0549407 0.0642116 0.0722097 0.0660093 0.0511915 0.0596563  0.071036 0.0591921 0.0611223 0.0579418  0.062723 0.0821739 0.0646998 0.0728536 0.0483482 0.0689325 0.0678694 0.0599599 0.0655006  0.060255 0.0715306 0.0696256 0.0589108 0.0596175 0.0642193 0.0634778 0.0593868 0.0610004 0.0667944 0.0774346 0.0653867 0.0608014 0.0663244 0.0671272 0.0585082 0.0633423 0.0671291  0.062627 0.0639681 0.0493869 0.0582227 0.0657298 0.0576179 0.0608941 0.0742972 0.0616188 0.0670527 0.0681003  0.049931         0
0.0480527   0.04634 0.0440741 0.0466963 0.0482783 0.0476516 0.0570371  0.037844 0.0562593  0.062023 0.0603132  0.055808  0.054592 0.0560867 0.0563646 0.0544029 0.0545822 0.0495064  0.058871 0.0542876 0.0541377 0.0548578  0.059059 0.0588097         0 0.0440111 0.0447096 0.0396041  0.054776 0.0530374 0.0466978 0.0606214 0.0486227 0.0650104 0.0545737 0.0498297  0.045797 0.0470116 0.0542294 0.0507366 0.0477758 0.0502825 0.0498806 0.0512983 0.0642605 0.0526379 0.0608649 0.0567442 0.0538288 0.0593758 0.0542649  0.048161  0.063037 0.0616503 0.0548031 0.0595482 0.0535613 0.0687572 0.0554527 0.0551384 0.0569634 0.0549405  0.068055 0.0573085 0.0621931 0.0437959 0.0553685 0.0617877 0.0562858 0.0428088  0.065022 0.0491703 0.0507074 0.0547397 0.0485816 0.0536045 0.0545432 0.0497918 0.0533642 0.0606679  0.064176 0.0542537 0.0483669 0.0559371 0.0546741 0.0494187 0.0561839 0.0618198 0.0446937 0.0575471 0.0501418 0.0533571 0.0614832 0.0587203  0.051322 0.0650831  0.051983 0.0595673 0.0490467 0.0386495         0
0.0361333 0.0449535 0.0432534 0.0504627  0.033468 0.0438478  0.047711 0.0381291 0.0513315 0.0603998 0.0550791 0.0532371 0.0469657 0.0563161 0.0464326 0.0472602 0.0487534 0.0639395 0.0530711 0.0416119 0.0487355 0.0411756 0.0511615 0.0618417 0.0440111         0 0.0472104  0.048468 0.0552018 0.0496749 0.0448777 0.0540851 0.0499766 0.0563266 0.0469157 0.0415451 0.0470622 0.0402168 0.0421722 0.0465814 0.0546141 0.0435519 0.0420425 0.0577795 0.0516384  0.048832 0.0515544 0.0518135 0.0507883 0.0555954 0.0501149 0.0506949 0.0571974 0.0511933 0.0469036 0.0497305 0.0440298 0.0521315 0.0435492  0.051886 0.0463516 0.0447408 0.0522881 0.0537797 0.0653589 0.0444948 0.0519751 0.0519471 0.0522142 0.0516219  0.062527 0.0543396 0.0441322 0.0517349  0.044781  0.053521 0.0476388 0.0449905 0.0416504 0.0488965 0.0465062 0.0455339  0.047551 0.0528954 0.0343172 0.0366921 0.0542664  0.061723 0.0370933 0.0407986 0.0487957 0.0453106 0.0569355 0.0552631  0.048787 0.0562715 0.0491803 0.0515937 0.0398157  0.030648         0
0.0487889 0.0425439 0.0440139 0.0434324 0.0508414 0.0482721 0.0414388  0.041679 0.0576473 0.0540212 0.0603975 0.0512079 0.0367297 0.0487664  0.051709 0.0540632 0.0554786 0.0520045 0.0542969 0.0519848 0.0374822  0.051259  0.053841 0.0621748 0.0447096 0.0472104         0 0.0469505 0.0631134 0.0423185 0.0381628 0.0567046 0.0476994 0.0593289 0.0408363 0.0500833 0.0513256 0.0556673 0.0435086 0.0467415 0.0560732 0.0522033 0.0361508 0.0520606 0.0548822 0.0422507  0.043721 0.0515932 0.0480767 0.0491258 0.0537573 0.0465501 0.0532743 0.0513362 0.0524197 0.0612617 0.0460051 0.0603168 0.0543036 0.0596132 0.0521348 0.0507985 0.0551955 0.0574954 0.0697764 0.0406108 0.0506683 0.0416889 0.0474274 0.0424957 0.0575115 0.0363586 0.0424816 0.0527127 0.0444697 0.0548075 0.0528976 0.0417648 0.0460938 0.0520028 0.0555625 0.0346169 0.0504334 0.0512509 0.0495059 0.0443528 0.0502937 0.0582125 0.0462693 0.0522855 0.0427357 0.0486834 0.0532157 0.0521955 0.0481273  0.051768  0.049552 0.0508316 0.0465834 0.0325928         0
0.0522982 0.0460114 0.0510071 0.0559492 0.0550082 0.0480985 0.0585894 0.0447218 0.0658604 0.0626596 0.0728451 0.0616804 0.0562923 0.0603045 0.0624519 0.0650211 0.0599851 0.0640102 0.0680072 0.0617522 0.0596491 0.0554873  0.070392 0.0711042 0.0396041  0.048468 0.0469505         0 0.0630715 0.0534409 0.0477841 0.0616813 0.0586485 0.0654028 0.0534192 0.0582468 0.0491647 0.0602257 0.0510454 0.0500057 0.0615564 0.0598573 0.0501085 0.0526073 0.0603382   0.05379 0.0621948 0.0683259 0.0593477 0.0539828 0.0577732 0.0588951 0.0661346 0.0573563 0.0621248 0.0736995 0.0626071 0.0721224 0.0528835 0.0687381 0.0609091 0.0596203 0.0615124 0.0657707 0.0749498 0.0481322 0.0572208  0.058484 0.0607603 0.0442852 0.0694281  0.050909 0.0499586 0.0563793 0.0521177 0.0510317 0.0662049 0.0500527  0.062085 0.0559994 0.0669014 0.0565577 0.0619985 0.0577266 0.0554904 0.0533359 0.0597396 0.0590929 0.0436578   0.05878 0.0550411 0.0617928 0.0629281 0.0615311 0.0629696 0.0661773 0.0547231 0.0663593 0.0524189 0.0449361         0
0.0526994 0.0625535 0.0615721 0.0662491 0.0578704 0.0613645 0.0712264 0.0469411 0.0709012 0.0672745 0.0485783 0.0680284 0.0686675  0.059678 0.0609322 0.0558716 0.0661262 0.0686231 0.0637865 0.0629311 0.0706402 0.0535881 0.0695569 0.0674238  0.054776 0.0552018 0.0631134 0.0630715         0 0.0662984 0.0577521 0.0715483 0.0666997 0.0698549 0.0618176 0.0543804  0.066343 0.0607336 0.0637302 0.0574964 0.0492509 0.0551335 0.0661095 0.0648198 0.0658957 0.0607924 0.0569652 0.0662659 0.0674417 0.0806975 0.0592601 0.0686777 0.0658902 0.0704629 0.0694751 0.0704439 0.0711401 0.0702223 0.0594085 0.0556923  0.060213 0.0640926  0.068986 0.0616638 0.0734393 0.0619735 0.0534347 0.0667915  0.068615 0.0637874 0.0637606 0.0773481 0.0591067 0.0659805 0.0594479 0.0574021 0.0518641 0.0658865 0.0593994 0.0747591 0.0661224  0.068011 0.0576422 0.0705976 0.0638846 0.0584199 0.0667871 0.0683781 0.0576714 0.0542118 0.0568032 0.0764014 0.0769532 0.0699062 0.0513755 0.0776366  0.059731  0.081163 0.0548525 0.0510761         0
 0.049202 0.0421491 0.0403181 0.0507792 0.0525446 0.0518149 0.0563898 0.0485562 0.0725241   0.05268 0.0684976 0.0534983 0.0443511 0.0590407 0.0541562 0.0617622 0.0669912 0.0712007 0.0518221 0.0474988 0.0380147 0.0486235 0.0507155 0.0634903 0.0530374 0.0496749 0.0423185 0.0534409 0.0662984         0 0.0437846 0.0539262 0.0548842 0.0602478 0.0497907 0.0461499 0.0482181 0.0595573 0.0420619 0.0506607 0.0523348 0.0519242  0.042535 0.0516772 0.0521351  0.046359 0.0426904 0.0536831 0.0537454 0.0577544 0.0517029 0.0449153  0.046681 0.0481142 0.0450303 0.0593989  0.050598 0.0579253 0.0486982 0.0631505 0.0509512 0.0534677 0.0630069  0.051405 0.0811011 0.0423402 0.0423241 0.0464026 0.0540268 0.0477419 0.0598912 0.0512281 0.0635537 0.0578513 0.0453245 0.0515087 0.0516879 0.0575119 0.0532255 0.0498754 0.0613403 0.0461269 0.0548431 0.0499385 0.0527542  0.045787 0.0580331 0.0503363 0.0524203 0.0569242 0.0458742 0.0537081 0.0504823 0.0525923 0.0494712 0.0442937 0.0502094   0.05131 0.0571079 0.0369026         0
0.0521332 0.0441327  0.042682 0.0556597 0.0472707 0.0423478  0.054411 0.0338608 0.0592845 0.0513532 0.0586681 0.0516857 0.0404178 0.0550673 0.0538826  0.057134 0.0520794 0.0622258 0.0595425 0.0460608 0.0487527 0.0479159 0.0532124 0.0685444 0.0466978 0.0448777 0.0381628 0.0477841 0.0577521 0.0437846         0 0.0532729  0.053477 0.0474211 0.0460922 0.0474919  0.054992 0.0592227 0.0336145 0.0476048 0.0563075 0.0488853 0.0348913 0.0497727 0.0446835 0.0402306 0.0495859 0.0544578 0.0484259 0.0562044 0.0503602 0.0465582 0.0555764 0.0500317 0.0451918 0.0627712 0.0430421 0.0613082 0.0502306 0.0589158 0.0490778  0.049549 0.0484984 0.0525692  0.073477 0.0505439 0.0423873  0.052378 0.0483915 0.0449318 0.0637596 0.0515361 0.0398284 0.0566078 0.0412423 0.0465634 0.0433249 0.0509697 0.0509368 0.0504984 0.0523385 0.0469654 0.0411557 0.0512457 0.0446296 0.0441642 0.0577303  0.056066 0.0467678 0.0491351 0.0456711 0.0621373 0.0551444 0.0568501 0.0449821 0.0522935 0.0574188 0.0614516 0.0446255 0.0336044         0
0.0532966 0.0526211 0.0588531 0.0560694 0.0524708 0.0568132 0.0506264 0.0541089 0.0652458 0.0498208 0.0634286 0.0449891 0.0600959 0.0546799 0.0539017 0.0682506 0.0689819 0.0774752 0.0562094 0.0521176 0.0506186  0.057488 0.0569907 0.0765866 0.0606214 0.0540851 0.0567046 0.0616813 0.0715483 0.0539262 0.0532729         0 0.0608847 0.0536689 0.0635594 0.0465275 0.0558103 0.0553927 0.0562755 0.0587599 0.0689458 0.0565162  0.048225 0.0614216 0.0621636 0.0474087 0.0570463 0.0596941 0.0553417  0.051115 0.0525162   0.05215  0.060128 0.0460535 0.0546805 0.0635639 0.0502754 0.0678173 0.0484799 0.0587328 0.0669095 0.0628265 0.0732312 0.0536242  0.074707  0.054298 0.0520548 0.0601058 0.0631767 0.0526108 0.0740515 0.0657568 0.0569929 0.0524295 0.0491161 0.0576522 0.0543556 0.0663174 0.0576521 0.0555746 0.0641835 0.0525395 0.0528937  0.060482 0.0547533 0.0512121  0.067653 0.0532902 0.0586617 0.0488953 0.0487923 0.0581692 0.0513677 0.0600592 0.0420245  0.057193 0.0606062   0.06686  0.060781 0.0435807         0
0.0509745 0.0577506 0.0526763 0.0474566 0.0490238 0.0629043 0.0588031 0.0468672 0.0557866 0.0602049 0.0593313 0.0470576  0.051321 0.0557773 0.0470884   0.05351 0.0580693 0.0655895  0.056878 0.0547666 0.0567103 0.0551629 0.0518562 0.0589435 0.0486227 0.0499766 0.0476994 0.0586485 0.0666997 0.0548842  0.053477 0.0608847         0 0.0701525 0.0614557 0.0509473 0.0511507 0.0484763 0.0626796 0.0493776 0.0546133 0.0513049  0.054877 0.0624575 0.0689801 0.0544845 0.0588328 0.0598352 0.0475172 0.0633147 0.0568202 0.0456334 0.0650289 0.0659015 0.0547059 0.0547644 0.0492697 0.0727158 0.0526646 0.0509325 0.0564557 0.0537734 0.0769589 0.0524311 0.0658643 0.0514034 0.0580861 0.0556995 0.0634666 0.0639649 0.0736602 0.0451871 0.0556986  0.060069 0.0525055 0.0645603 0.0510271 0.0400146 0.0445244 0.0572981 0.0677159 0.0490134 0.0527795 0.0537088 0.0585732 0.0523158 0.0578562 0.0651126 0.0538656 0.0601262 0.0468308 0.0466005 0.0629435 0.0493167 0.0545847 0.0573879 0.0639117 0.0584377 0.0477006 0.0411465         0
0.0591333 0.0536463 0.0599197 0.0555741 0.0520828 0.0519865 0.0594448 0.0510073  0.062564 0.0402181 0.0583616 0.0504544 0.0546225 0.0523047 0.0516974 0.0515796 0.0602117 0.0711596 0.0595442 0.0510485 0.0573042 0.0581285 0.0492485 0.0724558 0.0650104 0.0563266 0.0593289 0.0654028 0.0698549 0.0602478 0.0474211 0.0536689 0.0701525         0  0.060572 0.0478711 0.0548973 0.0699723 0.0446969  0.051643 0.0669694 0.0452555 0.0525682 0.0549094 0.0548021 0.0543027 0.0526898   0.05419 0.0531063 0.0595519 0.0499184 0.0565948 0.0543827  0.053289 0.0556264 0.0571863 0.0466929 0.0707441 0.0518995 0.0604644 0.0606967  0.048059 0.0596971  0.057452 0.0804294 0.0578293 0.0594349 0.0598151 0.0537183 0.0645153 0.0692928 0.0677266 0.0582821  0.058878 0.0532474 0.0470173 0.0581223 0.0581893 0.0683507 0.0545684  0.058264 0.0520579 0.0530375 0.0572969 0.0530543  0.048251 0.0602292 0.0665807 0.0539548  0.049256  0.054543 0.0688037 0.0610211 0.0611512  0.052964 0.0565801 0.0589233 0.0655106 0.0598388 0.0426219         0
0.0486988 0.0393287 0.0494799 0.0527754 0.0551723 0.0501779 0.0497018 0.0459484 0.0597084 0.0499126 0.0662965 0.0563444 0.0475118 0.0637918  0.050611 0.0512741 0.0551411   0.06364  0.058019 0.0561417 0.0387058 0.0507157 0.0625052 0.0701711 0.0545737 0.0469157 0.0408363 0.0534192 0.0618176 0.0497907 0.0460922 0.0635594 0.0614557  0.060572         0 0.0524186 0.0574706 0.0593601 0.0458478  0.051091 0.0638615 0.0551218 0.0426516 0.0579108  0.048191 0.0430658 0.0439535  0.052171 0.0644161 0.0567393 0.0554162 0.0563631 0.0561376 0.0541581 0.0565112 0.0616299 0.0509016 0.0463446 0.0488954 0.0604651 0.0463281 0.0544378 0.0419479 0.0527856 0.0717135 0.0516224 0.0549351  0.043061 0.0526748  0.050714 0.0578473 0.0524018 0.0467495 0.0610571  0.054347 0.0488041 0.0565426 0.0489106 0.0463472 0.0544326 0.0436391 0.0511775 0.0500391 0.0477188  0.041558 0.0446312 0.0567257 0.0561709 0.0518812  0.059133 0.0493745 0.0571852 0.0465007 0.0617093 0.0587109 0.0553896 0.0547201 0.0469282 0.0474145  0.036249         0
0.0379446 0.0392535 0.0455753 0.0462705 0.0423668 0.0531752 0.0591101 0.0386197 0.0615489 0.0424858 0.0509177 0.0449288 0.0450392  0.048738 0.0354203 0.0461893 0.0619184 0.0622066 0.0468589   0.04032 0.0448681 0.0434128  0.046348 0.0599605 0.0498297 0.0415451 0.0500833 0.0582468 0.0543804 0.0461499 0.0474919 0.0465275 0.0509473 0.0478711 0.0524186         0 0.0411436 0.0483749 0.0453314 0.0422564 0.0477189 0.0403844 0.0465045 0.0445179 0.0552487 0.0448154 0.0475234 0.0438296 0.0465771 0.0581678 0.0382817 0.0472706  0.045193 0.0440532 0.0453859 0.0449077 0.0433904 0.0556392 0.0385307 0.0461542 0.0464583 0.0495931 0.0684473 0.0341452 0.0672091 0.0406941 0.0414702 0.0482583 0.0461137 0.0552231 0.0589973 0.0562636  0.055186 0.0546887 0.0477407  0.046654 0.0420862 0.0532283   0.04972 0.0454199 0.0575861 0.0478417 0.0463276 0.0480312 0.0500552 0.0409243 0.0536405 0.0508555  0.044553 0.0441829 0.0403394 0.0523911 0.0526598 0.0516778 0.0418325 0.0494341 0.0502715 0.0564132 0.0493582 0.0294238         0
0.0475945 0.0390934 0.0449277 0.0393032 0.0425692 0.0486661 0.0555896 0.0452249 0.0665444 0.0472009 0.0611507 0.0480745 0.0443653 0.0500838 0.0451427 0.0526658 0.0654051 0.0638811 0.0477041 0.0449832 0.0472902 0.0527397 0.0455135  0.052269  0.045797 0.0470622 0.0513256 0.0491647  0.066343 0.0482181  0.054992 0.0558103 0.0511507 0.0548973 0.0574706 0.0411436         0 0.0461061  0.050951 0.0437742 0.0556967  0.045366 0.0537399 0.0464282 0.0533446  0.052915 0.0529886 0.0484452 0.0474221 0.0506262 0.0412057 0.0463307 0.0525876   0.04835  0.050133 0.0474878 0.0455888 0.0621386 0.0403958 0.0528445 0.0574076 0.0542989  0.074678 0.0496273 0.0730587 0.0383316 0.0530674 0.0476381 0.0508851 0.0534583 0.0572371    0.0512 0.0607752 0.0499989 0.0446039 0.0498236 0.0601517 0.0500933 0.0531742 0.0436898  0.070101 0.0484174 0.0548274 0.0497143 0.0530149 0.0383066 0.0525082 0.0538907 0.0414018 0.0529163 0.0476494 0.0493327 0.0512054 0.0421896 0.0521846 0.0518025 0.0461154 0.0606656 0.0534686 0.0341314         0
0.0414012 0.0486742 0.0515068 0.0461419 0.0447888  0.056074 0.0553097 0.0440975 0.0550479   0.06176 0.0489325 0.0516459  0.052833 0.0549885 0.0498962 0.0500712  0.059969 0.0612496 0.0499615 0.0444521 0.0529922  0.054431  0.055119 0.0511504 0.0470116 0.0402168 0.0556673 0.0602257 0.0607336 0.0595573 0.0592227 0.0553927 0.0484763 0.0699723 0.0593601 0.0483749 0.0461061         0 0.0592293 0.0504831 0.0549892 0.0502038 0.0507332  0.063203  0.060186 0.0550186 0.0630594 0.0485077 0.0516269 0.0662788 0.0554919 0.0513555 0.0622321 0.0608016 0.0484474 0.0497487 0.0477683 0.0618884 0.0463335 0.0528152 0.0513918 0.0592512  0.077085 0.0559126 0.0522058 0.0453114 0.0550996 0.0591739 0.0527957 0.0538378 0.0630574  0.059396 0.0548578 0.0559963 0.0531246 0.0618441 0.0513171 0.0537757 0.0443726 0.0586712 0.0641171 0.0575621 0.0453924 0.0612925 0.0515929 0.0493887 0.0609704 0.0600117 0.0434826 0.0492854 0.0415592 0.0440108 0.0571642 0.0542416 0.0484643 0.0641978 0.0537028 0.0575806 0.0509212 0.0378354         0
0.0495921  0.036965 0.0479998 0.0529538 0.0454369 0.0369004 0.0521148 0.0449626 0.0628078 0.0530456 0.0602622 0.0547235 0.0374671 0.0525904 0.0548552 0.0534546  0.059978 0.0685325 0.0549649 0.0397392 0.0430326 0.0472756 0.0531823 0.0649739 0.0542294 0.0421722 0.0435086 0.0510454 0.0637302 0.0420619 0.0336145 0.0562755 0.0626796 0.0446969 0.0458478 0.0453314  0.050951 0.0592293         0 0.0427553 0.0544894 0.0454025 0.0317948  0.045204 0.0407581 0.0468339 0.0465593  0.047453 0.0525409 0.0527261 0.0509976 0.0485739 0.0504002 0.0451099 0.0470558 0.0599363 0.0447255 0.0547599 0.0469803 0.0579648 0.0465255 0.0437494 0.0473014 0.0529223 0.0772634 0.0448546 0.0442881 0.0509492  0.043001 0.0479691 0.0567439 0.0579877 0.0493844 0.0510639 0.0462563 0.0428799 0.0509241  0.048959 0.0564089 0.0474482 0.0497642 0.0466293 0.0502366 0.0524275 0.0372526 0.0389004 0.0526704   0.05992 0.0436874 0.0497627  0.045234 0.0546752 0.0478384 0.0573723 0.0509351 0.0487941 0.0526576 0.0574362 0.0476507 0.0327346         0
