Pi: 0.268646 0.170507 0.221574 0.339273
S:  0.068419  0.393065 0.0867483 0.0618024  0.286636   0.10333
