Pi: 0.270419 0.172705 0.219031 0.337846
S: 0.0714345  0.385065 0.0877497 0.0684192   0.29077  0.096562
