Pi: 0.270648 0.171174 0.218393 0.339785
S: 0.0682601  0.386085 0.0899762 0.0675473  0.288624 0.0995075
