Pi: 0.269547 0.171494 0.216431 0.342529
S: 0.0695833  0.381089 0.0966936 0.0687941  0.290231 0.0936091
