        0 0.0493523 0.0517885 0.0502874 0.0434376 0.0410198   0.04691 0.0448695 0.0504705 0.0373113 0.0430823 0.0454344 0.0472205 0.0474841 0.0406967 0.0402893 0.0467107 0.0568935 0.0503403 0.0387402 0.0426974  0.046507 0.0406773 0.0453983 0.0448255 0.0399734 0.0503686 0.0389716  0.046329 0.0503053 0.0487966 0.0535958 0.0424942 0.0506431 0.0410121 0.0401458 0.0494237 0.0511664 0.0476593  0.049138 0.0350145 0.0436107 0.0392034 0.0420634 0.0395037 0.0452942 0.0463225 0.0440167 0.0442924 0.0497567 0.0510475 0.0510537 0.0523779 0.0516788 0.0427324 0.0552317 0.0402754 0.0412673 0.0412862 0.0423516 0.0556793 0.0469565 0.0422635 0.0457439 0.0396799  0.045766 0.0475172  0.043425 0.0539231 0.0502555 0.0608118 0.0448249 0.0365426 0.0450573 0.0483077 0.0410179 0.0400682 0.0485286 0.0554613 0.0427141  0.055755 0.0462466 0.0449354 0.0445617 0.0421963 0.0470279 0.0455601 0.0473248 0.0503791 0.0447241 0.0514055 0.0360576 0.0442326 0.0448978 0.0438422 0.0383751 0.0390966 0.0414514 0.0383745 0.0302752         0
0.0493523         0 0.0342514 0.0442566 0.0503787 0.0520713 0.0455088 0.0491716 0.0427358 0.0499762 0.0533262 0.0468683 0.0467263 0.0443468 0.0499366  0.046657 0.0363487 0.0388741 0.0377798 0.0445059 0.0491852 0.0388182 0.0522533 0.0403255 0.0521423 0.0554588 0.0450011 0.0490946  0.046989 0.0419074 0.0499216 0.0466648 0.0514478 0.0565489 0.0501735 0.0536338  0.055205 0.0450693 0.0427514 0.0557663 0.0534137 0.0484869 0.0449804  0.049672 0.0407544 0.0372066 0.0784244 0.0448402 0.0484238 0.0491706 0.0462825 0.0638086  0.057049 0.0513711 0.0470081 0.0552501  0.044942 0.0517041 0.0454788 0.0460039 0.0517482 0.0464327 0.0490064 0.0490009 0.0505677  0.042645  0.047049 0.0485197 0.0545803 0.0468527 0.0563629 0.0403478 0.0502453 0.0411634 0.0393817 0.0396049 0.0443002 0.0508556 0.0529079 0.0443546 0.0485788 0.0514291 0.0464336 0.0599532 0.0444449 0.0468096  0.037549  0.042804 0.0392543 0.0499699 0.0505524 0.0426074 0.0441527 0.0494821 0.0583898 0.0415459 0.0425586 0.0418205 0.0487246 0.0346887         0
0.0517885 0.0342514         0 0.0413771 0.0503368 0.0485976 0.0505877 0.0398311 0.0449738 0.0513742  0.052894 0.0464238 0.0425543 0.0357469 0.0482719 0.0408688 0.0362456 0.0389687 0.0454318 0.0474637 0.0460475 0.0424885  0.049327 0.0368563 0.0529729 0.0537379 0.0448396 0.0432339 0.0455073 0.0396187 0.0497811 0.0359299 0.0395627 0.0500371 0.0489708 0.0491802 0.0473798 0.0423064 0.0375014 0.0540133 0.0468404 0.0410829 0.0520157 0.0443744 0.0437894 0.0352345 0.0741209  0.048057 0.0402514  0.050374 0.0345816 0.0599311 0.0520499 0.0440883 0.0453074   0.05326 0.0393426 0.0497458  0.041131   0.05091  0.056478 0.0421056 0.0399174 0.0429549 0.0440027 0.0412326 0.0376265 0.0440685 0.0549324 0.0438786 0.0600244 0.0419491 0.0411947 0.0321015  0.042305 0.0352135 0.0481264 0.0441518 0.0512794 0.0410799 0.0501318 0.0472891 0.0381336 0.0543319 0.0453226 0.0495205 0.0390793 0.0390507 0.0406259 0.0492533 0.0477327 0.0370152 0.0406127 0.0508148 0.0555459 0.0413835 0.0408003 0.0417771 0.0375612 0.0297587         0
0.0502874 0.0442566 0.0413771         0 0.0443171 0.0458324 0.0513786 0.0453211 0.0473971 0.0515589  0.059403 0.0472135 0.0417248 0.0531551   0.05112 0.0529605 0.0441198 0.0510283  0.046741 0.0461518 0.0503773  0.051572 0.0468866  0.046898 0.0600781   0.05078 0.0406762 0.0494358  0.049397 0.0468518 0.0537257 0.0494376 0.0483514 0.0473567 0.0491564 0.0452052 0.0471269 0.0485568 0.0418285 0.0540315 0.0461951 0.0443592 0.0497834  0.050602 0.0403249 0.0408772 0.0691712 0.0527618 0.0432512  0.051211  0.045306 0.0522656 0.0510738 0.0452091 0.0433739 0.0526551 0.0374185 0.0534046 0.0432336 0.0529708 0.0638808 0.0433936 0.0508236 0.0483023 0.0433395 0.0416505  0.051126 0.0416763 0.0511885 0.0487847 0.0627291 0.0471498 0.0433709  0.045872 0.0544018 0.0426777 0.0402356   0.05088 0.0553565 0.0392053  0.061459 0.0515094 0.0470325 0.0545953 0.0522652 0.0511845 0.0391715 0.0473638  0.041776 0.0525401 0.0512308  0.048274 0.0567892 0.0502647 0.0568441 0.0482164 0.0481594  0.045123 0.0390339 0.0356763         0
0.0434376 0.0503787 0.0503368 0.0443171         0 0.0348817 0.0457553 0.0502406 0.0471577 0.0411093 0.0612926 0.0537425 0.0440317 0.0532846 0.0460668 0.0464977 0.0427411 0.0502882 0.0434356 0.0333811 0.0452609 0.0397051 0.0430387 0.0432128 0.0573302 0.0494571 0.0336586 0.0440952  0.054362 0.0390298 0.0528957 0.0519729 0.0489347 0.0428186 0.0496108 0.0447738 0.0474519 0.0367058  0.049147 0.0463024 0.0452761 0.0462287 0.0470356  0.038708 0.0475779 0.0481617 0.0632969 0.0454767 0.0435077 0.0500348 0.0531111 0.0503121 0.0435781 0.0551565 0.0420733 0.0558205 0.0345313 0.0443037 0.0484515 0.0416246 0.0648755 0.0461759 0.0440465 0.0503825 0.0440539 0.0447645 0.0592322 0.0420345 0.0571603 0.0475717  0.055408 0.0466497 0.0429425 0.0449402 0.0648907 0.0432825 0.0352496 0.0574951 0.0578122 0.0445241  0.059925 0.0518741 0.0398782 0.0577272 0.0409242 0.0415947   0.04952  0.041512 0.0482764 0.0473351 0.0458091  0.044625 0.0534125 0.0582138 0.0531319 0.0438325 0.0452371 0.0460626 0.0416749  0.033383         0
0.0410198 0.0520713 0.0485976 0.0458324 0.0348817         0 0.0479032   0.04615 0.0533938 0.0410869 0.0579508 0.0531422 0.0486162 0.0504336 0.0397185 0.0407498 0.0504196 0.0521483 0.0467868 0.0417712 0.0469123 0.0405574 0.0433237 0.0459975 0.0522933 0.0511788 0.0469553 0.0468618 0.0431095 0.0395385 0.0507868 0.0515061 0.0372228 0.0417304 0.0484282 0.0398196  0.043702  0.043257 0.0462569 0.0451023 0.0399811 0.0427354 0.0486429 0.0355616 0.0417779 0.0462283 0.0574895 0.0476509 0.0392293 0.0463181 0.0442761 0.0419282 0.0408605 0.0476605 0.0406115 0.0507839 0.0352732  0.040878 0.0484485  0.041847 0.0640359 0.0390705 0.0476349 0.0436896  0.045296  0.045101 0.0517663 0.0340663 0.0535245 0.0424208 0.0491764 0.0401553 0.0389502 0.0377876 0.0588917 0.0389431 0.0404295 0.0458241 0.0625861 0.0402925 0.0606635 0.0506787 0.0396223 0.0502093 0.0371657 0.0423069 0.0468747 0.0481961 0.0464736 0.0503303  0.047454 0.0365913 0.0461912  0.047343 0.0450418 0.0417196 0.0430532 0.0460439  0.040857 0.0309594         0
  0.04691 0.0455088 0.0505877 0.0513786 0.0457553 0.0479032         0 0.0457527 0.0534529 0.0475342 0.0490807 0.0517408  0.043142 0.0424284 0.0490386 0.0460481  0.044111   0.04786 0.0421279 0.0398261 0.0418125 0.0473663 0.0443642  0.042084 0.0530778 0.0571241 0.0464941 0.0532906 0.0468782 0.0488352 0.0495217 0.0484395 0.0471111 0.0490971 0.0465372 0.0525649 0.0512715 0.0445622 0.0497985 0.0507128 0.0477852 0.0502643 0.0514216 0.0447526 0.0472711 0.0419038 0.0671348 0.0469373 0.0491852 0.0517523 0.0506166 0.0617858 0.0557281 0.0645016 0.0410955 0.0608221 0.0405989   0.04565  0.049688 0.0457657 0.0500422 0.0388381 0.0459379 0.0458442 0.0424707 0.0475566 0.0534536 0.0488075 0.0595931  0.047321  0.060734 0.0498307 0.0434886 0.0456474 0.0477173  0.041299 0.0453812 0.0572133 0.0520586 0.0483738 0.0481906 0.0512545  0.044962 0.0523716 0.0375476 0.0482984 0.0466821 0.0483808 0.0488547  0.049085 0.0407379 0.0454964 0.0400085 0.0580849 0.0512899 0.0431489 0.0507604 0.0518923 0.0461498 0.0361819         0
0.0448695 0.0491716 0.0398311 0.0453211 0.0502406   0.04615 0.0457527         0 0.0473014 0.0477785  0.050555 0.0421181 0.0459156  0.036875 0.0509854 0.0474244 0.0432717 0.0502833 0.0514034 0.0449714 0.0405468 0.0527011 0.0349503 0.0408156 0.0562377 0.0574022 0.0531475 0.0487406 0.0396536 0.0506337 0.0481532 0.0360732 0.0374631  0.059039 0.0496502 0.0440839 0.0376515 0.0477085 0.0344184 0.0492729 0.0428685 0.0408405 0.0514356 0.0436712 0.0464054  0.032182  0.069425 0.0540569 0.0405495  0.045773 0.0409445 0.0565948 0.0583154 0.0515293 0.0474858 0.0515557  0.036107  0.037923  0.039065  0.050094  0.060734 0.0451037 0.0402261 0.0493043 0.0395499 0.0354243 0.0429431 0.0444309 0.0505513 0.0499393 0.0598825 0.0418526 0.0280587 0.0387965 0.0450469 0.0364796 0.0486164  0.047882 0.0523387 0.0369882 0.0575402 0.0514789 0.0405242 0.0566487 0.0492594  0.045431 0.0407664 0.0467712 0.0445163 0.0416134 0.0474283  0.033385  0.041488 0.0515565 0.0527678 0.0453267 0.0428152 0.0354052  0.040598 0.0322355         0
0.0504705 0.0427358 0.0449738 0.0473971 0.0471577 0.0533938 0.0534529 0.0473014         0 0.0502902 0.0595202 0.0568449 0.0543045 0.0529054 0.0527903 0.0495414  0.042728 0.0549085  0.041353 0.0412882 0.0554255 0.0386781 0.0609975 0.0459957 0.0629868 0.0538066  0.049762 0.0515604 0.0568248 0.0433334 0.0521334 0.0435575 0.0564341   0.05722 0.0513148 0.0549527 0.0565217 0.0510514 0.0498004 0.0625933 0.0525014 0.0497958 0.0421197 0.0501652 0.0524823 0.0438218 0.0771658 0.0510693 0.0529638 0.0467791 0.0530455 0.0648889 0.0500259 0.0569059   0.04583 0.0568391 0.0421971 0.0527169 0.0444157 0.0512184 0.0614631 0.0607838 0.0565259  0.057246 0.0484654 0.0439761 0.0585731 0.0580029 0.0656979 0.0616138 0.0571599 0.0572848  0.049542 0.0572604 0.0520167  0.049114  0.045808 0.0578332 0.0534696 0.0479321 0.0639205 0.0582257 0.0530301 0.0654271 0.0512314 0.0526331 0.0363165 0.0512938 0.0532359 0.0491742 0.0560607 0.0506782 0.0508359 0.0534406 0.0636033 0.0568079 0.0494532 0.0482196 0.0561044 0.0413728         0
0.0373113 0.0499762 0.0513742 0.0515589 0.0411093 0.0410869 0.0475342 0.0477785 0.0502902         0  0.057958  0.053175 0.0522424 0.0517741 0.0457207 0.0492626 0.0492582 0.0515328 0.0490748 0.0435703 0.0444799 0.0466009 0.0434434 0.0495189 0.0500584 0.0537661 0.0462105 0.0443029   0.05083 0.0498624 0.0499915 0.0498528 0.0486047 0.0541481 0.0490353 0.0442942 0.0482251 0.0454506 0.0504431 0.0497557 0.0404417 0.0549382 0.0402386 0.0421026 0.0476728 0.0424121 0.0628471 0.0469635 0.0486243 0.0564443 0.0594202 0.0585455 0.0567782 0.0561822 0.0477685 0.0592761 0.0459454 0.0392065 0.0497745 0.0412816 0.0631063 0.0512276 0.0506382 0.0500993  0.047793 0.0443571 0.0508817 0.0476278 0.0557733 0.0538303 0.0577977   0.05069 0.0387436 0.0484732 0.0554122 0.0422616 0.0375489 0.0554538 0.0560261 0.0461141 0.0580278 0.0512909 0.0437252 0.0566865 0.0485532 0.0354169 0.0428231 0.0481685 0.0470871 0.0451921 0.0491345 0.0376345 0.0534345 0.0539784 0.0499327 0.0418778 0.0463959 0.0426593 0.0513093 0.0363877         0
0.0430823 0.0533262  0.052894  0.059403 0.0612926 0.0579508 0.0490807  0.050555 0.0595202  0.057958         0 0.0496719 0.0500208 0.0447438 0.0492846 0.0434297 0.0541145 0.0632576 0.0525206 0.0569526 0.0518553 0.0614968 0.0510867 0.0462957 0.0470401 0.0546199 0.0604376  0.052727 0.0456611 0.0637281 0.0509522 0.0504135 0.0438062 0.0623373 0.0541011 0.0561806 0.0551394  0.063592 0.0462873 0.0560076 0.0467515 0.0459775 0.0514624 0.0527801 0.0517497 0.0566615 0.0573156 0.0516038  0.051386  0.052939 0.0509975 0.0649214 0.0615086 0.0668883 0.0539584 0.0694532  0.051004 0.0579029 0.0581325  0.058868 0.0547185 0.0492009 0.0441021  0.048672 0.0473194 0.0576868 0.0515092 0.0502391 0.0594654 0.0551321 0.0648686 0.0509594   0.04844 0.0460575 0.0415983  0.051739 0.0550252 0.0491011 0.0600429 0.0505927 0.0550615 0.0489349 0.0482313 0.0389231 0.0534392 0.0583095 0.0496364 0.0621324 0.0550002 0.0564435 0.0578075 0.0463439 0.0412536 0.0571135 0.0522378 0.0536871 0.0536992 0.0529747 0.0448084 0.0405862         0
0.0454344 0.0468683 0.0464238 0.0472135 0.0537425 0.0531422 0.0517408 0.0421181 0.0568449  0.053175 0.0496719         0 0.0498233 0.0434622 0.0497012 0.0488924 0.0397791 0.0509509 0.0542102 0.0488054 0.0444884 0.0535865 0.0437419  0.046798 0.0502285 0.0541432 0.0525758 0.0498164 0.0419122 0.0546967 0.0557492 0.0495528 0.0400387 0.0556233 0.0502387 0.0469609 0.0449257 0.0511684 0.0467163  0.049624  0.043967 0.0442756 0.0546492 0.0478533 0.0361011 0.0424115 0.0558646 0.0558629 0.0446261 0.0456709 0.0466557 0.0486467 0.0594614   0.05464 0.0534753 0.0582285 0.0450458  0.050296 0.0420873 0.0533202 0.0549072 0.0451155 0.0368443 0.0413569 0.0421512  0.044675 0.0452942 0.0363158 0.0578173 0.0498822 0.0637813 0.0386068 0.0438021  0.049713 0.0474258 0.0416934 0.0441034 0.0426975 0.0580531 0.0432782 0.0545932 0.0482209  0.047353 0.0527243 0.0489922  0.048073  0.047646 0.0482602 0.0412812 0.0471529 0.0532602 0.0408462 0.0460434 0.0513534 0.0522861 0.0418624 0.0492902 0.0428994 0.0414698 0.0344506         0
0.0472205 0.0467263 0.0425543 0.0417248 0.0440317 0.0486162  0.043142 0.0459156 0.0543045 0.0522424 0.0500208 0.0498233         0 0.0414939 0.0543134 0.0480846 0.0419402 0.0503677 0.0494322  0.041099 0.0397994 0.0516927 0.0434803  0.038972 0.0487266 0.0466791 0.0406123 0.0499275 0.0471002 0.0470952 0.0535275 0.0466845  0.048154 0.0532945 0.0473898  0.049811 0.0413732 0.0411776 0.0375707 0.0433857 0.0466684 0.0491867 0.0516158 0.0448837 0.0457415 0.0430214   0.06576 0.0434357 0.0475267 0.0504432 0.0494738 0.0584907 0.0524047 0.0528666 0.0461041 0.0519275 0.0314812  0.044926  0.050791 0.0486459 0.0572959 0.0426396 0.0411885 0.0508597  0.040738 0.0492711 0.0522929 0.0410802 0.0577884 0.0466401 0.0645376 0.0459102 0.0375932 0.0380103 0.0497373  0.040221  0.038713 0.0567483 0.0479643 0.0459044 0.0562901 0.0562473 0.0414074 0.0439701 0.0461096 0.0505688 0.0427018  0.047928  0.046871  0.051818 0.0412544 0.0452495 0.0466636 0.0653549 0.0547021 0.0437504 0.0470406  0.045755 0.0413664 0.0331307         0
0.0474841 0.0443468 0.0357469 0.0531551 0.0532846 0.0504336 0.0424284  0.036875 0.0529054 0.0517741 0.0447438 0.0434622 0.0414939         0 0.0487165 0.0380369 0.0378882 0.0513236 0.0525852 0.0455335 0.0400499 0.0485271 0.0433611 0.0376898 0.0463073 0.0532728 0.0519719 0.0453483 0.0434831 0.0513348 0.0521628  0.039737 0.0350112 0.0552339 0.0467062 0.0554219 0.0421514 0.0418655 0.0427582 0.0466196 0.0409706 0.0439604 0.0521453 0.0394818 0.0480143 0.0417619 0.0672989 0.0463716 0.0410232  0.048585 0.0443085 0.0621373 0.0588948 0.0556289 0.0438927 0.0577525 0.0387734 0.0457465 0.0442975 0.0476846 0.0482606 0.0432084 0.0363731 0.0425431 0.0362062 0.0472389 0.0485341 0.0438194  0.062662 0.0447025 0.0633938 0.0424957 0.0371276  0.036093 0.0397977 0.0380877 0.0517755 0.0450148 0.0450557 0.0464138 0.0505396 0.0519278 0.0349583 0.0475487 0.0439385 0.0472456 0.0459067 0.0472054 0.0455396 0.0501638 0.0446955 0.0375935 0.0329612 0.0589775 0.0500595 0.0432847 0.0435151 0.0472109 0.0424952 0.0311088         0
0.0406967 0.0499366 0.0482719   0.05112 0.0460668 0.0397185 0.0490386 0.0509854 0.0527903 0.0457207 0.0492846 0.0497012 0.0543134 0.0487165         0 0.0377853 0.0525333 0.0551457 0.0441646 0.0498343 0.0520361 0.0485381  0.051726   0.04859  0.046901 0.0573715 0.0453158 0.0443154 0.0403975 0.0534792 0.0357191 0.0480688 0.0369543 0.0449305   0.03955 0.0467318 0.0470012 0.0461314 0.0468054 0.0452999 0.0338553 0.0381223 0.0411594 0.0440149   0.03649 0.0488537  0.051806 0.0396792 0.0384116 0.0551436 0.0518278 0.0506014 0.0477493 0.0515254 0.0441754 0.0527058  0.044316 0.0509481 0.0491261 0.0517782 0.0615547 0.0405875 0.0513758  0.037513 0.0413998 0.0436787 0.0446273 0.0433612 0.0532874 0.0365713 0.0577687 0.0440456 0.0420362 0.0418649 0.0533201  0.043479 0.0435526 0.0418864 0.0553434 0.0425575 0.0595603 0.0404313 0.0384157 0.0486574 0.0470451  0.048174 0.0463609 0.0509751 0.0465115 0.0500867 0.0568549 0.0438394 0.0444293 0.0433771 0.0485559 0.0451065 0.0407995 0.0470961 0.0415705 0.0319993         0
0.0402893  0.046657 0.0408688 0.0529605 0.0464977 0.0407498 0.0460481 0.0474244 0.0495414 0.0492626 0.0434297 0.0488924 0.0480846 0.0380369 0.0377853         0 0.0458917 0.0542965  0.043772 0.0453961 0.0506946 0.0437853 0.0494855 0.0422189 0.0381821 0.0569604 0.0516089 0.0466551  0.046711 0.0455024  0.046753 0.0474995 0.0335103 0.0431471 0.0517157 0.0441277 0.0494569 0.0487449 0.0454361 0.0485324 0.0363382  0.037642 0.0483182 0.0407541 0.0396628 0.0465133 0.0523416   0.04646 0.0437014 0.0439294 0.0382025 0.0497942 0.0439556 0.0559004 0.0406955 0.0511573 0.0357943 0.0518598 0.0509524 0.0532359  0.051738 0.0395192 0.0393902 0.0359354 0.0409393 0.0493905 0.0466816 0.0434135 0.0651629 0.0444955 0.0604739 0.0471181 0.0414072 0.0357447 0.0494702  0.043013 0.0449349 0.0410461 0.0603969 0.0438371 0.0580543 0.0436678 0.0369882 0.0437021 0.0417002 0.0503534 0.0501007 0.0506497 0.0491715 0.0574057 0.0504879 0.0344985 0.0281373 0.0495764 0.0481925 0.0447762 0.0462555 0.0485958 0.0394082 0.0303598         0
0.0467107 0.0363487 0.0362456 0.0441198 0.0427411 0.0504196  0.044111 0.0432717  0.042728 0.0492582 0.0541145 0.0397791 0.0419402 0.0378882 0.0525333 0.0458917         0  0.043607 0.0454144 0.0363352  0.036103  0.037162 0.0482556 0.0386423 0.0566348 0.0459589 0.0443808 0.0394533  0.050324 0.0410999 0.0566207 0.0420021 0.0446349 0.0465752 0.0451976 0.0527897  0.051908 0.0390471 0.0481839 0.0517943 0.0472331  0.045601 0.0484999 0.0414468  0.044572 0.0377546  0.070772 0.0458001  0.037009 0.0482827 0.0442165 0.0597945 0.0510028 0.0561224 0.0416258 0.0597069 0.0400022 0.0470716 0.0379747 0.0403827 0.0498029 0.0466532 0.0387695 0.0457711  0.034975 0.0412094 0.0522796 0.0442051 0.0591365 0.0470338 0.0582325 0.0442404 0.0447569 0.0436927 0.0473443 0.0372131 0.0431338 0.0499678  0.045408 0.0456157 0.0463364 0.0491521 0.0431353 0.0543311  0.041741 0.0467411 0.0388714 0.0337291 0.0431166 0.0418757 0.0402958 0.0412739 0.0480904 0.0533294 0.0543823 0.0410924 0.0457486 0.0410891  0.044369 0.0312625         0
0.0568935 0.0388741 0.0389687 0.0510283 0.0502882 0.0521483   0.04786 0.0502833 0.0549085 0.0515328 0.0632576 0.0509509 0.0503677 0.0513236 0.0551457 0.0542965  0.043607         0 0.0424102 0.0511179 0.0432572 0.0459974 0.0482683 0.0408137 0.0566142 0.0599899 0.0473727 0.0509168 0.0533552 0.0361544 0.0552064 0.0436885 0.0534373 0.0578289 0.0604818 0.0495376 0.0531399 0.0516035 0.0467397 0.0523137 0.0568386 0.0521111 0.0541706 0.0419358 0.0473759 0.0480488 0.0799092 0.0502697 0.0475579 0.0558454 0.0476581  0.069276 0.0632434 0.0552501 0.0549676 0.0654215 0.0499203 0.0518222 0.0511152 0.0529307 0.0663222 0.0447865 0.0489025 0.0505249 0.0560478 0.0421908 0.0410893 0.0483023 0.0592116 0.0513153 0.0469728 0.0412573 0.0487557 0.0445065 0.0508147 0.0384563 0.0458596 0.0563297  0.054938 0.0409374 0.0470824 0.0534407 0.0474786 0.0650142 0.0490061  0.046661 0.0443509 0.0327063 0.0409081 0.0518127  0.041161 0.0406588 0.0490085 0.0621163 0.0678607 0.0342724 0.0530733 0.0466673  0.051081 0.0387553         0
0.0503403 0.0377798 0.0454318  0.046741 0.0434356 0.0467868 0.0421279 0.0514034  0.041353 0.0490748 0.0525206 0.0542102 0.0494322 0.0525852 0.0441646  0.043772 0.0454144 0.0424102         0 0.0458295  0.049948  0.044493 0.0534524 0.0417705 0.0525248  0.059654 0.0441215 0.0554926 0.0492164 0.0396205 0.0444952 0.0418831 0.0522853  0.051692 0.0564986 0.0475299 0.0562909 0.0483059 0.0419638 0.0554607 0.0532586 0.0472552 0.0428409 0.0478104 0.0457096 0.0471655 0.0746003 0.0424847 0.0480799 0.0513725  0.046907 0.0578379 0.0498117 0.0574578 0.0484966 0.0560714 0.0402366 0.0499153 0.0521088 0.0521895 0.0663032 0.0420109 0.0538436 0.0481115 0.0474982 0.0397939 0.0493981 0.0510808 0.0575616 0.0522973 0.0463929 0.0473195 0.0502614 0.0465857 0.0505935  0.047054 0.0344065 0.0532172 0.0568223 0.0411112 0.0600162 0.0451558 0.0439362 0.0598234 0.0489763 0.0438238 0.0378472 0.0443525 0.0465679  0.049705 0.0534339 0.0496618 0.0430538 0.0503781  0.064555 0.0437778 0.0515891 0.0492838 0.0473603 0.0365929         0
0.0387402 0.0445059 0.0474637 0.0461518 0.0333811 0.0417712 0.0398261 0.0449714 0.0412882 0.0435703 0.0569526 0.0488054  0.041099 0.0455335 0.0498343 0.0453961 0.0363352 0.0511179 0.0458295         0 0.0397833 0.0373742 0.0465277 0.0403127  0.056082 0.0398772 0.0444258 0.0435499 0.0534514 0.0393429 0.0560955 0.0485426 0.0471526 0.0488578 0.0445501 0.0455818 0.0478284 0.0403506 0.0493022 0.0493268 0.0429527 0.0499689 0.0454001 0.0412466 0.0460871 0.0374397 0.0635787 0.0413521 0.0455636 0.0458688 0.0510721 0.0530461 0.0460964 0.0516175 0.0382769 0.0532162 0.0342135 0.0434272 0.0403493 0.0388158 0.0556367 0.0503086 0.0459458 0.0501332 0.0374896 0.0431314 0.0558465  0.043467 0.0614993 0.0521584 0.0587998 0.0495758 0.0390628 0.0484303 0.0523877 0.0401167  0.036387 0.0567391 0.0488098 0.0468639  0.055183 0.0527752 0.0428907 0.0538627 0.0418843 0.0494387 0.0433218  0.041568 0.0471564 0.0446619 0.0449428 0.0431515 0.0472886 0.0538371 0.0525665  0.043634 0.0391896 0.0458671  0.044291 0.0327009         0
0.0426974 0.0491852 0.0460475 0.0503773 0.0452609 0.0469123 0.0418125 0.0405468 0.0554255 0.0444799 0.0518553 0.0444884 0.0397994 0.0400499 0.0520361 0.0506946  0.036103 0.0432572  0.049948 0.0397833         0  0.049752 0.0412307 0.0392873 0.0564136 0.0464632 0.0490081 0.0407317 0.0460979 0.0466651 0.0550861 0.0420909 0.0438199 0.0526823  0.047196 0.0469312 0.0470746 0.0457201 0.0424458 0.0430031 0.0476156 0.0487847 0.0488691 0.0403219 0.0456898  0.044337 0.0656574 0.0434398 0.0358284 0.0517857 0.0501654 0.0597716  0.058752 0.0568481 0.0481425 0.0615149 0.0419657 0.0412721 0.0440797 0.0422396 0.0585048 0.0453644 0.0397067 0.0500302 0.0358746 0.0428062  0.045955 0.0400632 0.0546012 0.0468271 0.0524054 0.0416115 0.0382948  0.043606 0.0479225 0.0355537 0.0407011 0.0555881 0.0462603 0.0450752 0.0468054 0.0482789 0.0409078 0.0496175 0.0461271 0.0416706 0.0409214 0.0353301 0.0454814 0.0393523 0.0371961 0.0373793 0.0493465 0.0585306 0.0535561  0.037494  0.043332 0.0439401  0.043392 0.0317947         0
 0.046507 0.0388182 0.0424885  0.051572 0.0397051 0.0405574 0.0473663 0.0527011 0.0386781 0.0466009 0.0614968 0.0535865 0.0516927 0.0485271 0.0485381 0.0437853  0.037162 0.0459974  0.044493 0.0373742  0.049752         0 0.0544423 0.0428095 0.0565308 0.0504227 0.0470606 0.0425866 0.0520205 0.0338947  0.055337 0.0512023 0.0481894 0.0425514 0.0443358  0.053046 0.0571937 0.0404229 0.0542788 0.0506731   0.04665 0.0469575 0.0479324 0.0401232 0.0448143 0.0442886 0.0692489 0.0431624 0.0461373 0.0445104 0.0475735 0.0565517 0.0383773  0.053111 0.0378868 0.0558266 0.0421026 0.0498221 0.0460768 0.0371192 0.0515485 0.0526367 0.0492339 0.0456853 0.0461802 0.0478393 0.0567381 0.0468105 0.0629302   0.05092 0.0529131 0.0454552 0.0478363 0.0471697 0.0557976 0.0396914 0.0456191 0.0503225 0.0561988 0.0485493 0.0531825 0.0566175 0.0499925 0.0593662 0.0327505 0.0474198 0.0444612 0.0404778 0.0500701 0.0491717 0.0447953 0.0419981 0.0459435 0.0494028 0.0526077 0.0448204 0.0449494 0.0449212 0.0521234 0.0342923         0
0.0406773 0.0522533  0.049327 0.0468866 0.0430387 0.0433237 0.0443642 0.0349503 0.0609975 0.0434434 0.0510867 0.0437419 0.0434803 0.0433611  0.051726 0.0494855 0.0482556 0.0482683 0.0534524 0.0465277 0.0412307 0.0544423         0 0.0462865 0.0531887 0.0563062 0.0505588  0.048449 0.0434121 0.0523575 0.0514863 0.0498039   0.04239 0.0583871 0.0547552 0.0435395 0.0407437 0.0503406 0.0422415 0.0454118 0.0411651 0.0465049 0.0527491 0.0403119 0.0446745 0.0455063 0.0625879  0.052623  0.045641 0.0519231 0.0461805 0.0536018 0.0614269 0.0550672 0.0525013 0.0578428 0.0424805 0.0374586 0.0481018 0.0480641 0.0656536 0.0411974 0.0385418 0.0478838 0.0467495 0.0460663 0.0491778 0.0371739 0.0488248 0.0489358 0.0595213 0.0402638 0.0315987 0.0375617 0.0550747 0.0401419 0.0445769 0.0527197 0.0562822 0.0387498  0.057117 0.0524778 0.0403559 0.0546044  0.048143 0.0400783 0.0507446 0.0472669 0.0408942 0.0512351 0.0428132 0.0340461 0.0467796 0.0616086 0.0537442 0.0389995 0.0459992 0.0359115 0.0391748 0.0340035         0
0.0453983 0.0403255 0.0368563  0.046898 0.0432128 0.0459975  0.042084 0.0408156 0.0459957 0.0495189 0.0462957  0.046798  0.038972 0.0376898   0.04859 0.0422189 0.0386423 0.0408137 0.0417705 0.0403127 0.0392873 0.0428095 0.0462865         0  0.048641 0.0459218 0.0428643 0.0456818 0.0465921 0.0396611 0.0559256 0.0422495  0.043551 0.0519903 0.0501715 0.0515808 0.0438786 0.0447563  0.036093  0.048824 0.0442802  0.039553 0.0464775 0.0412817 0.0468303 0.0392044 0.0689798 0.0486227 0.0408402  0.047047   0.04033  0.062315 0.0558312 0.0507974  0.042223 0.0640615 0.0354219  0.047114 0.0432785 0.0480446 0.0527518 0.0445859 0.0410252 0.0506551 0.0413378  0.039392 0.0446783 0.0423167 0.0573838 0.0516383 0.0490658 0.0395533 0.0424818 0.0382023 0.0408859 0.0392789 0.0427094 0.0513456 0.0537847  0.045298 0.0427417 0.0488349 0.0430813 0.0493883 0.0443076 0.0427857 0.0402203 0.0366631 0.0498688 0.0473467 0.0462265 0.0393279 0.0373451 0.0506591  0.057002 0.0395248 0.0438737 0.0474977 0.0390597 0.0301005         0
0.0448255 0.0521423 0.0529729 0.0600781 0.0573302 0.0522933 0.0530778 0.0562377 0.0629868 0.0500584 0.0470401 0.0502285 0.0487266 0.0463073  0.046901 0.0381821 0.0566348 0.0566142 0.0525248  0.056082 0.0564136 0.0565308 0.0531887  0.048641         0 0.0576557 0.0546807   0.05596  0.049819 0.0557717 0.0528554 0.0555003 0.0460968 0.0587341  0.058464 0.0475818 0.0518458 0.0538376 0.0512201  0.046179 0.0433593 0.0531773 0.0554735 0.0459425 0.0466301 0.0545993 0.0577348 0.0508284 0.0565232 0.0530663 0.0538655 0.0604265 0.0596726 0.0610805  0.054513 0.0602253 0.0476809 0.0557779 0.0631071 0.0595762 0.0542866 0.0457849 0.0495578 0.0459712 0.0516445 0.0574662 0.0478472 0.0473825 0.0705324 0.0553661 0.0667104 0.0497652 0.0456885 0.0438496 0.0531619 0.0477764 0.0463065 0.0495148 0.0637134 0.0524096 0.0609745 0.0582037 0.0483146 0.0469983 0.0516865 0.0539428 0.0544222 0.0583681 0.0536398 0.0636787 0.0536881 0.0433216 0.0393372 0.0594691 0.0547198 0.0479052 0.0567221 0.0550434 0.0514772 0.0403311         0
0.0399734 0.0554588 0.0537379   0.05078 0.0494571 0.0511788 0.0571241 0.0574022 0.0538066 0.0537661 0.0546199 0.0541432 0.0466791 0.0532728 0.0573715 0.0569604 0.0459589 0.0599899  0.059654 0.0398772 0.0464632 0.0504227 0.0563062 0.0459218 0.0576557         0 0.0540094 0.0417554 0.0577755  0.049603 0.0668856 0.0583321 0.0537292  0.055942 0.0489418  0.054432 0.0566671 0.0546721 0.0580199 0.0571341 0.0461582  0.055461 0.0489951 0.0478399 0.0528794  0.054447 0.0629284 0.0491899 0.0478731 0.0534495 0.0560278 0.0630003 0.0560941  0.054875 0.0505806  0.067696 0.0477412 0.0561529 0.0485457 0.0496619 0.0597594 0.0581785 0.0510428 0.0594653 0.0443229 0.0569164  0.060319 0.0465445 0.0682485 0.0627649 0.0616953 0.0565577 0.0485253 0.0559519 0.0561956  0.045785 0.0465688 0.0606564 0.0534883 0.0564332 0.0581116 0.0606549 0.0562181 0.0464161 0.0514524 0.0579701 0.0476131 0.0492442 0.0573138  0.052646 0.0502007 0.0527493 0.0584827 0.0567174 0.0587452 0.0512965 0.0474987 0.0572705 0.0471082 0.0414787         0
0.0503686 0.0450011 0.0448396 0.0406762 0.0336586 0.0469553 0.0464941 0.0531475  0.049762 0.0462105 0.0604376 0.0525758 0.0406123 0.0519719 0.0453158 0.0516089 0.0443808 0.0473727 0.0441215 0.0444258 0.0490081 0.0470606 0.0505588 0.0428643 0.0546807 0.0540094         0 0.0481819 0.0510728 0.0459868 0.0483155 0.0495511 0.0524995  0.042861 0.0432625 0.0526963 0.0502671 0.0347746 0.0493652 0.0493567 0.0488923 0.0474462 0.0464801 0.0430238 0.0459306 0.0463856 0.0701046 0.0457866 0.0423994 0.0532664 0.0571047 0.0628539 0.0530746  0.054755 0.0428524 0.0571389 0.0388989 0.0492628 0.0479866 0.0454964 0.0598906  0.040506 0.0507786 0.0499031  0.047597 0.0442597 0.0546178 0.0441371 0.0562002 0.0426763 0.0605219 0.0481088 0.0475599 0.0456021  0.058028 0.0419955 0.0405658  0.054923 0.0527031 0.0463619 0.0523029 0.0525905 0.0451817 0.0550959 0.0432823 0.0441556 0.0445997 0.0431358 0.0477224 0.0483317 0.0486547 0.0514915   0.05294 0.0578897 0.0552351 0.0438642 0.0488415 0.0517809 0.0462175 0.0349897         0
0.0389716 0.0490946 0.0432339 0.0494358 0.0440952 0.0468618 0.0532906 0.0487406 0.0515604 0.0443029  0.052727 0.0498164 0.0499275 0.0453483 0.0443154 0.0466551 0.0394533 0.0509168 0.0554926 0.0435499 0.0407317 0.0425866  0.048449 0.0456818   0.05596 0.0417554 0.0481819         0 0.0487961  0.050923 0.0505209 0.0465751 0.0400376 0.0442049 0.0395176    0.0525 0.0536427 0.0475308 0.0508727 0.0482291 0.0372412 0.0423805 0.0451292 0.0418443 0.0434083 0.0479343 0.0598303 0.0443705 0.0334598 0.0543435 0.0515085  0.059439 0.0475782 0.0549242 0.0419656 0.0636704 0.0479539  0.051654 0.0437257 0.0457222 0.0524878 0.0535726 0.0413806 0.0420746  0.036085 0.0499787  0.046056 0.0435175 0.0565956 0.0446902 0.0599517 0.0493481  0.042687 0.0451365 0.0557208 0.0354142 0.0509161 0.0448416 0.0447543 0.0468748 0.0463405 0.0471965 0.0436277 0.0474561 0.0425403  0.050119 0.0428577 0.0430718 0.0469767 0.0396125 0.0421281 0.0391135 0.0502393 0.0525453 0.0446989 0.0406239  0.037976 0.0410727 0.0452841 0.0311012         0
 0.046329  0.046989 0.0455073  0.049397  0.054362 0.0431095 0.0468782 0.0396536 0.0568248   0.05083 0.0456611 0.0419122 0.0471002 0.0434831 0.0403975  0.046711  0.050324 0.0533552 0.0492164 0.0534514 0.0460979 0.0520205 0.0434121 0.0465921  0.049819 0.0577755 0.0510728 0.0487961         0 0.0553061 0.0377306 0.0460581 0.0356873 0.0512382  0.042698  0.050238 0.0456675 0.0446272 0.0357447 0.0430436  0.043408 0.0388378 0.0477177 0.0490995 0.0345498 0.0426819 0.0620084 0.0476244 0.0384157 0.0444062 0.0427379 0.0499535 0.0529041 0.0553096 0.0521968 0.0502618 0.0419118 0.0452933 0.0505955 0.0532474 0.0546297 0.0391132  0.046232 0.0447139 0.0417241 0.0483432 0.0417715 0.0343467 0.0458524  0.039807 0.0533205 0.0380868  0.040332 0.0386591 0.0475168 0.0338465  0.046359 0.0432852 0.0562615 0.0440699  0.055553 0.0493386  0.047913 0.0463164 0.0423981 0.0425657 0.0407585 0.0544713 0.0438941 0.0452046 0.0479071 0.0409763 0.0416147 0.0472862 0.0463179 0.0463706 0.0394707 0.0411443 0.0427573 0.0307259         0
0.0503053 0.0419074 0.0396187 0.0468518 0.0390298 0.0395385 0.0488352 0.0506337 0.0433334 0.0498624 0.0637281 0.0546967 0.0470952 0.0513348 0.0534792 0.0455024 0.0410999 0.0361544 0.0396205 0.0393429 0.0466651 0.0338947 0.0523575 0.0396611 0.0557717  0.049603 0.0459868  0.050923 0.0553061         0 0.0567503 0.0478724  0.052399 0.0483158 0.0572457 0.0474125 0.0514404 0.0464755 0.0486149 0.0532755 0.0527604  0.051064 0.0504019 0.0396054 0.0463551 0.0470406 0.0733735 0.0482723 0.0469294 0.0452723  0.042569 0.0582255 0.0474392 0.0497517 0.0467794 0.0549762 0.0383277  0.047582 0.0475742 0.0483301 0.0645399 0.0451593  0.045748 0.0533906 0.0513814 0.0452755 0.0501498 0.0474162 0.0670796 0.0548066 0.0473912 0.0461144 0.0457138 0.0439351 0.0560293 0.0408582 0.0383753 0.0566953 0.0596408 0.0429085 0.0567581 0.0570509 0.0477963 0.0616243 0.0425486 0.0483257  0.046365 0.0367388 0.0470722  0.054163 0.0441321 0.0423317 0.0473609 0.0566783 0.0638426 0.0399879 0.0481882 0.0518125 0.0459531 0.0361076         0
0.0487966 0.0499216 0.0497811 0.0537257 0.0528957 0.0507868 0.0495217 0.0481532 0.0521334 0.0499915 0.0509522 0.0557492 0.0535275 0.0521628 0.0357191  0.046753 0.0566207 0.0552064 0.0444952 0.0560955 0.0550861  0.055337 0.0514863 0.0559256 0.0528554 0.0668856 0.0483155 0.0505209 0.0377306 0.0567503         0 0.0418228 0.0450704 0.0551431 0.0464354 0.0501927 0.0533057 0.0495935 0.0448392 0.0508605 0.0489745 0.0441641 0.0444819  0.050985  0.040732 0.0499747 0.0665202 0.0422806 0.0470554 0.0573966 0.0545239 0.0593247 0.0537229  0.060267 0.0511878 0.0500267 0.0480325 0.0503993 0.0532211 0.0578594  0.065468 0.0447474  0.053074 0.0440882 0.0482821 0.0480775 0.0457992 0.0504439 0.0508475 0.0407536 0.0607148 0.0484844 0.0459498 0.0462391  0.053223 0.0430414 0.0494807 0.0488666   0.05384 0.0403617 0.0629056 0.0454683 0.0442857 0.0567316 0.0491616 0.0507748 0.0454326 0.0572795 0.0448789 0.0495399 0.0559703 0.0478564 0.0457047 0.0555292 0.0523101  0.051322  0.046183 0.0451113  0.049498 0.0374581         0
0.0535958 0.0466648 0.0359299 0.0494376 0.0519729 0.0515061 0.0484395 0.0360732 0.0435575 0.0498528 0.0504135 0.0495528 0.0466845  0.039737 0.0480688 0.0474995 0.0420021 0.0436885 0.0418831 0.0485426 0.0420909 0.0512023 0.0498039 0.0422495 0.0555003 0.0583321 0.0495511 0.0465751 0.0460581 0.0478724 0.0418228         0 0.0398483 0.0568919 0.0505702 0.0511743 0.0469407 0.0466692 0.0396849  0.051322 0.0476082  0.041958  0.050761 0.0381291 0.0519074 0.0431033 0.0756555 0.0447456 0.0408964 0.0548691 0.0449367  0.064322 0.0529744 0.0540747  0.047023 0.0573331 0.0430237 0.0421626 0.0447847 0.0526806 0.0658445 0.0458209 0.0448423  0.046243 0.0386621   0.03668 0.0428973 0.0487671 0.0557456 0.0486359 0.0520533 0.0465902 0.0404127 0.0442693  0.045928 0.0388929 0.0475335 0.0449697 0.0433575 0.0390575 0.0554064 0.0450823 0.0364959 0.0584679 0.0500712  0.048585  0.034456  0.043685   0.04045 0.0416104 0.0462829 0.0428251 0.0422215 0.0583299 0.0581763 0.0474016 0.0480925 0.0426657 0.0478615 0.0335596         0
0.0424942 0.0514478 0.0395627 0.0483514 0.0489347 0.0372228 0.0471111 0.0374631 0.0564341 0.0486047 0.0438062 0.0400387  0.048154 0.0350112 0.0369543 0.0335103 0.0446349 0.0534373 0.0522853 0.0471526 0.0438199 0.0481894   0.04239  0.043551 0.0460968 0.0537292 0.0524995 0.0400376 0.0356873  0.052399 0.0450704 0.0398483         0 0.0418653  0.045144 0.0424098 0.0403417 0.0447271 0.0431773 0.0430545 0.0315139 0.0322208 0.0547144 0.0373971 0.0403558  0.041651 0.0517933  0.047238 0.0321499 0.0485254 0.0367012 0.0429002 0.0450023 0.0521322 0.0413591 0.0541505 0.0399053 0.0469269 0.0455157 0.0495196 0.0536879 0.0365762 0.0374298 0.0274952  0.031328 0.0447245 0.0417632 0.0313954 0.0515446 0.0364886 0.0589738 0.0389644 0.0356356 0.0353065 0.0487992 0.0341021 0.0488863 0.0327882 0.0561265 0.0399223 0.0536169 0.0398094 0.0323262  0.039983 0.0410052 0.0495693 0.0456572 0.0487292 0.0414656 0.0467895 0.0474372 0.0321079 0.0376521  0.044106 0.0364837 0.0436273 0.0398009 0.0402848 0.0345603 0.0258697         0
0.0506431 0.0565489 0.0500371 0.0473567 0.0428186 0.0417304 0.0490971  0.059039   0.05722 0.0541481 0.0623373 0.0556233 0.0532945 0.0552339 0.0449305 0.0431471 0.0465752 0.0578289  0.051692 0.0488578 0.0526823 0.0425514 0.0583871 0.0519903 0.0587341  0.055942  0.042861 0.0442049 0.0512382 0.0483158 0.0551431 0.0568919 0.0418653         0 0.0451313 0.0542349 0.0606806 0.0441861 0.0585336 0.0534088 0.0441433 0.0447098 0.0568468 0.0471851 0.0436707 0.0522172 0.0581813 0.0510151 0.0381987 0.0528161 0.0475922 0.0507021 0.0368119 0.0611067 0.0367383 0.0589656 0.0428664 0.0571503 0.0514375 0.0499765 0.0529838 0.0421435 0.0500811 0.0392884 0.0398463 0.0546498 0.0578538 0.0437944 0.0646295 0.0437697 0.0629091 0.0549519 0.0529438  0.049233 0.0652209 0.0431066 0.0498828 0.0477094 0.0624284 0.0533394 0.0550113 0.0483922 0.0508158 0.0493517 0.0380486 0.0550584 0.0539292 0.0483302 0.0547126 0.0544386 0.0479496 0.0521919 0.0534789 0.0489921 0.0457906 0.0497631 0.0528017 0.0567929 0.0449039  0.037435         0
0.0410121 0.0501735 0.0489708 0.0491564 0.0496108 0.0484282 0.0465372 0.0496502 0.0513148 0.0490353 0.0541011 0.0502387 0.0473898 0.0467062   0.03955 0.0517157 0.0451976 0.0604818 0.0564986 0.0445501  0.047196 0.0443358 0.0547552 0.0501715  0.058464 0.0489418 0.0432625 0.0395176  0.042698 0.0572457 0.0464354 0.0505702  0.045144 0.0451313         0 0.0573222 0.0533078 0.0397988 0.0526445 0.0478208 0.0415168 0.0454178 0.0463711 0.0475805 0.0436118 0.0435117 0.0590194 0.0399873 0.0409545 0.0543313 0.0582551 0.0601861  0.048323 0.0509374 0.0339353 0.0552169 0.0428166 0.0479417 0.0396813 0.0402699 0.0516195 0.0497548 0.0507259 0.0465126 0.0367043 0.0462609 0.0532046 0.0463099 0.0527549 0.0409679 0.0669283 0.0487258 0.0431289 0.0498275 0.0501347 0.0379363 0.0511341 0.0446658 0.0437911 0.0488987 0.0534322 0.0528996 0.0499152 0.0490202 0.0382953 0.0528481 0.0426307 0.0491907 0.0540251  0.039903  0.052319 0.0493772 0.0509698 0.0501806 0.0399022 0.0470216 0.0399167 0.0481561 0.0473599 0.0338571         0
0.0401458 0.0536338 0.0491802 0.0452052 0.0447738 0.0398196 0.0525649 0.0440839 0.0549527 0.0442942 0.0561806 0.0469609  0.049811 0.0554219 0.0467318 0.0441277 0.0527897 0.0495376 0.0475299 0.0455818 0.0469312  0.053046 0.0435395 0.0515808 0.0475818  0.054432 0.0526963    0.0525  0.050238 0.0474125 0.0501927 0.0511743 0.0424098 0.0542349 0.0573222         0 0.0472395 0.0536496 0.0434446 0.0480079 0.0449623 0.0483335 0.0549023 0.0456262 0.0415217 0.0465564 0.0578664 0.0499565 0.0487959 0.0510423 0.0477372  0.042716 0.0533788 0.0512462 0.0518387 0.0509129 0.0385018 0.0508952 0.0538462 0.0535217 0.0683456 0.0442926 0.0491969 0.0455072 0.0470149 0.0442063 0.0461946 0.0401607 0.0527746 0.0522453 0.0620245 0.0459718 0.0373091 0.0439879 0.0578727   0.04304 0.0363617 0.0529619 0.0653249 0.0378456 0.0687304 0.0513303 0.0420318 0.0519148 0.0530984 0.0511403 0.0474019 0.0490511 0.0486615 0.0524892 0.0523887 0.0355479 0.0509776 0.0494068 0.0529605 0.0458139 0.0489821 0.0413358 0.0390654 0.0362945         0
0.0494237  0.055205 0.0473798 0.0471269 0.0474519  0.043702 0.0512715 0.0376515 0.0565217 0.0482251 0.0551394 0.0449257 0.0413732 0.0421514 0.0470012 0.0494569  0.051908 0.0531399 0.0562909 0.0478284 0.0470746 0.0571937 0.0407437 0.0438786 0.0518458 0.0566671 0.0502671 0.0536427 0.0456675 0.0514404 0.0533057 0.0469407 0.0403417 0.0606806 0.0533078 0.0472395         0 0.0458188 0.0405617 0.0396631 0.0397782 0.0460348 0.0531774 0.0419732 0.0457568 0.0438344 0.0581702 0.0524513 0.0456471 0.0511369 0.0522604 0.0523985 0.0579622 0.0514236 0.0540173 0.0526251 0.0382268 0.0446886 0.0496658 0.0547371 0.0666193 0.0447154 0.0435824 0.0494419 0.0446088 0.0451477 0.0488449 0.0423322 0.0598575 0.0478469 0.0624932 0.0429151 0.0298624 0.0431952 0.0537551 0.0428639 0.0422347 0.0542383 0.0554079 0.0417478 0.0646576 0.0568255 0.0379761 0.0507558 0.0543542 0.0489284  0.048142 0.0541474 0.0420895  0.052238 0.0513689 0.0402062 0.0488467 0.0626619 0.0561401  0.044931 0.0423321 0.0453697 0.0427762 0.0355009         0
0.0511664 0.0450693 0.0423064 0.0485568 0.0367058  0.043257 0.0445622 0.0477085 0.0510514 0.0454506  0.063592 0.0511684 0.0411776 0.0418655 0.0461314 0.0487449 0.0390471 0.0516035 0.0483059 0.0403506 0.0457201 0.0404229 0.0503406 0.0447563 0.0538376 0.0546721 0.0347746 0.0475308 0.0446272 0.0464755 0.0495935 0.0466692 0.0447271 0.0441861 0.0397988 0.0536496 0.0458188         0 0.0488386 0.0427553 0.0462551 0.0483603 0.0517648 0.0425239 0.0460309 0.0381712 0.0709741 0.0419535 0.0410091  0.053001 0.0524378 0.0550515 0.0479568 0.0534056 0.0431527 0.0476562 0.0356773 0.0408898 0.0469841 0.0399858 0.0568808  0.043978 0.0472555 0.0479785 0.0375005 0.0442821 0.0568486 0.0421171 0.0561119  0.039844 0.0610234 0.0448549  0.042697 0.0428143 0.0580411 0.0350764 0.0412119 0.0524466 0.0494419 0.0495409 0.0598414 0.0557718 0.0421728 0.0563487 0.0395065 0.0414791 0.0447258 0.0424026 0.0486291 0.0423741 0.0457535 0.0481771 0.0497326 0.0558561 0.0490283 0.0456464 0.0424833 0.0457231 0.0469162 0.0321891         0
0.0476593 0.0427514 0.0375014 0.0418285  0.049147 0.0462569 0.0497985 0.0344184 0.0498004 0.0504431 0.0462873 0.0467163 0.0375707 0.0427582 0.0468054 0.0454361 0.0481839 0.0467397 0.0419638 0.0493022 0.0424458 0.0542788 0.0422415  0.036093 0.0512201 0.0580199 0.0493652 0.0508727 0.0357447 0.0486149 0.0448392 0.0396849 0.0431773 0.0585336 0.0526445 0.0434446 0.0405617 0.0488386         0 0.0457008 0.0485336 0.0396805 0.0487926 0.0502802 0.0420826 0.0405538 0.0700305 0.0483384 0.0443101 0.0474634 0.0413052 0.0537151 0.0563188 0.0490204 0.0510735 0.0509049 0.0339933 0.0457298 0.0493647 0.0555078 0.0626908 0.0440305 0.0438176 0.0507996 0.0437729 0.0404166 0.0384686  0.041297 0.0451795 0.0466275 0.0551013 0.0368155 0.0377851 0.0334505 0.0437961  0.040544 0.0407573 0.0500125 0.0564397 0.0384224 0.0584267 0.0479544 0.0390386 0.0519147 0.0515544 0.0443649 0.0376518 0.0493486 0.0437707 0.0480382 0.0515084 0.0380873 0.0428084  0.054126 0.0561272 0.0446637 0.0406776 0.0385192   0.03728 0.0315364         0
