
Alignment summary:
Loboparadisaea sericea ornithine: -=88 A=173 C=99 G=121 N=22 T=204 Y=3
Cnemophilus loriae ornithine: -=88 A=173 C=101 G=120 N=22 T=205 W=1
Oedistoma pygmaeum ornithine: -=90 A=174 C=100 G=111 N=34 T=201
Toxorhamphus poliopterus ornithine: -=89 A=175 C=98 G=112 N=35 T=201
Coracina atriceps ornithine: -=110 A=168 C=99 G=116 N=22 T=195
Melanocharis versteri ornithine: -=94 A=172 C=97 G=117 N=22 T=207 Y=1
Bombycilla garrulus ornithine: -=129 A=174 C=95 G=111 T=201
Parus major ornithine: -=99 A=176 C=102 G=118 T=215
Pericrocotus cinnamomeus ornithine: -=122 A=164 C=105 G=123 T=196
Callaeas cinerea ornithine: -=90 A=180 C=104 G=120 T=216
Monarcha melanopsis ornithine: -=133 A=159 C=100 G=114 K=1 R=1 T=202
Hylophilus ochraceiceps ornithine: -=109 A=174 C=105 G=116 T=205 W=1
Vireo olivaceus ornithine: -=109 A=173 C=101 G=118 R=1 S=1 T=206 Y=1
Oriolus xanthornus ornithine: -=104 A=169 C=100 G=122 R=2 T=212 Y=1
Gymnorhina tibicen ornithine: -=104 A=171 C=106 G=122 T=207
Batis poensis ornithine: -=106 A=171 C=102 G=120 R=1 S=1 T=209
Rhipidura rufifrons ornithine: -=60 A=177 C=98 G=144 R=1 T=228 Y=2
Lanius collaris ornithine: -=114 A=165 C=99 G=121 T=210 Y=1
Dicrurus bracteatus ornithine: -=104 A=169 C=99 G=125 T=213
Corvus corone ornithine: -=281 A=127 C=66 G=83 T=152 Y=1

Jukes-Cantor Distance Matrix:

         0 0.00843653  0.0795447  0.0644403  0.0750626   0.061909   0.106082  0.0849794  0.0945239  0.0853495  0.0989806  0.0691818  0.0694348   0.078491  0.0742463  0.0727402  0.0925156  0.0952772  0.0798336  0.0754535
0.00843653          0  0.0888182  0.0754676  0.0805652  0.0672223   0.116061  0.0923407  0.0961768  0.0925893   0.104618  0.0746522  0.0749253  0.0820489  0.0796889  0.0801246  0.0982436   0.106922  0.0891417  0.0834919
 0.0795447  0.0888182          0  0.0512869  0.0764637  0.0518372   0.103952  0.0865459  0.0922466  0.0754676    0.10286  0.0704656  0.0687788  0.0740886  0.0717458  0.0682708  0.0920541  0.0950638  0.0871889  0.0831207
 0.0644403  0.0754676  0.0512869          0  0.0628446  0.0426403   0.101851  0.0730059  0.0820908  0.0698178  0.0946135  0.0569778  0.0571881  0.0682708  0.0621549   0.056769  0.0879836  0.0770389   0.071614  0.0690753
 0.0750626  0.0805652  0.0764637  0.0628446          0  0.0583526   0.101546  0.0787789  0.0570828  0.0805652  0.0871385   0.056356  0.0565617  0.0656156  0.0577208   0.059923  0.0848473  0.0878414  0.0689307  0.0805271
  0.061909  0.0672223  0.0518372  0.0426403  0.0583526          0  0.0944765  0.0684338  0.0791695  0.0653739  0.0811602  0.0544704   0.054669  0.0675228   0.063367  0.0561517  0.0744737  0.0801009  0.0689307   0.058904
  0.106082   0.116061   0.103952   0.101851   0.101546  0.0944765          0  0.0913037   0.109857   0.103357   0.114912  0.0985643  0.0948831  0.0987518  0.0921634   0.088671   0.113073   0.112541  0.0919902  0.0895013
 0.0849794  0.0923407  0.0865459  0.0730059  0.0787789  0.0684338  0.0913037          0  0.0925084  0.0777899  0.0927679  0.0700626  0.0703091  0.0844476  0.0786059  0.0715242   0.088671  0.0932543  0.0858579  0.0737695
 0.0945239  0.0961768  0.0922466  0.0820908  0.0570828  0.0791695   0.109857  0.0925084          0   0.088497   0.105877  0.0739782  0.0704489  0.0698178  0.0751971  0.0718252  0.0952118   0.107926  0.0864264  0.0998148
 0.0853495  0.0925893  0.0754676  0.0698178  0.0805652  0.0653739   0.103357  0.0777899   0.088497          0  0.0985326  0.0644622  0.0574193  0.0715242  0.0693334  0.0659384  0.0825317  0.0949955  0.0820107  0.0737695
 0.0989806   0.104618    0.10286  0.0946135  0.0871385  0.0811602   0.114912  0.0927679   0.105877  0.0985326          0  0.0816122  0.0799518  0.0871889  0.0867058  0.0774167  0.0791221  0.0712214  0.0578251  0.0611025
 0.0691818  0.0746522  0.0704656  0.0569778   0.056356  0.0544704  0.0985643  0.0700626  0.0739782  0.0644622  0.0816122          0  0.0169403  0.0557101  0.0608324  0.0557101  0.0853192  0.0805783  0.0698178  0.0636597
 0.0694348  0.0749253  0.0687788  0.0571881  0.0565617   0.054669  0.0948831  0.0703091  0.0704489  0.0574193  0.0799518  0.0169403          0  0.0559048  0.0592298   0.052286  0.0776228  0.0789731  0.0682288  0.0639732
  0.078491  0.0820489  0.0740886  0.0682708  0.0656156  0.0675228  0.0987518  0.0844476  0.0698178  0.0715242  0.0871889  0.0557101  0.0559048          0  0.0552291  0.0537181  0.0810071  0.0859616  0.0713996  0.0609596
 0.0742463  0.0796889  0.0717458  0.0621549  0.0577208   0.063367  0.0921634  0.0786059  0.0751971  0.0693334  0.0867058  0.0608324  0.0592298  0.0552291          0  0.0374652   0.074642  0.0742656  0.0602042  0.0532482
 0.0727402  0.0801246  0.0682708   0.056769   0.059923  0.0561517   0.088671  0.0715242  0.0718252  0.0659384  0.0774167  0.0557101   0.052286  0.0537181  0.0374652          0  0.0672091  0.0690753  0.0587181  0.0484821
 0.0925156  0.0982436  0.0920541  0.0879836  0.0848473  0.0744737   0.113073   0.088671  0.0952118  0.0825317  0.0791221  0.0853192  0.0776228  0.0810071   0.074642  0.0672091          0  0.0740639  0.0551719  0.0444381
 0.0952772   0.106922  0.0950638  0.0770389  0.0878414  0.0801009   0.112541  0.0932543   0.107926  0.0949955  0.0712214  0.0805783  0.0789731  0.0859616  0.0742656  0.0690753  0.0740639          0  0.0576199  0.0409083
 0.0798336  0.0891417  0.0871889   0.071614  0.0689307  0.0689307  0.0919902  0.0858579  0.0864264  0.0820107  0.0578251  0.0698178  0.0682288  0.0713996  0.0602042  0.0587181  0.0551719  0.0576199          0   0.038347
 0.0754535  0.0834919  0.0831207  0.0690753  0.0805271   0.058904  0.0895013  0.0737695  0.0998148  0.0737695  0.0611025  0.0636597  0.0639732  0.0609596  0.0532482  0.0484821  0.0444381  0.0409083   0.038347          0

Seed = 4099247681
