Pi: 0.271665 0.170322 0.219053  0.33896
S: 0.0712918  0.380747 0.0934566 0.0694213  0.285124 0.0999593
