
Alignment summary:
Loboparadisaea sericea ornithine: -=88 A=173 C=99 G=121 N=22 T=204 Y=3
Cnemophilus loriae ornithine: -=88 A=173 C=101 G=120 N=22 T=205 W=1
Oedistoma pygmaeum ornithine: -=90 A=174 C=100 G=111 N=34 T=201
Toxorhamphus poliopterus ornithine: -=89 A=175 C=98 G=112 N=35 T=201
Coracina atriceps ornithine: -=110 A=168 C=99 G=116 N=22 T=195
Melanocharis versteri ornithine: -=94 A=172 C=97 G=117 N=22 T=207 Y=1
Bombycilla garrulus ornithine: -=129 A=174 C=95 G=111 T=201
Parus major ornithine: -=99 A=176 C=102 G=118 T=215
Pericrocotus cinnamomeus ornithine: -=122 A=164 C=105 G=123 T=196
Callaeas cinerea ornithine: -=90 A=180 C=104 G=120 T=216
Monarcha melanopsis ornithine: -=133 A=159 C=100 G=114 K=1 R=1 T=202
Hylophilus ochraceiceps ornithine: -=109 A=174 C=105 G=116 T=205 W=1
Vireo olivaceus ornithine: -=109 A=173 C=101 G=118 R=1 S=1 T=206 Y=1
Oriolus xanthornus ornithine: -=104 A=169 C=100 G=122 R=2 T=212 Y=1
Gymnorhina tibicen ornithine: -=104 A=171 C=106 G=122 T=207
Batis poensis ornithine: -=106 A=171 C=102 G=120 R=1 S=1 T=209
Rhipidura rufifrons ornithine: -=60 A=177 C=98 G=144 R=1 T=228 Y=2
Lanius collaris ornithine: -=114 A=165 C=99 G=121 T=210 Y=1
Dicrurus bracteatus ornithine: -=104 A=169 C=99 G=125 T=213
Corvus corone ornithine: -=281 A=127 C=66 G=83 T=152 Y=1

Seed = 3522816525
Jukes-Cantor Distance Matrix:

         0 0.00843653  0.0795447  0.0644403  0.0750626   0.061909   0.106082  0.0849794  0.0945239  0.0853495  0.0989806  0.0691818  0.0694348   0.078491  0.0742463  0.0727402  0.0925156  0.0952772  0.0798336  0.0754535
0.00843653          0  0.0888182  0.0754676  0.0805652  0.0672223   0.116061  0.0923407  0.0961768  0.0925893   0.104618  0.0746522  0.0749253  0.0820489  0.0796889  0.0801246  0.0982436   0.106922  0.0891417  0.0834919
 0.0795447  0.0888182          0  0.0512869  0.0764637  0.0518372   0.103952  0.0865459  0.0922466  0.0754676    0.10286  0.0704656  0.0687788  0.0740886  0.0717458  0.0682708  0.0920541  0.0950638  0.0871889  0.0831207
 0.0644403  0.0754676  0.0512869          0  0.0628446  0.0426403   0.101851  0.0730059  0.0820908  0.0698178  0.0946135  0.0569778  0.0571881  0.0682708  0.0621549   0.056769  0.0879836  0.0770389   0.071614  0.0690753
 0.0750626  0.0805652  0.0764637  0.0628446          0  0.0583526   0.101546  0.0787789  0.0570828  0.0805652  0.0871385   0.056356  0.0565617  0.0656156  0.0577208   0.059923  0.0848473  0.0878414  0.0689307  0.0805271
  0.061909  0.0672223  0.0518372  0.0426403  0.0583526          0  0.0944765  0.0684338  0.0791695  0.0653739  0.0811602  0.0544704   0.054669  0.0675228   0.063367  0.0561517  0.0744737  0.0801009  0.0689307   0.058904
  0.106082   0.116061   0.103952   0.101851   0.101546  0.0944765          0  0.0913037   0.109857   0.103357   0.114912  0.0985643  0.0948831  0.0987518  0.0921634   0.088671   0.113073   0.112541  0.0919902  0.0895013
 0.0849794  0.0923407  0.0865459  0.0730059  0.0787789  0.0684338  0.0913037          0  0.0925084  0.0777899  0.0927679  0.0700626  0.0703091  0.0844476  0.0786059  0.0715242   0.088671  0.0932543  0.0858579  0.0737695
 0.0945239  0.0961768  0.0922466  0.0820908  0.0570828  0.0791695   0.109857  0.0925084          0   0.088497   0.105877  0.0739782  0.0704489  0.0698178  0.0751971  0.0718252  0.0952118   0.107926  0.0864264  0.0998148
 0.0853495  0.0925893  0.0754676  0.0698178  0.0805652  0.0653739   0.103357  0.0777899   0.088497          0  0.0985326  0.0644622  0.0574193  0.0715242  0.0693334  0.0659384  0.0825317  0.0949955  0.0820107  0.0737695
 0.0989806   0.104618    0.10286  0.0946135  0.0871385  0.0811602   0.114912  0.0927679   0.105877  0.0985326          0  0.0816122  0.0799518  0.0871889  0.0867058  0.0774167  0.0791221  0.0712214  0.0578251  0.0611025
 0.0691818  0.0746522  0.0704656  0.0569778   0.056356  0.0544704  0.0985643  0.0700626  0.0739782  0.0644622  0.0816122          0  0.0169403  0.0557101  0.0608324  0.0557101  0.0853192  0.0805783  0.0698178  0.0636597
 0.0694348  0.0749253  0.0687788  0.0571881  0.0565617   0.054669  0.0948831  0.0703091  0.0704489  0.0574193  0.0799518  0.0169403          0  0.0559048  0.0592298   0.052286  0.0776228  0.0789731  0.0682288  0.0639732
  0.078491  0.0820489  0.0740886  0.0682708  0.0656156  0.0675228  0.0987518  0.0844476  0.0698178  0.0715242  0.0871889  0.0557101  0.0559048          0  0.0552291  0.0537181  0.0810071  0.0859616  0.0713996  0.0609596
 0.0742463  0.0796889  0.0717458  0.0621549  0.0577208   0.063367  0.0921634  0.0786059  0.0751971  0.0693334  0.0867058  0.0608324  0.0592298  0.0552291          0  0.0374652   0.074642  0.0742656  0.0602042  0.0532482
 0.0727402  0.0801246  0.0682708   0.056769   0.059923  0.0561517   0.088671  0.0715242  0.0718252  0.0659384  0.0774167  0.0557101   0.052286  0.0537181  0.0374652          0  0.0672091  0.0690753  0.0587181  0.0484821
 0.0925156  0.0982436  0.0920541  0.0879836  0.0848473  0.0744737   0.113073   0.088671  0.0952118  0.0825317  0.0791221  0.0853192  0.0776228  0.0810071   0.074642  0.0672091          0  0.0740639  0.0551719  0.0444381
 0.0952772   0.106922  0.0950638  0.0770389  0.0878414  0.0801009   0.112541  0.0932543   0.107926  0.0949955  0.0712214  0.0805783  0.0789731  0.0859616  0.0742656  0.0690753  0.0740639          0  0.0576199  0.0409083
 0.0798336  0.0891417  0.0871889   0.071614  0.0689307  0.0689307  0.0919902  0.0858579  0.0864264  0.0820107  0.0578251  0.0698178  0.0682288  0.0713996  0.0602042  0.0587181  0.0551719  0.0576199          0   0.038347
 0.0754535  0.0834919  0.0831207  0.0690753  0.0805271   0.058904  0.0895013  0.0737695  0.0998148  0.0737695  0.0611025  0.0636597  0.0639732  0.0609596  0.0532482  0.0484821  0.0444381  0.0409083   0.038347          0


JC Tree topology:
(1,2,(((3,4),6),((((5,9),14),(12,13)),(((7,8),((((11,19),(18,20)),17),(15,16))),10))));

MLE Branch Lengths
(14:0.0326131,(5:0.0210169,9:0.0361622):0.0090437,((13:0.0084271,12:0.0089398):0.0176419,(((6:0.0201999,(3:0.0313109,4:0.0198652):0.0018743):0.0060766,(1:0.0000100,2:0.0083709):0.0400332):0.0027025,(10:0.0382740,((7:0.0574810,8:0.0385168):0.0084517,((15:0.0202187,16:0.0169367):0.0049400,(((11:0.0389448,19:0.0215120):0.0014541,(18:0.0353383,20:0.0215071):0.0000100):0.0015548,17:0.0342602):0.0168957):0.0051469):0.0000100):0.0016339):0.0030098):0.0047086);
stationary acceptance: 0.358586
symmetric acceptance: 0.468211
branch length acceptance: 0.945462
avgP: 0.271665 0.170322 0.219053  0.33896
sP: 0.000212055 0.000131275 0.000142741 0.000200825
avgS: 0.0712918  0.380747 0.0934566 0.0694213  0.285124 0.0999593
sS: 0.000188525 0.000750434 0.000341414 0.000150491 0.000584937 0.000259871
0.271665 0.170322 0.219053  0.33896
0.0712918  0.380747 0.0934566 0.0694213  0.285124 0.0999593

 -1.00398  0.131213  0.700765  0.172007
 0.209286   -1.2501  0.203795  0.837016
 0.869074  0.158457  -1.25569  0.228162
 0.137858  0.420587   0.14745 -0.705895

mean p: 0.271665 0.170322 0.219053  0.33896
var p: 0.000212055 0.000131275 0.000142741 0.000200825
Scale for p0 is 933.075
Scale for p1 is 1076.46
Scale for p2 is 1198.46
Scale for p3 is 1115.73
Dirichlet for P scale: 933.075
mean s: 0.0712918  0.380747 0.0934566 0.0694213  0.285124 0.0999593
var s: 0.000188525 0.000750434 0.000341414 0.000150491 0.000584937 0.000259871
Scale for s0 is 351.197
Scale for s1 is 314.19
Scale for s2 is 248.152
Scale for s3 is 429.273
Scale for s4 is 348.462
Scale for s5 is 346.201
Dirichlet for QP scale: 248.152
GTR Distance Matrix:

         0 0.00849015  0.0812725  0.0659316  0.0767107  0.0632362   0.109634  0.0877865    0.09595  0.0877485   0.101862  0.0706886  0.0711011  0.0806931  0.0757993  0.0745082  0.0942088  0.0983699  0.0817348  0.0775177
0.00849015          0  0.0907241  0.0771481  0.0821573  0.0685237   0.119905  0.0953175   0.097472  0.0951889   0.107468  0.0761162  0.0765601  0.0842248   0.081355  0.0820884   0.100106   0.110287  0.0912391  0.0857576
 0.0812725  0.0907241          0  0.0520044  0.0775222  0.0525152   0.106738  0.0885371  0.0930545  0.0769658   0.105154  0.0715123  0.0699479  0.0754493  0.0727002  0.0694408  0.0932154  0.0974638  0.0887857  0.0848651
 0.0659316  0.0771481  0.0520044          0  0.0638543  0.0432307   0.104718   0.074804  0.0829607  0.0712327  0.0969005  0.0579362  0.0582748  0.0697737  0.0630939  0.0577656  0.0892094  0.0789478  0.0731015  0.0705927
 0.0767107  0.0821573  0.0775222  0.0638543          0  0.0590345   0.104106  0.0806243  0.0573572  0.0820564  0.0887856  0.0570742  0.0574027  0.0666531   0.058376  0.0608097  0.0858759  0.0898718  0.0700776  0.0819788
 0.0632362  0.0685237  0.0525152  0.0432307  0.0590345          0  0.0970118  0.0698444  0.0796568  0.0665169  0.0827198  0.0551477  0.0554644  0.0687097  0.0641658  0.0571206   0.075336  0.0819104  0.0700511  0.0601316
  0.109634   0.119905   0.106738   0.104718   0.104106  0.0970118          0  0.0941473   0.111964    0.10647   0.118034   0.101006  0.0974854   0.101275  0.0942195  0.0910082   0.115436   0.116257  0.0943388  0.0923192
 0.0877865  0.0953175  0.0885371   0.074804  0.0806243  0.0698444  0.0941473          0  0.0936335  0.0797022  0.0950211  0.0716194  0.0720357  0.0865062  0.0803811  0.0733928  0.0903232  0.0960802  0.0880729  0.0759159
   0.09595   0.097472  0.0930545  0.0829607  0.0573572  0.0796568   0.111964  0.0936335          0  0.0895381   0.107128  0.0742944  0.0709736  0.0705161  0.0755826  0.0724422  0.0958246   0.109671  0.0872742    0.10092
 0.0877485  0.0951889  0.0769658  0.0712327  0.0820564  0.0665169    0.10647  0.0797022  0.0895381          0   0.100828  0.0654097   0.058435  0.0732117  0.0704949  0.0672814  0.0838782  0.0975957  0.0837963  0.0754179
  0.101862   0.107468   0.105154  0.0969005  0.0887856  0.0827198   0.118034  0.0950211   0.107128   0.100828          0  0.0832216  0.0817644  0.0889942    0.08802  0.0789684  0.0804188  0.0729908  0.0588693  0.0624587
 0.0706886  0.0761162  0.0715123  0.0579362  0.0570742  0.0551477   0.101006  0.0716194  0.0742944  0.0654097  0.0832216          0  0.0170518    0.05658  0.0615427  0.0565859   0.086314  0.0824022  0.0710041  0.0651161
 0.0711011  0.0765601  0.0699479  0.0582748  0.0574027  0.0554644  0.0974854  0.0720357  0.0709736   0.058435  0.0817644  0.0170518          0  0.0569679  0.0600794  0.0532549  0.0788098   0.080987  0.0695746  0.0656491
 0.0806931  0.0842248  0.0754493  0.0697737  0.0666531  0.0687097   0.101275  0.0865062  0.0705161  0.0732117  0.0889942    0.05658  0.0569679          0  0.0559949   0.054655  0.0820592  0.0879976  0.0727051  0.0621133
 0.0757993   0.081355  0.0727002  0.0630939   0.058376  0.0641658  0.0942195  0.0803811  0.0755826  0.0704949    0.08802  0.0615427  0.0600794  0.0559949          0  0.0377913  0.0751906  0.0756309   0.060934  0.0540146
 0.0745082  0.0820884  0.0694408  0.0577656  0.0608097  0.0571206  0.0910082  0.0733928  0.0724422  0.0672814  0.0789684  0.0565859  0.0532549   0.054655  0.0377913          0  0.0678558  0.0705387   0.059619  0.0492593
 0.0942088   0.100106  0.0932154  0.0892094  0.0858759   0.075336   0.115436  0.0903232  0.0958246  0.0838782  0.0804188   0.086314  0.0788098  0.0820592  0.0751906  0.0678558          0  0.0753271  0.0557416   0.044872
 0.0983699   0.110287  0.0974638  0.0789478  0.0898718  0.0819104   0.116257  0.0960802   0.109671  0.0975957  0.0729908  0.0824022   0.080987  0.0879976  0.0756309  0.0705387  0.0753271          0  0.0588053  0.0418807
 0.0817348  0.0912391  0.0887857  0.0731015  0.0700776  0.0700511  0.0943388  0.0880729  0.0872742  0.0837963  0.0588693  0.0710041  0.0695746  0.0727051   0.060934   0.059619  0.0557416  0.0588053          0  0.0390422
 0.0775177  0.0857576  0.0848651  0.0705927  0.0819788  0.0601316  0.0923192  0.0759159    0.10092  0.0754179  0.0624587  0.0651161  0.0656491  0.0621133  0.0540146  0.0492593   0.044872  0.0418807  0.0390422          0

meanTree = (1:0.00656162,2:0.012308,(((3:0.030738,4:0.0208875):0.00260149,6:0.018627):0.00427761,(((((5:0.0219795,9:0.0358386):0.00857067,14:0.0285661):0.0010283,((((11:0.0383973,19:0.019604):0.00168448,(18:0.0302674,20:0.0111105):0.00426871):0.00114429,17:0.0314677):0.0108106,(15:0.0203676,16:0.0169701):0.00509356):0.000878239):0.000691013,(7:0.0572715,8:0.0358409):0.00590327):0.000189542,(10:0.0361828,(12:0.0092414,13:0.00759759):0.0149663):0.00131096):0.00279703):0.0384319);
(1,2,(((((3,4),6),(((5,9),(12,13)),(((11,19),(17,(18,20))),(14,(15,16))))),10),(7,8))); 0.0347609
(1,2,((((3,6),4),((((((7,8),(((11,19),17),(18,20))),(15,16)),10),14),(12,13))),(5,9))); 0.0404395
(1,2,((((3,4),10),(((((5,9),(14,(15,16))),(12,13)),((11,19),(17,(18,20)))),(7,8))),6)); 0.0393826
(1,2,(((3,4),6),(((5,9),((10,(12,13)),(((((11,19),(17,20)),18),(15,16)),14))),(7,8)))); 0.0257635
(1,2,(((3,4),6),(((5,9),((12,13),14)),(((7,8),10),((((11,19),(18,20)),17),(15,16)))))); 0.0294694
(1,2,(((3,4),6),((((5,9),14),(12,13)),((((7,8),(11,((17,19),(18,20)))),10),(15,16))))); 0.0368213
(1,2,((((3,10),(4,6)),((7,8),((11,(18,20)),(17,19)))),((((5,9),14),(15,16)),(12,13)))); 0.0286679
(1,2,(((3,4),(((((5,9),(14,(15,16))),(((11,19),(18,20)),17)),(7,8)),(10,(12,13)))),6)); 0.0320228
(1,2,((((((3,4),10),(6,(7,8))),(((11,18),((17,19),20)),(15,16))),(12,13)),((5,9),14))); 0.0305198
(1,2,(((3,6),4),((((5,9),15),((10,(12,13)),14)),(((7,8),(((11,19),(18,20)),17)),16)))); 0.0253945
(1,2,((3,4),(((5,9),6),(((7,8),((((11,((18,20),19)),17),(15,16)),14)),(10,(12,13)))))); 0.026501
(1,2,(((3,6),4),(((((5,9),14),((15,16),(17,((18,20),19)))),(11,(12,13))),((7,8),10)))); 0.039898
(1,2,((((3,(4,6)),(7,8)),(((5,9),(10,(12,13))),(14,(15,16)))),(((11,19),(18,20)),17))); 0.0377404
(1,2,(((3,4),6),((((5,9),((12,13),14)),((10,(((11,(18,20)),19),17)),(15,16))),(7,8)))); 0.0353964
(1,2,((((3,4),((((7,8),(((11,(17,19)),(18,20)),(15,16))),10),((12,13),14))),(5,9)),6)); 0.0319494
(1,2,(((3,4),6),((((5,9),14),(12,13)),(((7,8),10),((((11,19),18),(17,20)),(15,16)))))); 0.0455817
(1,2,(((((3,4),(15,16)),(((5,9),14),(10,(12,13)))),(6,(((11,(18,20)),17),19))),(7,8))); 0.0371081
(1,2,(((3,4),6),(((((5,9),14),(10,(12,13))),(15,16)),((7,8),(11,(17,(18,(19,20)))))))); 0.0316469
(1,2,(((3,4),6),(((((5,9),(12,13)),(((((11,18),19),(17,20)),(15,16)),14)),10),(7,8)))); 0.0334611
(1,2,(((3,4),6),(((((5,9),(7,8)),((10,14),(12,13))),(15,16)),(((11,18),20),(17,19))))); 0.0337707
(1,2,(((3,4),((5,(12,13)),((7,(9,14)),((8,10),((11,(17,((18,20),19))),(15,16)))))),6)); 0.0327906
(1,2,(((((3,4),6),((7,8),10)),(((5,9),(15,16)),((12,13),14))),(11,((17,19),(18,20))))); 0.0319948
(1,2,(((3,6),4),((((((5,9),(12,13)),14),((7,8),10)),(15,16)),((((11,19),18),20),17)))); 0.0360875
(1,2,(((3,4),6),((((((5,9),14),(15,16)),((11,19),(17,(18,20)))),(7,8)),(10,(12,13))))); 0.0285574
(1,2,(((3,4),6),((((5,9),14),(12,13)),(((7,8),(((((11,19),(18,20)),17),15),16)),10)))); 0.0332038
(1,2,(((3,4),6),(((5,9),(12,13)),(((7,8),10),((((11,19),((17,20),18)),(15,16)),14))))); 0.0340709
(1,2,((((((3,4),6),((7,8),10)),((((11,19),(17,(18,20))),(15,16)),14)),(12,13)),(5,9))); 0.0302712
(1,2,(((3,4),6),(((5,9),((((7,8),(10,((11,(18,(19,20))),17))),(15,16)),14)),(12,13)))); 0.0361385
(1,2,(((3,4),((5,9),(((((7,8),(((11,19),(18,20)),17)),(10,(12,13))),(15,16)),14))),6)); 0.0358362
(1,2,(((3,4),6),(((((5,9),14),(15,16)),(12,13)),((7,(11,(17,((18,20),19)))),(8,10))))); 0.0349229
(1,2,(((3,4),6),(((((((5,9),(12,13)),14),(15,16)),(11,((17,(18,20)),19))),7),(8,10)))); 0.0449549
(1,2,(((3,4),((5,9),(((((7,(15,16)),((11,19),(17,(18,20)))),8),10),((12,13),14)))),6)); 0.0289064
(1,2,(((3,6),4),(5,(((((7,(((11,19),(18,20)),17)),8),(10,(12,13))),((9,14),16)),15)))); 0.0376782
(1,2,(((3,4),6),(((5,9),((10,13),12)),((7,8),((11,(((17,20),19),18)),(14,(15,16))))))); 0.0286295
(1,2,(((3,4),6),(((5,9),(12,13)),(((7,(15,16)),(8,(((11,19),(18,20)),17))),(10,14))))); 0.0460114
(1,2,(((3,4),6),((((5,9),(15,16)),((10,(12,13)),14)),(((7,19),(17,(18,20))),(8,11))))); 0.0361548
(1,2,(((3,4),6),(((((5,9),14),((((11,19),(17,20)),18),(15,16))),((7,8),10)),(12,13)))); 0.0447313
(1,2,((3,(4,6)),(((5,9),((10,(12,13)),14)),(((7,8),(((11,18),19),(17,20))),(15,16))))); 0.0333073
(1,2,(((((3,4),6),((7,8),10)),((((11,19),17),(18,20)),(15,16))),(((5,9),14),(12,13)))); 0.0352921
(1,2,(((((((3,4),6),((7,8),10)),(((11,19),(17,(18,20))),(15,16))),(5,9)),14),(12,13))); 0.0434725
(1,2,(((((3,(4,6)),10),((7,8),(((11,(18,20)),(17,19)),(14,(15,16))))),(5,9)),(12,13))); 0.0337497
(1,2,(((3,4),6),(((((((5,9),(15,16)),14),(((11,(18,20)),19),17)),(12,13)),10),(7,8)))); 0.0314202
(1,2,(((((3,4),(5,9)),((12,13),14)),((((7,8),(((11,19),17),(18,20))),(15,16)),10)),6)); 0.029856
(1,2,(((3,6),4),(((((5,9),(7,8)),(((11,19),(18,20)),17)),(14,(15,16))),(10,(12,13))))); 0.0358574
(1,2,(((3,4),6),((((5,9),14),((10,13),12)),((7,8),((((11,18),19),(17,20)),(15,16)))))); 0.046125
(1,2,(((((((3,4),6),10),((5,9),((7,8),(((11,18),(19,20)),17)))),(15,16)),14),(12,13))); 0.028897
(1,2,(((3,6),4),((((5,9),14),(12,13)),(((7,8),10),((11,((17,(18,20)),19)),(15,16)))))); 0.0307777
(1,2,((((3,4),6),((((5,9),14),((((11,19),(18,20)),17),(15,16))),(10,(12,13)))),(7,8))); 0.0268389
(1,2,((((((3,6),4),(12,13)),(10,(((((11,19),(18,20)),17),(15,16)),14))),(5,9)),(7,8))); 0.0422388
(1,2,(((3,4),6),(((((5,9),(12,13)),14),(10,(15,16))),((7,8),(((11,19),(18,20)),17))))); 0.0320023
(1,2,(((((3,(4,6)),(7,8)),(10,(12,13))),((9,14),(((11,((17,(19,20)),18)),16),15))),5)); 0.0346189
(1,2,((((((3,4),6),((5,9),8)),((10,(12,13)),14)),(7,(15,16))),(11,((17,(18,20)),19)))); 0.0283219
(1,2,(((3,4),6),(((5,(9,14)),(12,13)),(((7,8),((11,((17,(18,20)),19)),(15,16))),10)))); 0.0480966
(1,2,(((3,6),4),(((((5,9),7),8),(((11,(18,20)),(17,19)),(15,16))),(10,((12,13),14))))); 0.0341315
(1,2,((((((3,4),6),10),(7,8)),(((((11,19),(18,20)),17),14),(15,16))),((5,(12,13)),9))); 0.0366351
(1,2,((3,6),(4,((5,9),((7,8),((((10,(12,13)),14),(((11,19),(18,20)),17)),(15,16))))))); 0.0348005
(1,2,((3,(4,6)),(((5,9),(((((7,8),(((11,18),19),(17,20))),(15,16)),10),(12,13))),14))); 0.0365213
(1,2,((((3,4),6),(((7,(15,16)),(8,(((11,19),(18,20)),17))),((9,(12,13)),(10,14)))),5)); 0.0385068
(1,2,((((((3,4),6),(10,(12,13))),((((11,19),18),(17,20)),(14,(15,16)))),(5,9)),(7,8))); 0.0310436
(1,2,(((3,4),(((5,9),((((11,(18,20)),19),17),(14,(15,16)))),((7,8),(10,(12,13))))),6)); 0.0309965
(1,2,(((3,10),((((5,9),(15,16)),((12,13),14)),((6,((11,(18,20)),(17,19))),(7,8)))),4)); 0.0397101
(1,2,(((3,4),6),((5,9),(((((7,(((11,(18,20)),17),19)),8),(15,16)),(10,(12,13))),14)))); 0.0367371
(1,2,((((((3,4),6),10),(7,8)),((((11,19),18),(17,20)),(15,16))),((5,9),((12,13),14)))); 0.0425378
(1,2,((((((3,(4,6)),10),((7,8),((((11,19),(17,20)),18),(15,16)))),14),(9,(12,13))),5)); 0.0337701
(1,2,(((3,((((5,9),(((((11,18),19),(17,20)),(15,16)),14)),(10,(12,13))),(7,8))),4),6)); 0.0298907
(1,2,(((3,4),6),(((((5,9),14),(((((11,19),17),(18,20)),16),15)),((7,8),10)),(12,13)))); 0.0334063
(1,2,(((3,(((((5,9),(12,13)),(14,(15,16))),10),((7,8),((11,(18,20)),(17,19))))),6),4)); 0.0329923
(1,2,((3,((5,9),14)),((4,6),((((7,8),((11,(((17,20),19),18)),(15,16))),10),(12,13))))); 0.029359
(1,2,((((3,(4,6)),(8,10)),(((5,9),7),(((11,(18,20)),(17,19)),(14,(15,16))))),(12,13))); 0.0344302
(1,2,(((3,4),(((((5,9),(14,(15,16))),((7,(11,(((17,20),18),19))),8)),(12,13)),10)),6)); 0.0315537
(1,2,(((3,6),4),(((((5,9),14),(15,16)),((7,8),(((11,(18,20)),19),17))),(10,(12,13))))); 0.0270608
(1,2,((((3,10),((((5,17),(9,(14,(15,16)))),((7,8),(11,((18,20),19)))),(12,13))),4),6)); 0.0376121
(1,2,(((3,6),4),(((((5,9),(14,(15,16))),(12,13)),10),((7,8),(((11,19),(17,20)),18))))); 0.0300883
(1,2,(((3,4),6),(((5,9),(7,8)),((10,(12,13)),(((((11,19),18),(17,20)),(15,16)),14))))); 0.0325738
(1,2,(((3,4),6),(((5,9),((10,14),(12,13))),(((7,8),((11,(18,20)),(17,19))),(15,16))))); 0.0333302
(1,2,(((3,4),6),((((5,9),14),(((11,((17,20),18)),19),(15,16))),((7,8),(10,(12,13)))))); 0.0388845
(1,2,(((3,4),6),(((((5,9),14),(12,13)),(((11,((18,20),19)),17),(15,16))),((7,8),10)))); 0.0362451
(1,2,(((3,4),6),(((5,9),((10,14),(12,13))),((7,8),((((11,19),(18,20)),17),(15,16)))))); 0.0264109
(1,2,(((3,4),6),((((5,9),(14,(15,16))),((7,8),((11,19),(17,(18,20))))),(10,(12,13))))); 0.0260005
(1,2,(((3,4),6),(((((5,9),14),(15,16)),((7,(((11,19),17),(18,20))),8)),(10,(12,13))))); 0.0333757
(1,2,(((3,4),6),((((5,9),((14,(15,16)),(17,((18,20),19)))),(12,13)),(((7,11),8),10)))); 0.0347434
(1,2,((((3,4),6),((((7,8),(((11,(17,19)),18),20)),(15,16)),(10,(12,13)))),(5,(9,14)))); 0.0382739
(1,2,((3,(4,((((5,9),14),(((11,18),((17,20),19)),(15,16))),(((7,8),10),(12,13))))),6)); 0.0404238
(1,2,(((3,4),6),((((5,9),((((((11,18),(17,19)),20),16),15),14)),(12,13)),((7,8),10)))); 0.0431292
(1,2,(((3,4),6),(((5,9),((12,13),14)),((7,(8,10)),((((11,19),18),(17,20)),(15,16)))))); 0.0307054
(1,2,(((3,4),(((5,9),(((7,8),(11,(((17,20),18),19))),(15,16))),((10,14),(12,13)))),6)); 0.0344767
(1,2,((((3,6),4),((((((5,15),9),(14,16)),(7,8)),10),(12,13))),(((11,(18,20)),19),17))); 0.0330894
(1,2,(((3,4),6),((((5,9),14),((((11,19),18),(17,20)),(15,16))),((7,8),(10,(12,13)))))); 0.0385396
(1,2,(((3,4),(((5,9),(7,8)),((10,(12,13)),((((11,19),(18,20)),17),(14,(15,16)))))),6)); 0.0336051
(1,2,(((3,4),6),((((5,9),14),(12,13)),(((7,8),10),(((11,19),(17,(18,20))),(15,16)))))); 0.0374458
(1,2,((((((3,6),4),(((11,19),(18,20)),17)),16),(14,15)),((((5,9),(12,13)),7),(8,10)))); 0.0383436
(1,2,(((((3,4),6),10),(7,8)),(((5,9),((12,13),14)),((((11,18),19),(17,20)),(15,16))))); 0.0295644
(1,2,(((3,6),4),((((5,9),14),(12,13)),(((7,8),(((11,(18,20)),19),17)),(10,(15,16)))))); 0.0345467
(1,2,(((3,4),6),(((((5,9),14),(15,16)),(((11,19),(18,20)),17)),((7,8),(10,(12,13)))))); 0.0343484
(1,2,(((((3,4),6),10),(7,8)),(((5,9),((((11,19),(17,(18,20))),(15,16)),14)),(12,13)))); 0.0398982
(1,2,(((3,4),6),((((5,9),14),(12,13)),(((7,8),10),((((11,19),18),(17,20)),(15,16)))))); 0.0254297
(1,2,(((3,4),(((((5,9),(14,(15,16))),(12,13)),((7,8),(11,(17,((18,20),19))))),10)),6)); 0.0327503
(1,2,(((3,4),6),(5,((((7,8),(((11,(18,20)),19),17)),((9,14),(15,16))),(10,(12,13)))))); 0.0448757
(1,2,((((((3,4),(15,16)),((5,9),(10,((12,13),14)))),(((11,18),19),(17,20))),(7,8)),6)); 0.0321739
(1,2,(((3,4),6),(((((5,9),14),((11,(17,(18,(19,20)))),(15,16))),(12,13)),((7,8),10)))); 0.0269583
(1,2,(((3,6),4),(((((5,9),(15,16)),((12,13),14)),(((11,19),(18,20)),17)),((7,8),10)))); 0.0378696
(1,2,(((3,4),6),((((5,9),14),(12,13)),((((7,8),((11,19),(17,(18,20)))),(15,16)),10)))); 0.0372237
(1,2,(((((((3,4),6),(10,(12,13))),(15,16)),(9,14)),((7,8),(11,(((17,20),18),19)))),5)); 0.0403516
(1,2,(((3,6),4),((((5,9),14),(12,13)),(((7,8),10),((((11,19),(18,20)),17),(15,16)))))); 0.0387279
(1,2,(((3,4),6),((((5,9),(7,((8,11),(((17,20),18),19)))),(15,16)),(10,((12,13),14))))); 0.0322631
(1,2,(((((3,4),6),(11,((17,19),(18,20)))),((((5,9),14),(15,16)),(10,(12,13)))),(7,8))); 0.0377756
(1,2,(((3,(((((5,9),14),(((11,((18,20),19)),17),(15,16))),(10,(12,13))),(7,8))),6),4)); 0.0395171
(1,2,(((3,4),6),((((5,(9,14)),(15,16)),((7,8),(((11,19),18),(17,20)))),(10,(12,13))))); 0.0410396
(1,2,(((3,4),((((5,9),((((11,19),(17,(18,20))),(15,16)),14)),(12,13)),((7,8),10))),6)); 0.0347599
(1,2,(((3,4),6),((((5,9),14),(12,13)),((((7,8),(((11,19),(18,20)),17)),(15,16)),10)))); 0.0262172
(1,2,((((((3,6),4),10),(7,8)),((5,9),(12,13))),(((11,19),((17,20),18)),((14,15),16)))); 0.0352354
(1,2,(((3,4),6),(((((5,9),(((11,19),((17,20),18)),((14,15),16))),(12,13)),(7,10)),8))); 0.0323579
(1,2,(((3,4),6),((((((5,9),14),(15,16)),(12,13)),((7,8),((11,19),(17,(18,20))))),10))); 0.0339216
(1,2,(((3,4),6),((((5,9),((12,13),14)),((11,(((17,20),19),18)),(15,16))),((7,8),10)))); 0.0385547
(1,2,(((3,6),(((5,9),((12,13),14)),(((7,8),10),(((11,(17,(18,20))),19),(15,16))))),4)); 0.0323766
(1,2,((((3,(4,6)),10),(7,8)),((((5,9),(12,13)),14),(((((11,19),(18,20)),17),16),15)))); 0.0305074
(1,2,(((3,(4,6)),(((7,(((11,(18,20)),(17,19)),(15,16))),14),(8,10))),((5,9),(12,13)))); 0.0263869
(1,2,(((3,4),6),(((((5,9),14),((((11,(18,20)),17),19),(15,16))),((7,8),10)),(12,13)))); 0.0437609
(1,2,(((3,4),6),(((5,9),(7,8)),((10,((((11,19),(17,(18,20))),(15,16)),14)),(12,13))))); 0.0236553
(1,2,(((3,6),4),(((((5,9),(12,13)),(14,(15,16))),(10,((((11,20),18),19),17))),(7,8)))); 0.0311662
(1,2,(((3,4),6),(((((5,9),(12,13)),((((11,19),18),(17,20)),(14,(15,16)))),10),(7,8)))); 0.0332609
(1,2,(((3,4),6),((((5,(15,16)),(9,14)),(12,13)),((7,(11,(((17,20),18),19))),(8,10))))); 0.0323972
(1,2,(((3,4),6),((((5,9),(12,13)),((10,14),(((11,(18,19)),(17,20)),(15,16)))),(7,8)))); 0.0337146
(1,2,(((3,4),6),((((5,9),(15,16)),((10,14),(12,13))),((7,8),((11,19),(17,(18,20))))))); 0.0271821
(1,2,((((((3,4),10),(15,16)),((5,(9,14)),(12,13))),((7,8),(11,(((17,20),18),19)))),6)); 0.0345883
(1,2,(((3,6),4),(((5,9),(12,13)),((7,((8,10),(((11,19),(18,20)),17))),(14,(15,16)))))); 0.0370337
(1,2,(((3,6),4),((((5,9),14),(12,13)),(((7,8),10),(((11,19),(17,(18,20))),(15,16)))))); 0.0332393
(1,2,((((3,4),6),(((7,8),10),(((11,19),(17,(18,20))),(15,16)))),(((5,9),14),(12,13)))); 0.0423396
(1,2,(((3,4),6),((((((5,9),(12,13)),14),(((11,19),((17,20),18)),(15,16))),10),(7,8)))); 0.0386534
(1,2,(((((3,4),(7,8)),10),6),(((((5,9),14),(15,16)),(11,(((17,20),19),18))),(12,13)))); 0.0362681
(1,2,(((3,4),6),((((((5,9),14),7),(15,16)),((8,(((11,(18,20)),19),17)),10)),(12,13)))); 0.0350798
(1,2,((((3,6),4),((7,8),10)),(((5,9),(((((11,19),17),(18,20)),(15,16)),14)),(12,13)))); 0.0327353
(1,2,(((3,6),4),(((((5,9),(7,8)),14),((((11,19),18),(17,20)),(15,16))),(10,(12,13))))); 0.0401763
(1,2,(((3,4),6),((((5,(9,14)),((((11,19),(18,20)),17),(15,16))),(7,8)),(10,(12,13))))); 0.0367402
(1,2,(((3,4),6),((((5,9),14),((7,8),((((11,19),(18,20)),17),(15,16)))),(10,(12,13))))); 0.0240367
(1,2,((((3,10),(4,6)),((((5,(15,16)),(9,14)),(11,(((17,20),19),18))),(8,(12,13)))),7)); 0.0460098
(1,2,(((3,4),((((5,9),(((((11,19),18),(17,20)),(14,(15,16))),(12,13))),10),(7,8))),6)); 0.0332111
(1,2,(((3,4),6),((((5,9),((((11,19),(18,20)),17),((14,15),16))),(10,(12,13))),(7,8)))); 0.0266122
(1,2,((((((3,4),6),(8,10)),7),((((5,9),14),(15,16)),((11,(17,19)),(18,20)))),(12,13))); 0.0317212
(1,2,(((3,4),6),(((((5,9),14),(15,16)),((7,8),(((11,19),(18,20)),17))),(10,(12,13))))); 0.0325669
(1,2,(((3,4),6),((((5,9),14),(10,(12,13))),((7,8),(((11,(17,(18,20))),19),(15,16)))))); 0.0276666
(1,2,(((3,4),6),(((((5,9),((12,13),14)),(((11,(18,20)),(17,19)),(15,16))),10),(7,8)))); 0.0282401
(1,2,((3,4),((((((5,9),14),(7,8)),(10,(12,13))),(15,16)),(6,((((11,19),18),17),20))))); 0.0408326
(1,2,(((3,6),4),((((5,9),(7,8)),(10,(12,13))),(((((11,19),17),(18,20)),(15,16)),14)))); 0.0353764
(1,2,(((3,4),6),((((5,9),((12,13),14)),(15,16)),((7,(8,10)),((11,19),((17,20),18)))))); 0.0388793
(1,2,(((3,4),6),((5,9),((7,8),((10,(12,13)),(((((11,19),(18,20)),17),(15,16)),14)))))); 0.0503008
(1,2,(((3,4),6),((((5,9),((14,15),16)),((11,((18,20),19)),17)),((7,8),(10,(12,13)))))); 0.0311158
(1,2,(((((3,7),((4,6),8)),10),(((11,19),(17,(18,20))),((14,15),16))),((5,9),(12,13)))); 0.0334176
(1,2,(((3,4),6),((((5,9),15),(((11,(((17,20),18),19)),16),14)),((7,8),(10,(12,13)))))); 0.0385907
(1,2,((((((3,4),6),10),(7,8)),((((5,9),14),(15,16)),(12,13))),((11,18),((17,20),19)))); 0.0407752
(1,2,(((3,4),(((5,9),(12,13)),(((7,8),(((((11,19),18),(17,20)),(15,16)),14)),10))),6)); 0.0323713
(1,2,((((3,10),(7,8)),(4,6)),((((5,9),(14,(15,16))),(11,(17,((18,20),19)))),(12,13)))); 0.0295235
(1,2,((((3,10),(((5,9),((((11,(18,20)),(17,19)),(15,16)),((12,13),14))),(7,8))),6),4)); 0.0365356
(1,2,(((3,6),4),((((5,9),14),(10,(12,13))),(((7,8),(((11,19),(18,20)),17)),(15,16))))); 0.0268198
(1,2,((((3,6),4),(((((5,9),14),(15,16)),((((11,20),18),19),17)),(10,(12,13)))),(7,8))); 0.036652
(1,2,(((3,6),4),((((5,9),14),(((((11,18),19),(17,20)),16),15)),((7,8),(10,(12,13)))))); 0.0297776
(1,2,((((3,10),4),6),((((5,9),(14,(15,16))),(12,13)),((7,8),(11,((17,(18,20)),19)))))); 0.0267892
(1,2,(((3,4),6),(((((5,9),(15,16)),14),(10,(12,13))),((7,8),((11,18),((17,20),19)))))); 0.0346245
(1,2,(((((3,4),6),((7,8),(10,(12,13)))),(((5,9),14),(15,16))),((((11,18),19),20),17))); 0.0285544
(1,2,(((3,4),6),(((((5,9),(14,(15,16))),((11,((18,20),19)),17)),(10,(12,13))),(7,8)))); 0.0369384
(1,2,(((3,4),(((((5,9),(7,8)),((10,(12,13)),(14,16))),15),(((11,(18,20)),17),19))),6)); 0.0376437
(1,2,(((3,4),6),(((5,9),(12,13)),(((7,(15,16)),(8,((11,((18,20),19)),17))),(10,14))))); 0.0385571
(1,2,(((3,6),4),((((((((5,9),15),14),16),(11,((17,19),(18,20)))),(12,13)),10),(7,8)))); 0.0436934
(1,2,((((((3,4),6),10),(12,13)),(((5,9),(14,(15,16))),((11,19),(17,(18,20))))),(7,8))); 0.0304889
(1,2,(((((3,6),4),(10,(12,13))),(((5,9),14),((((11,19),17),(18,20)),(15,16)))),(7,8))); 0.0400891
(1,2,(((3,4),6),(((5,9),(12,13)),((((7,8),10),((11,((17,(18,20)),19)),(15,16))),14)))); 0.0330785
(1,2,((((3,4),10),6),((((5,9),(14,(15,16))),(12,13)),((7,8),(11,(((17,20),18),19)))))); 0.0375998
(1,2,(((((3,6),4),(5,9)),((((7,8),((11,18),((17,20),19))),(15,16)),(10,(12,13)))),14)); 0.0433085
(1,2,(((3,4),6),((((5,9),((12,13),14)),(15,16)),(((7,8),(11,((17,19),(18,20)))),10)))); 0.0439407
(1,2,(((3,4),6),(((5,9),14),(((7,8),((((11,19),(18,20)),17),(15,16))),(10,(12,13)))))); 0.0361146
(1,2,(((3,7),((4,6),8)),(((5,9),((10,14),(((11,(18,20)),(17,19)),(15,16)))),(12,13)))); 0.0319026
(1,2,(((((3,4),(10,(12,13))),((5,(9,14)),(15,16))),((7,8),(((11,19),(17,20)),18))),6)); 0.0329609
(1,2,(((3,4),6),((((((5,9),14),15),((((11,18),19),(17,20)),16)),7),(8,(10,(12,13)))))); 0.0320557
(1,2,(((3,4),((5,9),(((7,((11,19),(17,(18,20)))),(14,(15,16))),(8,(10,(12,13)))))),6)); 0.0303001
(1,2,(((3,4),6),(((((((5,9),14),(15,16)),(11,((17,(18,20)),19))),(12,13)),(7,8)),10))); 0.0388075
(1,2,((3,(4,6)),(((((5,9),((((11,19),(17,(18,20))),(15,16)),14)),(12,13)),10),(7,8)))); 0.0334108
(1,2,(((3,4),6),(((5,9),((12,13),14)),((7,8),((10,(((11,19),(18,20)),17)),(15,16)))))); 0.0376278
(1,2,(((3,4),6),((((5,9),(12,13)),14),(((7,8),10),((((11,(18,20)),19),17),(15,16)))))); 0.024171
(1,2,(((3,6),4),(((5,9),(7,8)),((((10,14),(12,13)),(((11,19),(18,20)),17)),(15,16))))); 0.0300889
(1,2,(((3,6),4),(((5,(9,14)),(((7,8),(((11,19),(18,20)),17)),(15,16))),(10,(12,13))))); 0.0370803
(1,2,(((3,4),6),((((5,9),15),(((7,8),(((11,(18,20)),17),19)),(10,16))),((12,13),14)))); 0.0339204
(1,2,(((3,4),6),(((((5,9),(7,8)),(10,17)),(((12,13),14),(15,16))),((11,19),(18,20))))); 0.0319128
(1,2,(((3,4),6),((((5,9),7),8),((((10,(12,13)),14),(15,16)),(((11,19),18),(17,20)))))); 0.0270342
(1,2,((((((3,4),6),((7,(8,10)),((11,(((17,20),19),18)),(15,16)))),(12,13)),(5,9)),14)); 0.0352202
(1,2,(((((3,4),(15,16)),(((10,17),((12,13),14)),((11,19),(18,20)))),(7,8)),((5,9),6))); 0.0347479
(1,2,((((((3,4),6),10),(12,13)),((5,9),((14,16),15))),((7,8),(11,(17,((18,20),19)))))); 0.0324543
(1,2,((((((3,6),4),10),(12,13)),((((11,19),18),(17,20)),(14,(15,16)))),((5,9),(7,8)))); 0.0324028
(1,2,(((3,4),6),((5,9),(((((7,8),(((11,18),20),(17,19))),(15,16)),(10,(12,13))),14)))); 0.033259
(1,2,(((3,4),6),(((((5,9),(14,(15,16))),7),((8,10),(12,13))),(((11,19),18),(17,20))))); 0.0409811
(1,2,((((3,6),4),(((((5,9),(15,16)),((11,(18,20)),(17,19))),((12,13),14)),10)),(7,8))); 0.0355997
(1,2,(((3,4),6),((((5,9),(14,(15,16))),(10,(12,13))),((7,8),(((11,18),20),(17,19)))))); 0.0340012
(1,2,(((3,4),6),((((5,9),((((11,(18,20)),17),19),(14,(15,16)))),(7,8)),(10,(12,13))))); 0.0336083
(1,2,(((((3,4),6),10),(7,8)),((((5,9),(14,(15,16))),(12,13)),(11,(((17,20),19),18))))); 0.031649
(1,2,(((((3,6),4),10),(7,8)),(((((5,9),15),16),((12,13),14)),((11,19),(17,(18,20)))))); 0.0304125
(1,2,(((3,4),6),((5,(12,13)),((((7,8),((((11,19),18),(17,20)),(15,16))),10),(9,14))))); 0.0384177
(1,2,((((3,6),4),((7,8),10)),((((5,9),((((11,19),(18,20)),17),(15,16))),14),(12,13)))); 0.0381108
(1,2,(((3,4),6),(((((5,9),14),((((11,19),17),(18,20)),(15,16))),(10,(12,13))),(7,8)))); 0.0278536
(1,2,(((((3,6),4),((7,8),10)),((((11,19),(18,20)),17),(15,16))),(((5,9),14),(12,13)))); 0.0330655
(1,2,((3,4),(((((((5,9),((12,13),14)),(15,16)),(11,((17,(18,20)),19))),(7,8)),10),6))); 0.037383
(1,2,((((((3,4),6),((11,(18,19)),(17,20))),((7,8),10)),(12,13)),((5,9),(14,(15,16))))); 0.0352363
(1,2,(((((3,4),6),(10,(12,13))),((5,9),((((11,18),19),(17,20)),(14,(15,16))))),(7,8))); 0.0406489
(1,2,(((3,4),6),(((5,9),(12,13)),((((7,8),10),((((11,(18,20)),19),17),16)),(14,15))))); 0.0421472
(1,2,((((3,4),6),(((7,8),(11,((17,(18,20)),19))),((((10,(12,13)),14),15),16))),(5,9))); 0.0413705
(1,2,(((3,4),(((((5,9),(12,13)),14),(((7,8),(((11,(18,20)),19),17)),(15,16))),10)),6)); 0.0352798
(1,2,(((3,4),6),((((5,(9,14)),((((11,(18,20)),19),17),(15,16))),(10,(12,13))),(7,8)))); 0.0319296
(1,2,((((3,4),6),((((7,8),((((11,(18,20)),19),17),(15,16))),10),(12,13))),(5,(9,14)))); 0.0365754
(1,2,(((((3,10),4),((((5,9),(14,15)),16),(6,(((11,19),(18,20)),17)))),(12,13)),(7,8))); 0.0321084
(1,2,(((3,4),((((5,9),14),(12,13)),((7,8),(10,((((11,19),(18,20)),17),(15,16)))))),6)); 0.0384037
(1,2,(((3,4),6),((((((5,9),14),(15,16)),(11,((17,(18,20)),19))),(7,8)),(10,(12,13))))); 0.0305581
(1,2,(((((3,4),6),10),(((5,9),(15,16)),((((11,18),19),(17,20)),((12,13),14)))),(7,8))); 0.0352525
(1,2,(((3,4),6),(((((5,(9,14)),(12,13)),(15,16)),10),((7,8),(((11,19),17),(18,20)))))); 0.0327259
(1,2,(((((3,4),6),((((7,8),(15,16)),(10,(((11,19),17),(18,20)))),(9,14))),(12,13)),5)); 0.0384565
(1,2,(((((3,4),6),(5,9)),(10,(12,13))),((7,8),((((11,19),(18,20)),17),(14,(15,16)))))); 0.0422256
(1,2,(((3,4),(((((5,9),((12,13),14)),(15,16)),((11,(18,20)),(17,19))),((7,8),10))),6)); 0.0302885
(1,2,(((3,4),6),((((5,9),14),(10,(12,13))),((7,8),(((11,18),((17,20),19)),(15,16)))))); 0.0406668
(1,2,(((3,6),4),((((5,9),((7,(((11,19),((17,20),18)),(15,16))),14)),(8,10)),(12,13)))); 0.035485
(1,2,((3,(4,6)),((((5,9),((7,8),((((11,19),(17,(18,20))),(15,16)),14))),10),(12,13)))); 0.0245276
(1,2,((((3,4),6),(((7,8),(10,(12,13))),(((((11,19),18),(17,20)),(15,16)),14))),(5,9))); 0.0240524
(1,2,(((3,4),6),(((((5,9),(14,(15,16))),(11,(((17,20),18),19))),7),(8,(10,(12,13)))))); 0.0413615
(1,2,(((3,6),4),((((5,9),14),(10,(12,13))),((7,8),(((11,19),(17,(18,20))),(15,16)))))); 0.0375217
(1,2,(((3,4),6),((((5,9),(7,8)),((12,13),14)),(10,((((11,19),18),(17,20)),(15,16)))))); 0.0382784
(1,2,(((3,4),((((5,9),14),(12,13)),(((7,8),10),(((11,19),(17,(18,20))),(15,16))))),6)); 0.0414478
(1,2,(((3,4),(((((5,9),(11,(12,13))),((14,(15,16)),((17,20),(18,19)))),(7,8)),10)),6)); 0.0317841
(1,2,((((3,4),6),(((5,9),(7,8)),(((10,(12,13)),(14,15)),16))),(((11,19),17),(18,20)))); 0.0335804
(1,2,(((3,4),6),(((((5,9),((12,13),14)),(15,16)),(10,((11,((18,20),19)),17))),(7,8)))); 0.0387366
(1,2,(((3,4),6),((((5,9),(12,13)),8),(((7,(15,16)),(10,14)),((11,19),(17,(18,20))))))); 0.0479261
(1,2,(((3,4),6),((((5,9),(14,(15,16))),(10,(12,13))),((7,8),((11,(18,20)),(17,19)))))); 0.0407367
(1,2,(((3,6),4),((((5,9),14),((((11,19),(18,20)),17),(15,16))),((7,8),(10,(12,13)))))); 0.0368799
(1,2,((((((3,4),6),(10,(12,13))),(5,9)),(((11,19),(17,(18,20))),(14,(15,16)))),(7,8))); 0.0296543
(1,2,(((3,4),6),(((5,9),(12,13)),((((7,(11,(((17,20),18),19))),(8,10)),(15,16)),14)))); 0.0338191
(1,2,(((((3,6),4),((((7,8),((11,18),((17,20),19))),10),(15,16))),((5,9),(12,13))),14)); 0.0380259
(1,2,(((((3,10),4),(((5,9),(14,(15,16))),(12,13))),(7,8)),(6,(((11,19),(18,20)),17)))); 0.0342586
(1,2,(((3,4),6),((((5,9),(15,16)),((10,(12,13)),14)),((7,8),(((11,19),(18,20)),17))))); 0.0337395
(1,2,(((((3,4),6),((7,8),10)),(11,((17,19),(18,20)))),((((5,9),15),16),((12,13),14)))); 0.0376243
(1,2,(((3,4),6),(((5,9),((10,(12,13)),((((11,19),(18,20)),17),(14,(15,16))))),(7,8)))); 0.036999
(1,2,(((3,4),6),((((5,9),14),(12,13)),((((7,8),(((11,(18,20)),19),17)),10),(15,16))))); 0.035556
(1,2,(((3,4),6),((((((5,9),14),15),16),((10,(((11,19),(18,20)),17)),(12,13))),(7,8)))); 0.0402622
(1,2,(((3,4),6),(((((5,9),14),(12,13)),(15,16)),((7,8),(10,(11,(17,(18,(19,20))))))))); 0.0432244
(1,2,((((((3,10),(4,6)),(7,8)),((((((11,19),17),20),18),16),(14,15))),(12,13)),(5,9))); 0.0352608
(1,2,(((((3,4),6),10),(7,8)),(((5,9),(((((11,(18,20)),19),17),(15,16)),14)),(12,13)))); 0.0351589
(1,2,(((3,4),(((5,9),((12,13),14)),(((7,(8,10)),(((11,19),18),(17,20))),(15,16)))),6)); 0.0471749
(1,2,((((((3,(4,6)),10),(12,13)),(5,9)),(7,8)),((((11,19),18),(17,20)),(14,(15,16))))); 0.0332174
(1,2,(((((3,4),6),((((5,9),7),(15,16)),(10,((12,13),14)))),8),(((11,18),20),(17,19)))); 0.0279524
(1,2,(((3,4),6),(((((5,9),14),(((11,(17,19)),(18,20)),(15,16))),(10,(12,13))),(7,8)))); 0.038259
(1,2,(((3,4),6),((((5,9),(12,13)),(10,14)),(((7,8),((11,18),((17,20),19))),(15,16))))); 0.0535166
(1,2,(((3,4),6),((((5,9),(7,(8,(((11,(18,20)),19),17)))),(15,16)),((10,(12,13)),14)))); 0.0363499
(1,2,(((3,4),6),((((((5,9),14),(15,16)),((11,((18,20),19)),17)),(7,8)),(10,(12,13))))); 0.0340275
(1,2,(((3,6),4),(((5,9),14),((7,(8,(10,(12,13)))),((((11,19),18),(17,20)),(15,16)))))); 0.0325593
(1,2,(((3,4),6),(((((5,9),14),(15,16)),(((11,18),19),(17,20))),((7,8),(10,(12,13)))))); 0.0425636
(1,2,(((3,4),6),(((((5,9),14),((((11,18),19),(17,20)),(15,16))),(7,8)),(10,(12,13))))); 0.0385571
(1,2,(((3,4),6),((((((5,9),(15,16)),14),(11,(17,((18,20),19)))),(10,(12,13))),(7,8)))); 0.0372964
(1,2,(((3,6),4),((((5,9),(((((11,18),(19,20)),17),(15,16)),14)),(7,8)),(10,(12,13))))); 0.0507159
(1,2,(((3,(4,6)),((5,9),((((7,16),((8,(((11,19),(18,20)),17)),10)),15),14))),(12,13))); 0.0339702
(1,2,((((((3,10),((12,13),14)),(15,16)),((5,9),((7,((((11,18),20),17),19)),8))),4),6)); 0.0363582
(1,2,((((3,4),6),((((5,9),(7,8)),(15,16)),(10,((12,13),14)))),(((11,19),17),(18,20)))); 0.0459667
(1,2,(((3,4),(((((5,9),14),(((((11,19),18),(17,20)),16),15)),(10,(12,13))),(7,8))),6)); 0.0458313
(1,2,(((3,6),4),(((5,9),(7,(((((11,19),17),(18,20)),(15,16)),14))),((8,10),(12,13))))); 0.0302036
(1,2,((3,(4,6)),(((((5,9),7),8),((10,(12,13)),14)),((((11,19),(18,20)),17),(15,16))))); 0.0339282
(1,2,(((3,4),((((5,(7,(9,14))),((((11,19),(18,20)),17),(15,16))),(10,(12,13))),8)),6)); 0.0363252
(1,2,(((3,4),6),((((5,9),15),((7,8),14)),((10,(12,13)),((((11,19),18),(17,20)),16))))); 0.0365497
(1,2,(((((3,4),6),((8,10),(12,13))),(((5,9),((14,16),15)),(11,((17,19),(18,20))))),7)); 0.0498015
(1,2,((((((3,4),6),(10,(12,13))),(5,9)),((((11,19),(18,20)),17),(14,(15,16)))),(7,8))); 0.0301219
(1,2,(((3,4),6),((((((5,9),14),(15,16)),(11,(17,((18,20),19)))),(12,13)),((7,8),10)))); 0.0399138
(1,2,(((3,((((((5,9),14),((((11,19),(18,20)),17),(15,16))),(12,13)),(7,8)),10)),4),6)); 0.0352293
(1,2,(((3,4),6),(((((5,9),(14,(15,16))),(11,((17,(18,20)),19))),(7,8)),(10,(12,13))))); 0.0361611
(1,2,((((3,4),6),((7,8),(10,(12,13)))),(((5,(15,16)),(9,14)),((((11,18),19),17),20)))); 0.034295
(1,2,(((3,4),6),((((5,9),14),(12,13)),(((7,8),((((11,(18,20)),19),17),(15,16))),10)))); 0.0307808
(1,2,(((3,4),6),((((5,9),(7,8)),((((11,(18,20)),(17,19)),(15,16)),14)),(10,(12,13))))); 0.0455448
(1,2,(((3,4),6),((((5,9),((11,(17,((18,20),19))),((14,15),16))),(12,13)),((7,8),10)))); 0.0397074
(1,2,(((3,4),6),(((((5,9),14),(12,13)),((((11,19),(18,20)),17),(15,16))),((7,8),10)))); 0.0247468
(1,2,(((3,4),6),(((5,9),((12,13),14)),((((7,8),(((11,19),(18,20)),17)),(15,16)),10)))); 0.0323163
(1,2,(((3,4),6),(((((5,9),((12,13),14)),(15,16)),(11,((17,(18,20)),19))),(7,(8,10))))); 0.0334018
(1,2,(((3,4),6),((((5,9),(((((11,19),18),(17,20)),16),(14,15))),(7,8)),(10,(12,13))))); 0.0328914
(1,2,(((3,4),6),((((5,9),14),(12,13)),((((7,8),(((11,(18,20)),19),17)),(15,16)),10)))); 0.0394446
(1,2,((((3,4),6),((7,8),10)),(((5,9),(12,13)),((((((11,19),20),18),17),(15,16)),14)))); 0.0368211
(1,2,(((3,4),6),((((5,9),14),(12,13)),((((7,8),(((11,(18,20)),19),17)),(15,16)),10)))); 0.038855
(1,2,(((3,4),6),((((((5,9),14),(15,16)),(10,(12,13))),(7,8)),(((11,(18,20)),19),17)))); 0.036128
(1,2,(((3,4),6),(((5,9),14),((((7,8),(11,(18,(19,20)))),((10,17),(15,16))),(12,13))))); 0.0393174
(1,2,(((3,4),6),((((5,9),(((((11,19),(18,20)),17),(15,16)),14)),(12,13)),((7,8),10)))); 0.0276634
(1,2,(((3,4),6),((((((5,9),(14,15)),16),(11,((17,19),(18,20)))),(10,(12,13))),(7,8)))); 0.04112
(1,2,(((3,4),6),(((5,9),(12,13)),((((7,8),(((11,18),(19,20)),17)),(15,16)),(10,14))))); 0.0264219
(1,2,(((((((3,10),4),6),((5,9),(7,8))),(12,13)),((((11,19),17),(18,20)),(15,16))),14)); 0.0369067
