         0   0.155046   0.154522   0.154509   0.157112   0.154193  0.0500911   0.153411   0.154332   0.157271   0.154172   0.154238  0.0251033   0.153452   0.155946   0.152152  0.0198629   0.154774   0.155182   0.156664   0.154704   0.155016   0.156847   0.154515  0.0478225   0.154099   0.155647    0.15566   0.155611   0.156939   0.156505    0.15174   0.156236   0.156309   0.153862   0.155047   0.155922   0.158055   0.156536    0.15483   0.152929   0.156852    0.15442   0.157162   0.152171   0.155787   0.154424   0.156183   0.156193   0.156255   0.152439   0.153456  0.0486209  0.0213706  0.0480466   0.153062   0.153771   0.155162   0.155345   0.155818   0.154896  0.0203772   0.156549  0.0187557   0.153781    0.15591   0.155081   0.154849    0.01972   0.155861   0.152859   0.155025   0.155002   0.155535   0.157943   0.154023   0.155744   0.156345   0.154683   0.153881   0.156415   0.154898   0.153859   0.155231   0.154145   0.155092   0.155355   0.156079    0.15488   0.152493    0.15343   0.153178   0.155369    0.15734   0.154264   0.155049   0.154129   0.152883   0.155018   0.145164
  0.155046          0  0.0203659  0.0653708  0.0219726  0.0668811    0.15591  0.0667422  0.0236219  0.0648163   0.025418  0.0218663   0.154975  0.0642541   0.022818  0.0642381   0.156047  0.0693946  0.0211188  0.0233097  0.0239556  0.0657284  0.0272457  0.0204947   0.155767  0.0264248  0.0242904  0.0203373  0.0241714  0.0271416  0.0287585  0.0686354  0.0266311  0.0226525  0.0655732  0.0239893  0.0248927  0.0242766  0.0247442   0.023167  0.0218668  0.0257959  0.0235908  0.0226963  0.0696891  0.0674402  0.0261031  0.0284908  0.0258886  0.0279714  0.0659284  0.0210974   0.157956   0.157902    0.15521  0.0229323  0.0236936  0.0240527  0.0289357  0.0225355  0.0230907   0.156196  0.0281375   0.157758  0.0234243  0.0254677  0.0189525  0.0228659   0.155776  0.0278893  0.0233479     0.0238  0.0239329  0.0237325  0.0279366  0.0198428  0.0225595  0.0238044  0.0250445  0.0665138  0.0690469  0.0247634  0.0248457  0.0263401  0.0185395  0.0685368  0.0243226  0.0240135  0.0217142  0.0216912   0.025589   0.022814   0.021897  0.0261763  0.0665283  0.0245196  0.0217478  0.0675176   0.025142  0.0266142
  0.154522  0.0203659          0   0.061264  0.0197361  0.0636421   0.155865  0.0631254  0.0180118  0.0618555  0.0204045  0.0150849   0.155186  0.0615428  0.0205358   0.061395   0.156222  0.0641976  0.0173813  0.0161732  0.0166135  0.0626733  0.0209693  0.0186332   0.156067  0.0196406  0.0203748  0.0199905  0.0179631   0.022432  0.0230363  0.0639654  0.0188896   0.020603  0.0619951  0.0182695  0.0180139  0.0179636  0.0203063  0.0197611  0.0152801  0.0202556  0.0199257  0.0198446   0.065267  0.0634302  0.0190244  0.0195024  0.0231631   0.021846  0.0624372  0.0170926   0.158424   0.157886    0.15528  0.0182587  0.0178245  0.0173048  0.0196199  0.0209094   0.018385   0.156351  0.0201599   0.158166  0.0164401  0.0183267  0.0189031  0.0188261     0.1559  0.0221407  0.0180593   0.018715  0.0206546  0.0196379  0.0226117  0.0202565  0.0170811  0.0214421  0.0194481   0.062396  0.0659379  0.0186627  0.0200306  0.0195686  0.0167953  0.0642254  0.0181072  0.0186477  0.0181246  0.0164831  0.0195456  0.0178062  0.0167684  0.0217911  0.0630809  0.0192108   0.015825  0.0639311  0.0171154  0.0213479
  0.154509  0.0653708   0.061264          0  0.0608496  0.0159425   0.155599  0.0168141  0.0588525   0.018892  0.0588333  0.0614908   0.154841   0.018488  0.0618776  0.0142482   0.156037  0.0206201  0.0610556  0.0620391  0.0594146  0.0187054  0.0598606  0.0606757   0.156343  0.0596554  0.0615095   0.061585  0.0607031  0.0602017  0.0597843  0.0174545  0.0621996  0.0597106   0.018048  0.0604091  0.0612316  0.0618602  0.0595383  0.0593812  0.0614363  0.0636422  0.0624262  0.0613795  0.0166911  0.0188524  0.0583381  0.0594492  0.0598475  0.0594488  0.0179177   0.061275   0.157761   0.157767   0.154297  0.0605963  0.0614274  0.0590082  0.0605657  0.0625397  0.0621713   0.155379  0.0625284   0.158449  0.0602618  0.0615452  0.0621507  0.0619285   0.155753  0.0619841  0.0609343  0.0595452  0.0614171  0.0614274  0.0608792   0.062102   0.062262  0.0598097  0.0604059  0.0232698  0.0190865  0.0576999  0.0596837  0.0617728  0.0609738   0.017677  0.0636286  0.0591194  0.0604596  0.0597227  0.0603466  0.0587744  0.0619852  0.0589924  0.0174267  0.0626631  0.0622847  0.0134545  0.0584384    0.05002
  0.157112  0.0219726  0.0197361  0.0608496          0  0.0634557   0.158325  0.0638934  0.0167833  0.0615451  0.0169088   0.018214   0.157757  0.0618289  0.0185798  0.0613254   0.158449   0.065655   0.017962  0.0166727  0.0205874   0.061954  0.0191766  0.0187868   0.158235  0.0184001  0.0197861  0.0160025  0.0179896  0.0168954  0.0190121   0.064833  0.0203616  0.0160898  0.0624402   0.018616  0.0172641  0.0156591   0.019445  0.0177618  0.0191307   0.020888  0.0178824  0.0153006  0.0655305  0.0621019  0.0190674  0.0213528   0.016829  0.0219091  0.0620889  0.0155169   0.160439    0.16048   0.157273  0.0161648  0.0205399  0.0179844  0.0216223  0.0193787  0.0170376    0.15838  0.0236961   0.160675  0.0191152  0.0183409  0.0159824  0.0168501   0.158259  0.0187961   0.017605  0.0198517  0.0201795  0.0177301  0.0167188  0.0184092  0.0145402  0.0146078  0.0202118  0.0615779  0.0649039  0.0173836  0.0144768  0.0201284  0.0169639  0.0640851   0.017557  0.0204289   0.017901  0.0185772  0.0169101  0.0174388  0.0164648  0.0171675  0.0634406  0.0162905  0.0175455  0.0637479  0.0176255  0.0224078
  0.154193  0.0668811  0.0636421  0.0159425  0.0634557          0    0.15539  0.0186464  0.0614496  0.0228406  0.0620484  0.0639813   0.154188  0.0195256   0.063463  0.0193821   0.155444  0.0202752   0.063503  0.0645185  0.0626433  0.0222177  0.0625416  0.0628381   0.155912  0.0617108  0.0647514  0.0636912   0.063728  0.0624696  0.0619941  0.0212885  0.0635748  0.0627782  0.0186102  0.0625626  0.0635447  0.0652103  0.0612029  0.0623163  0.0633435   0.066001  0.0641276  0.0643273  0.0180427  0.0225055  0.0607029  0.0616974  0.0613543   0.061216  0.0214203  0.0636287   0.157268   0.157864   0.154307  0.0632772   0.063235  0.0608532  0.0630426  0.0644439   0.064624   0.155093  0.0671732   0.157889  0.0627383  0.0630126   0.063679  0.0644401   0.155334  0.0652719  0.0631167  0.0609999  0.0642845  0.0641372  0.0638053  0.0643727  0.0650693  0.0624181  0.0621745  0.0252979  0.0186044  0.0601266  0.0626698  0.0638002  0.0626247   0.021872  0.0658263  0.0621929  0.0625124  0.0624654  0.0631833  0.0605387  0.0635858   0.060489  0.0221757  0.0645496  0.0640304  0.0200923  0.0610667  0.0524125
 0.0500911    0.15591   0.155865   0.155599   0.158325    0.15539          0   0.154448   0.155472   0.157729   0.155089   0.155611  0.0426062   0.154565   0.156733    0.15296   0.049078   0.156027   0.155723   0.158239   0.156107   0.155408   0.156805   0.155582  0.0184176   0.155405   0.156947   0.156253   0.156249   0.157584   0.157935   0.153486   0.156996   0.156757   0.154616    0.15588   0.156533   0.158896   0.157739   0.155512   0.153611   0.157936   0.155856   0.158313   0.153958   0.157504   0.155827   0.157809   0.157906    0.15746   0.154215   0.154663  0.0216561  0.0487887  0.0208356   0.154783   0.155716   0.155826   0.156624   0.155933   0.155261  0.0492682   0.157712   0.049677   0.154483   0.156272   0.156292   0.156408  0.0486374   0.156794   0.154268   0.156024   0.155036   0.156655   0.159025   0.155206   0.156866   0.157006   0.155865   0.155064   0.157711   0.156407   0.155019   0.156601   0.154835   0.156368   0.155908   0.156579    0.15592   0.153677   0.154816   0.154701   0.156542   0.158019    0.15536   0.157075    0.15543   0.153651   0.156663   0.146159
  0.153411  0.0667422  0.0631254  0.0168141  0.0638934  0.0186464   0.154448          0  0.0615193  0.0212998  0.0614258  0.0629552   0.153395  0.0151296  0.0627524  0.0193296   0.154933  0.0238619  0.0639107   0.064389  0.0620926  0.0224017  0.0635791  0.0626253   0.155478  0.0623122  0.0640887  0.0642644  0.0634817  0.0635044  0.0633109   0.021825  0.0640379  0.0626577  0.0219762  0.0633869  0.0639259  0.0645573  0.0612496  0.0625215  0.0636758  0.0671282  0.0646393  0.0644848  0.0172718  0.0198125  0.0614911   0.062631  0.0632009  0.0629613  0.0181029  0.0634244   0.156581   0.156714   0.153227  0.0632068  0.0627894   0.061995  0.0617357  0.0646384  0.0650371   0.154486  0.0669648   0.157204  0.0629009  0.0639603  0.0637135  0.0652525    0.15476  0.0658365  0.0632982  0.0618534  0.0647932  0.0643206    0.06454  0.0648296  0.0649222  0.0627386  0.0618432  0.0246846  0.0183899  0.0603465  0.0630887  0.0643219  0.0630533  0.0228817   0.065508  0.0629029  0.0632095  0.0623255  0.0623962  0.0607008  0.0638659  0.0615148  0.0207887  0.0655438  0.0641701  0.0189711  0.0618474  0.0523637
  0.154332  0.0236219  0.0180118  0.0588525  0.0167833  0.0614496   0.155472  0.0615193          0  0.0609739  0.0169653  0.0161576   0.155069  0.0605298  0.0193303  0.0592231   0.155941  0.0640429  0.0187648  0.0186228  0.0171487  0.0613734  0.0178331  0.0169169   0.155522  0.0184077   0.024113  0.0172489  0.0179387  0.0210791  0.0168704  0.0630835  0.0208992  0.0179096  0.0616218  0.0172648  0.0183746  0.0165231   0.018029  0.0174269  0.0185899  0.0228699  0.0175478  0.0171964   0.063651  0.0620365  0.0187027  0.0169246   0.017973  0.0203179  0.0610627  0.0187135   0.157599   0.157646   0.154238  0.0164384  0.0194558  0.0182818  0.0187598  0.0190253  0.0180919   0.155741   0.020144   0.157803  0.0202909  0.0192442  0.0171302  0.0188516   0.155834  0.0171417  0.0180267  0.0199507  0.0208233  0.0186112  0.0184099  0.0213759  0.0181715  0.0214296    0.01832  0.0613717  0.0645187  0.0175576  0.0189777  0.0180562  0.0165774  0.0632761  0.0221156  0.0211531  0.0174677   0.016223  0.0165554  0.0172962  0.0173025  0.0206893  0.0603227  0.0177569  0.0192874  0.0618533  0.0162572  0.0196997
  0.157271  0.0648163  0.0618555   0.018892  0.0615451  0.0228406   0.157729  0.0212998  0.0609739          0  0.0609526   0.062024   0.157324  0.0181459  0.0614938  0.0178955    0.15841  0.0233626  0.0615573  0.0618926  0.0602147  0.0187442  0.0604605  0.0623864   0.158647  0.0595646  0.0621976  0.0617493  0.0614495  0.0596343  0.0620281  0.0227564  0.0622744  0.0587938   0.018881  0.0609727  0.0608922  0.0621519   0.059503  0.0598363  0.0619564  0.0641731   0.063451   0.062375  0.0203588  0.0218103  0.0599535  0.0614593  0.0605752  0.0600178  0.0198942  0.0614287   0.160143   0.160291   0.156815  0.0618995  0.0614864  0.0599701    0.06093  0.0633539  0.0639993   0.157773  0.0649036   0.160899  0.0608552  0.0620577   0.061453  0.0629505    0.15825  0.0629183   0.061683  0.0595937  0.0621888  0.0622666  0.0615607  0.0624979  0.0633557  0.0597634  0.0607242  0.0214543  0.0233658   0.058721  0.0607051  0.0634026  0.0621406  0.0197086  0.0638751  0.0608947  0.0612101  0.0605716  0.0610968  0.0594742  0.0624738  0.0586996  0.0226198  0.0634043  0.0619848  0.0196097  0.0600731  0.0520721
  0.154172   0.025418  0.0204045  0.0588333  0.0169088  0.0620484   0.155089  0.0614258  0.0169653  0.0609526          0  0.0209726    0.15468  0.0600711   0.022537  0.0593505   0.156059  0.0635912  0.0215479  0.0214575  0.0168956  0.0610106  0.0198609  0.0166429   0.155628  0.0206196  0.0209798  0.0212052  0.0200253  0.0209393  0.0199349  0.0616846  0.0227167  0.0192219   0.061107  0.0207898  0.0197596  0.0138154  0.0194933  0.0167019  0.0211634  0.0236511  0.0241634  0.0161303  0.0626688  0.0617033  0.0188432  0.0209952  0.0240433  0.0244116  0.0611868  0.0190135   0.157069    0.15749   0.153848  0.0196813  0.0208916  0.0199896  0.0236465  0.0220315  0.0203398   0.155382  0.0216949   0.158123  0.0184757  0.0201799  0.0197382  0.0206633   0.155534  0.0228527  0.0165736  0.0199066  0.0208517   0.017751  0.0191418  0.0208402  0.0204095  0.0177525  0.0213102  0.0608445  0.0640133  0.0201759  0.0173628  0.0218848  0.0190852  0.0628883  0.0220419  0.0194689  0.0195558  0.0197142   0.018373  0.0225003  0.0205442  0.0206646  0.0609529  0.0206589  0.0197151  0.0612951  0.0174354  0.0203601
  0.154238  0.0218663  0.0150849  0.0614908   0.018214  0.0639813   0.155611  0.0629552  0.0161576   0.062024  0.0209726          0   0.155167  0.0619993  0.0185661  0.0612606   0.155761  0.0657569  0.0208271  0.0163979  0.0179351  0.0630525  0.0185906  0.0172572   0.155735  0.0200578  0.0189369  0.0193557  0.0153145  0.0226351  0.0201995  0.0651451  0.0178776  0.0180778  0.0628274  0.0167901  0.0185507  0.0179869  0.0179953  0.0217885  0.0164686  0.0193121  0.0160046  0.0191349  0.0655418  0.0633105  0.0196872   0.021615  0.0222247  0.0221431  0.0617807  0.0149437    0.15784   0.157334   0.154772  0.0165323  0.0165642  0.0185648  0.0198843  0.0208581  0.0204504    0.15604   0.021986   0.158061  0.0184995   0.017538  0.0186966   0.020665    0.15577  0.0192184  0.0182561  0.0189331  0.0200459  0.0212123  0.0195752  0.0174563  0.0181827  0.0227906  0.0171762   0.062003  0.0657128  0.0165263  0.0202233  0.0187164  0.0168801  0.0649232  0.0164563  0.0216819  0.0178039  0.0130214  0.0178071  0.0155442  0.0158522  0.0209592  0.0629516  0.0174354  0.0164444  0.0636141  0.0175494  0.0208015
 0.0251033   0.154975   0.155186   0.154841   0.157757   0.154188  0.0426062   0.153395   0.155069   0.157324    0.15468   0.155167          0   0.153355   0.156501   0.152382  0.0244078   0.154797    0.15559   0.157823   0.155687   0.155025   0.157451   0.155204  0.0417327   0.154781   0.156671   0.156012   0.156373    0.15748   0.157445   0.152409    0.15704   0.156901   0.153846   0.155694   0.156436   0.158676   0.157076   0.155472   0.153392   0.157663   0.155345   0.157893   0.152474   0.155852   0.155274   0.157037   0.157044   0.157274    0.15283   0.154184   0.042342  0.0240602  0.0438752   0.153846   0.154947   0.155379   0.156019   0.156362   0.155271  0.0242521   0.157545  0.0227935   0.154198   0.156495   0.155665   0.155994  0.0240131   0.156996   0.153651   0.155758   0.155393   0.156133   0.159098   0.154484   0.156509   0.156631   0.155656   0.154188   0.156365   0.155866   0.154338   0.156356   0.154458   0.155604   0.155842   0.156242   0.155591   0.153289   0.154364   0.153678    0.15611   0.157849   0.154403   0.156481     0.1549   0.153068   0.156051   0.145653
  0.153452  0.0642541  0.0615428   0.018488  0.0618289  0.0195256   0.154565  0.0151296  0.0605298  0.0181459  0.0600711  0.0619993   0.153355          0  0.0620155  0.0187228   0.154416  0.0221917  0.0619506  0.0625596  0.0602579  0.0209705  0.0619147  0.0612502   0.155409  0.0597257  0.0624109   0.061861  0.0616261  0.0608144  0.0611381  0.0210637  0.0625979  0.0603543  0.0199517  0.0624877  0.0625232  0.0626804  0.0596904  0.0601875  0.0623212  0.0651942  0.0631625  0.0627086  0.0167584  0.0198581  0.0601132    0.06126  0.0608116   0.061126  0.0178187  0.0617152   0.156478   0.156988   0.153446  0.0613054  0.0612247  0.0601783  0.0610516  0.0635101  0.0641122   0.153985  0.0655009   0.156943  0.0617465  0.0625414  0.0612583  0.0636312   0.154394  0.0645269  0.0611861  0.0601469  0.0627742   0.062157  0.0625539  0.0628057  0.0637981  0.0604592  0.0607468  0.0234346  0.0191529  0.0591509  0.0612717  0.0626703  0.0617726  0.0203552  0.0640474  0.0614001  0.0612163  0.0608021  0.0609518  0.0592548  0.0621723  0.0590237  0.0213313  0.0638306  0.0623567  0.0205512  0.0599443  0.0506854
  0.155946   0.022818  0.0205358  0.0618776  0.0185798   0.063463   0.156733  0.0627524  0.0193303  0.0614938   0.022537  0.0185661   0.156501  0.0620155          0  0.0616483   0.157621  0.0658728  0.0214718  0.0204213  0.0218694  0.0631277   0.022849  0.0193013   0.156937   0.022166  0.0208925  0.0213609  0.0202453  0.0209085  0.0253802  0.0649237  0.0210579  0.0213091  0.0633102  0.0179107  0.0169975  0.0183667  0.0197892  0.0213252  0.0195717   0.023947  0.0196695  0.0203558   0.065671  0.0634436  0.0217923  0.0219903  0.0228795  0.0233801  0.0624631  0.0182459   0.159441   0.159311   0.156488   0.020452  0.0184279   0.022233  0.0196745  0.0208802  0.0207794   0.157437  0.0269933   0.159576  0.0184123  0.0197127  0.0188375   0.019829    0.15734  0.0235684  0.0188945  0.0201246  0.0238615  0.0253795  0.0231425  0.0235225  0.0224202  0.0207429  0.0184849  0.0619918  0.0656344  0.0208221  0.0222843  0.0237217  0.0196917  0.0655492  0.0197297  0.0241952  0.0184355  0.0185908  0.0221687  0.0207455  0.0185974  0.0185995  0.0632321  0.0217516  0.0172954    0.06425  0.0209973  0.0235516
  0.152152  0.0642381   0.061395  0.0142482  0.0613254  0.0193821    0.15296  0.0193296  0.0592231  0.0178955  0.0593505  0.0612606   0.152382  0.0187228  0.0616483          0   0.153564  0.0220311  0.0616399  0.0621414  0.0592868  0.0203946   0.060018   0.061155   0.153804  0.0597422  0.0621258  0.0617874  0.0611736  0.0607167  0.0611696  0.0166074  0.0622288  0.0591277  0.0182884  0.0605145  0.0608179   0.062069  0.0588324  0.0591998  0.0607141  0.0638484   0.062472  0.0624688  0.0173496  0.0216206  0.0592596   0.059801  0.0599873  0.0593712  0.0206198   0.061281   0.155159   0.155522   0.151726   0.061032  0.0609238  0.0595087  0.0609146  0.0621324  0.0629379   0.152888   0.063339   0.155897    0.06067  0.0622083  0.0617436  0.0625726    0.15342  0.0623371   0.061419  0.0594225   0.061008  0.0618969  0.0608247  0.0618406  0.0624964  0.0598316  0.0602412  0.0209057  0.0205446  0.0577143  0.0599336  0.0618059  0.0608751  0.0190014  0.0637155  0.0598017  0.0605375     0.0596   0.060496  0.0593933  0.0624085  0.0596005  0.0175608  0.0625731  0.0619369  0.0137524  0.0589814  0.0497341
 0.0198629   0.156047   0.156222   0.156037   0.158449   0.155444   0.049078   0.154933   0.155941    0.15841   0.156059   0.155761  0.0244078   0.154416   0.157621   0.153564          0   0.156353   0.156871   0.158282   0.156616   0.156434   0.158358   0.156093  0.0464639   0.155218    0.15753   0.156573   0.157044   0.158059   0.157592   0.153794    0.15764   0.157483   0.155234   0.156674     0.1575   0.159734    0.15803   0.156592   0.154534    0.15803   0.155916   0.158531    0.15371   0.157112    0.15588   0.157584   0.157398   0.157709   0.153832    0.15488  0.0479464  0.0192967  0.0485401   0.154251   0.155555   0.156131   0.157112     0.1572    0.15674  0.0191517   0.158653  0.0178108   0.155349   0.157709   0.156302   0.156608  0.0185591   0.157523    0.15443   0.156762   0.156411   0.157201   0.159446   0.155241   0.157522   0.157836   0.156766    0.15489    0.15769   0.156497   0.155406   0.156926   0.155317   0.156589   0.156773   0.157776   0.156137   0.154109   0.154636   0.154219   0.156957   0.158484    0.15558   0.156922   0.155751   0.154493    0.15653   0.146652
  0.154774  0.0693946  0.0641976  0.0206201   0.065655  0.0202752   0.156027  0.0238619  0.0640429  0.0233626  0.0635912  0.0657569   0.154797  0.0221917  0.0658728  0.0220311   0.156353          0  0.0645556   0.066146  0.0629826  0.0263258  0.0643722  0.0661463   0.156696  0.0624527  0.0664358   0.066892  0.0651738  0.0646112  0.0647173  0.0174747  0.0658919  0.0637459   0.020129  0.0645573   0.064584   0.066444  0.0626355  0.0631213  0.0647952  0.0676513  0.0670437  0.0665051  0.0178425  0.0259264  0.0629317  0.0627195  0.0637277  0.0629714  0.0207744  0.0649761   0.157828   0.158758   0.154844  0.0649036  0.0641728  0.0627476  0.0641291  0.0679107  0.0666864   0.155407  0.0675479   0.158573  0.0638839  0.0643264  0.0655139  0.0666201   0.156073   0.066854  0.0646814  0.0634914  0.0654425  0.0651014  0.0654301  0.0660003  0.0666181  0.0636169  0.0641314  0.0268678  0.0220422  0.0620221  0.0639412  0.0657305  0.0649674  0.0203793  0.0679681  0.0629423  0.0637829  0.0636029  0.0649766  0.0622647  0.0660146  0.0629514  0.0262037  0.0658871  0.0648786  0.0187021  0.0624418  0.0539954
  0.155182  0.0211188  0.0173813  0.0610556   0.017962   0.063503   0.155723  0.0639107  0.0187648  0.0615573  0.0215479  0.0208271    0.15559  0.0619506  0.0214718  0.0616399   0.156871  0.0645556          0  0.0173814  0.0204733   0.061621  0.0190854  0.0187243   0.155881  0.0206984  0.0232883  0.0185487  0.0197836  0.0226764  0.0235552  0.0641357  0.0219528  0.0195228  0.0613877  0.0198042  0.0205885  0.0205136  0.0219193  0.0175238  0.0203356  0.0218763  0.0200976   0.019933  0.0660804  0.0637662  0.0193436  0.0229002  0.0182473  0.0253164  0.0625991  0.0199438   0.157969   0.158677   0.155078  0.0180988  0.0212581  0.0215223  0.0237261  0.0225858  0.0172498   0.156647  0.0202504   0.158701  0.0201034   0.018018  0.0174552  0.0180844   0.156229  0.0238411  0.0194039  0.0217309  0.0217116  0.0208651  0.0215919  0.0220806  0.0157063  0.0205865  0.0213509  0.0636478  0.0661412  0.0201698  0.0198854  0.0208785  0.0173564  0.0645514  0.0192365  0.0176384  0.0197301  0.0176705   0.020985  0.0194992  0.0198264  0.0226988  0.0634305  0.0218749  0.0178241  0.0635925   0.019158  0.0223112
  0.156664  0.0233097  0.0161732  0.0620391  0.0166727  0.0645185   0.158239   0.064389  0.0186228  0.0618926  0.0214575  0.0163979   0.157823  0.0625596  0.0204213  0.0621414   0.158282   0.066146  0.0173814          0  0.0206442  0.0636194  0.0188123  0.0182378   0.158804  0.0199244  0.0201699   0.019014   0.017891  0.0220556  0.0208454  0.0651244  0.0173337  0.0185799   0.063211  0.0173347  0.0178214  0.0177454  0.0185976  0.0172444  0.0192043   0.018765  0.0183378  0.0192641  0.0663383  0.0637284  0.0185499  0.0226654  0.0172309  0.0211489  0.0636252  0.0189038   0.160832   0.160211   0.157729  0.0170734  0.0157568  0.0195548  0.0211575  0.0215846  0.0210959   0.158565  0.0224949   0.160574  0.0205733  0.0175234  0.0172064  0.0170234   0.157965  0.0205021  0.0174133  0.0208221  0.0193138  0.0208146  0.0182255  0.0193713   0.016844  0.0204065  0.0219157  0.0630552   0.067057  0.0136831  0.0192388  0.0201826  0.0186224  0.0644573  0.0187685  0.0190559  0.0190479  0.0181162  0.0180817  0.0186847  0.0160492  0.0207767    0.06508  0.0160515  0.0136659  0.0649477  0.0178451  0.0234247
  0.154704  0.0239556  0.0166135  0.0594146  0.0205874  0.0626433   0.156107  0.0620926  0.0171487  0.0602147  0.0168956  0.0179351   0.155687  0.0602579  0.0218694  0.0592868   0.156616  0.0629826  0.0204733  0.0206442          0  0.0624998  0.0205413  0.0181371   0.156256  0.0184443  0.0198302  0.0193807  0.0198891   0.022232  0.0210121  0.0621925  0.0206548  0.0177888  0.0609351  0.0186022  0.0200865   0.014524  0.0195285  0.0173848  0.0173299  0.0220169   0.024159  0.0181413  0.0630639  0.0631935  0.0204227  0.0195457  0.0233575  0.0213632  0.0608458  0.0175035   0.158322   0.158027   0.155177  0.0186941  0.0155454  0.0199932   0.021396  0.0200418  0.0219623   0.156192  0.0194327   0.158565  0.0156196  0.0217681  0.0188409  0.0215528   0.156591  0.0218066  0.0207348  0.0173407  0.0204598  0.0174911  0.0212079  0.0222843  0.0201715  0.0197375  0.0158855  0.0617614  0.0648876  0.0192134  0.0211706  0.0186384   0.017193  0.0630817  0.0213574  0.0196761  0.0166419  0.0176389  0.0204858   0.020744  0.0195762  0.0209075  0.0615256  0.0200057  0.0166204  0.0621066  0.0161586  0.0209729
  0.155016  0.0657284  0.0626733  0.0187054   0.061954  0.0222177   0.155408  0.0224017  0.0613734  0.0187442  0.0610106  0.0630525   0.155025  0.0209705  0.0631277  0.0203946   0.156434  0.0263258   0.061621  0.0636194  0.0624998          0   0.061447  0.0625298   0.156165  0.0607251  0.0625357  0.0627476  0.0621245  0.0599012   0.062867  0.0230845  0.0639359  0.0603606  0.0209704  0.0626721  0.0621884  0.0638311  0.0616156  0.0603748  0.0636003  0.0662413  0.0637888  0.0628983  0.0232466  0.0219102  0.0598434   0.062857  0.0615562  0.0615156   0.020907  0.0624374   0.157364   0.158132   0.153815  0.0630853  0.0636506  0.0602509  0.0622419  0.0638224  0.0629615   0.155503  0.0649094   0.158871  0.0619809  0.0628657  0.0628027   0.062996   0.156051  0.0640984  0.0616287  0.0603199  0.0626137  0.0627385  0.0624917  0.0633827  0.0632568  0.0612247  0.0623965  0.0233417   0.020633  0.0602445  0.0613329   0.063535  0.0633425  0.0198872   0.064763  0.0610658  0.0629639   0.061142   0.061263  0.0598608  0.0626892  0.0592853  0.0202671  0.0644955  0.0639605  0.0194724  0.0605486  0.0519128
  0.156847  0.0272457  0.0209693  0.0598606  0.0191766  0.0625416   0.156805  0.0635791  0.0178331  0.0604605  0.0198609  0.0185906   0.157451  0.0619147   0.022849   0.060018   0.158358  0.0643722  0.0190854  0.0188123  0.0205413   0.061447          0   0.020113   0.157533  0.0228392  0.0229868  0.0194869  0.0187982  0.0213321  0.0192674  0.0637701  0.0192246  0.0174959  0.0607061  0.0148754  0.0180639  0.0186487  0.0187679  0.0204367  0.0210763  0.0190561  0.0203444  0.0190562  0.0649072   0.063111  0.0203345  0.0221456  0.0214951  0.0201583   0.062749  0.0195991   0.159004   0.159787   0.156135  0.0199322  0.0215825  0.0203104  0.0238277  0.0216682  0.0205797   0.158415  0.0223317    0.16066  0.0198377  0.0173728  0.0189909  0.0216191   0.157952  0.0199153  0.0194147  0.0177912  0.0179135  0.0234173  0.0149885  0.0201734   0.018287   0.021964   0.020979  0.0618462  0.0660104  0.0189977  0.0190376  0.0204412   0.019098  0.0634683  0.0188889  0.0221772  0.0190981  0.0171729  0.0202234  0.0218056  0.0190287  0.0210355   0.062342  0.0202514  0.0204266  0.0625199  0.0200756  0.0225724
  0.154515  0.0204947  0.0186332  0.0606757  0.0187868  0.0628381   0.155582  0.0626253  0.0169169  0.0623864  0.0166429  0.0172572   0.155204  0.0612502  0.0193013   0.061155   0.156093  0.0661463  0.0187243  0.0182378  0.0181371  0.0625298   0.020113          0   0.155889   0.021673  0.0185515  0.0196369  0.0181751  0.0225436  0.0185924  0.0640427  0.0200946  0.0204896  0.0628497  0.0182337  0.0203867  0.0170261  0.0186372    0.01811  0.0206437  0.0222269  0.0189612  0.0158785  0.0653228  0.0635895  0.0173321  0.0230704    0.02122  0.0227188  0.0624886   0.018929   0.157606   0.157577   0.154886  0.0157181  0.0170503  0.0203727  0.0237975  0.0182832  0.0180127   0.156057  0.0225279    0.15826  0.0180565  0.0186603  0.0173285  0.0195001   0.155746  0.0214809  0.0150142  0.0164927  0.0203244  0.0208615   0.020661  0.0180054  0.0206889  0.0211223  0.0198205  0.0624387   0.065448  0.0188649  0.0195953  0.0197068  0.0154919  0.0645768  0.0205387  0.0189615   0.016757  0.0168666  0.0191303  0.0205213  0.0166105  0.0221379  0.0625466  0.0196416  0.0174297  0.0634937  0.0177294  0.0209652
 0.0478225   0.155767   0.156067   0.156343   0.158235   0.155912  0.0184176   0.155478   0.155522   0.158647   0.155628   0.155735  0.0417327   0.155409   0.156937   0.153804  0.0464639   0.156696   0.155881   0.158804   0.156256   0.156165   0.157533   0.155889          0   0.155477   0.157249   0.156242   0.156804   0.157737   0.158052   0.154448   0.157527   0.157252   0.155332   0.156127   0.157112   0.159305   0.158262    0.15597   0.153628   0.158441   0.155748   0.158695   0.154707   0.157897   0.156148   0.157968   0.157751   0.157671   0.154659   0.154748  0.0197332  0.0472822  0.0199297   0.154826   0.156071   0.156125   0.156773   0.156259   0.155105  0.0463921    0.15791  0.0465189   0.154855   0.156729   0.156491   0.156653  0.0479224   0.156647    0.15469   0.156236   0.155738   0.156556   0.159571   0.155468    0.15699   0.157251   0.155745   0.156016   0.158113   0.157041    0.15508     0.1566   0.155076   0.157203   0.156167    0.15701   0.156211   0.153946   0.155378   0.154586   0.156779   0.158337   0.155727   0.157079   0.155745   0.154386   0.156771   0.146585
  0.154099  0.0264248  0.0196406  0.0596554  0.0184001  0.0617108   0.155405  0.0623122  0.0184077  0.0595646  0.0206196  0.0200578   0.154781  0.0597257   0.022166  0.0597422   0.155218  0.0624527  0.0206984  0.0199244  0.0184443  0.0607251  0.0228392   0.021673   0.155477          0  0.0238566   0.019399  0.0227288  0.0209812  0.0210024  0.0626184  0.0210944  0.0192106  0.0611665  0.0206684  0.0196666  0.0188197  0.0216846  0.0162349    0.02047  0.0250122  0.0230577  0.0197097  0.0630691   0.062061  0.0177867  0.0201495  0.0183325  0.0200881  0.0602277  0.0167269   0.157822   0.157257   0.154433  0.0180034  0.0188682  0.0153276  0.0185626  0.0213714  0.0233106   0.155171  0.0239047   0.157767  0.0204253  0.0232026  0.0186164   0.019559     0.1555  0.0244155  0.0182217  0.0223539  0.0227398  0.0198266  0.0201702  0.0234503  0.0230382  0.0203434  0.0213236  0.0596065  0.0643136  0.0213871  0.0192331  0.0209701  0.0184994   0.062888  0.0206814   0.022657  0.0197034  0.0190979  0.0157085  0.0170177  0.0212212  0.0193323  0.0616221  0.0212568  0.0191601  0.0619666  0.0158009  0.0205513
  0.155647  0.0242904  0.0203748  0.0615095  0.0197861  0.0647514   0.156947  0.0640887   0.024113  0.0621976  0.0209798  0.0189369   0.156671  0.0624109  0.0208925  0.0621258    0.15753  0.0664358  0.0232883  0.0201699  0.0198302  0.0625357  0.0229868  0.0185515   0.157249  0.0238566          0  0.0226327  0.0188794   0.021551   0.024341  0.0648599  0.0201644  0.0207433   0.063521  0.0199898  0.0195539  0.0191799  0.0222299  0.0214313   0.020108   0.022993  0.0202765  0.0184801  0.0656775  0.0635691  0.0198122  0.0245898  0.0267011  0.0256101  0.0619125  0.0196577   0.159489   0.158781   0.156379  0.0210039  0.0196665  0.0219614  0.0231809  0.0236149  0.0216771    0.15728  0.0243425   0.159961  0.0175431   0.021958  0.0219643   0.019309   0.157196  0.0241704  0.0201893  0.0192632   0.021036  0.0236168  0.0222914  0.0188524  0.0214333  0.0205073  0.0206061  0.0623256  0.0656736  0.0204169  0.0218227  0.0218653  0.0209104  0.0641406  0.0209202  0.0199084   0.020211  0.0187277  0.0209641  0.0224359  0.0177999  0.0194565  0.0641191  0.0204193  0.0192943  0.0640736  0.0197641  0.0238286
   0.15566  0.0203373  0.0199905   0.061585  0.0160025  0.0636912   0.156253  0.0642644  0.0172489  0.0617493  0.0212052  0.0193557   0.156012   0.061861  0.0213609  0.0617874   0.156573   0.066892  0.0185487   0.019014  0.0193807  0.0627476  0.0194869  0.0196369   0.156242   0.019399  0.0226327          0   0.019745  0.0175666  0.0198919  0.0663136  0.0213236  0.0174704  0.0627454  0.0189827  0.0222044   0.018951  0.0233176  0.0188991  0.0176214  0.0222268  0.0203942  0.0191588  0.0661665  0.0642846  0.0210455  0.0225653  0.0186749  0.0250918  0.0634916  0.0181451   0.158567   0.158511   0.155438  0.0181811  0.0202436  0.0193127  0.0228352  0.0179885  0.0186246   0.156798  0.0252733   0.158837  0.0208121  0.0230062  0.0162214   0.020236   0.156628  0.0209951  0.0215099  0.0202889  0.0214028   0.017457  0.0216891  0.0213283  0.0185569  0.0213555  0.0191089  0.0643564  0.0663866  0.0218723  0.0215886  0.0185201  0.0172853  0.0649749  0.0186756  0.0239142  0.0197366  0.0199182  0.0211333  0.0159667  0.0188141  0.0169271  0.0630029  0.0214714  0.0184703  0.0647157  0.0196198  0.0228691
  0.155611  0.0241714  0.0179631  0.0607031  0.0179896   0.063728   0.156249  0.0634817  0.0179387  0.0614495  0.0200253  0.0153145   0.156373  0.0616261  0.0202453  0.0611736   0.157044  0.0651738  0.0197836   0.017891  0.0198891  0.0621245  0.0187982  0.0181751   0.156804  0.0227288  0.0188794   0.019745          0  0.0190429  0.0206459  0.0640475  0.0201332  0.0176962  0.0626406  0.0204273  0.0180172  0.0164375  0.0186779  0.0212138  0.0193244  0.0202671  0.0170584  0.0152125   0.065592  0.0630203  0.0203033  0.0211086  0.0241277  0.0252036  0.0610513  0.0174753   0.159028   0.158809   0.155797  0.0180206  0.0198179  0.0207935   0.022155  0.0232552  0.0199489   0.157124  0.0227785   0.159505  0.0193074  0.0163822   0.018083   0.019026   0.156867  0.0186328   0.018742  0.0211328  0.0177261  0.0210498  0.0189994   0.018468  0.0191601  0.0195622  0.0197547  0.0614215  0.0657009  0.0185644  0.0199519  0.0196995  0.0184994  0.0631367  0.0194049   0.020585  0.0154895  0.0154568  0.0200458  0.0196788  0.0159621  0.0194638  0.0626816  0.0170008  0.0177943  0.0632476  0.0188588  0.0217784
  0.156939  0.0271416   0.022432  0.0602017  0.0168954  0.0624696   0.157584  0.0635044  0.0210791  0.0596343  0.0209393  0.0226351    0.15748  0.0608144  0.0209085  0.0607167   0.158059  0.0646112  0.0226764  0.0220556   0.022232  0.0599012  0.0213321  0.0225436   0.157737  0.0209812   0.021551  0.0175666  0.0190429          0  0.0204199  0.0638507  0.0215457  0.0177754  0.0616576  0.0226869  0.0204378  0.0185553  0.0234079  0.0208047  0.0213285  0.0234889  0.0228109  0.0182317  0.0643077   0.062161  0.0202114   0.022411  0.0221962  0.0246179  0.0615789  0.0204909       0.16   0.159839   0.156771  0.0226848  0.0236832  0.0199372  0.0251493  0.0223887  0.0211149   0.157981   0.025938   0.160724  0.0196511  0.0225476  0.0192188  0.0218121   0.158098  0.0211932  0.0213851  0.0197697  0.0233332  0.0199478  0.0213928  0.0241863  0.0211162  0.0217436  0.0235263  0.0612135  0.0641234   0.022924  0.0211087  0.0228375  0.0233221  0.0627769  0.0226881  0.0246242  0.0200296  0.0211562  0.0201807  0.0182865  0.0190256  0.0111274    0.06114  0.0227337  0.0202581  0.0629004  0.0184364  0.0236146
  0.156505  0.0287585  0.0230363  0.0597843  0.0190121  0.0619941   0.157935  0.0633109  0.0168704  0.0620281  0.0199349  0.0201995   0.157445  0.0611381  0.0253802  0.0611696   0.157592  0.0647173  0.0235552  0.0208454  0.0210121   0.062867  0.0192674  0.0185924   0.158052  0.0210024   0.024341  0.0198919  0.0206459  0.0204199          0  0.0640276  0.0210746  0.0205455  0.0629885  0.0208973  0.0237248  0.0207386  0.0215869  0.0233207  0.0220467  0.0214796  0.0210789  0.0188169  0.0644446   0.063042  0.0185815  0.0204076  0.0211963  0.0225297  0.0620184  0.0219504   0.159805   0.159585   0.156897  0.0169806  0.0214517  0.0200252  0.0250345  0.0230293  0.0226515   0.158134   0.024655   0.160252  0.0227574  0.0211214  0.0197803  0.0232026    0.15766  0.0188794  0.0206363   0.021026  0.0241972  0.0212722  0.0198538  0.0226641  0.0223518  0.0253769  0.0237165  0.0621813  0.0647225  0.0206692  0.0212073  0.0208608  0.0199831  0.0640443  0.0229228  0.0234181  0.0193001  0.0220572  0.0187004  0.0184803  0.0213674  0.0214003  0.0615642  0.0215046  0.0215493  0.0626029  0.0163789  0.0235498
   0.15174  0.0686354  0.0639654  0.0174545   0.064833  0.0212885   0.153486   0.021825  0.0630835  0.0227564  0.0616846  0.0651451   0.152409  0.0210637  0.0649237  0.0166074   0.153794  0.0174747  0.0641357  0.0651244  0.0621925  0.0230845  0.0637701  0.0640427   0.154448  0.0626184  0.0648599  0.0663136  0.0640475  0.0638507  0.0640276          0  0.0660917  0.0631909  0.0204265  0.0641267  0.0637731  0.0650589   0.062174  0.0617592  0.0642282  0.0673624  0.0664011  0.0650857  0.0153996  0.0241794  0.0615813   0.062808  0.0638799  0.0625317  0.0200769  0.0645481   0.155493   0.155772   0.152267  0.0634455  0.0631897  0.0631006  0.0637862  0.0665384   0.065965    0.15275  0.0656977   0.156019  0.0628867   0.064623  0.0648822  0.0649608   0.153351  0.0662529  0.0630034  0.0626207  0.0647516   0.064924  0.0645148  0.0657641   0.065584     0.0626  0.0633239  0.0230282  0.0211257  0.0608626  0.0628003  0.0653685  0.0646885  0.0189416  0.0675672  0.0619991  0.0635519  0.0629387  0.0639285  0.0628571  0.0656808  0.0631468  0.0215086  0.0652222  0.0645715  0.0152766  0.0614664  0.0526244
  0.156236  0.0266311  0.0188896  0.0621996  0.0203616  0.0635748   0.156996  0.0640379  0.0208992  0.0622744  0.0227167  0.0178776    0.15704  0.0625979  0.0210579  0.0622288    0.15764  0.0658919  0.0219528  0.0173337  0.0206548  0.0639359  0.0192246  0.0200946   0.157527  0.0210944  0.0201644  0.0213236  0.0201332  0.0215457  0.0210746  0.0660917          0  0.0211809  0.0626224   0.018758  0.0199967  0.0197457  0.0199728  0.0225232  0.0180703  0.0185665  0.0211404  0.0202218  0.0661004  0.0640677   0.018847  0.0208323  0.0221513  0.0216989  0.0637718  0.0219447   0.159729   0.159508   0.156745  0.0212906  0.0198068  0.0197816  0.0215406  0.0196734  0.0232029   0.158062  0.0260877    0.16029  0.0198632  0.0201372  0.0209705  0.0194808   0.157853  0.0231585  0.0215713  0.0171289  0.0199992    0.02145  0.0181307  0.0196546  0.0209146  0.0232681  0.0225192  0.0622646  0.0666495  0.0199767  0.0230955  0.0198028  0.0192128  0.0651557  0.0184221    0.02161  0.0182088  0.0204865  0.0185802  0.0197856   0.019299   0.018778  0.0646536  0.0185987  0.0181078   0.065277  0.0185981  0.0238032
  0.156309  0.0226525   0.020603  0.0597106  0.0160898  0.0627782   0.156757  0.0626577  0.0179096  0.0587938  0.0192219  0.0180778   0.156901  0.0603543  0.0213091  0.0591277   0.157483  0.0637459  0.0195228  0.0185799  0.0177888  0.0603606  0.0174959  0.0204896   0.157252  0.0192106  0.0207433  0.0174704  0.0176962  0.0177754  0.0205455  0.0631909  0.0211809          0  0.0605588  0.0180232  0.0176283  0.0168258   0.019806  0.0162515  0.0189717  0.0197024  0.0213692  0.0175408  0.0640053  0.0625203  0.0199615  0.0213248  0.0213975  0.0223691  0.0604978  0.0176118   0.159304   0.159242   0.155885  0.0189622  0.0198885  0.0168125   0.023796  0.0200178  0.0208079   0.157279  0.0221106   0.159717  0.0194774  0.0187235  0.0174615  0.0218159   0.157494  0.0206137   0.020193  0.0181273  0.0197631  0.0191376  0.0169666  0.0195534  0.0185801   0.018328  0.0216064  0.0603623  0.0647385  0.0161838  0.0190458   0.019571  0.0187429  0.0627845  0.0220689  0.0214234  0.0186005  0.0175503  0.0169807  0.0189693  0.0189074  0.0172985  0.0613184  0.0186774  0.0178721  0.0617911  0.0177442  0.0213189
  0.153862  0.0655732  0.0619951   0.018048  0.0624402  0.0186102   0.154616  0.0219762  0.0616218   0.018881   0.061107  0.0628274   0.153846  0.0199517  0.0633102  0.0182884   0.155234   0.020129  0.0613877   0.063211  0.0609351  0.0209704  0.0607061  0.0628497   0.155332  0.0611665   0.063521  0.0627454  0.0626406  0.0616576  0.0629885  0.0204265  0.0626224  0.0605588          0  0.0612258  0.0623099  0.0640885  0.0609037  0.0609236  0.0623303  0.0645951  0.0642773  0.0639302  0.0201153  0.0240936  0.0599749  0.0618509  0.0611919  0.0608606  0.0223676   0.062228   0.156504   0.157513   0.153545  0.0626486  0.0626121   0.060462  0.0624078  0.0636835  0.0634768   0.154489  0.0648578   0.157479  0.0612309  0.0622399  0.0631044   0.063475   0.155109  0.0649667  0.0622753  0.0598603  0.0623427  0.0628156  0.0626274  0.0630827  0.0625537  0.0606483  0.0619409  0.0259931  0.0214778  0.0592481  0.0614481  0.0628736   0.062413  0.0189068  0.0644134   0.060589  0.0616353  0.0608766  0.0625386  0.0605423  0.0633878  0.0598707  0.0241624   0.063098  0.0628084  0.0210247   0.060276  0.0517183
  0.155047  0.0239893  0.0182695  0.0604091   0.018616  0.0625626    0.15588  0.0633869  0.0172648  0.0609727  0.0207898  0.0167901   0.155694  0.0624877  0.0179107  0.0605145   0.156674  0.0645573  0.0198042  0.0173347  0.0186022  0.0626721  0.0148754  0.0182337   0.156127  0.0206684  0.0199898  0.0189827  0.0204273  0.0226869  0.0208973  0.0641267   0.018758  0.0180232  0.0612258          0  0.0145364  0.0191517  0.0189956  0.0192992  0.0182215  0.0176357  0.0181235  0.0189066  0.0649931  0.0635039  0.0177024  0.0205962  0.0191416  0.0181449  0.0624945  0.0180001   0.158268     0.1582   0.155273  0.0180664  0.0170931  0.0168641   0.020621  0.0196777  0.0184041   0.156549  0.0230463    0.15866  0.0152677  0.0175332  0.0200319  0.0197113   0.156294  0.0193011  0.0179178  0.0158241  0.0187153  0.0212943  0.0194956  0.0173339  0.0195041  0.0199992  0.0189878  0.0619645  0.0660422  0.0150828  0.0179634  0.0194525  0.0170983  0.0641864  0.0190571  0.0186665   0.017072  0.0162396  0.0205587  0.0194363  0.0177401  0.0206794  0.0627812  0.0181277  0.0160116  0.0630247   0.017293  0.0211829
