         0    0.15326  0.0634046  0.0626587  0.0600325  0.0613896  0.0177602  0.0624264  0.0638896  0.0175354  0.0630683   0.154192  0.0603475  0.0600973   0.062879  0.0633695  0.0629332  0.0637083  0.0647722  0.0629936  0.0192975  0.0179439  0.0145689  0.0175939  0.0628069  0.0623978  0.0637219   0.062596  0.0183825  0.0631155  0.0169139  0.0125282   0.061058  0.0609909   0.066316   0.154611  0.0628641  0.0172792  0.0630798  0.0197708  0.0623868  0.0647886  0.0609243  0.0638973   0.153261  0.0630049   0.062313  0.0153382   0.155382  0.0637799  0.0615104  0.0212128  0.0638279  0.0171094  0.0619636   0.061634   0.016393  0.0646679  0.0625272   0.021228   0.152181  0.0642469  0.0613185  0.0619037  0.0141422   0.061864  0.0632819  0.0600142  0.0188901  0.0593028  0.0173836  0.0629497  0.0644548   0.019453  0.0203473  0.0607291  0.0641495  0.0603147  0.0609066  0.0610411  0.0189777  0.0613123  0.0647353  0.0145572  0.0599263   0.060155  0.0635697   0.154768  0.0626865  0.0629329  0.0185863  0.0645154  0.0174327  0.0634729   0.155427  0.0623758  0.0635582  0.0622267  0.0170239  0.0511718
   0.15326          0   0.157165   0.157069   0.156026   0.157061   0.152629   0.155627   0.157665    0.15287   0.155487  0.0221261   0.154138   0.156421   0.155595   0.155647   0.155656   0.155095   0.155666    0.15593   0.154848   0.154751   0.155795   0.156405   0.156173   0.156988   0.155073   0.156974    0.15489   0.155448   0.156004   0.154843   0.155668    0.15769    0.15772  0.0232726   0.156331   0.153026   0.155545   0.156936   0.155253   0.155683   0.155063   0.156368   0.047263   0.156359   0.154388   0.155482  0.0253748   0.155859   0.155307   0.157056   0.156636   0.153927    0.15777   0.155128   0.153058   0.155396   0.155012   0.157969  0.0478164   0.156378   0.155631   0.156482   0.156051   0.156783   0.155229   0.157184   0.154151   0.155527   0.155696   0.156479   0.157232   0.155738   0.154658   0.157539    0.15554   0.154821    0.15463   0.153917   0.155041    0.15357   0.155284   0.154955   0.155923    0.15558   0.156145  0.0202589   0.154065   0.156542   0.154981   0.156927   0.155717   0.156206  0.0470262   0.156008   0.156394   0.158652    0.15684   0.146005
 0.0634046   0.157165          0  0.0194343  0.0197068      0.018   0.063303  0.0189535   0.018708  0.0635061  0.0180887   0.157244  0.0170262  0.0177623   0.020203  0.0153937  0.0195969  0.0187242  0.0186653  0.0179551  0.0651464   0.063881  0.0643189  0.0626919  0.0191349  0.0192573  0.0186381  0.0181644  0.0639428  0.0173475  0.0629687   0.065159  0.0190013  0.0209928  0.0186754   0.158192  0.0179976  0.0635778  0.0183665  0.0664981  0.0179576  0.0172228  0.0186107  0.0199511   0.157283  0.0219791  0.0179906  0.0638588   0.158734  0.0216091  0.0141484  0.0642359  0.0182604  0.0628678  0.0165606  0.0214615  0.0655758  0.0175109   0.021596  0.0685587   0.156308  0.0179241  0.0161199   0.019386  0.0634361  0.0183142  0.0204154  0.0198841  0.0662064  0.0149861  0.0623496  0.0192734  0.0189207  0.0652097  0.0664327  0.0212218  0.0185046   0.016512  0.0176987   0.018105  0.0645739  0.0180201  0.0201221  0.0648614  0.0190689  0.0172229  0.0164751   0.158267  0.0179868  0.0150058  0.0649722  0.0177811   0.063816  0.0195206   0.159318   0.017525   0.020201  0.0200329  0.0620182  0.0226331
 0.0626587   0.157069  0.0194343          0  0.0138753   0.018151  0.0643157  0.0210656  0.0179214  0.0626693  0.0194784   0.157166  0.0167552  0.0168881  0.0188646   0.017529  0.0153329  0.0199432  0.0192844  0.0145248  0.0636428  0.0637183  0.0636588  0.0613782  0.0170068   0.017159   0.016574   0.016228  0.0645405  0.0169105  0.0630933  0.0639516  0.0202102  0.0182848  0.0189275   0.157543  0.0181677  0.0632242  0.0181486  0.0654647  0.0173746  0.0191324    0.02065  0.0162675   0.157143  0.0173445  0.0161965  0.0650475   0.158504  0.0212062  0.0172205  0.0633213  0.0204647  0.0632147  0.0198251  0.0164406  0.0645105  0.0167079  0.0188457  0.0692368   0.155998  0.0181148  0.0179989   0.015949  0.0634411  0.0221965  0.0198329  0.0200661  0.0666127  0.0143501   0.061462  0.0188113   0.017519  0.0633683  0.0669504  0.0191288   0.019981  0.0189219  0.0174871  0.0155531  0.0649165  0.0182014  0.0215985  0.0649607   0.016926  0.0201077  0.0185691   0.158053  0.0193225  0.0185672  0.0637364  0.0227391  0.0640005  0.0176839   0.158712  0.0153116  0.0156743  0.0203332  0.0626268  0.0219898
 0.0600325   0.156026  0.0197068  0.0138753          0  0.0198604  0.0618216  0.0227174  0.0190136   0.061665   0.018669   0.155808   0.018216  0.0156291  0.0191764   0.019446  0.0179969   0.022475  0.0208716  0.0164804  0.0618148  0.0614726  0.0616153   0.059871  0.0158139   0.018474  0.0176416  0.0186452  0.0626847  0.0197755  0.0603082   0.061553  0.0181104  0.0192939  0.0237164   0.156491   0.019354  0.0608212   0.019857   0.063096  0.0157237  0.0190168  0.0163525  0.0189001   0.155707  0.0183685   0.015101   0.062553   0.157423  0.0236918   0.017073  0.0618476  0.0205051  0.0608326  0.0214567  0.0180059  0.0617289  0.0195495  0.0203225  0.0663602   0.154496  0.0199353  0.0172271   0.018483  0.0608768  0.0236521  0.0203208  0.0171073   0.065031  0.0131264  0.0598246  0.0209761   0.018983   0.061808  0.0643496  0.0188314  0.0207371  0.0173203   0.019678  0.0185469  0.0631233  0.0186292  0.0234399  0.0619551  0.0173879  0.0202722  0.0221955   0.156769  0.0197627  0.0211711  0.0618735   0.024779  0.0614148  0.0166866   0.157109    0.01684  0.0182954  0.0207161  0.0592991   0.020146
 0.0613896   0.157061      0.018   0.018151  0.0198604          0  0.0613374  0.0221072  0.0198356  0.0609692  0.0212439   0.157323  0.0195669  0.0184259  0.0194477  0.0188626  0.0217191  0.0187892  0.0196436  0.0189624  0.0610055  0.0607265  0.0608928  0.0600012  0.0181291  0.0192142  0.0217567  0.0167093   0.062206  0.0202711  0.0605458  0.0617724  0.0202015  0.0206725  0.0193251   0.157507 0.00755584  0.0617142   0.019245  0.0639189  0.0175731  0.0220759  0.0184035   0.020391   0.157343  0.0224545  0.0197335  0.0615891   0.158669  0.0251452  0.0163111  0.0608853  0.0216082  0.0603324  0.0188164    0.01878  0.0623831  0.0181644  0.0196449  0.0662287   0.156321  0.0195788  0.0192201  0.0225842  0.0611193  0.0205788  0.0252281  0.0219755  0.0633004  0.0179556   0.059159  0.0222588  0.0146042  0.0626318  0.0635538  0.0219677  0.0200809  0.0160572  0.0201434  0.0171436  0.0616013  0.0174345  0.0234721  0.0621617  0.0186579  0.0186745  0.0176922    0.15833  0.0202207  0.0173591  0.0619406  0.0206032  0.0612987  0.0226984   0.159418   0.019174  0.0218846  0.0198744  0.0593389  0.0217979
 0.0177602   0.152629   0.063303  0.0643157  0.0618216  0.0613374          0  0.0642023  0.0651112  0.0190344  0.0639577   0.153827  0.0604368  0.0620355  0.0636022  0.0644746  0.0642277   0.062829  0.0651087  0.0647795  0.0182389  0.0187459  0.0203794  0.0220751  0.0635905  0.0643159  0.0649459  0.0642204  0.0195733  0.0643845  0.0201661  0.0194686  0.0621193  0.0623961  0.0659549   0.153928   0.062951  0.0205637  0.0636673  0.0223043  0.0631929  0.0649034  0.0622834  0.0657179   0.153154  0.0649865  0.0633841  0.0164493   0.154729   0.065695  0.0620467  0.0232731  0.0656601  0.0186539  0.0625531  0.0633152  0.0218214  0.0649892  0.0637131   0.023176    0.15212   0.063902  0.0619086  0.0636274  0.0195392  0.0626555  0.0656478  0.0625822  0.0203968  0.0606563  0.0197749  0.0637953   0.064394  0.0225553  0.0217955  0.0625663  0.0653177  0.0605648  0.0617491  0.0610724  0.0178069  0.0621171   0.065024  0.0200174  0.0607056  0.0616673  0.0629809   0.154148  0.0637193  0.0620466  0.0195101    0.06366  0.0221554  0.0655041   0.155066  0.0631843  0.0645364  0.0642041  0.0185803    0.05229
 0.0624264   0.155627  0.0189535  0.0210656  0.0227174  0.0221072  0.0642023          0  0.0193096  0.0622771  0.0178131   0.155777  0.0222906  0.0167642  0.0184081  0.0160249  0.0241196   0.024474  0.0211853  0.0183117  0.0636123  0.0645283  0.0636237  0.0627648  0.0211889  0.0206187  0.0197846  0.0200967  0.0638996  0.0195416  0.0618713  0.0642454  0.0180649  0.0207793  0.0221529   0.156427  0.0220317  0.0626361  0.0194571  0.0657508  0.0181392  0.0199583  0.0229626  0.0192056   0.155387  0.0221195  0.0190257  0.0633912   0.156967  0.0171104  0.0195676  0.0625903  0.0167925  0.0635823   0.019207  0.0205771  0.0648324  0.0190851  0.0205783  0.0676668   0.153945  0.0201447  0.0201263  0.0206895  0.0640593  0.0183303  0.0158145  0.0200121  0.0660863  0.0175038  0.0619256  0.0202535  0.0238986  0.0655783  0.0649119  0.0226867  0.0221958  0.0224202  0.0186301  0.0189073  0.0648707  0.0196432  0.0227244  0.0646177   0.019372  0.0202495  0.0192204   0.156582  0.0193403  0.0194344  0.0649585  0.0226653  0.0635932  0.0228011   0.157263  0.0179234  0.0214005  0.0190056  0.0624421  0.0222237
 0.0638896   0.157665   0.018708  0.0179214  0.0190136  0.0198356  0.0651112  0.0193096          0  0.0637392  0.0206041   0.156952  0.0223923   0.018524  0.0192396    0.01648  0.0228654  0.0219931  0.0190048  0.0185552  0.0643735  0.0642597  0.0643874  0.0632798  0.0172916  0.0204501  0.0149432  0.0156905   0.065975  0.0206281  0.0637671   0.065433  0.0180022  0.0229587  0.0227522   0.158022  0.0200175  0.0632273  0.0188732  0.0661431  0.0188969  0.0174267  0.0187482  0.0192215    0.15766  0.0205946   0.016342  0.0646568   0.158598  0.0223762   0.018109   0.064054  0.0191425  0.0633138  0.0185204  0.0191439  0.0652521  0.0179818  0.0172138  0.0698207   0.156263  0.0197305  0.0177265  0.0191415  0.0639504  0.0193383  0.0196943  0.0220482  0.0674542  0.0166818  0.0628351  0.0193921  0.0229512  0.0645525  0.0680996  0.0165516  0.0169199  0.0189665  0.0196199  0.0170764   0.066174  0.0173786  0.0234004  0.0657929  0.0223939  0.0201983  0.0208524   0.158511  0.0178133  0.0210999  0.0651275  0.0232817  0.0644949  0.0199529   0.159402  0.0172537  0.0202364  0.0184124  0.0625529  0.0236688
 0.0175354    0.15287  0.0635061  0.0626693   0.061665  0.0609692  0.0190344  0.0622771  0.0637392          0  0.0636433   0.153849  0.0604823  0.0612707  0.0623644  0.0634976  0.0634532  0.0643183  0.0641956  0.0638757  0.0209112  0.0191867  0.0204963  0.0220776  0.0637888    0.06319  0.0637937  0.0621901  0.0210246   0.063336  0.0175945  0.0189411  0.0618581  0.0617207  0.0656643   0.154003  0.0627458  0.0188355  0.0628685  0.0194754  0.0627211  0.0652516   0.062876  0.0644832    0.15331  0.0635951  0.0621067  0.0188829   0.155024  0.0643542  0.0609936  0.0207733  0.0653345  0.0183405  0.0628921  0.0622153  0.0196254  0.0636852  0.0633457  0.0241068   0.152368  0.0640389  0.0622857  0.0622093  0.0207212  0.0608397  0.0637225  0.0617379  0.0222845  0.0599491  0.0167614  0.0629237  0.0644048   0.023506  0.0219512  0.0615667   0.064378  0.0611512  0.0606289  0.0609061  0.0176819  0.0619222  0.0647657   0.018893  0.0610421   0.061692  0.0629583   0.154554   0.062658  0.0623952  0.0201778  0.0639396  0.0228863  0.0652093    0.15552   0.063087  0.0637514  0.0628479    0.02183  0.0517477
 0.0630683   0.155487  0.0180887  0.0194784   0.018669  0.0212439  0.0639577  0.0178131  0.0206041  0.0636433          0   0.155344  0.0213558  0.0174522  0.0193449  0.0185109  0.0217893  0.0216808  0.0206194  0.0188618  0.0648226  0.0647995  0.0644405  0.0638282  0.0214615  0.0178269  0.0179595  0.0193981   0.065262  0.0210008  0.0632732  0.0650011  0.0189564  0.0200184  0.0200602    0.15617  0.0205253  0.0635842  0.0186824  0.0665585  0.0179269  0.0209104  0.0206804  0.0185449   0.154604  0.0183128   0.017675  0.0647545   0.156578   0.018946  0.0191959  0.0641553  0.0183322   0.063163  0.0209462  0.0198301  0.0658042  0.0170314  0.0193094  0.0684583   0.153401  0.0170486  0.0203871  0.0220933  0.0640818  0.0228847  0.0204331  0.0211254  0.0676267  0.0180204  0.0625769  0.0242345  0.0203701  0.0663388  0.0666236  0.0246399  0.0209078  0.0203488  0.0190645  0.0205237  0.0658509  0.0199448  0.0237979  0.0651613   0.020032  0.0213154  0.0212889   0.156098  0.0220863  0.0202537  0.0655123  0.0189931  0.0647507  0.0186797    0.15633  0.0204849  0.0212522  0.0209093  0.0628417  0.0221655
  0.154192  0.0221261   0.157244   0.157166   0.155808   0.157323   0.153827   0.155777   0.156952   0.153849   0.155344          0    0.15495   0.156472   0.155664   0.155788   0.156031   0.155426   0.155879   0.156475   0.155737   0.155465   0.156399   0.157051   0.156166   0.157213   0.155027   0.156894   0.156222   0.155988   0.156956   0.155632   0.156251   0.158276   0.158354  0.0208175   0.156533   0.153506   0.156168   0.156993    0.15538   0.155638   0.154903   0.156823  0.0468776   0.156797   0.154338   0.156309  0.0210155   0.156278   0.155247   0.157505   0.157113   0.154305   0.157849   0.155268   0.153465   0.155492   0.155276   0.158709  0.0462474    0.15647   0.155571   0.156717   0.156646   0.156866   0.155286     0.1572   0.155071   0.155763   0.156589   0.156944   0.157462   0.156617   0.155549   0.157549   0.155722   0.154948   0.155189   0.154221   0.156155   0.153696    0.15656   0.155588   0.156489   0.155796   0.156928  0.0177879   0.154469    0.15722   0.155548   0.157075   0.156493   0.156406  0.0466571   0.156193   0.156841   0.158733   0.157442   0.146449
 0.0603475   0.154138  0.0170262  0.0167552   0.018216  0.0195669  0.0604368  0.0222906  0.0223923  0.0604823  0.0213558    0.15495          0   0.019201  0.0209721  0.0191434  0.0203219  0.0210876  0.0192389  0.0166815  0.0611921  0.0604522  0.0615278  0.0590705  0.0199656  0.0218168  0.0210392  0.0188156  0.0601701  0.0165256  0.0598217  0.0620179  0.0181401  0.0221496  0.0195853   0.155196  0.0201514  0.0607385   0.017726  0.0642808  0.0174406  0.0171793  0.0212744  0.0192531    0.15478  0.0195347  0.0177145  0.0621005   0.156325  0.0211205  0.0175904   0.061612  0.0211349  0.0602044   0.020658  0.0180987  0.0615983  0.0192197  0.0217314   0.066361   0.153702  0.0199308  0.0173327  0.0209748  0.0612685  0.0236405  0.0216632  0.0209573  0.0636983  0.0170502  0.0585281  0.0186591  0.0170722  0.0610063  0.0638298  0.0211789  0.0202493   0.017199  0.0172478  0.0170936  0.0619153  0.0186122  0.0187987  0.0622834  0.0161076  0.0178252   0.015804   0.155605  0.0199834  0.0149268  0.0611375  0.0209001  0.0616365  0.0194033   0.156496  0.0158147  0.0179837  0.0212583  0.0595541  0.0190913
 0.0600973   0.156421  0.0177623  0.0168881  0.0156291  0.0184259  0.0620355  0.0167642   0.018524  0.0612707  0.0174522   0.156472   0.019201          0  0.0175475  0.0154936   0.018321  0.0224859  0.0204012  0.0176184  0.0625559  0.0617398  0.0616192  0.0603361  0.0170835  0.0160836  0.0182461  0.0172759  0.0619797  0.0187996  0.0604882  0.0622562  0.0174439  0.0178518  0.0203994   0.157337  0.0182335  0.0613383  0.0162988  0.0645044  0.0125319  0.0184545  0.0188552  0.0162505   0.156309  0.0183635  0.0173111  0.0618953   0.157972  0.0191423  0.0167667  0.0619787  0.0165163   0.060896  0.0177584   0.019159  0.0624718  0.0162393  0.0196476  0.0665557   0.155203  0.0177162  0.0148195  0.0178461  0.0615098  0.0189067  0.0171918   0.016308  0.0644588  0.0143609  0.0600661  0.0191915  0.0202323  0.0623181  0.0640074  0.0202067   0.018086  0.0174442  0.0183523   0.016763  0.0630113  0.0188715   0.023598  0.0623348  0.0149902  0.0168702  0.0187286   0.157213   0.017742   0.018192  0.0627458  0.0204414  0.0612447  0.0194218   0.157817  0.0145917  0.0195617  0.0153203  0.0602215  0.0200835
  0.062879   0.155595   0.020203  0.0188646  0.0191764  0.0194477  0.0636022  0.0184081  0.0192396  0.0623644  0.0193449   0.155664  0.0209721  0.0175475          0  0.0173442  0.0224935  0.0243703  0.0210137  0.0187526   0.063884  0.0639787  0.0640645  0.0629209  0.0194615  0.0221475  0.0184744   0.017247  0.0650397  0.0191273  0.0629752  0.0644091  0.0206724  0.0202011  0.0223297   0.156119  0.0200078  0.0630075    0.01859  0.0652732  0.0163585  0.0208181  0.0208709  0.0186485   0.155513  0.0192101  0.0170414  0.0639591   0.156971  0.0205428  0.0168932   0.064147  0.0201091  0.0633491  0.0221917  0.0199387  0.0641906  0.0166921  0.0231208  0.0689526    0.15432   0.018935  0.0182386  0.0222968  0.0643658  0.0202299  0.0211791  0.0177757  0.0663989  0.0179261  0.0613429  0.0208046  0.0205664   0.064275  0.0654767  0.0220289  0.0224082  0.0188774  0.0168457  0.0204245  0.0646429  0.0183504  0.0232475   0.065078  0.0179984  0.0194891  0.0190192   0.156408  0.0200987   0.018846  0.0647889  0.0242452   0.064002  0.0216507   0.156907  0.0177265  0.0202475  0.0193834  0.0623261  0.0220242
 0.0633695   0.155647  0.0153937   0.017529   0.019446  0.0188626  0.0644746  0.0160249    0.01648  0.0634976  0.0185109   0.155788  0.0191434  0.0154936  0.0173442          0  0.0215515   0.021384  0.0184296  0.0183549  0.0641811  0.0639981  0.0636241  0.0625438   0.017472  0.0156937   0.016137  0.0162652  0.0647054  0.0197436  0.0633228  0.0648539  0.0166088   0.018956  0.0212674   0.156311  0.0178062  0.0634197  0.0171415  0.0663142  0.0160217  0.0170779  0.0181227  0.0165012    0.15566  0.0204449  0.0162122  0.0641648   0.156928  0.0187624  0.0158586  0.0639254  0.0168729  0.0628799  0.0187131  0.0178224  0.0650183  0.0159309  0.0183025  0.0691552   0.154459  0.0175373  0.0166762  0.0178875  0.0637329  0.0155312  0.0167829  0.0190095  0.0656789  0.0151957  0.0627563  0.0200361  0.0204971  0.0646393  0.0659717  0.0229431  0.0183823  0.0167759  0.0135793  0.0151857  0.0647019    0.01547  0.0212987   0.065114  0.0166958  0.0153995  0.0152287   0.156892  0.0166068   0.015751  0.0645455   0.021464  0.0634648  0.0170524   0.157542  0.0174322  0.0191768  0.0211276  0.0627143  0.0213484
 0.0629332   0.155656  0.0195969  0.0153329  0.0179969  0.0217191  0.0642277  0.0241196  0.0228654  0.0634532  0.0217893   0.156031  0.0203219   0.018321  0.0224935  0.0215515          0   0.020934  0.0221943  0.0181947  0.0656922  0.0649503  0.0646916  0.0619688   0.018532   0.018317  0.0184217  0.0197295  0.0650772  0.0187826  0.0635501  0.0652598  0.0196119  0.0185944   0.018178   0.157129  0.0212458  0.0642302  0.0208253  0.0668626  0.0214191  0.0206715  0.0230311  0.0188957   0.156722  0.0213757  0.0194734  0.0657015   0.157529  0.0235716  0.0173427  0.0651567  0.0227157    0.06442   0.020761  0.0226548  0.0650888  0.0183332  0.0227475  0.0696354   0.155774   0.020855  0.0198139   0.016733  0.0638148  0.0221629  0.0210918  0.0208732  0.0676615  0.0181607  0.0630745  0.0231846  0.0216175  0.0646546  0.0682574  0.0230505  0.0198441  0.0204799  0.0212363  0.0207423  0.0652155  0.0205564  0.0199311  0.0653368  0.0202834  0.0211454  0.0198272   0.156949  0.0183781  0.0190962  0.0648854  0.0244556  0.0642914  0.0214562    0.15836  0.0191577  0.0184659  0.0193369  0.0635827  0.0232072
 0.0637083   0.155095  0.0187242  0.0199432   0.022475  0.0187892   0.062829   0.024474  0.0219931  0.0643183  0.0216808   0.155426  0.0210876  0.0224859  0.0243703   0.021384   0.020934          0  0.0200942  0.0191251  0.0634104  0.0641335  0.0643331  0.0624521  0.0184445  0.0229274  0.0201186  0.0221316  0.0644344  0.0205206  0.0637275  0.0653126  0.0203379  0.0219619  0.0157864   0.155804  0.0194498  0.0636824  0.0207065  0.0663593  0.0213955   0.020131  0.0239646   0.020446   0.155425  0.0235075   0.021071  0.0647074   0.156242  0.0236615  0.0203671  0.0636776  0.0204388  0.0635414  0.0166342  0.0211078  0.0657316  0.0197084  0.0186767  0.0689839   0.153955  0.0164046  0.0188494  0.0194617  0.0635819  0.0221913    0.02426   0.024357  0.0659363  0.0200147  0.0630341  0.0222339  0.0212031  0.0640005  0.0670947  0.0237376  0.0205316  0.0206345  0.0189243    0.01924  0.0653212  0.0194571  0.0210156  0.0650449  0.0232503  0.0215365  0.0190415   0.156162  0.0211005  0.0184696  0.0637418  0.0206526  0.0635207  0.0239826   0.157138  0.0181553  0.0192676  0.0234865  0.0623515  0.0225265
 0.0647722   0.155666  0.0186653  0.0192844  0.0208716  0.0196436  0.0651087  0.0211853  0.0190048  0.0641956  0.0206194   0.155879  0.0192389  0.0204012  0.0210137  0.0184296  0.0221943  0.0200942          0  0.0210893  0.0657653   0.064978  0.0653529   0.064085  0.0193322  0.0209277   0.017286  0.0197227  0.0652939   0.020368  0.0638816  0.0663309  0.0164313  0.0242968  0.0202376   0.156368  0.0192194  0.0630339  0.0181707  0.0672735  0.0201926  0.0188009  0.0208291  0.0175254   0.156424  0.0186143   0.018855  0.0655346   0.157089  0.0231361  0.0204301  0.0652123  0.0200743   0.064183  0.0195205  0.0222657  0.0666282  0.0159004  0.0181788  0.0711525   0.155203  0.0209201  0.0174885  0.0178214  0.0651637  0.0222126  0.0233616  0.0243693  0.0673241  0.0205051  0.0628726  0.0195444  0.0198319  0.0656027  0.0684462    0.02294  0.0165779  0.0196088  0.0194924  0.0178222  0.0656033  0.0174964  0.0195367   0.066234  0.0226445  0.0230303  0.0179668   0.156919  0.0219503  0.0175866  0.0651276  0.0214688  0.0643882  0.0216573   0.157768  0.0200118  0.0198018  0.0208101  0.0636182  0.0232436
 0.0629936    0.15593  0.0179551  0.0145248  0.0164804  0.0189624  0.0647795  0.0183117  0.0185552  0.0638757  0.0188618   0.156475  0.0166815  0.0176184  0.0187526  0.0183549  0.0181947  0.0191251  0.0210893          0  0.0642835  0.0651127  0.0643956  0.0631101  0.0167243  0.0191874  0.0156225  0.0181973  0.0650577  0.0151691  0.0633867  0.0650983  0.0170987  0.0188523  0.0190316   0.156907   0.019626  0.0639836   0.017747  0.0670084  0.0155277  0.0183095  0.0193369  0.0178036   0.156169  0.0177233  0.0152142  0.0652558   0.157911  0.0182257  0.0173579  0.0647235  0.0157283  0.0646808  0.0201274  0.0159996  0.0653737  0.0190148  0.0192935  0.0686144   0.154846  0.0199303  0.0179675   0.017406  0.0643854  0.0205118  0.0185501  0.0197517  0.0676984  0.0142175  0.0629816  0.0189503  0.0200215  0.0648693  0.0674082  0.0168234  0.0183459  0.0201364  0.0172243  0.0179089   0.065833  0.0180014  0.0182832  0.0655105  0.0181216  0.0177087  0.0181852   0.157269  0.0149103  0.0182969  0.0654662  0.0228222  0.0645697  0.0182581   0.158136  0.0145647  0.0163098  0.0181259   0.062871  0.0219109
 0.0192975   0.154848  0.0651464  0.0636428  0.0618148  0.0610055  0.0182389  0.0636123  0.0643735  0.0209112  0.0648226   0.155737  0.0611921  0.0625559   0.063884  0.0641811  0.0656922  0.0634104  0.0657653  0.0642835          0  0.0196019   0.016362  0.0189477  0.0632707  0.0637762  0.0647271  0.0639238  0.0217283  0.0647199  0.0201448  0.0180323  0.0625255  0.0622667  0.0669504   0.155512  0.0629924  0.0223973  0.0639974    0.02117  0.0633166  0.0653572  0.0623327  0.0655583   0.154954  0.0649651  0.0631638  0.0173635   0.156419  0.0652455  0.0629512   0.019584  0.0659496  0.0203147  0.0624473   0.061861  0.0190759  0.0656613  0.0627991  0.0223662   0.153615  0.0641748  0.0630112  0.0636352  0.0205406  0.0618429  0.0653432  0.0620784  0.0195181  0.0604886  0.0198241  0.0638256  0.0645899  0.0215346  0.0206662  0.0619209  0.0656823  0.0613924  0.0609248  0.0606515  0.0218815  0.0617689  0.0660776  0.0204932  0.0605084  0.0610807  0.0634166   0.156356   0.064125  0.0629615  0.0180442  0.0656804  0.0222979  0.0650791   0.157197   0.063118  0.0639657  0.0641871  0.0185201  0.0523287
 0.0179439   0.154751   0.063881  0.0637183  0.0614726  0.0607265  0.0187459  0.0645283  0.0642597  0.0191867  0.0647995   0.155465  0.0604522  0.0617398  0.0639787  0.0639981  0.0649503  0.0641335   0.064978  0.0651127  0.0196019          0  0.0172733  0.0167209  0.0635501  0.0634968  0.0655196  0.0624584  0.0182825  0.0637696  0.0204205  0.0181311  0.0627076  0.0625911  0.0664402   0.155466  0.0624555  0.0199117  0.0628833   0.020976  0.0631612  0.0653117   0.062033  0.0649316     0.1548  0.0647002  0.0628777   0.017818   0.156647  0.0657162  0.0617462  0.0203537  0.0656243  0.0134891  0.0623721  0.0620671    0.01582  0.0653765  0.0636357  0.0251031   0.153927   0.064111  0.0620496  0.0645941  0.0152169  0.0626599  0.0657221  0.0615109  0.0173677  0.0605226  0.0181394  0.0638881  0.0640175  0.0184559  0.0222049  0.0614249  0.0646088  0.0595564  0.0619254  0.0606672  0.0189038  0.0612529  0.0660114  0.0144805  0.0607352  0.0606544  0.0633679   0.156227  0.0643302  0.0629779  0.0164596  0.0649561  0.0195673   0.064492   0.157066  0.0629739  0.0651048  0.0637214  0.0149109  0.0525224
 0.0145689   0.155795  0.0643189  0.0636588  0.0616153  0.0608928  0.0203794  0.0636237  0.0643874  0.0204963  0.0644405   0.156399  0.0615278  0.0616192  0.0640645  0.0636241  0.0646916  0.0643331  0.0653529  0.0643956   0.016362  0.0172733          0  0.0155633  0.0635251  0.0629525  0.0645592  0.0635113  0.0197121  0.0642249  0.0184061  0.0162553   0.062125   0.062456  0.0675353   0.156582  0.0624918  0.0203884   0.064323  0.0221101  0.0635103  0.0658075  0.0611476  0.0654803   0.155691  0.0642784  0.0638319  0.0164311   0.157797   0.065739  0.0623111  0.0196942  0.0650609  0.0161581  0.0626751  0.0625382  0.0158168   0.065377  0.0632282  0.0195047    0.15459   0.064955  0.0622267  0.0631856  0.0173927  0.0624792  0.0652944  0.0616627   0.016704  0.0608309   0.018355  0.0643645  0.0650062  0.0204385  0.0210855  0.0624522  0.0650025  0.0606064  0.0620144  0.0615539  0.0177298  0.0618656  0.0663411  0.0164948  0.0606166  0.0603375  0.0637185   0.157351  0.0633757  0.0630888  0.0168753  0.0655723  0.0194155  0.0644807   0.158133  0.0635702  0.0649363  0.0637454  0.0172765  0.0528989
 0.0175939   0.156405  0.0626919  0.0613782   0.059871  0.0600012  0.0220751  0.0627648  0.0632798  0.0220776  0.0638282   0.157051  0.0590705  0.0603361  0.0629209  0.0625438  0.0619688  0.0624521   0.064085  0.0631101  0.0189477  0.0167209  0.0155633          0  0.0612151  0.0618309  0.0636759  0.0617943  0.0190869  0.0624365  0.0211737  0.0182637  0.0615526  0.0604068  0.0648255   0.157254  0.0617745  0.0229917  0.0626928  0.0225466  0.0623175  0.0634813  0.0612229  0.0631282   0.156405  0.0631305  0.0617982  0.0207608    0.15817  0.0643181  0.0605201   0.018798  0.0642652  0.0187219  0.0608077  0.0610354  0.0169266  0.0643045  0.0618629  0.0255806    0.15547   0.062963  0.0612139  0.0613717  0.0177061  0.0604118  0.0633832  0.0589236  0.0189611  0.0592146  0.0190539  0.0621748  0.0629754  0.0182824    0.02378   0.060733  0.0636138  0.0587322  0.0602501   0.059765  0.0215075    0.06028  0.0641951  0.0166189  0.0588837  0.0588432  0.0615285   0.157738  0.0624724  0.0610985  0.0163594  0.0649155  0.0210885  0.0628128   0.158746  0.0613033  0.0623365  0.0622361  0.0187534  0.0515204
 0.0628069   0.156173  0.0191349  0.0170068  0.0158139  0.0181291  0.0635905  0.0211889  0.0172916  0.0637888  0.0214615   0.156166  0.0199656  0.0170835  0.0194615   0.017472   0.018532  0.0184445  0.0193322  0.0167243  0.0632707  0.0635501  0.0635251  0.0612151          0  0.0200844  0.0178517   0.017653  0.0642396  0.0185279  0.0626848  0.0642056  0.0163532  0.0175153   0.019536   0.156745  0.0171323  0.0626042  0.0180371   0.065521  0.0175315  0.0161277  0.0173921  0.0192242   0.156313  0.0203235  0.0161574  0.0642657   0.157221  0.0213573  0.0188536  0.0634064  0.0184887  0.0632973  0.0186059  0.0180654  0.0639624  0.0178755  0.0174151  0.0682795   0.154835  0.0183628  0.0164377  0.0179593  0.0630415  0.0201605  0.0184376  0.0188573  0.0661499  0.0146683  0.0620881  0.0202004  0.0200429  0.0629386  0.0663251  0.0188691  0.0185561  0.0170857  0.0189093  0.0180007  0.0653318  0.0137662  0.0209245  0.0641665  0.0176148   0.017619  0.0170501    0.15716  0.0174495  0.0172389  0.0636492  0.0250957  0.0626685   0.019271    0.15796  0.0148252  0.0171133  0.0189158  0.0619612  0.0212187
 0.0623978   0.156988  0.0192573   0.017159   0.018474  0.0192142  0.0643159  0.0206187  0.0204501    0.06319  0.0178269   0.157213  0.0218168  0.0160836  0.0221475  0.0156937   0.018317  0.0229274  0.0209277  0.0191874  0.0637762  0.0634968  0.0629525  0.0618309  0.0200844          0  0.0161769   0.017251  0.0643209   0.020433  0.0622796  0.0637137  0.0184439  0.0169464   0.021381   0.158055  0.0174742  0.0637226    0.01896  0.0665456  0.0183866  0.0209492  0.0176677  0.0176267    0.15714  0.0204511  0.0186573   0.063363   0.158418  0.0232234  0.0182269  0.0629983  0.0207976  0.0629633  0.0182351  0.0205006  0.0645248  0.0191584  0.0197702  0.0683489    0.15607  0.0192708  0.0197586  0.0192051  0.0624815   0.020281  0.0200017  0.0203899  0.0660368   0.015614  0.0616859  0.0218574  0.0191769  0.0647536  0.0667175  0.0237716  0.0202014  0.0196241  0.0190214   0.018542  0.0650756  0.0181963  0.0230902  0.0641166  0.0191532  0.0187621   0.020594   0.158122   0.018912  0.0215546  0.0646193     0.0245  0.0633243   0.019266   0.159124   0.020349  0.0199401  0.0216645  0.0620326  0.0228651
 0.0637219   0.155073  0.0186381   0.016574  0.0176416  0.0217567  0.0649459  0.0197846  0.0149432  0.0637937  0.0179595   0.155027  0.0210392  0.0182461  0.0184744   0.016137  0.0184217  0.0201186   0.017286  0.0156225  0.0647271  0.0655196  0.0645592  0.0636759  0.0178517  0.0161769          0  0.0188008  0.0661593  0.0187394  0.0636248  0.0661071  0.0166243  0.0196054  0.0200551   0.155941  0.0211021  0.0637611  0.0177863  0.0669209  0.0182772  0.0181695  0.0181046  0.0165785    0.15531  0.0170303  0.0159853  0.0648051   0.156503  0.0212149    0.01704  0.0648394  0.0167722  0.0643764  0.0192857  0.0197578  0.0657856   0.015746  0.0184609  0.0696863   0.153953  0.0187608  0.0183663  0.0152067  0.0648962   0.019547  0.0193527  0.0216878  0.0679877  0.0151746  0.0629776  0.0184897  0.0238308  0.0652839  0.0684052  0.0205635  0.0184107    0.02059  0.0160468  0.0185462  0.0664995  0.0185898  0.0200567  0.0665009  0.0208542  0.0189769  0.0202145   0.156118  0.0169739  0.0203345  0.0656164  0.0232661  0.0649105  0.0191222   0.156921  0.0183833  0.0153936  0.0203305   0.063537  0.0217824
  0.062596   0.156974  0.0181644   0.016228  0.0186452  0.0167093  0.0642204  0.0200967  0.0156905  0.0621901  0.0193981   0.156894  0.0188156  0.0172759   0.017247  0.0162652  0.0197295  0.0221316  0.0197227  0.0181973  0.0639238  0.0624584  0.0635113  0.0617943   0.017653   0.017251  0.0188008          0   0.064285  0.0166905   0.062891  0.0639706  0.0176726  0.0178703  0.0186146   0.157559  0.0154724  0.0628251  0.0148462  0.0653951    0.01751  0.0194099  0.0189128  0.0172724   0.156888  0.0185953  0.0144146  0.0641572   0.158326  0.0204969  0.0146978  0.0633533  0.0202925  0.0624157  0.0208589  0.0166252  0.0639274  0.0172885  0.0201753  0.0686681   0.155692  0.0185466  0.0155765  0.0206861   0.062449   0.019967  0.0197588  0.0195594  0.0661437  0.0154463   0.060944  0.0209951  0.0184853  0.0633055  0.0665981  0.0191547  0.0184546   0.016048  0.0186166  0.0179559  0.0644231  0.0147592  0.0227604  0.0639734  0.0196319  0.0172505  0.0172337   0.158001  0.0186421   0.018485  0.0642271  0.0226911  0.0634061  0.0196426    0.15873  0.0170659  0.0201399  0.0169751  0.0618048  0.0218115
 0.0183825    0.15489  0.0639428  0.0645405  0.0626847   0.062206  0.0195733  0.0638996   0.065975  0.0210246   0.065262   0.156222  0.0601701  0.0619797  0.0650397  0.0647054  0.0650772  0.0644344  0.0652939  0.0650577  0.0217283  0.0182825  0.0197121  0.0190869  0.0642396  0.0643209  0.0661593   0.064285          0  0.0637485  0.0167133  0.0198304  0.0624639   0.063074  0.0665351   0.156086  0.0639944  0.0196516  0.0637737  0.0245793  0.0640909  0.0652902  0.0635362  0.0654451    0.15542  0.0653527  0.0636205  0.0208741   0.157296  0.0654137   0.062794  0.0218272   0.065493  0.0185746  0.0625804  0.0634724  0.0195789  0.0661399  0.0641106  0.0248667   0.154396   0.064818  0.0624569  0.0637172  0.0208332   0.063387  0.0648594  0.0621828     0.0165  0.0615036  0.0202713   0.062821  0.0649366  0.0183601  0.0206877  0.0629067  0.0647804  0.0610196  0.0627558  0.0616995  0.0171361  0.0621239  0.0650776  0.0183226  0.0605674  0.0615617  0.0631678   0.156563  0.0638697  0.0627404  0.0186046  0.0649997  0.0212033   0.065888    0.15754  0.0631303  0.0642909  0.0636904  0.0177778  0.0531841
 0.0631155   0.155448  0.0173475  0.0169105  0.0197755  0.0202711  0.0643845  0.0195416  0.0206281   0.063336  0.0210008   0.155988  0.0165256  0.0187996  0.0191273  0.0197436  0.0187826  0.0205206   0.020368  0.0151691  0.0647199  0.0637696  0.0642249  0.0624365  0.0185279   0.020433  0.0187394  0.0166905  0.0637485          0  0.0628248  0.0656187  0.0177359  0.0207636  0.0175551   0.156488  0.0195822  0.0638358  0.0144393  0.0668829  0.0172827  0.0174291  0.0213761  0.0196716   0.156237   0.018487  0.0185103  0.0648343   0.157329  0.0206931   0.016898  0.0642675  0.0169848  0.0641924  0.0178206  0.0165997  0.0643188  0.0166819  0.0206917  0.0691069   0.154946  0.0172644  0.0164048    0.02045  0.0645284  0.0236946  0.0200793   0.019863  0.0670975  0.0159451  0.0618297  0.0185086  0.0208756  0.0637495   0.067796   0.017772  0.0169709  0.0197193  0.0183795  0.0184982  0.0656975  0.0174758  0.0165723   0.065246  0.0173369  0.0159862  0.0178676   0.156815  0.0172344  0.0176572  0.0647274  0.0228563  0.0641227  0.0202663   0.157953  0.0116168  0.0163844  0.0181826  0.0625624  0.0216685
 0.0169139   0.156004  0.0629687  0.0630933  0.0603082  0.0605458  0.0201661  0.0618713  0.0637671  0.0175945  0.0632732   0.156956  0.0598217  0.0604882  0.0629752  0.0633228  0.0635501  0.0637275  0.0638816  0.0633867  0.0201448  0.0204205  0.0184061  0.0211737  0.0626848  0.0622796  0.0636248   0.062891  0.0167133  0.0628248          0  0.0184815  0.0603497  0.0613506  0.0660252   0.157068  0.0624818  0.0202919   0.063295  0.0204414  0.0624376  0.0644404  0.0617417  0.0645997   0.156246  0.0634433   0.062296  0.0168526   0.158015  0.0641989  0.0614184  0.0188738  0.0639227  0.0197176  0.0612138  0.0617921  0.0165495  0.0640112  0.0630484  0.0212076   0.154979  0.0639117  0.0617318  0.0616553  0.0190303  0.0615945  0.0631512  0.0602512  0.0230879  0.0594896  0.0170921   0.061824  0.0639444  0.0226209  0.0200086  0.0609545  0.0640183   0.060785  0.0607927  0.0612227  0.0200133  0.0613877   0.063985  0.0188846  0.0598066  0.0611181  0.0630398   0.157564  0.0626473  0.0622196  0.0192834  0.0642123  0.0186955  0.0646251   0.158327  0.0622749  0.0626742  0.0624139  0.0164844  0.0518048
 0.0125282   0.154843   0.065159  0.0639516   0.061553  0.0617724  0.0194686  0.0642454   0.065433  0.0189411  0.0650011   0.155632  0.0620179  0.0622562  0.0644091  0.0648539  0.0652598  0.0653126  0.0663309  0.0650983  0.0180323  0.0181311  0.0162553  0.0182637  0.0642056  0.0637137  0.0661071  0.0639706  0.0198304  0.0656187  0.0184815          0  0.0633166  0.0627488  0.0681462   0.155695  0.0633716  0.0174008  0.0655636  0.0198863  0.0641699  0.0668985  0.0624162  0.0658223   0.154594  0.0653681  0.0638608   0.017064   0.156559  0.0660962   0.063362  0.0182376  0.0664603  0.0160778  0.0636003  0.0630237  0.0171143  0.0668216  0.0642052  0.0220883   0.153525  0.0662252  0.0634184  0.0642099  0.0135049  0.0634212  0.0653203  0.0619216  0.0165553  0.0609027  0.0180687   0.064709  0.0647108  0.0213736  0.0164477  0.0632256  0.0666524  0.0616739  0.0628406  0.0625273  0.0189604  0.0626555   0.067049  0.0135019  0.0618751  0.0624528  0.0652419   0.156309  0.0648619  0.0648386  0.0170365  0.0663769  0.0182196  0.0653188   0.156979  0.0643879  0.0655229  0.0646805  0.0167597  0.0532557
  0.061058   0.155668  0.0190013  0.0202102  0.0181104  0.0202015  0.0621193  0.0180649  0.0180022  0.0618581  0.0189564   0.156251  0.0181401  0.0174439  0.0206724  0.0166088  0.0196119  0.0203379  0.0164313  0.0170987  0.0625255  0.0627076   0.062125  0.0615526  0.0163532  0.0184439  0.0166243  0.0176726  0.0624639  0.0177359  0.0603497  0.0633166          0  0.0182912  0.0199805   0.156905  0.0196485  0.0611572  0.0158966  0.0648685  0.0181708  0.0171587  0.0181069  0.0176749   0.156389  0.0183346   0.017391  0.0625415   0.157355  0.0199045  0.0182268  0.0625898  0.0165989   0.061896  0.0185893   0.019347  0.0632517  0.0173338  0.0167971  0.0666103    0.15498  0.0190752  0.0148442  0.0159979  0.0619587  0.0203251  0.0173143  0.0207364   0.065303  0.0167241  0.0606436  0.0199264  0.0218131  0.0624898  0.0654985  0.0204108  0.0160642  0.0181423  0.0181558  0.0187751  0.0634529  0.0155725  0.0162594  0.0631501  0.0195882  0.0186265  0.0173597   0.157186  0.0152956  0.0175136  0.0630752  0.0210608  0.0615774  0.0198482   0.157936  0.0171957  0.0191711   0.017847   0.060269  0.0203661
 0.0609909    0.15769  0.0209928  0.0182848  0.0192939  0.0206725  0.0623961  0.0207793  0.0229587  0.0617207  0.0200184   0.158276  0.0221496  0.0178518  0.0202011   0.018956  0.0185944  0.0219619  0.0242968  0.0188523  0.0622667  0.0625911   0.062456  0.0604068  0.0175153  0.0169464  0.0196054  0.0178703   0.063074  0.0207636  0.0613506  0.0627488  0.0182912          0  0.0187718   0.158832  0.0207809  0.0623722  0.0176492  0.0638976  0.0207457  0.0226419   0.020842   0.016683   0.157189  0.0204954  0.0168612  0.0624135    0.15929  0.0209137  0.0179236  0.0615154  0.0189621  0.0626413  0.0204198  0.0223512  0.0636841  0.0203678  0.0215777  0.0655369   0.156068  0.0185485  0.0198344  0.0191651  0.0615281   0.020468  0.0185254  0.0204277  0.0651517   0.014097  0.0604778  0.0235946  0.0223692  0.0622771  0.0650283  0.0236106  0.0248624  0.0201019   0.019228   0.022868  0.0640507  0.0181868  0.0242627  0.0630734  0.0181217  0.0190453   0.020458   0.158593  0.0205357  0.0212407   0.064018  0.0245726  0.0620581  0.0223565   0.158858   0.020797  0.0210234  0.0215268  0.0612664  0.0222585
  0.066316    0.15772  0.0186754  0.0189275  0.0237164  0.0193251  0.0659549  0.0221529  0.0227522  0.0656643  0.0200602   0.158354  0.0195853  0.0203994  0.0223297  0.0212674   0.018178  0.0157864  0.0202376  0.0190316  0.0669504  0.0664402  0.0675353  0.0648255   0.019536   0.021381  0.0200551  0.0186146  0.0665351  0.0175551  0.0660252  0.0681462  0.0199805  0.0187718          0   0.158974  0.0195043  0.0663688  0.0159715  0.0696824  0.0195968  0.0183126  0.0256735  0.0186256   0.158256  0.0211618  0.0194347   0.067251   0.159313  0.0210742  0.0179728  0.0661453  0.0184067  0.0664882  0.0177771  0.0214234  0.0681724  0.0167366  0.0215992  0.0713477   0.157167  0.0168909  0.0191193  0.0214782  0.0669534  0.0210908  0.0215612  0.0242533  0.0691912   0.018606  0.0649223  0.0213979   0.020041  0.0668863  0.0698415  0.0235337  0.0205432  0.0198161   0.020397  0.0204975   0.067962  0.0207257  0.0187418  0.0676102  0.0216046  0.0204369  0.0165825   0.158777  0.0214237  0.0170554  0.0673136  0.0192228  0.0664793  0.0244064    0.15998  0.0171865  0.0186735  0.0202937   0.065496  0.0252485
  0.154611  0.0232726   0.158192   0.157543   0.156491   0.157507   0.153928   0.156427   0.158022   0.154003    0.15617  0.0208175   0.155196   0.157337   0.156119   0.156311   0.157129   0.155804   0.156368   0.156907   0.155512   0.155466   0.156582   0.157254   0.156745   0.158055   0.155941   0.157559   0.156086   0.156488   0.157068   0.155695   0.156905   0.158832   0.158974          0   0.156768   0.153906   0.156573    0.15713   0.155901   0.156609   0.155866   0.157163  0.0443601   0.157475   0.155034   0.156799  0.0241189   0.157157   0.156011   0.157455   0.157728   0.154457   0.158839   0.155472   0.153819   0.156222   0.155741   0.159214  0.0438018    0.15695   0.156521   0.157473   0.157089   0.157881   0.156415   0.157876   0.154898   0.156471   0.156397   0.157324   0.157934   0.156543   0.155278   0.158403   0.156608    0.15549   0.155431    0.15442   0.155851   0.154217    0.15687   0.155987   0.156771   0.156604   0.157119  0.0200588   0.155159   0.157512   0.155511   0.157893   0.156741   0.157058  0.0443951   0.156713   0.157182   0.159814   0.157435   0.146976
