        0 0.0269906 0.0275877 0.0313397 0.0320602  0.028231 0.0265505 0.0278923 0.0320887 0.0275821 0.0311388 0.0263305 0.0337285 0.0305506 0.0237406 0.0330399 0.0265086 0.0259285 0.0293716 0.0261355 0.0252438 0.0287813  0.026723  0.027461 0.0313904 0.0299735 0.0264788 0.0316648 0.0275232 0.0240698 0.0309355  0.030423 0.0313304    0.0312 0.0317674  0.028378 0.0294627 0.0279384 0.0313907 0.0260958  0.025796 0.0234075 0.0266423 0.0248604 0.0263193 0.0264403 0.0300368 0.0286968 0.0295982  0.027083 0.0254051 0.0281613 0.0299737 0.0343915  0.024843 0.0325394 0.0275929  0.023837 0.0279571 0.0295194 0.0274693 0.0282187 0.0245624 0.0227594 0.0289792 0.0301947 0.0278438 0.0325779 0.0331697 0.0238213 0.0261403 0.0314985 0.0277875 0.0226829 0.0270305 0.0305321 0.0303363  0.032185   0.02961 0.0350072 0.0294922 0.0291239 0.0259801 0.0318022 0.0285803 0.0277728 0.0286956 0.0320712  0.029959 0.0272251 0.0288845 0.0273307 0.0301705 0.0271483 0.0256038 0.0289765 0.0291252 0.0274704 0.0299715 0.0215348
0.0269906         0 0.0244455 0.0260278 0.0274163 0.0260335 0.0256188 0.0259642 0.0236202 0.0220452 0.0260722 0.0257514 0.0286574 0.0261022 0.0244791 0.0242635 0.0258508 0.0258348 0.0275994 0.0264581 0.0240128  0.027286  0.023617  0.027556 0.0266174 0.0266016 0.0274102 0.0262724  0.027115 0.0243559 0.0252173 0.0244032 0.0254163 0.0279905 0.0271985 0.0331792 0.0306865 0.0245073 0.0320464 0.0226996 0.0304474 0.0255776 0.0273476 0.0242131 0.0256959 0.0256978  0.029478 0.0219318 0.0271451 0.0260322 0.0285178 0.0310973 0.0284804 0.0313615 0.0230548 0.0272455 0.0250091 0.0215145 0.0245321  0.028309 0.0267633 0.0269401 0.0242108 0.0276863 0.0239318 0.0291541 0.0328752 0.0286096 0.0275354  0.021943 0.0296747  0.020023 0.0286769  0.023643 0.0244842 0.0257963 0.0307416 0.0274122 0.0272001 0.0292084 0.0252364 0.0230859 0.0267623  0.024873 0.0300516 0.0278099 0.0266463  0.027437 0.0305487 0.0243741 0.0223322 0.0257881 0.0250663 0.0240769 0.0256879 0.0233753 0.0310284 0.0234922 0.0301141 0.0170402
0.0275877 0.0244455         0 0.0234565 0.0294968 0.0253868 0.0268168  0.034075 0.0280375 0.0227873 0.0235396  0.027243 0.0273798 0.0216994  0.024798 0.0285565 0.0245607 0.0233396 0.0234394 0.0269809  0.027934 0.0271415 0.0235678 0.0225386 0.0260516 0.0255573 0.0268392 0.0274913 0.0269814 0.0270233 0.0251392 0.0275639 0.0268203 0.0301967  0.029036 0.0332768 0.0242499 0.0242446 0.0340603  0.021787 0.0282362 0.0234537 0.0272101 0.0249876 0.0230839 0.0247099 0.0319805 0.0255334 0.0240605 0.0267811 0.0280329 0.0357642 0.0263955 0.0266905  0.026362 0.0241987 0.0268393 0.0222444 0.0226868 0.0258293 0.0304244 0.0233508 0.0297426 0.0234173 0.0281056 0.0265887 0.0283131 0.0263101 0.0294476 0.0272411  0.031411 0.0243967 0.0236992 0.0266913 0.0240027 0.0198878 0.0298514  0.033924 0.0298243 0.0289464 0.0232403 0.0237079 0.0306512 0.0241086 0.0291903 0.0256269  0.027502 0.0278646 0.0254184  0.027218 0.0278344 0.0255679 0.0249786 0.0300778 0.0243072 0.0250207 0.0287168 0.0258289 0.0316511 0.0178469
0.0313397 0.0260278 0.0234565         0 0.0322949 0.0299288 0.0266187 0.0301232 0.0271083 0.0252832 0.0293333 0.0282301 0.0266556 0.0247076 0.0267295 0.0290074  0.027307 0.0240698 0.0271784 0.0319915 0.0283949 0.0309232 0.0238878 0.0253207 0.0268894 0.0266298 0.0300925 0.0295171 0.0282299 0.0301342 0.0268619 0.0255474  0.025469 0.0275528 0.0272347 0.0341394   0.02846 0.0277751 0.0391108 0.0268226 0.0312291 0.0270529 0.0286617 0.0281939 0.0258535 0.0245657 0.0299352 0.0235281  0.027135 0.0295508 0.0316605 0.0352307 0.0265256 0.0332792 0.0255597 0.0262681 0.0223871 0.0216349 0.0270264 0.0239405 0.0340198  0.022296 0.0281382 0.0289256  0.028968  0.030649 0.0330962 0.0246908 0.0299632  0.031891 0.0324043 0.0257045 0.0269008  0.028747 0.0222095 0.0227599 0.0340942 0.0345136 0.0263948  0.033787 0.0255803  0.026644 0.0302368 0.0284783 0.0334629 0.0228765 0.0283712 0.0315759  0.028208 0.0238689 0.0239281 0.0266604  0.024245 0.0313026 0.0246881 0.0276854 0.0306241 0.0248114 0.0318606 0.0198736
0.0320602 0.0274163 0.0294968 0.0322949         0 0.0348957 0.0335888 0.0293902 0.0298926 0.0278534 0.0321383 0.0358643 0.0334838 0.0316266 0.0306369 0.0307653 0.0320572 0.0308994 0.0327044 0.0331307 0.0231312 0.0283127 0.0289032 0.0300105 0.0302672 0.0316379 0.0285132  0.033776 0.0269242 0.0271798 0.0322616 0.0275789 0.0301421  0.033666 0.0294708 0.0325583 0.0343912 0.0321968 0.0319109 0.0301078 0.0315116 0.0263678 0.0281317 0.0270469 0.0305185 0.0312968 0.0272025 0.0286255 0.0354308  0.026519 0.0292595 0.0290991 0.0289096 0.0378139 0.0315662 0.0329744 0.0316271 0.0299146 0.0300359 0.0343106 0.0316237 0.0277796 0.0246364 0.0254942 0.0338993 0.0289068 0.0319885  0.031532  0.031308 0.0296331 0.0299748 0.0263833 0.0309418 0.0264706 0.0325623 0.0314177 0.0319112  0.032037 0.0323578 0.0344599 0.0306314 0.0298904  0.028401 0.0270367 0.0335078 0.0321864 0.0244374 0.0326669 0.0336269 0.0303068 0.0299486 0.0336037 0.0330089 0.0249069 0.0318572 0.0269897 0.0266285 0.0285717 0.0297215 0.0232766
 0.028231 0.0260335 0.0253868 0.0299288 0.0348957         0 0.0261194 0.0298793 0.0272841 0.0232413 0.0265982 0.0233226 0.0293098 0.0271361  0.023547 0.0303183 0.0255723 0.0252706 0.0257155 0.0252445 0.0278989 0.0276846 0.0293225 0.0310697 0.0297782 0.0294497 0.0267001 0.0259965 0.0261632 0.0267544 0.0281963 0.0258001 0.0274807 0.0253393 0.0318859 0.0304376 0.0272783 0.0267515 0.0280899  0.021039 0.0279492 0.0272471 0.0249879  0.024176 0.0250182 0.0293976 0.0296396 0.0275068 0.0272623 0.0292764 0.0283212 0.0340759 0.0299851 0.0321895 0.0275073 0.0284877 0.0254898 0.0239173 0.0245172 0.0329719 0.0260639 0.0253035 0.0284961 0.0281334 0.0249198  0.027831 0.0246526 0.0287918 0.0297975 0.0286329 0.0290693 0.0292299 0.0268696 0.0232661 0.0240951 0.0276805 0.0262092 0.0307392 0.0282095 0.0279862 0.0242965 0.0284373 0.0324639 0.0247459   0.02974 0.0308757 0.0291703 0.0286191 0.0273325 0.0239432 0.0252577 0.0239035 0.0231078 0.0288483 0.0265043  0.028899 0.0275473 0.0275369 0.0295641 0.0192873
0.0265505 0.0256188 0.0268168 0.0266187 0.0335888 0.0261194         0  0.032655 0.0273862 0.0216059 0.0285225 0.0256834 0.0271604  0.025678 0.0223027 0.0256569 0.0208161 0.0250056 0.0241599 0.0271965 0.0274508 0.0269122  0.026043  0.027394 0.0309319 0.0245017 0.0262996 0.0308742 0.0301654 0.0302361 0.0228313 0.0239453 0.0276277  0.029964  0.032188 0.0303838 0.0267941 0.0281066 0.0301497 0.0239298 0.0246858 0.0255364 0.0239679 0.0257232 0.0229816 0.0258648 0.0278459 0.0247499 0.0256129  0.026092 0.0270566 0.0334726 0.0278436 0.0315578 0.0284772 0.0250969  0.025331 0.0230139 0.0248805 0.0255211 0.0260657 0.0224245  0.027803  0.024238 0.0285746  0.030342 0.0278258 0.0248594 0.0282666 0.0263151 0.0276927 0.0256725 0.0284285 0.0246231 0.0255409 0.0255109 0.0314771 0.0295321 0.0276263 0.0246324 0.0263406 0.0264617 0.0302075  0.028464 0.0273454 0.0224467 0.0269038 0.0269876 0.0294062 0.0273767 0.0260187 0.0203762 0.0253103 0.0249575  0.024036 0.0275583 0.0300897 0.0253587 0.0298615 0.0184645
0.0278923 0.0259642  0.034075 0.0301232 0.0293902 0.0298793  0.032655         0 0.0326761 0.0285609 0.0315478 0.0287201 0.0327799 0.0334081  0.027408  0.030079 0.0304245 0.0288496 0.0294946 0.0300705 0.0235051 0.0290461 0.0282103 0.0316691 0.0299132 0.0312337 0.0278293  0.033594 0.0286562 0.0227316 0.0323367 0.0279193 0.0323767 0.0280954 0.0268294 0.0334832 0.0342767 0.0304811  0.035506 0.0281778 0.0313246  0.025953 0.0290979 0.0274268 0.0290843 0.0261438  0.025764 0.0283053 0.0296984 0.0259683 0.0312416 0.0293676 0.0324403 0.0398599  0.028113 0.0320287 0.0258999 0.0278156 0.0287202 0.0321565 0.0292702  0.031576 0.0232375 0.0297398   0.02955 0.0283442 0.0328785 0.0333573 0.0322177 0.0292861 0.0321295 0.0306996 0.0309298 0.0228792 0.0288436 0.0326095 0.0330954 0.0320348 0.0289503 0.0358893 0.0304124 0.0294738 0.0251523 0.0338932 0.0303921 0.0293782 0.0268436 0.0344857 0.0323427 0.0251561 0.0249929 0.0298997 0.0307099 0.0276971 0.0293724 0.0301518 0.0278904 0.0304654  0.027516 0.0228933
0.0320887 0.0236202 0.0280375 0.0271083 0.0298926 0.0272841 0.0273862 0.0326761         0 0.0282558 0.0300135 0.0292217 0.0341755 0.0258862 0.0300311 0.0296585 0.0321441 0.0291924 0.0290946 0.0350452 0.0282439 0.0324996 0.0307234 0.0282284 0.0299552  0.024509  0.034573 0.0274716 0.0325848 0.0334862  0.031371 0.0249483 0.0295633 0.0332726 0.0356217 0.0343426 0.0293834 0.0308417 0.0355366 0.0262868 0.0345218 0.0336857  0.030041  0.028243 0.0279613  0.030249 0.0319922 0.0277996 0.0321312 0.0302392 0.0339293 0.0348862 0.0265551 0.0346686 0.0301869 0.0277108 0.0263434 0.0273562 0.0288096 0.0341622 0.0294258  0.024705 0.0282964 0.0325706 0.0297044  0.036982 0.0341688 0.0294364 0.0280449 0.0329121 0.0325957 0.0275947 0.0290343 0.0311038 0.0278262 0.0299945 0.0333353 0.0327852 0.0281958 0.0312993 0.0277834 0.0257618 0.0346056 0.0269578 0.0348765 0.0289559 0.0314103 0.0325468 0.0355138 0.0278051  0.026542 0.0274257 0.0252104 0.0328163 0.0293125 0.0301379 0.0313038 0.0259576 0.0343284 0.0226325
0.0275821 0.0220452 0.0227873 0.0252832 0.0278534 0.0232413 0.0216059 0.0285609 0.0282558         0 0.0229065 0.0233328 0.0281904 0.0225325 0.0216837 0.0258317 0.0204616 0.0235768 0.0254152  0.025515 0.0264342 0.0230328 0.0232275 0.0286547 0.0264522 0.0266067 0.0254468 0.0257338 0.0246813 0.0261798 0.0236504 0.0207971 0.0280098   0.02646 0.0270977  0.032409 0.0259687   0.02135 0.0295655 0.0238242 0.0255789 0.0247667 0.0217621 0.0244257 0.0217803 0.0273845 0.0279924  0.021867 0.0235405  0.025905 0.0287007 0.0332196 0.0270354  0.031802 0.0254715 0.0227115 0.0250282 0.0209425 0.0206683 0.0270517 0.0259942 0.0235995 0.0242175 0.0218142 0.0232867 0.0263369 0.0266757 0.0244162  0.026465 0.0248298 0.0259954 0.0239396 0.0244434 0.0232666 0.0228871 0.0234898 0.0279186 0.0299342 0.0280247  0.026077 0.0235137 0.0251036 0.0270779 0.0240791 0.0276791 0.0270258 0.0257407 0.0238382 0.0271463 0.0216828 0.0250006 0.0216914 0.0252115 0.0258535 0.0226989 0.0257324 0.0234001 0.0235612 0.0275546 0.0152195
0.0311388 0.0260722 0.0235396 0.0293333 0.0321383 0.0265982 0.0285225 0.0315478 0.0300135 0.0229065         0 0.0314764 0.0302901 0.0275771 0.0262458 0.0284737 0.0261675 0.0261893 0.0292414 0.0269446 0.0287076 0.0275387 0.0244012 0.0315648 0.0284665 0.0281226 0.0291936 0.0255038 0.0259309  0.029863 0.0306492  0.029336 0.0337071 0.0317533 0.0322745 0.0363482 0.0260663  0.024675 0.0343658 0.0272984 0.0303903 0.0276715 0.0256718 0.0280255 0.0246858 0.0311068 0.0279321 0.0249035  0.024804 0.0285242 0.0340461 0.0362933 0.0316844 0.0326874  0.031604 0.0273318 0.0287052  0.024808 0.0262274 0.0332039 0.0250948 0.0281267 0.0269519 0.0281289 0.0219898 0.0292355 0.0293208 0.0283758 0.0270514 0.0304831 0.0353829 0.0262469 0.0296401 0.0274122 0.0282695 0.0241034 0.0283613 0.0289394 0.0312845 0.0272046 0.0267532 0.0292974 0.0318923 0.0301382 0.0307643 0.0296047 0.0261916 0.0291084 0.0271796 0.0250655 0.0313324 0.0257419  0.029335 0.0323144 0.0302237  0.028101 0.0265499  0.025544 0.0277292 0.0208505
0.0263305 0.0257514  0.027243 0.0282301 0.0358643 0.0233226 0.0256834 0.0287201 0.0292217 0.0233328 0.0314764         0  0.029466 0.0275735 0.0251634 0.0298505 0.0242374  0.029065 0.0252872 0.0282403 0.0275634 0.0291514 0.0257524 0.0300274 0.0289655 0.0274769 0.0267926  0.028344 0.0291976  0.028866 0.0270222 0.0263873  0.027369 0.0286599 0.0330293 0.0321379 0.0295453 0.0249381 0.0322584 0.0235376 0.0299493 0.0269469   0.02577 0.0274173 0.0249247 0.0305574  0.032631 0.0232369 0.0274643 0.0290065  0.027302  0.034526 0.0257799  0.031833 0.0264072 0.0281437 0.0273032 0.0244199 0.0235674 0.0282831 0.0289392 0.0291827 0.0301446 0.0285094 0.0256512 0.0319482 0.0311719 0.0267884 0.0292467 0.0290172  0.031284 0.0284737  0.027792 0.0255839  0.021185  0.027665 0.0329176 0.0294103 0.0283016 0.0310315 0.0237696  0.024469 0.0305694 0.0302018 0.0287522  0.029811 0.0297432 0.0263338 0.0279047  0.026466 0.0248053 0.0244737 0.0238175 0.0290658 0.0249583 0.0280021 0.0304518 0.0254687 0.0337509 0.0203231
0.0337285 0.0286574 0.0273798 0.0266556 0.0334838 0.0293098 0.0271604 0.0327799 0.0341755 0.0281904 0.0302901  0.029466         0 0.0281129 0.0262953  0.025042 0.0262425 0.0312767 0.0261091  0.031058  0.026112 0.0289533 0.0240618 0.0281798 0.0284667 0.0275857 0.0273588 0.0338628 0.0277472 0.0285658 0.0232581 0.0273467 0.0266329 0.0306273 0.0303366 0.0359728  0.034021 0.0317345 0.0353378  0.023795 0.0299105  0.025523  0.027833 0.0279587 0.0245909 0.0294138 0.0308498 0.0271002 0.0268353 0.0277913 0.0278397 0.0333746 0.0285678 0.0350318 0.0310804 0.0277153 0.0277217 0.0275906 0.0280714 0.0242005 0.0334872 0.0257162 0.0301977 0.0292234 0.0280282 0.0276853 0.0284294 0.0293679 0.0299249 0.0302268 0.0333199 0.0252964 0.0291159 0.0255121 0.0286495 0.0231977 0.0356444 0.0305392 0.0337308 0.0285003 0.0255355 0.0277174 0.0319125 0.0308924  0.029091 0.0289375 0.0267141 0.0299624  0.027519 0.0297846 0.0274422 0.0257565 0.0283407 0.0273404 0.0258718 0.0272033 0.0318254 0.0248563 0.0309459 0.0209374
0.0305506 0.0261022 0.0216994 0.0247076 0.0316266 0.0271361  0.025678 0.0334081 0.0258862 0.0225325 0.0275771 0.0275735 0.0281129         0 0.0271128   0.02631 0.0264868  0.027441 0.0257159 0.0289236 0.0287948 0.0283412 0.0266803 0.0253512 0.0273127 0.0254755 0.0301595 0.0307917 0.0269196 0.0295382 0.0269094 0.0247759  0.029394 0.0320509 0.0278999 0.0342488 0.0265311 0.0295924 0.0316048 0.0232004 0.0298769 0.0244815 0.0273519 0.0290409 0.0212207 0.0248701 0.0330283 0.0234712 0.0244815 0.0313894 0.0278351 0.0344683 0.0261314 0.0292649  0.026055 0.0278274 0.0233954  0.020179 0.0264002  0.026679 0.0281591 0.0252512 0.0302054 0.0253277 0.0285232 0.0295804 0.0299777 0.0259494 0.0292643 0.0281091  0.029589 0.0234158 0.0286956 0.0261903 0.0256042 0.0257331 0.0363679 0.0337294 0.0300361  0.029179 0.0248523 0.0256845  0.030277 0.0270368 0.0293981 0.0242912 0.0322492 0.0282733  0.028781 0.0296382 0.0260297 0.0262794 0.0250603 0.0304963 0.0250692  0.027187 0.0297155 0.0285337 0.0341692 0.0196528
0.0237406 0.0244791  0.024798 0.0267295 0.0306369  0.023547 0.0223027  0.027408 0.0300311 0.0216837 0.0262458 0.0251634 0.0262953 0.0271128         0 0.0262655  0.025018 0.0186932  0.024024 0.0286633 0.0274368 0.0258759 0.0256329 0.0268859 0.0254389 0.0259812  0.028159 0.0276563 0.0243865 0.0269656 0.0244271 0.0233326 0.0270821 0.0239405  0.027733 0.0328789  0.027227 0.0267621 0.0323564 0.0204536 0.0251815 0.0215438  0.023206  0.021324 0.0249851 0.0252326 0.0276197 0.0253562 0.0256794 0.0261244 0.0258003 0.0331881 0.0267826  0.034965 0.0264137 0.0276804  0.023969 0.0243788 0.0250316 0.0273305 0.0254299  0.022057  0.025018 0.0239731 0.0248931 0.0247667 0.0226681 0.0246625 0.0291883 0.0259309  0.028155   0.02688  0.026441   0.02459 0.0256399 0.0195782 0.0244133 0.0296922 0.0272627 0.0254793 0.0211657 0.0253422 0.0276153 0.0279861 0.0235792 0.0288649 0.0268284 0.0300403 0.0292982 0.0256474 0.0260923 0.0202107 0.0237912 0.0263153 0.0199321 0.0252621  0.024516 0.0250092 0.0276028 0.0166878
0.0330399 0.0242635 0.0285565 0.0290074 0.0307653 0.0303183 0.0256569  0.030079 0.0296585 0.0258317 0.0284737 0.0298505  0.025042   0.02631 0.0262655         0 0.0285129 0.0289075 0.0280015 0.0302718 0.0271964 0.0274293 0.0265128 0.0274673   0.02566 0.0242735 0.0306083 0.0328634 0.0285367 0.0283235 0.0292917 0.0257041 0.0299612  0.030523   0.03198 0.0347004 0.0314471 0.0286093 0.0364242 0.0255071 0.0326068 0.0263997 0.0265246 0.0280236 0.0251683 0.0318585 0.0272514 0.0274163 0.0306595 0.0271871 0.0300711 0.0343169 0.0285539  0.031727 0.0294428 0.0285394 0.0304093 0.0269838 0.0273737 0.0296572 0.0289852 0.0281412 0.0246026 0.0285007 0.0293325 0.0289789 0.0308304  0.027435 0.0224126 0.0272664 0.0324692 0.0255076 0.0311806 0.0243988 0.0266233 0.0256672 0.0338694  0.026322 0.0313605 0.0249931 0.0261052 0.0200139 0.0314872 0.0291115 0.0313779 0.0286427 0.0242799 0.0264502 0.0305071 0.0258943 0.0263663 0.0244711 0.0300082 0.0243491 0.0270434 0.0248797  0.031796  0.025125 0.0286614 0.0201231
0.0265086 0.0258508 0.0245607  0.027307 0.0320572 0.0255723 0.0208161 0.0304245 0.0321441 0.0204616 0.0261675 0.0242374 0.0262425 0.0264868  0.025018 0.0285129         0 0.0249978 0.0225405 0.0228919 0.0263346 0.0249262 0.0219807  0.025837 0.0303305 0.0277378 0.0215822 0.0300148 0.0247352 0.0268365 0.0218771 0.0236507 0.0257605 0.0285721 0.0279372 0.0289238  0.025725 0.0273791 0.0303852 0.0224872 0.0214051  0.022093  0.026104 0.0266712  0.019463   0.02765 0.0299289 0.0256258 0.0228409 0.0258755 0.0245391 0.0300161 0.0291171 0.0308579 0.0266976 0.0230752 0.0254052  0.021345 0.0190483 0.0266736 0.0261921 0.0237113 0.0280157 0.0219568 0.0252762 0.0279017 0.0266189 0.0262992 0.0301326 0.0258974 0.0301796 0.0240577 0.0245163 0.0212161 0.0234356 0.0256746  0.027813 0.0313606 0.0305115 0.0274177 0.0249318 0.0267115 0.0276725 0.0269003 0.0280335 0.0242496 0.0250597 0.0269394 0.0227228 0.0250962 0.0270532 0.0218857 0.0257392 0.0262902 0.0249065 0.0246767  0.026117 0.0270771 0.0317321 0.0167915
0.0259285 0.0258348 0.0233396 0.0240698 0.0308994 0.0252706 0.0250056 0.0288496 0.0291924 0.0235768 0.0261893  0.029065 0.0312767  0.027441 0.0186932 0.0289075 0.0249978         0 0.0284378 0.0303168  0.028958 0.0285679 0.0270384 0.0283081 0.0265739 0.0280908 0.0304469 0.0231182 0.0254524  0.027593 0.0278824 0.0265478 0.0285675  0.025914 0.0286338 0.0319137 0.0258604 0.0250769 0.0343096 0.0227378 0.0276701 0.0251271  0.025842 0.0209098 0.0271587  0.027334 0.0285006 0.0256424 0.0272759   0.02613 0.0259817 0.0327537 0.0244934 0.0316322 0.0275013 0.0271798 0.0232108  0.024139 0.0251737 0.0295959 0.0265186 0.0213168 0.0244159 0.0236003 0.0271798 0.0266398 0.0241863 0.0257489 0.0327168 0.0287259 0.0289042 0.0283093 0.0258793 0.0270015 0.0282524 0.0234251 0.0243097 0.0313362 0.0288633 0.0279838 0.0262784 0.0269728 0.0258007 0.0264349 0.0301466  0.028407 0.0258915 0.0295278 0.0293676 0.0250795 0.0291611 0.0251633 0.0248785 0.0273301 0.0255804 0.0284695 0.0276134 0.0252527 0.0307893 0.0183901
0.0293716 0.0275994 0.0234394 0.0271784 0.0327044 0.0257155 0.0241599 0.0294946 0.0290946 0.0254152 0.0292414 0.0252872 0.0261091 0.0257159  0.024024 0.0280015 0.0225405 0.0284378         0 0.0301819 0.0277148 0.0261054  0.024668 0.0246216 0.0280104 0.0275697  0.024291 0.0335347  0.029377 0.0299976 0.0225176 0.0250216 0.0272903 0.0301894 0.0286795 0.0321556 0.0291306 0.0317083 0.0333817  0.021636 0.0279802 0.0237469 0.0282816  0.025624 0.0218751  0.023835 0.0302516 0.0275961 0.0229732 0.0264801 0.0273767 0.0356727  0.030972 0.0322715 0.0291963 0.0210317 0.0253144 0.0250328 0.0226779 0.0242788 0.0288162 0.0254759 0.0310514 0.0280639 0.0286116 0.0305807 0.0281363 0.0274497 0.0297949  0.029994 0.0314104 0.0274568 0.0278641 0.0246011  0.023684 0.0234955 0.0337129 0.0335777 0.0299589 0.0260113 0.0210046 0.0263565 0.0312664 0.0295443 0.0237059 0.0242156 0.0286004 0.0284953 0.0288706 0.0277506 0.0270737 0.0197138  0.023937 0.0305879  0.021001 0.0285151 0.0264817 0.0292624  0.032234 0.0192422
0.0261355 0.0264581 0.0269809 0.0319915 0.0331307 0.0252445 0.0271965 0.0300705 0.0350452  0.025515 0.0269446 0.0282403  0.031058 0.0289236 0.0286633 0.0302718 0.0228919 0.0303168 0.0301819         0 0.0269237 0.0273087 0.0277277 0.0310991  0.028342 0.0321165 0.0226302 0.0335619 0.0251898 0.0233459 0.0282755 0.0311996 0.0304365 0.0309515 0.0305361 0.0290941 0.0295065 0.0267872 0.0249008 0.0253195 0.0279956 0.0246978 0.0256121 0.0268308  0.024001 0.0294466  0.031026  0.027361 0.0270793 0.0267817 0.0268512 0.0311294 0.0335302 0.0309959  0.028168 0.0322907 0.0297686 0.0203912 0.0286214 0.0301128 0.0247025 0.0310055 0.0266047  0.021981 0.0276581 0.0241221 0.0284907 0.0319306 0.0310259 0.0222871 0.0298581 0.0286773 0.0311326 0.0231542 0.0252583 0.0308577 0.0307765  0.030528 0.0309301 0.0307673 0.0277932 0.0314836 0.0297841 0.0315406 0.0297423 0.0320469 0.0262254 0.0310925  0.024591 0.0289964 0.0293715  0.028251 0.0294082 0.0262634 0.0299988 0.0279723 0.0301235 0.0321063 0.0285626 0.0211592
0.0252438 0.0240128  0.027934 0.0283949 0.0231312 0.0278989 0.0274508 0.0235051 0.0282439 0.0264342 0.0287076 0.0275634  0.026112 0.0287948 0.0274368 0.0271964 0.0263346  0.028958 0.0277148 0.0269237         0 0.0230545 0.0244966 0.0277557 0.0280454  0.028077 0.0205386 0.0299193 0.0231457 0.0228538 0.0274086 0.0229812 0.0278362 0.0286082 0.0287202 0.0275329  0.030754  0.026039 0.0290577 0.0242664 0.0272819 0.0218017 0.0235386 0.0223588  0.024424 0.0265526 0.0216038 0.0229903 0.0297911 0.0246252 0.0249859  0.022003 0.0253304 0.0354142 0.0223559 0.0295983 0.0256346 0.0229102 0.0256919  0.028306 0.0279797 0.0273936 0.0209594 0.0251377 0.0254039 0.0292425 0.0284499 0.0298577 0.0281502 0.0250963 0.0264976 0.0252141 0.0250323 0.0207471  0.025557 0.0291458 0.0316882 0.0284895 0.0268095 0.0334285 0.0280425 0.0258882 0.0222286 0.0257133 0.0254248 0.0266562 0.0206292   0.02828 0.0289914 0.0243391  0.023912 0.0276215 0.0261412  0.021139 0.0275433 0.0247159 0.0268425 0.0256376 0.0252281 0.0180493
0.0287813  0.027286 0.0271415 0.0309232 0.0283127 0.0276846 0.0269122 0.0290461 0.0324996 0.0230328 0.0275387 0.0291514 0.0289533 0.0283412 0.0258759 0.0274293 0.0249262 0.0285679 0.0261054 0.0273087 0.0230545         0 0.0240068 0.0298912 0.0268919 0.0303469 0.0237178 0.0325353 0.0228724 0.0270079 0.0266321 0.0248409 0.0282084 0.0289385 0.0277683  0.026835 0.0281919 0.0258764 0.0301974 0.0272854 0.0279646 0.0245251 0.0237677 0.0236901 0.0237207   0.02842 0.0266945  0.027259 0.0266568 0.0246544 0.0264261   0.03006 0.0305322 0.0367215 0.0257129 0.0265012 0.0282483 0.0261673 0.0273613 0.0320535 0.0286113 0.0274977 0.0245513 0.0237039 0.0268412 0.0269863 0.0267527 0.0278781 0.0258855 0.0239928 0.0279057 0.0251852 0.0242041 0.0223555 0.0276012 0.0278013 0.0300258 0.0295038  0.029997 0.0293966 0.0235199  0.025286 0.0234718 0.0280621 0.0245889 0.0288461 0.0235738  0.030191 0.0296367 0.0256152  0.027696 0.0261568  0.030164 0.0236941 0.0274627 0.0284684 0.0245953 0.0287858 0.0268876 0.0188404
 0.026723  0.023617 0.0235678 0.0238878 0.0289032 0.0293225  0.026043 0.0282103 0.0307234 0.0232275 0.0244012 0.0257524 0.0240618 0.0266803 0.0256329 0.0265128 0.0219807 0.0270384  0.024668 0.0277277 0.0244966 0.0240068         0 0.0254151 0.0282575 0.0260983  0.023695 0.0290334 0.0215282 0.0252025 0.0266596 0.0246734 0.0253521 0.0255054 0.0281199 0.0285847 0.0294306 0.0248832  0.033873 0.0223161 0.0278316 0.0245604 0.0245533 0.0258733 0.0216146 0.0258866 0.0263341 0.0224762 0.0261715 0.0272847 0.0250712 0.0295176 0.0271013  0.031467   0.02768 0.0264147 0.0230129 0.0212706 0.0229414 0.0261601 0.0286611 0.0267823 0.0263357 0.0262037 0.0261807 0.0273505 0.0314741 0.0289757  0.027678 0.0243263 0.0299331 0.0197175 0.0235916 0.0233699 0.0246088 0.0227455 0.0291913  0.029211 0.0274316 0.0285728 0.0227427  0.023014  0.027205  0.023651 0.0267403 0.0255571 0.0242672 0.0267864 0.0254998 0.0257268 0.0246529  0.022439 0.0246908 0.0271471 0.0244931 0.0223817 0.0267847 0.0209288 0.0283422 0.0162513
 0.027461  0.027556 0.0225386 0.0253207 0.0300105 0.0310697  0.027394 0.0316691 0.0282284 0.0286547 0.0315648 0.0300274 0.0281798 0.0253512 0.0268859 0.0274673  0.025837 0.0283081 0.0246216 0.0310991 0.0277557 0.0298912 0.0254151         0 0.0296333 0.0231251 0.0296875 0.0339654 0.0295984   0.02693 0.0266906 0.0254167 0.0271821  0.029971 0.0299532 0.0316686 0.0305478 0.0327619  0.037937 0.0224307 0.0282685 0.0246557 0.0317304 0.0329999 0.0274704 0.0257215 0.0338572 0.0284025 0.0270112 0.0305294 0.0282137 0.0320297 0.0287146 0.0289474 0.0269607 0.0264281 0.0283393 0.0233869 0.0251188 0.0257418 0.0338295  0.024541 0.0292688 0.0263576 0.0341367 0.0318311 0.0299779 0.0294847 0.0289236 0.0301191  0.034275 0.0266651 0.0222756 0.0270975 0.0241202  0.024613 0.0347598 0.0345759 0.0317056 0.0324139 0.0248122 0.0235618 0.0318192  0.026054 0.0305756 0.0223175 0.0285974 0.0318396 0.0297846 0.0256907 0.0274834 0.0267796   0.02576 0.0295546 0.0282712 0.0220083 0.0314103 0.0259316 0.0358893 0.0199593
0.0313904 0.0266174 0.0260516 0.0268894 0.0302672 0.0297782 0.0309319 0.0299132 0.0299552 0.0264522 0.0284665 0.0289655 0.0284667 0.0273127 0.0254389   0.02566 0.0303305 0.0265739 0.0280104  0.028342 0.0280454 0.0268919 0.0282575 0.0296333         0 0.0273844 0.0306103 0.0300589  0.028243 0.0297915 0.0310995 0.0293128  0.030472 0.0296171 0.0319883 0.0345562 0.0287386 0.0254562 0.0348498 0.0275189 0.0341764 0.0293541 0.0264321 0.0249945 0.0275269 0.0300564 0.0294577 0.0296937  0.029753 0.0262434 0.0301071 0.0356359   0.02774 0.0349778 0.0284453  0.029268 0.0289785 0.0263379 0.0290999 0.0293787 0.0287064 0.0276756 0.0270846 0.0255513 0.0279279  0.030144  0.027318 0.0255193 0.0277664 0.0296998 0.0343938  0.027817 0.0304808 0.0288327 0.0271827 0.0276607 0.0310547 0.0307447 0.0308297 0.0284062  0.023289 0.0266949 0.0293514  0.030588 0.0281112 0.0303001 0.0265406 0.0317793 0.0285373 0.0264661 0.0277335 0.0262336 0.0265478 0.0294843 0.0258903 0.0282203 0.0276224 0.0260599 0.0274484 0.0209084
0.0299735 0.0266016 0.0255573 0.0266298 0.0316379 0.0294497 0.0245017 0.0312337  0.024509 0.0266067 0.0281226 0.0274769 0.0275857 0.0254755 0.0259812 0.0242735 0.0277378 0.0280908 0.0275697 0.0321165  0.028077 0.0303469 0.0260983 0.0231251 0.0273844         0 0.0307141 0.0305615 0.0320502 0.0301619 0.0300143 0.0243014 0.0280498 0.0277444 0.0342213 0.0306486 0.0272916 0.0287223 0.0358231 0.0233664 0.0276236 0.0283029 0.0261254 0.0281442 0.0248629 0.0280866 0.0274059 0.0268019 0.0258424 0.0276992 0.0313737 0.0350737 0.0251245 0.0331556 0.0280434 0.0271172 0.0279884 0.0251022 0.0266432 0.0289881 0.0315911 0.0263628 0.0260102 0.0295387 0.0281805 0.0316474   0.02933 0.0249328 0.0268664 0.0296799 0.0313991 0.0239621  0.025528 0.0265369 0.0276367 0.0250419 0.0320384 0.0276558 0.0289979 0.0276649 0.0234435 0.0212566   0.03048 0.0279045 0.0302607 0.0283494 0.0278184 0.0307608 0.0297714  0.026094 0.0273942 0.0234703 0.0266314 0.0300767 0.0290844 0.0251186 0.0311062  0.025041 0.0292887 0.0196848
0.0264788 0.0274102 0.0268392 0.0300925 0.0285132 0.0267001 0.0262996 0.0278293  0.034573 0.0254468 0.0291936 0.0267926 0.0273588 0.0301595  0.028159 0.0306083 0.0215822 0.0304469  0.024291 0.0226302 0.0205386 0.0237178  0.023695 0.0296875 0.0306103 0.0307141         0 0.0333325  0.024911 0.0230818 0.0266699 0.0279033 0.0251328 0.0280779 0.0294988 0.0240239  0.026456 0.0272263 0.0289205 0.0242947 0.0235967 0.0197264 0.0254534 0.0243888 0.0232625 0.0274435 0.0251361   0.02723 0.0284013 0.0228576 0.0258656 0.0259852 0.0287665 0.0343939 0.0286263 0.0276862  0.026969 0.0226031 0.0224138 0.0279221 0.0279329 0.0292252 0.0281153 0.0237743 0.0298603 0.0271913  0.026968 0.0289506 0.0314947 0.0256253 0.0286803 0.0245458 0.0263889 0.0190584  0.026662 0.0284696 0.0299934 0.0293206 0.0302461 0.0295458 0.0259063 0.0295618 0.0243408 0.0280967  0.024589 0.0277766 0.0222179 0.0301661 0.0271509  0.027832 0.0266365 0.0267592 0.0269903 0.0249593 0.0264208 0.0286753 0.0247023 0.0295152 0.0264831 0.0197208
0.0316648 0.0262724 0.0274913 0.0295171  0.033776 0.0259965 0.0308742  0.033594 0.0274716 0.0257338 0.0255038  0.028344 0.0338628 0.0307917 0.0276563 0.0328634 0.0300148 0.0231182 0.0335347 0.0335619 0.0299193 0.0325353 0.0290334 0.0339654 0.0300589 0.0305615 0.0333325         0  0.027689 0.0323357  0.032461 0.0295028 0.0322236 0.0290041 0.0345624 0.0381957 0.0279416 0.0248861 0.0348597 0.0266474 0.0340165 0.0330471 0.0262301  0.025232 0.0308923 0.0339967 0.0318506 0.0255577 0.0304147 0.0311177 0.0348017 0.0334574 0.0261861 0.0341453 0.0307153 0.0311266 0.0299834 0.0287388 0.0284661   0.03372 0.0287917 0.0279712 0.0293898 0.0308263 0.0235976 0.0334343 0.0275432  0.030817 0.0335712 0.0317367 0.0368733 0.0279085 0.0285254 0.0313421 0.0280928 0.0294266 0.0278934 0.0318695   0.03095 0.0308199 0.0297721 0.0293065  0.031481 0.0271943 0.0356357 0.0339541 0.0285628 0.0289573 0.0328882  0.027871  0.029343  0.028845 0.0257193 0.0316096 0.0298362  0.028471  0.029551 0.0243236 0.0333293 0.0230602
0.0275232  0.027115 0.0269814 0.0282299 0.0269242 0.0261632 0.0301654 0.0286562 0.0325848 0.0246813 0.0259309 0.0291976 0.0277472 0.0269196 0.0243865 0.0285367 0.0247352 0.0254524  0.029377 0.0251898 0.0231457 0.0228724 0.0215282 0.0295984  0.028243 0.0320502  0.024911  0.027689         0 0.0236246  0.028332 0.0249211 0.0272688 0.0264613 0.0263893 0.0291026 0.0280876 0.0262649  0.028367 0.0234822 0.0277446 0.0216354 0.0204845 0.0240204 0.0237305 0.0307136 0.0266874 0.0245176 0.0308133 0.0281445 0.0230537 0.0251727  0.028345 0.0338642 0.0287285 0.0298669 0.0233826 0.0226867 0.0265906 0.0328908 0.0249272 0.0262214 0.0238372 0.0220619 0.0256796 0.0246903  0.026496 0.0278043 0.0269344 0.0227552 0.0281652 0.0246433 0.0281177 0.0229921 0.0270595  0.026913 0.0253835 0.0307975 0.0290059 0.0304312 0.0236326 0.0286471 0.0252943 0.0256923 0.0261097 0.0316059 0.0241349 0.0281052 0.0270799  0.027798 0.0285945 0.0273348 0.0261792 0.0225266 0.0246467  0.025439 0.0221038 0.0268369 0.0275397 0.0186595
0.0240698 0.0243559 0.0270233 0.0301342 0.0271798 0.0267544 0.0302361 0.0227316 0.0334862 0.0261798  0.029863  0.028866 0.0285658 0.0295382 0.0269656 0.0283235 0.0268365  0.027593 0.0299976 0.0233459 0.0228538 0.0270079 0.0252025   0.02693 0.0297915 0.0301619 0.0230818 0.0323357 0.0236246         0 0.0294319  0.028243 0.0266382   0.02837 0.0287737  0.028628 0.0318219 0.0284825 0.0303763 0.0228812 0.0257999 0.0213263 0.0248777 0.0263675 0.0278691 0.0266887  0.026462 0.0264659 0.0285259 0.0261116 0.0236164 0.0276337 0.0301097 0.0336499 0.0268947 0.0318154 0.0282353 0.0221725  0.027592 0.0313923 0.0273371 0.0288904 0.0247034 0.0225243 0.0293402 0.0216164 0.0292281 0.0329736 0.0317162 0.0214732 0.0268723 0.0276268 0.0266414 0.0201779   0.02635 0.0283717 0.0283663 0.0264582 0.0317456 0.0313762 0.0290409 0.0273733 0.0244587 0.0272791  0.026528 0.0302177 0.0239649 0.0317643 0.0277248 0.0255977 0.0279167  0.028837 0.0296831 0.0210631 0.0279675 0.0227697 0.0282501  0.029056 0.0268905 0.0197046
0.0309355 0.0252173 0.0251392 0.0268619 0.0322616 0.0281963 0.0228313 0.0323367  0.031371 0.0236504 0.0306492 0.0270222 0.0232581 0.0269094 0.0244271 0.0292917 0.0218771 0.0278824 0.0225176 0.0282755 0.0274086 0.0266321 0.0266596 0.0266906 0.0310995 0.0300143 0.0266699  0.032461  0.028332 0.0294319         0 0.0250996 0.0282442  0.032056 0.0298085 0.0349617 0.0301248 0.0306706  0.032423 0.0247288 0.0280456 0.0239766 0.0274771 0.0265107 0.0240318 0.0276635 0.0313936 0.0267238 0.0234563  0.028076 0.0274965 0.0336419 0.0302947 0.0337936 0.0290265 0.0236927 0.0254146 0.0255544 0.0258846 0.0255808  0.028144 0.0260144 0.0292934  0.026748 0.0299051 0.0283384  0.029032 0.0301407 0.0311655 0.0282057 0.0300215 0.0267132 0.0292589 0.0262367 0.0259274 0.0238945 0.0342962  0.034057 0.0308175 0.0275583 0.0273521 0.0298537 0.0291588 0.0303808 0.0264794 0.0279727 0.0282927 0.0279516 0.0302481 0.0298362 0.0295569 0.0232282 0.0285221 0.0284927 0.0237224 0.0279008 0.0308599 0.0302813 0.0339721 0.0201447
 0.030423 0.0244032 0.0275639 0.0255474 0.0275789 0.0258001 0.0239453 0.0279193 0.0249483 0.0207971  0.029336 0.0263873 0.0273467 0.0247759 0.0233326 0.0257041 0.0236507 0.0265478 0.0250216 0.0311996 0.0229812 0.0248409 0.0246734 0.0254167 0.0293128 0.0243014 0.0279033 0.0295028 0.0249211  0.028243 0.0250996         0 0.0262271 0.0270687 0.0254182 0.0298359 0.0293866 0.0274119 0.0313591 0.0187441 0.0246165 0.0240278 0.0257284 0.0261977 0.0225596 0.0246502 0.0259264 0.0218056  0.026627 0.0292364 0.0254409 0.0299182 0.0244406 0.0328937 0.0230094 0.0245883 0.0208499 0.0227678 0.0222951 0.0269472 0.0297128 0.0236681 0.0237427 0.0264474 0.0268455 0.0311061 0.0281707 0.0217898 0.0235515 0.0273702 0.0268575 0.0216292 0.0225353 0.0243461 0.0217448 0.0249826  0.029729 0.0317188 0.0236737 0.0281485 0.0233495 0.0238258 0.0265379 0.0234174 0.0281599 0.0272103  0.025785 0.0269683 0.0276086 0.0240179  0.024229 0.0209503  0.022187 0.0239784 0.0262674 0.0238596 0.0257699 0.0248997 0.0286453 0.0158977
0.0313304 0.0254163 0.0268203  0.025469 0.0301421 0.0274807 0.0276277 0.0323767 0.0295633 0.0280098 0.0337071  0.027369 0.0266329  0.029394 0.0270821 0.0299612 0.0257605 0.0285675 0.0272903 0.0304365 0.0278362 0.0282084 0.0253521 0.0271821  0.030472 0.0280498 0.0251328 0.0322236 0.0272688 0.0266382 0.0282442 0.0262271         0 0.0268176 0.0283649 0.0269691 0.0286317 0.0294314 0.0345584 0.0230841  0.025948 0.0257329 0.0267909 0.0262184 0.0266326 0.0278992 0.0334783 0.0268366  0.030884 0.0287154 0.0256562 0.0338448 0.0274347 0.0338506  0.027956 0.0289078 0.0275481 0.0241863 0.0274517 0.0298918 0.0319833  0.023899 0.0300161 0.0299865 0.0314332 0.0274309 0.0323581 0.0278635 0.0296944  0.027856 0.0285767 0.0254399 0.0258823 0.0265092 0.0262091 0.0286026 0.0301006  0.029306 0.0271848 0.0306756 0.0244117 0.0233784 0.0306226 0.0254755 0.0316453 0.0308227 0.0298388 0.0326116  0.027867 0.0282896 0.0281508 0.0286937 0.0257108 0.0273994 0.0238234 0.0282617 0.0311903 0.0287806 0.0352559 0.0199644
   0.0312 0.0279905 0.0301967 0.0275528  0.033666 0.0253393  0.029964 0.0280954 0.0332726   0.02646 0.0317533 0.0286599 0.0306273 0.0320509 0.0239405  0.030523 0.0285721  0.025914 0.0301894 0.0309515 0.0286082 0.0289385 0.0255054  0.029971 0.0296171 0.0277444 0.0280779 0.0290041 0.0264613   0.02837  0.032056 0.0270687 0.0268176         0 0.0316136 0.0319548 0.0326932 0.0289063 0.0358645 0.0256578 0.0298377 0.0274129 0.0277313 0.0261013 0.0295195  0.030238 0.0279944 0.0273518 0.0307336 0.0299426  0.028597 0.0317856 0.0304337 0.0389714 0.0285139 0.0315291 0.0251318 0.0256305 0.0286441 0.0314244 0.0340912 0.0263322 0.0266407 0.0318611 0.0299973 0.0289863 0.0260109 0.0303631 0.0319584 0.0292664 0.0314821 0.0288067 0.0256244 0.0264835 0.0275566 0.0292027 0.0282474 0.0323586 0.0256248 0.0316944 0.0229794  0.026907  0.028186 0.0264186 0.0311431 0.0315523 0.0299657 0.0343066 0.0317848 0.0257671 0.0273712 0.0266073 0.0262394 0.0297562 0.0292781 0.0250201 0.0295745 0.0260098 0.0263464 0.0208126
0.0317674 0.0271985  0.029036 0.0272347 0.0294708 0.0318859  0.032188 0.0268294 0.0356217 0.0270977 0.0322745 0.0330293 0.0303366 0.0278999  0.027733   0.03198 0.0279372 0.0286338 0.0286795 0.0305361 0.0287202 0.0277683 0.0281199 0.0299532 0.0319883 0.0342213 0.0294988 0.0345624 0.0263893 0.0287737 0.0298085 0.0254182 0.0283649 0.0316136         0  0.036136 0.0330228 0.0326228 0.0357774 0.0274325 0.0293552 0.0234769  0.028799 0.0288632 0.0254932  0.022227 0.0333469  0.025342 0.0273975 0.0311776 0.0292101 0.0342834  0.032942 0.0347017  0.024835 0.0321515 0.0251517 0.0255342  0.028907    0.0264 0.0348626 0.0289562 0.0279536 0.0275775 0.0304579 0.0294893 0.0323208 0.0288656 0.0324352 0.0310594 0.0322897  0.025602  0.029283 0.0267268  0.028031 0.0301677 0.0353962 0.0359008  0.029362 0.0353487 0.0269464 0.0301163 0.0273841 0.0318702 0.0339178 0.0284047 0.0289938 0.0321981 0.0303139 0.0273396 0.0263097 0.0308999 0.0296095 0.0273171 0.0273606 0.0312172 0.0306975  0.031516 0.0334996 0.0220569
 0.028378 0.0331792 0.0332768 0.0341394 0.0325583 0.0304376 0.0303838 0.0334832 0.0343426  0.032409 0.0363482 0.0321379 0.0359728 0.0342488 0.0328789 0.0347004 0.0289238 0.0319137 0.0321556 0.0290941 0.0275329  0.026835 0.0285847 0.0316686 0.0345562 0.0306486 0.0240239 0.0381957 0.0291026  0.028628 0.0349617 0.0298359 0.0269691 0.0319548  0.036136         0 0.0316646 0.0333547 0.0314614 0.0285761 0.0288172 0.0298244 0.0288105 0.0285589 0.0303324 0.0322466 0.0281222 0.0329349 0.0354058 0.0290192 0.0256854 0.0288159 0.0323979 0.0373531  0.031653 0.0336043  0.030785 0.0269912 0.0298665 0.0360032 0.0330892 0.0330008 0.0291492 0.0293034 0.0355198 0.0321759  0.032524 0.0317239 0.0330115 0.0285605 0.0257843 0.0306987  0.029445  0.026144 0.0310852 0.0343365 0.0323232 0.0331341 0.0329028 0.0350813 0.0293904 0.0317606 0.0288209 0.0304967 0.0310416 0.0346079 0.0277436 0.0354432 0.0324868 0.0305388   0.03297  0.030933 0.0310698 0.0280109 0.0345707 0.0335268 0.0311588 0.0336536 0.0318052 0.0253516
0.0294627 0.0306865 0.0242499   0.02846 0.0343912 0.0272783 0.0267941 0.0342767 0.0293834 0.0259687 0.0260663 0.0295453  0.034021 0.0265311  0.027227 0.0314471  0.025725 0.0258604 0.0291306 0.0295065  0.030754 0.0281919 0.0294306 0.0305478 0.0287386 0.0272916  0.026456 0.0279416 0.0280876 0.0318219 0.0301248 0.0293866 0.0286317 0.0326932 0.0330228 0.0316646         0 0.0268294 0.0362516 0.0272606 0.0271576 0.0265241 0.0262428 0.0266878 0.0228175 0.0296954 0.0300132 0.0316116  0.029049 0.0284051 0.0326115 0.0352904 0.0275319 0.0351768 0.0298577 0.0284639 0.0294581 0.0259427 0.0234438  0.032774  0.025265 0.0271759 0.0304552 0.0258563 0.0289533 0.0299263 0.0274651 0.0262961 0.0287573 0.0315066 0.0327944 0.0271116 0.0270798 0.0282312 0.0271678 0.0306829 0.0262071 0.0336313 0.0317651 0.0267587 0.0278278 0.0300003 0.0318245 0.0300147 0.0333006 0.0296011 0.0286406 0.0342304 0.0302359 0.0303017 0.0297645 0.0261526 0.0284181 0.0331409 0.0248299 0.0328536 0.0263461 0.0316229 0.0319509 0.0221173
0.0279384 0.0245073 0.0242446 0.0277751 0.0321968 0.0267515 0.0281066 0.0304811 0.0308417   0.02135  0.024675 0.0249381 0.0317345 0.0295924 0.0267621 0.0286093 0.0273791 0.0250769 0.0317083 0.0267872  0.026039 0.0258764 0.0248832 0.0327619 0.0254562 0.0287223 0.0272263 0.0248861 0.0262649 0.0284825 0.0306706 0.0274119 0.0294314 0.0289063 0.0326228 0.0333547 0.0268294         0 0.0328178 0.0266841 0.0292721  0.028127  0.023847 0.0254385 0.0269327 0.0329785 0.0295181 0.0243336 0.0296158 0.0273571  0.032901 0.0353937 0.0270375 0.0321132  0.027377 0.0269547 0.0290588  0.024743 0.0278276 0.0315073 0.0285237 0.0305102  0.027784 0.0256695  0.026262 0.0302505 0.0317659 0.0277433 0.0303693 0.0259389 0.0313705 0.0248271 0.0266744 0.0260771 0.0268693 0.0279528 0.0269435  0.028852 0.0283829 0.0304487 0.0261372 0.0239853 0.0257809 0.0270393 0.0302927 0.0328335  0.026335  0.026827 0.0281836 0.0257276 0.0266205 0.0265787 0.0248187 0.0285114 0.0260683 0.0299904 0.0267299 0.0252703 0.0275027 0.0200659
0.0313907 0.0320464 0.0340603 0.0391108 0.0319109 0.0280899 0.0301497  0.035506 0.0355366 0.0295655 0.0343658 0.0322584 0.0353378 0.0316048 0.0323564 0.0364242 0.0303852 0.0343096 0.0333817 0.0249008 0.0290577 0.0301974  0.033873  0.037937 0.0348498 0.0358231 0.0289205 0.0348597  0.028367 0.0303763  0.032423 0.0313591 0.0345584 0.0358645 0.0357774 0.0314614 0.0362516 0.0328178         0 0.0289498 0.0303094  0.030568 0.0250739 0.0264016 0.0297105 0.0360122 0.0325351 0.0279216 0.0322812   0.03203 0.0268894 0.0323477  0.034865 0.0369107 0.0310099 0.0381239 0.0319214 0.0280319  0.036081 0.0349077 0.0278726 0.0324968 0.0304439 0.0280556 0.0312906 0.0283044 0.0297963 0.0356252 0.0356025 0.0285755  0.027418 0.0302825 0.0358743 0.0299614  0.033971 0.0351123 0.0337429  0.035635 0.0353184 0.0336798 0.0318672 0.0366739 0.0322155 0.0328808 0.0293017 0.0381594 0.0336739  0.032327 0.0284836  0.035633  0.032326 0.0314437 0.0311705 0.0274625 0.0345269 0.0330736 0.0321903 0.0339006 0.0325058 0.0268894
0.0260958 0.0226996  0.021787 0.0268226 0.0301078  0.021039 0.0239298 0.0281778 0.0262868 0.0238242 0.0272984 0.0235376  0.023795 0.0232004 0.0204536 0.0255071 0.0224872 0.0227378  0.021636 0.0253195 0.0242664 0.0272854 0.0223161 0.0224307 0.0275189 0.0233664 0.0242947 0.0266474 0.0234822 0.0228812 0.0247288 0.0187441 0.0230841 0.0256578 0.0274325 0.0285761 0.0272606 0.0266841 0.0289498         0 0.0243155 0.0219839 0.0255316  0.023241 0.0211884 0.0221681 0.0293443 0.0217636 0.0237591  0.025935 0.0207078  0.029163 0.0225597 0.0267393 0.0248681 0.0246043   0.02181 0.0195548 0.0205795 0.0252934 0.0254226 0.0231283 0.0263829 0.0233185 0.0243094 0.0253985 0.0247022 0.0248566 0.0281807 0.0238146 0.0269063 0.0220371 0.0221339  0.022234 0.0229213 0.0218059 0.0273191 0.0282444   0.02679 0.0259592 0.0205271 0.0234694 0.0278922  0.020817 0.0246604 0.0281646 0.0248817 0.0264867 0.0247729 0.0270784 0.0247717 0.0208443 0.0179227 0.0247006 0.0243048 0.0224617 0.0270546 0.0255296 0.0300306 0.0141835
