        0 0.0823583 0.0864995  0.084538 0.0939709   0.10229 0.0795996 0.0863001 0.0909099 0.0972486 0.0900125 0.0890343 0.0805742 0.0835259 0.0802385 0.0774877 0.0867559 0.0812969 0.0836002 0.0832502 0.0800202 0.0835471 0.0869907 0.0874604 0.0807911 0.0848281 0.0934823  0.088078  0.082224 0.0902863 0.0938419 0.0854767 0.0907752 0.0974708   0.10391 0.0961566 0.0824537 0.0873663 0.0821527 0.0887896 0.0832285 0.0893168 0.0900277 0.0859956 0.0843016 0.0893894 0.0893227   0.09317 0.0795733 0.0736033 0.0800366  0.085831 0.0898673 0.0846574 0.0785748 0.0825782 0.0957095 0.0918061 0.0905487 0.0870782 0.0803914  0.089202 0.0780548 0.0949153 0.0906655 0.0903306 0.0911252 0.0961732 0.0812436 0.0808686 0.0791577 0.0827563  0.081971 0.0810321 0.0871164 0.0969603 0.0879073  0.094505  0.080678 0.0893747 0.0985706  0.086239 0.0827856 0.0803201 0.0744151 0.0846689 0.0826778 0.0802896 0.0901425 0.0905409 0.0919193 0.0868432 0.0967994 0.0904826 0.0903382 0.0749453 0.0873556  0.094992 0.0842338 0.0651385
0.0823583         0 0.0852301 0.0883095 0.0919437 0.0827227 0.0714708 0.0896589 0.0778742 0.0998931  0.083513 0.0869588 0.0806211 0.0797974  0.065708 0.0733248 0.0827806   0.07915  0.074944  0.086632 0.0720075 0.0830225 0.0738043 0.0711433 0.0750638 0.0702007 0.0802607 0.0818686 0.0813249 0.0917716 0.0806573 0.0791891 0.0833846 0.0940222 0.0779208 0.0935902 0.0743545 0.0838319 0.0743987 0.0752234  0.075085 0.0789555 0.0822878 0.0866871 0.0828005 0.0889481 0.0768345 0.0840121 0.0732009 0.0698276 0.0797072 0.0996584 0.0982466 0.0799761 0.0859389 0.0697332  0.085345 0.0716547 0.0809521  0.085517 0.0814092 0.0740518  0.078749  0.077599 0.0866487 0.0712952 0.0725966 0.0844922 0.0705683 0.0756516 0.0714521 0.0833142 0.0786187 0.0891086 0.0746202 0.0882495 0.0775127 0.0827526 0.0678736 0.0879775 0.0873038 0.0832249 0.0720504 0.0809322 0.0801341 0.0804695 0.0828676  0.062979 0.0804145 0.0753224 0.0874441 0.0782576 0.0937245 0.0906488 0.0861615 0.0826374 0.0848077 0.0843564 0.0707665 0.0562104
0.0864995 0.0852301         0 0.0917135 0.0922964  0.095817 0.0779104 0.0878749  0.088509   0.10735 0.0848989 0.0803919 0.0818728 0.0744589 0.0733096 0.0807708 0.0863055 0.0874317 0.0792649 0.0935332 0.0840302 0.0922528 0.0908801 0.0954023 0.0805871 0.0709849 0.0994724 0.0830465 0.0853757 0.0950289 0.0992044 0.0714362 0.0869541 0.0874846 0.0830071 0.0837909 0.0843215  0.077212 0.0850475 0.0721181 0.0890509 0.0835321 0.0967395 0.0805949 0.0905592 0.0779426 0.0784086 0.0818893 0.0826328 0.0845717 0.0847474  0.094229 0.0957409 0.0846857 0.0805576 0.0765448 0.0892124 0.0741732 0.0799875 0.0933544  0.081626 0.0804244 0.0821406 0.0927898 0.0902544 0.0840582  0.094582 0.0804181 0.0806183 0.0837055 0.0817523 0.0804858 0.0825945 0.0908919 0.0786088 0.0810378 0.0931182 0.0856608 0.0872411 0.0919089  0.093614 0.0959837 0.0811921  0.089276 0.0825856 0.0820076 0.0752794 0.0751363 0.0833336 0.0721178 0.0849476 0.0919308 0.0946653 0.0945445 0.0883111 0.0879396 0.0892832 0.0905665 0.0711893 0.0647137
 0.084538 0.0883095 0.0917135         0 0.0848725 0.0779035 0.0756587 0.0800815 0.0750836 0.0963801  0.079667 0.0849963 0.0793757 0.0791124 0.0853322 0.0787801 0.0811957 0.0835483 0.0769098 0.0778379 0.0783836 0.0708933 0.0858333 0.0904878 0.0791099 0.0875508 0.0884197 0.0853986  0.082184 0.0874732  0.085343 0.0823542 0.0874134 0.0847599 0.0772999 0.0901412 0.0815341 0.0787995 0.0864625 0.0758148  0.079734 0.0786785 0.0830515 0.0764516 0.0906199 0.0805744 0.0764333 0.0857337 0.0726671 0.0687943 0.0784985 0.0834189 0.0741486 0.0698891 0.0826734  0.076248 0.0837374 0.0750642 0.0760583 0.0743189 0.0681508 0.0794271 0.0727492 0.0924455 0.0754698 0.0883835 0.0845408 0.0917654 0.0707962 0.0715847 0.0780001 0.0919298 0.0878138  0.083656 0.0797845 0.0867557 0.0847037 0.0806068 0.0904535 0.0779257 0.0948573 0.0734774 0.0797364 0.0709918 0.0812277 0.0922451 0.0884834 0.0705969 0.0888251 0.0832102 0.0801342 0.0864054 0.0819662 0.0865578 0.0803823 0.0867689 0.0783473 0.0778532 0.0728378 0.0565403
0.0939709 0.0919437 0.0922964 0.0848725         0 0.0830352 0.0814105  0.104549 0.0986834 0.0988837 0.0946764 0.0880031 0.0929952   0.08607  0.087933 0.0881972  0.095179  0.101929  0.096699 0.0851902 0.0855466 0.0956034 0.0933305  0.101657 0.0928051 0.0937845  0.105518 0.0894756 0.0894251 0.0910299  0.102374 0.0950775  0.100936 0.0935138 0.0973725 0.0869327 0.0909722 0.0903911  0.101997 0.0927378  0.084117  0.094227  0.101106 0.0874461  0.104705 0.0980486 0.0926118 0.0876224 0.0917943 0.0898811 0.0887432 0.0994461 0.0903203 0.0918126 0.0983582 0.0858025  0.107735 0.0934688 0.0946981  0.093542 0.0838507 0.0830934 0.0830682 0.0880952 0.0995562 0.0943505 0.0957135 0.0951442 0.0811704 0.0966027 0.0889034 0.0886581 0.0845677 0.0917767 0.0831249 0.0954645  0.101957 0.0929182 0.0958284  0.104652 0.0973401 0.0925882 0.0972132 0.0948662 0.0915194  0.100998  0.083754  0.084042  0.101566 0.0861998 0.0839411 0.0957816 0.0974976 0.0901754  0.102509  0.088882  0.100978 0.0984886 0.0836911 0.0720125
  0.10229 0.0827227  0.095817 0.0779035 0.0830352         0 0.0751457   0.10168 0.0914477  0.110931 0.0852857  0.090165  0.092664  0.090282 0.0800581 0.0772257 0.0947775 0.0952457 0.0908429 0.0899117 0.0945734  0.083608 0.0881924 0.0965713 0.0857386 0.0930379 0.0954322 0.0780835 0.0751105 0.0908152 0.0895198 0.0873496  0.100093 0.0952366 0.0786218 0.0869774 0.0973468 0.0860262 0.0920599 0.0926891 0.0794211 0.0982791 0.0938872 0.0918525  0.104625 0.0957614 0.0911837 0.0828746 0.0873887   0.08609 0.0940244  0.100595 0.0793223 0.0842918 0.0931929 0.0734281 0.0919726 0.0893969 0.0872993 0.0898791 0.0905849 0.0757047 0.0842721 0.0847837 0.0965093 0.0898534 0.0913936 0.0937409 0.0781518 0.0907555 0.0856665 0.0963931 0.0963591 0.0939122  0.082387 0.0894848  0.083278   0.09859 0.0947799 0.0862411 0.0935737 0.0805159 0.0888092  0.085728 0.0968487 0.0891338 0.0943548 0.0812144  0.086058 0.0864144 0.0827241 0.0814164  0.100174 0.0929174  0.102946  0.085255 0.0946719 0.0891151  0.083285 0.0670017
0.0795996 0.0714708 0.0779104 0.0756587 0.0814105 0.0751457         0 0.0773903 0.0693011 0.0908884 0.0680494 0.0730119  0.061556 0.0739554 0.0693343 0.0681529  0.070225  0.079066 0.0764165  0.075828 0.0727958 0.0708679 0.0780734 0.0772735 0.0675647 0.0717827 0.0795104 0.0740391 0.0652989 0.0823785 0.0756897 0.0761721 0.0767965 0.0866727 0.0770438 0.0799804 0.0790458 0.0751736 0.0671957 0.0734796 0.0684277 0.0757515 0.0751324 0.0723194 0.0802165 0.0743256 0.0614551 0.0753644 0.0669169 0.0609761 0.0789774 0.0820935 0.0824663 0.0639121  0.073336 0.0586115 0.0739179 0.0701503 0.0725504 0.0758168 0.0635525 0.0623844 0.0675814 0.0713235 0.0841248 0.0630681 0.0804994 0.0768119 0.0675166 0.0715482   0.07885 0.0734022 0.0752219 0.0711858 0.0687997 0.0723348 0.0801508 0.0750521 0.0782676 0.0876491 0.0812341 0.0727672 0.0717698 0.0715943 0.0698357 0.0685224 0.0698676 0.0749449 0.0739491 0.0646768  0.073533 0.0721331 0.0866584 0.0780462 0.0840307 0.0700028 0.0735336 0.0762483 0.0586913 0.0439377
0.0863001 0.0896589 0.0878749 0.0800815  0.104549   0.10168 0.0773903         0 0.0791877 0.0976083 0.0853532 0.0904951 0.0766858 0.0921537 0.0932985 0.0760572 0.0762066 0.0914457 0.0869585 0.0839131 0.0771016 0.0795944 0.0951933 0.0927642 0.0775822 0.0741325 0.0821363 0.0843536 0.0793404 0.0908578 0.0853061 0.0818341  0.080559 0.0923129 0.0846319 0.0890277 0.0830139 0.0793311 0.0818733 0.0799995 0.0827443 0.0904767 0.0846835 0.0888768 0.0767894 0.0839151 0.0791858 0.0935835 0.0710075 0.0853598   0.08478  0.078402 0.0874357 0.0823948  0.068726 0.0773763 0.0931937  0.082357 0.0834058  0.087866 0.0662506 0.0767285 0.0773126 0.0878209 0.0810269 0.0882244 0.0984313 0.0898972 0.0692074  0.079457  0.083105 0.0811715 0.0767774 0.0828941 0.0907524 0.0786331 0.0940415  0.075432 0.0812193   0.08491 0.0948913 0.0819044 0.0848174 0.0776904 0.0804556 0.0831846 0.0879144 0.0838977 0.0776207  0.083691 0.0838389 0.0866201  0.094009 0.0860854  0.092012 0.0827494  0.077473 0.0908803  0.079451 0.0602423
0.0909099 0.0778742  0.088509 0.0750836 0.0986834 0.0914477 0.0693011 0.0791877         0 0.0980774 0.0805572 0.0847269 0.0857759 0.0777425 0.0765509 0.0833519 0.0768385 0.0927571 0.0789202 0.0838083 0.0793456 0.0744639 0.0879572 0.0879833 0.0755076  0.076707 0.0845962 0.0797061 0.0861189 0.0945991 0.0862891 0.0714004 0.0705104 0.0908663 0.0757908 0.0802798 0.0852822 0.0857091 0.0775732 0.0753256 0.0807541 0.0862665 0.0736939 0.0722438  0.088284 0.0833328 0.0705562 0.0924138 0.0770539 0.0777549 0.0774369 0.0907885 0.0943234 0.0728091  0.080172 0.0766369 0.0870194 0.0721697 0.0722327 0.0847757 0.0722807 0.0716429 0.0797139 0.0858341 0.0780528 0.0843499 0.0810324 0.0905868 0.0674604 0.0745497 0.0833947 0.0880747 0.0846692 0.0776907 0.0735085 0.0737276 0.0824675 0.0837192  0.083484 0.0753788 0.0903123 0.0778527 0.0718493 0.0741137 0.0906281 0.0767994 0.0887512 0.0678268 0.0885796 0.0807507 0.0847552 0.0710805 0.0842214  0.090882 0.0781862 0.0885462 0.0709471 0.0905114 0.0727697 0.0572812
0.0972486 0.0998931   0.10735 0.0963801 0.0988837  0.110931 0.0908884 0.0976083 0.0980774         0 0.0941059  0.101725 0.0975367 0.0990958  0.099837 0.0960114 0.0908584  0.102814 0.0945409 0.0856999 0.0912691 0.0951723 0.0974895   0.10453 0.0874641 0.0960461  0.105448 0.0968803 0.0860245  0.101135 0.0991717 0.0873051 0.0984902 0.0934281  0.100559 0.0861226 0.0951858 0.0941304 0.0909969 0.0894645 0.0953259 0.0958206 0.0890354 0.0833463  0.103271 0.0980428 0.0987495 0.0894424 0.0896622 0.0859913 0.0953916  0.096102 0.0972755 0.0945441 0.0994444 0.0901102 0.0961484 0.0903905 0.0973185  0.097402 0.0909145 0.0986421 0.0983576 0.0921451 0.0867812 0.0867414 0.0940122 0.0884681 0.0839591 0.0853969  0.097714 0.0734785 0.0921642 0.0993268 0.0999012 0.0961259  0.100883 0.0861961  0.091102 0.0962921 0.0997963 0.0894084 0.0883761 0.0909849 0.0936334 0.0982642 0.0929478 0.0853027 0.0996481  0.102794     0.083  0.100518  0.108243  0.102759 0.0856407  0.101622  0.100132 0.0959742 0.0866548 0.0742784
0.0900125  0.083513 0.0848989  0.079667 0.0946764 0.0852857 0.0680494 0.0853532 0.0805572 0.0941059         0 0.0884875 0.0718788  0.075962 0.0841688 0.0812452  0.074908 0.0784511 0.0757654 0.0790223 0.0845095  0.085875 0.0856355 0.0869707 0.0779723 0.0697581  0.087837 0.0808054 0.0802536 0.0901154 0.0862429 0.0774814 0.0847213 0.0975505 0.0858626 0.0843578 0.0813782 0.0880122  0.080348  0.078752 0.0748862 0.0846728 0.0870373 0.0712811 0.0971649 0.0719009 0.0820911 0.0811215 0.0712408 0.0755669 0.0877499 0.0775202 0.0864839  0.075376 0.0823563 0.0818944  0.087765 0.0789882 0.0788228 0.0841171 0.0812235 0.0787605 0.0886097 0.0748508 0.0837341 0.0865029 0.0811291 0.0822533 0.0672475  0.084126 0.0819084 0.0892739 0.0851767 0.0877432 0.0744996 0.0840027  0.089864 0.0840009 0.0912219 0.0833699 0.0977712 0.0747936 0.0726157 0.0824127 0.0881317   0.08513 0.0877512 0.0763816 0.0870063 0.0792932 0.0819164  0.080608 0.0895562  0.085517 0.0793983 0.0754984 0.0872325  0.079436 0.0737224  0.059282
0.0890343 0.0869588 0.0803919 0.0849963 0.0880031  0.090165 0.0730119 0.0904951 0.0847269  0.101725 0.0884875         0 0.0805545  0.089287 0.0787735 0.0859236 0.0951608 0.0857811 0.0773477 0.0940611 0.0856739 0.0843932 0.0983734 0.0840196 0.0865056 0.0833714 0.0893401 0.0651052 0.0766672 0.0882981  0.100268 0.0756086 0.0891916 0.0885358 0.0769675 0.0895421 0.0925055 0.0816097  0.090615  0.074866 0.0834245 0.0733431 0.0786193 0.0805457 0.0817156 0.0968178 0.0873474 0.0846635 0.0849387 0.0794775 0.0817814 0.0921462 0.0944248 0.0736562 0.0917037 0.0821347 0.0913055 0.0869266 0.0815247 0.0876728 0.0881214 0.0810698 0.0802411 0.0900206  0.098568 0.0909196 0.0897521 0.0938066 0.0825959 0.0902611 0.0814443 0.0859319 0.0867658 0.0926439 0.0700661 0.0812206 0.0866696 0.0790792  0.089248  0.085806 0.0810324 0.0951158 0.0830239 0.0853841 0.0776992 0.0791796 0.0779405 0.0763289  0.087349 0.0745726 0.0798094 0.0800876 0.0858295 0.0871454 0.0955464  0.085172 0.0915652 0.0892994  0.073189 0.0636433
0.0805742 0.0806211 0.0818728 0.0793757 0.0929952  0.092664  0.061556 0.0766858 0.0857759 0.0975367 0.0718788 0.0805545         0 0.0748039 0.0804836 0.0766952 0.0683339 0.0778688 0.0718392 0.0869405 0.0738878  0.081411 0.0864923 0.0900731 0.0780111 0.0775706  0.088677 0.0762037 0.0745595 0.0820351 0.0874234 0.0798928  0.091658 0.0913964 0.0831554 0.0933562 0.0794059 0.0828725 0.0757265 0.0731149 0.0741551 0.0781305 0.0880057 0.0843674 0.0793684 0.0779774 0.0757477 0.0869383 0.0688318 0.0650214 0.0777543 0.0788574 0.0770305 0.0753265 0.0735188 0.0765899 0.0821163  0.082413  0.087855 0.0821873 0.0743356 0.0771075 0.0789134 0.0747057 0.0835296 0.0790309  0.084988 0.0840874 0.0724134 0.0808479 0.0758736 0.0763552 0.0807856 0.0809052 0.0804692  0.084932 0.0910107 0.0834939 0.0862407 0.0888617  0.086987 0.0850335 0.0735606 0.0770224 0.0740025 0.0819718 0.0786917 0.0758974 0.0729659 0.0755619 0.0786477 0.0909335 0.0874056 0.0761202 0.0803571 0.0804997  0.071219 0.0756356 0.0718484 0.0540816
0.0835259 0.0797974 0.0744589 0.0791124   0.08607  0.090282 0.0739554 0.0921537 0.0777425 0.0990958  0.075962  0.089287 0.0748039         0 0.0704308 0.0860469 0.0807978 0.0831375 0.0684498  0.082948 0.0801032 0.0904205 0.0808676 0.0917502 0.0758464 0.0750157 0.0959855 0.0828858 0.0826798 0.0842504 0.0956937 0.0747069 0.0849107 0.0894863  0.087601 0.0884382 0.0794926 0.0860094  0.085861 0.0753383 0.0803688 0.0826454  0.083553 0.0781076 0.0932378 0.0804872 0.0712654 0.0836802 0.0784731 0.0685155 0.0755374 0.0904638 0.0874911 0.0691549 0.0833451 0.0715855 0.0852682 0.0780085 0.0844991 0.0833003 0.0708161 0.0809174 0.0738066 0.0843377 0.0790909 0.0877289 0.0839576 0.0813313 0.0775787 0.0776565 0.0784304 0.0851834 0.0783082  0.079716 0.0643062 0.0745476  0.082497  0.082169 0.0814906 0.0929669  0.092154 0.0838896  0.074738  0.083582  0.089668 0.0879739 0.0791773 0.0728209 0.0899985 0.0703888 0.0759804 0.0848393 0.0873969 0.0824747 0.0842007 0.0812004 0.0836055 0.0829541  0.060421 0.0586473
0.0802385  0.065708 0.0733096 0.0853322  0.087933 0.0800581 0.0693343 0.0932985 0.0765509  0.099837 0.0841688 0.0787735 0.0804836 0.0704308         0 0.0699135 0.0827523 0.0842818 0.0691833 0.0832296 0.0756971 0.0754578 0.0765003  0.074099 0.0673413 0.0712446 0.0866482  0.069509 0.0686289 0.0854712 0.0852632 0.0744512 0.0835707 0.0843176 0.0772286 0.0840105 0.0822815 0.0808455 0.0781455 0.0706986 0.0723887  0.075263 0.0843599 0.0831565 0.0837947  0.080729 0.0829684 0.0871025  0.078611 0.0708184 0.0814182 0.0918405  0.092142 0.0660619 0.0882776 0.0717999 0.0850369 0.0729247  0.069699 0.0860433  0.084895 0.0759016 0.0741074  0.081274 0.0919507 0.0737474 0.0717589 0.0774723 0.0768154 0.0778842 0.0747688 0.0818532 0.0789414 0.0802327 0.0681845 0.0778836 0.0661288 0.0868449  0.074639 0.0859486 0.0864712 0.0711382 0.0692752 0.0711905 0.0786924 0.0879048 0.0816212 0.0693668 0.0828667 0.0723823  0.076618 0.0774784 0.0780145 0.0872883 0.0836548 0.0767546 0.0828168 0.0843768  0.071988 0.0549521
0.0774877 0.0733248 0.0807708 0.0787801 0.0881972 0.0772257 0.0681529 0.0760572 0.0833519 0.0960114 0.0812452 0.0859236 0.0766952 0.0860469 0.0699135         0 0.0719974 0.0773705 0.0785418 0.0772934 0.0740345 0.0763039  0.075508 0.0781952 0.0793824 0.0715917 0.0818173 0.0720076 0.0637027 0.0861821 0.0787912 0.0770769 0.0814323  0.084905 0.0703128 0.0820675 0.0763788 0.0671754 0.0788495 0.0722249 0.0739498 0.0700875 0.0795403 0.0860463 0.0766686 0.0863016 0.0819547 0.0895651  0.070239 0.0733864 0.0791805 0.0810371 0.0877762 0.0729048 0.0783218 0.0704579  0.081118 0.0767217 0.0753871 0.0833703 0.0733331 0.0695101  0.072996 0.0793965 0.0873763 0.0701006 0.0817963 0.0789625 0.0652273 0.0787626 0.0728987 0.0824007 0.0865828 0.0851733   0.07241 0.0817915 0.0810115 0.0815602 0.0711966 0.0881085 0.0845773  0.075824 0.0789827 0.0751183 0.0777301 0.0747086 0.0732931 0.0732408  0.072305 0.0785333 0.0774023 0.0812435 0.0846848 0.0864447 0.0828692  0.068656 0.0810669 0.0892046 0.0741071 0.0512161
0.0867559 0.0827806 0.0863055 0.0811957  0.095179 0.0947775  0.070225 0.0762066 0.0768385 0.0908584  0.074908 0.0951608 0.0683339 0.0807978 0.0827523 0.0719974         0 0.0723059 0.0798681 0.0777031 0.0792575 0.0775717 0.0812194 0.0910064 0.0725921 0.0710204 0.0848595 0.0836684 0.0776098 0.0844784  0.091305 0.0670554 0.0797563 0.0909274 0.0797663  0.091998 0.0807128   0.07926 0.0802243 0.0757737 0.0764121 0.0804973  0.084038 0.0762892 0.0817175 0.0797812 0.0740737 0.0904373 0.0764382 0.0781173  0.076663 0.0793456 0.0886901 0.0776257  0.070191  0.068672 0.0801162  0.078089 0.0804924 0.0846305 0.0696398 0.0708017 0.0848224 0.0827981 0.0762362 0.0753361 0.0907894 0.0843462 0.0618822  0.067241 0.0920067 0.0776362 0.0820624  0.074196 0.0776832 0.0797422 0.0883846 0.0752342 0.0855381 0.0906252 0.0931506 0.0772828 0.0860258 0.0722145 0.0780248 0.0824633 0.0781294 0.0681927 0.0778292 0.0803994  0.089975  0.078635 0.0900488 0.0865291 0.0803972 0.0797833 0.0796572 0.0839972 0.0760181 0.0544176
0.0812969   0.07915 0.0874317 0.0835483  0.101929 0.0952457  0.079066 0.0914457 0.0927571  0.102814 0.0784511 0.0857811 0.0778688 0.0831375 0.0842818 0.0773705 0.0723059         0 0.0772327 0.0861446 0.0821043 0.0883947 0.0936847 0.0823463 0.0817975 0.0760729 0.0883846 0.0796485 0.0802812  0.074832 0.0967583  0.080149  0.093614 0.0919881 0.0826316 0.0932846 0.0834763 0.0821866  0.081733 0.0722067 0.0809502 0.0758047 0.0864626 0.0816645 0.0904115 0.0861697 0.0801333  0.088537 0.0790565 0.0760284 0.0762864 0.0773279 0.0947576 0.0810191 0.0786651 0.0788066 0.0834888 0.0808998 0.0834738 0.0888795 0.0808193 0.0840315  0.080372 0.0892398 0.0920305  0.087096 0.0914417 0.0828293  0.075791 0.0717861 0.0870298 0.0892062 0.0859217 0.0874495 0.0763482 0.0882412 0.0900505 0.0853363 0.0801391 0.0964565 0.0972199 0.0885367 0.0794893 0.0848915 0.0723173 0.0817483 0.0755384 0.0781001 0.0877041 0.0725994 0.0919853 0.0847962 0.0848916 0.0800772 0.0861249 0.0816749 0.0922204 0.0870621 0.0775456  0.062259
0.0836002  0.074944 0.0792649 0.0769098  0.096699 0.0908429 0.0764165 0.0869585 0.0789202 0.0945409 0.0757654 0.0773477 0.0718392 0.0684498 0.0691833 0.0785418 0.0798681 0.0772327         0 0.0861419 0.0685271 0.0805861  0.084094 0.0815334  0.073248 0.0738397 0.0895489 0.0746593  0.074168 0.0901911 0.0908162 0.0745713 0.0783489 0.0847223 0.0774089 0.0881285 0.0757533 0.0728491 0.0750364 0.0722147 0.0683064 0.0668659 0.0745217 0.0761553 0.0866903 0.0773456  0.075585 0.0834811 0.0718986 0.0610867 0.0712992 0.0873787  0.085337 0.0676215 0.0865862 0.0786062 0.0855906 0.0787311 0.0785481  0.075315 0.0808082 0.0751959 0.0763897 0.0862215 0.0838855 0.0829497 0.0679819  0.081248 0.0760799 0.0710794 0.0773703 0.0818564  0.079248 0.0882005 0.0672261 0.0799051 0.0679133 0.0781073 0.0754022 0.0843805 0.0856077 0.0810937 0.0599378 0.0723675 0.0816864 0.0877309 0.0784901 0.0624747 0.0846542  0.071708 0.0746452 0.0915355 0.0811612 0.0916726 0.0779391 0.0827939 0.0802935   0.08031 0.0674508 0.0547062
0.0832502  0.086632 0.0935332 0.0778379 0.0851902 0.0899117  0.075828 0.0839131 0.0838083 0.0856999 0.0790223 0.0940611 0.0869405  0.082948 0.0832296 0.0772934 0.0777031 0.0861446 0.0861419         0 0.0812553 0.0800172 0.0799472 0.0817264 0.0719053 0.0792737 0.0895962 0.0821733 0.0746684 0.0795404 0.0871202 0.0765537 0.0843091  0.105216 0.0906801 0.0856815 0.0812299 0.0740327 0.0881342 0.0843665 0.0892382 0.0920735  0.082801 0.0865834 0.0933012 0.0872362 0.0800271 0.0812895 0.0831493 0.0795381 0.0913029 0.0839662 0.0864517 0.0811175 0.0841847 0.0708199 0.0929807  0.078954 0.0776095 0.0816069 0.0797555 0.0843094 0.0680778 0.0934606 0.0754017 0.0858327  0.087168 0.0973937 0.0722506 0.0721582 0.0833465 0.0846869 0.0813528 0.0723931 0.0873239 0.0922055 0.0918049 0.0799626 0.0787294 0.0908201 0.0941111 0.0781626 0.0860335 0.0760204 0.0906131  0.092798  0.075324 0.0764289 0.0749281 0.0915728 0.0843178 0.0826194 0.0904401 0.0815611 0.0861838 0.0877752 0.0772498  0.084772 0.0692206 0.0602026
0.0800202 0.0720075 0.0840302 0.0783836 0.0855466 0.0945734 0.0727958 0.0771016 0.0793456 0.0912691 0.0845095 0.0856739 0.0738878 0.0801032 0.0756971 0.0740345 0.0792575 0.0821043 0.0685271 0.0812553         0    0.0749  0.085581 0.0881067 0.0740194 0.0768451 0.0798263 0.0842173 0.0754079 0.0868622  0.086081 0.0815841 0.0749501 0.0888437 0.0841421 0.0891401 0.0684572 0.0826339  0.075499 0.0734708 0.0737901 0.0814988 0.0747643 0.0867051 0.0820242 0.0913747 0.0794132 0.0818508 0.0748857  0.068501 0.0779634 0.0775774 0.0866881 0.0745321 0.0861729 0.0753342  0.085693 0.0753961 0.0831286  0.081615  0.069271 0.0719738 0.0675284 0.0830531 0.0843263 0.0674324 0.0723841 0.0860318 0.0676095 0.0767695  0.066104 0.0827887  0.077777 0.0716055 0.0779777 0.0870119 0.0838424 0.0802749 0.0681095 0.0940277 0.0924964 0.0795781 0.0674641 0.0755788 0.0716071 0.0867478 0.0795869  0.076766 0.0870189 0.0817664 0.0836179  0.090494 0.0777225 0.0837155 0.0794454 0.0840459 0.0808656 0.0783359 0.0773514 0.0536473
0.0835471 0.0830225 0.0922528 0.0708933 0.0956034  0.083608 0.0708679 0.0795944 0.0744639 0.0951723  0.085875 0.0843932  0.081411 0.0904205 0.0754578 0.0763039 0.0775717 0.0883947 0.0805861 0.0800172    0.0749         0 0.0911834 0.0814107 0.0677211 0.0785966 0.0789923 0.0753675  0.070063 0.0889778 0.0822427   0.08045 0.0757483 0.0943812 0.0827035 0.0845377 0.0842028 0.0798395 0.0727483 0.0795854 0.0730872 0.0839058 0.0758798 0.0877068 0.0789266  0.084272 0.0754351  0.086762 0.0697465 0.0736638 0.0816466 0.0793479 0.0774919  0.076511 0.0745627 0.0773781 0.0793562 0.0782469 0.0744109 0.0791526  0.080684 0.0706988 0.0668499 0.0902937 0.0777213 0.0750592 0.0851307 0.0886926  0.073475 0.0693426 0.0752319 0.0866366 0.0759718 0.0757808 0.0788666 0.0758729 0.0689607 0.0834124 0.0815625 0.0872599 0.0904751  0.076223  0.075979 0.0296762 0.0786203 0.0887876 0.0819339 0.0805421 0.0829047  0.086018 0.0797834 0.0800655 0.0712222 0.0888731 0.0877668 0.0746294 0.0689438 0.0806622 0.0786294 0.0549338
0.0869907 0.0738043 0.0908801 0.0858333 0.0933305 0.0881924 0.0780734 0.0951933 0.0879572 0.0974895 0.0856355 0.0983734 0.0864923 0.0808676 0.0765003  0.075508 0.0812194 0.0936847  0.084094 0.0799472  0.085581 0.0911834         0 0.0909891  0.082168 0.0768221 0.0985224 0.0849457 0.0783156   0.10519 0.0999478  0.088542 0.0984795 0.0964784 0.0904052  0.101649 0.0748429 0.0929085 0.0835947  0.081717 0.0814239 0.0849731 0.0883084 0.0910901 0.0884241 0.0921769 0.0797779 0.0916099 0.0819354 0.0745423 0.0793945  0.093325 0.0986428 0.0847848 0.0930271 0.0742363 0.0993768 0.0823029 0.0918955 0.0965987 0.0830552 0.0900411 0.0854606 0.0810997 0.0806191 0.0857238 0.0971755  0.103608 0.0744014 0.0788531 0.0869586  0.094941  0.084764 0.0953866 0.0821963 0.0990174 0.0927809 0.0795457  0.087556 0.0804177 0.0965235 0.0805053 0.0810451 0.0891849 0.0917428  0.101828 0.0940434 0.0754984 0.0920592 0.0905896 0.0922654 0.0898863  0.100603  0.104716 0.0825582 0.0909083 0.0975291 0.0884723 0.0748898 0.0663922
0.0874604 0.0711433 0.0954023 0.0904878  0.101657 0.0965713 0.0772735 0.0927642 0.0879833   0.10453 0.0869707 0.0840196 0.0900731 0.0917502  0.074099 0.0781952 0.0910064 0.0823463 0.0815334 0.0817264 0.0881067 0.0814107 0.0909891         0 0.0766542  0.078927 0.0818558 0.0785638 0.0787467 0.0971314 0.0852278 0.0875535   0.08931 0.0930158 0.0917011 0.0938553 0.0873842 0.0855641 0.0859956 0.0850577  0.080656   0.08202 0.0803336   0.08198 0.0905099 0.0910045 0.0783705 0.0880144 0.0775398 0.0733522 0.0897018 0.0876431  0.101512  0.077084 0.0914867 0.0754209 0.0899631 0.0859587 0.0729499 0.0897076 0.0839461 0.0809196 0.0769814 0.0889557 0.0983903 0.0780504  0.086105 0.0930227 0.0784266 0.0760118 0.0832489 0.0915791 0.0785596 0.0863629 0.0793873 0.0890933 0.0772766 0.0822673  0.068071 0.0942172  0.101751 0.0893314 0.0801727 0.0784953 0.0786284  0.093461 0.0852296 0.0824172 0.0823545 0.0866946 0.0876326 0.0907712 0.0932415 0.0994764 0.0945394 0.0826411 0.0816426 0.0940696 0.0731749 0.0626083
0.0807911 0.0750638 0.0805871 0.0791099 0.0928051 0.0857386 0.0675647 0.0775822 0.0755076 0.0874641 0.0779723 0.0865056 0.0780111 0.0758464 0.0673413 0.0793824 0.0725921 0.0817975  0.073248 0.0719053 0.0740194 0.0677211  0.082168 0.0766542         0 0.0671842 0.0854232 0.0775717  0.069799 0.0822957 0.0853006 0.0687965 0.0801004 0.0897155 0.0854856 0.0844834 0.0793949 0.0706684 0.0757746 0.0750329 0.0779252 0.0794155 0.0628593  0.074508 0.0812157 0.0809627 0.0673136 0.0733393 0.0667581 0.0634199 0.0846334 0.0733406 0.0840198 0.0687533 0.0740437 0.0687317 0.0874215 0.0686605 0.0720465 0.0796441 0.0677628 0.0751622 0.0647953 0.0744671 0.0722263 0.0769997 0.0802498  0.086047 0.0690346 0.0629537 0.0773815 0.0710064 0.0722834 0.0737034 0.0770443 0.0722756 0.0703553 0.0799132 0.0711457 0.0864275 0.0894466 0.0722658 0.0741683 0.0654392  0.077008 0.0822845 0.0749032 0.0734564 0.0838244  0.078103 0.0728898  0.073006 0.0843235  0.082007 0.0784671 0.0799395 0.0704636 0.0759416 0.0649133 0.0487465
0.0848281 0.0702007 0.0709849 0.0875508 0.0937845 0.0930379 0.0717827 0.0741325  0.076707 0.0960461 0.0697581 0.0833714 0.0775706 0.0750157 0.0712446 0.0715917 0.0710204 0.0760729 0.0738397 0.0792737 0.0768451 0.0785966 0.0768221  0.078927 0.0671842         0 0.0821502 0.0725945 0.0739984 0.0837717 0.0914503 0.0763928 0.0782697 0.0931282 0.0738945  0.075231 0.0803944 0.0822699 0.0835561 0.0721448 0.0774592 0.0767672 0.0785671 0.0738619 0.0737572 0.0729012 0.0710619  0.086038 0.0716796 0.0731326 0.0749189 0.0837862 0.0922189 0.0729482  0.069683 0.0763664 0.0820158 0.0688312 0.0782638 0.0862737 0.0720503 0.0712959 0.0742124 0.0783877 0.0764698 0.0772965 0.0815332 0.0788297 0.0629484 0.0746818 0.0741194 0.0848921 0.0748467 0.0900732 0.0724599 0.0666566 0.0811396  0.074974 0.0726606 0.0851697 0.0881448 0.0809717  0.083317 0.0712897 0.0785993 0.0809044 0.0760036 0.0689104 0.0732966 0.0678309 0.0784039 0.0755261 0.0844963 0.0785895 0.0807634 0.0697395 0.0824776 0.0840672 0.0631256 0.0543952
0.0934823 0.0802607 0.0994724 0.0884197  0.105518 0.0954322 0.0795104 0.0821363 0.0845962  0.105448  0.087837 0.0893401  0.088677 0.0959855 0.0866482 0.0818173 0.0848595 0.0883846 0.0895489 0.0895962 0.0798263 0.0789923 0.0985224 0.0818558 0.0854232 0.0821502         0 0.0850985 0.0814178 0.0882579  0.088001  0.090471  0.085735 0.0894252 0.0893339 0.0940065  0.081115 0.0917895 0.0792871 0.0875574 0.0916338 0.0799922 0.0823632  0.089908 0.0925562  0.101252  0.080854 0.0991649 0.0792123 0.0780736 0.0877147 0.0892639  0.104366 0.0868136 0.0797732 0.0855265 0.0907872 0.0797684 0.0870711 0.0834638  0.086114 0.0837154 0.0819231 0.0906998 0.0862259  0.090319   0.08526 0.0945103 0.0839687 0.0867642 0.0856499 0.0925038 0.0800225 0.0840419 0.0770161 0.0946466 0.0782049 0.0832037 0.0814861 0.0955799 0.0905798 0.0791436 0.0861122 0.0802773 0.0782434 0.0990702 0.0787627 0.0824993 0.0909052 0.0910234 0.0951099 0.0818829   0.08572 0.0835312  0.105825 0.0760209 0.0706191 0.0869212 0.0848553 0.0643593
 0.088078 0.0818686 0.0830465 0.0853986 0.0894756 0.0780835 0.0740391 0.0843536 0.0797061 0.0968803 0.0808054 0.0651052 0.0762037 0.0828858  0.069509 0.0720076 0.0836684 0.0796485 0.0746593 0.0821733 0.0842173 0.0753675 0.0849457 0.0785638 0.0775717 0.0725945 0.0850985         0 0.0640029 0.0797738 0.0940524 0.0722696 0.0865536 0.0866763 0.0711357 0.0718813 0.0763821 0.0798917 0.0826379 0.0736977 0.0742733 0.0787908 0.0729802 0.0768561  0.072991 0.0910765 0.0829124 0.0873028 0.0754377 0.0764578 0.0738624 0.0814902 0.0902076 0.0745306 0.0815156 0.0797171 0.0915896 0.0846653 0.0826869 0.0852149 0.0844114 0.0771902 0.0778029 0.0850186 0.0911608 0.0865773 0.0906562 0.0859697 0.0698365 0.0821256 0.0740869 0.0819761 0.0845064 0.0841275 0.0703004 0.0724531 0.0743177 0.0821688 0.0823835 0.0833181 0.0880066 0.0781908 0.0712085 0.0741491 0.0829923 0.0768675  0.077594 0.0722347 0.0803611 0.0831912 0.0685162 0.0746759 0.0766358  0.085353 0.0882987  0.078417 0.0813232 0.0872256 0.0661901 0.0566381
 0.082224 0.0813249 0.0853757  0.082184 0.0894251 0.0751105 0.0652989 0.0793404 0.0861189 0.0860245 0.0802536 0.0766672 0.0745595 0.0826798 0.0686289 0.0637027 0.0776098 0.0802812  0.074168 0.0746684 0.0754079  0.070063 0.0783156 0.0787467  0.069799 0.0739984 0.0814178 0.0640029         0 0.0829171 0.0811923 0.0757481 0.0822552 0.0863024 0.0791004 0.0813132 0.0793217 0.0746645 0.0695515 0.0734547 0.0652538 0.0826383 0.0700841 0.0803745 0.0878581 0.0902102 0.0822002 0.0829755  0.077208 0.0751447 0.0778404 0.0750408 0.0791406 0.0677056 0.0851181 0.0665654 0.0796102 0.0840121 0.0807982 0.0794034 0.0748801 0.0663776 0.0705448 0.0713462  0.082378 0.0721316 0.0867282 0.0858909 0.0650294 0.0760371 0.0727306  0.075724 0.0818268 0.0821372 0.0727046 0.0729287 0.0762357  0.073512 0.0713501 0.0766554 0.0770801 0.0632316 0.0676116  0.070232 0.0743102 0.0817991 0.0716854 0.0718789 0.0787276 0.0810056 0.0716559 0.0822174 0.0825071 0.0796925 0.0769664 0.0726976 0.0820239 0.0860305 0.0722479 0.0501061
0.0902863 0.0917716 0.0950289 0.0874732 0.0910299 0.0908152 0.0823785 0.0908578 0.0945991  0.101135 0.0901154 0.0882981 0.0820351 0.0842504 0.0854712 0.0861821 0.0844784  0.074832 0.0901911 0.0795404 0.0868622 0.0889778   0.10519 0.0971314 0.0822957 0.0837717 0.0882579 0.0797738 0.0829171         0  0.101313 0.0845925 0.0943403   0.10202 0.0937821 0.0835364 0.0981175 0.0879141  0.102431 0.0851893 0.0914591 0.0896693 0.0928897 0.0885611 0.0959109 0.0897003 0.0941649 0.0965757  0.086358 0.0875421 0.0803861 0.0822086 0.0810844  0.086319 0.0802786 0.0803493 0.0908624  0.074706 0.0882033 0.0960608 0.0879927 0.0855862 0.0852569 0.0932301 0.0865606 0.0963526   0.09172 0.0896536 0.0841567 0.0824194 0.0908231 0.0928282 0.0971617 0.0891973 0.0852229 0.0844478 0.0932776 0.0947146 0.0870926  0.106179 0.0883234 0.0892067 0.0941137 0.0846297 0.0873187  0.090015  0.082174 0.0818652 0.0863838 0.0857644 0.0848477 0.0920557  0.084502 0.0359856 0.0950678 0.0886578 0.0861346 0.0889318 0.0836978 0.0679883
0.0938419 0.0806573 0.0992044  0.085343  0.102374 0.0895198 0.0756897 0.0853061 0.0862891 0.0991717 0.0862429  0.100268 0.0874234 0.0956937 0.0852632 0.0787912  0.091305 0.0967583 0.0908162 0.0871202  0.086081 0.0822427 0.0999478 0.0852278 0.0853006 0.0914503  0.088001 0.0940524 0.0811923  0.101313         0 0.0941872  0.092206  0.100535   0.09038  0.101819 0.0899643 0.0847368 0.0752386 0.0905245 0.0853488  0.100292 0.0948419 0.0919342  0.101237 0.0959471  0.090465 0.0883351 0.0789045 0.0803632 0.0974501 0.0971473 0.0938058 0.0866029  0.101929   0.08058 0.0860063   0.08184 0.0870751 0.0796894 0.0820237 0.0774335 0.0834452 0.0870881 0.0840254 0.0748688 0.0875959 0.0925767 0.0799892 0.0901437 0.0904096 0.0830262 0.0879344 0.0924686 0.0876479 0.0958707 0.0873998 0.0951731 0.0883291 0.0920339 0.0950489 0.0909766 0.0813114 0.0832165 0.0843215 0.0885526 0.0925327 0.0861182 0.0861881 0.0895571 0.0862122 0.0911256  0.103363 0.0956149 0.0931296 0.0895275 0.0856715 0.0915859 0.0824422 0.0659353
0.0854767 0.0791891 0.0714362 0.0823542 0.0950775 0.0873496 0.0761721 0.0818341 0.0714004 0.0873051 0.0774814 0.0756086 0.0798928 0.0747069 0.0744512 0.0770769 0.0670554  0.080149 0.0745713 0.0765537 0.0815841   0.08045  0.088542 0.0875535 0.0687965 0.0763928  0.090471 0.0722696 0.0757481 0.0845925 0.0941872         0 0.0769696  0.085156 0.0741018 0.0831049 0.0729933 0.0638449 0.0828152 0.0625736 0.0793695 0.0825787 0.0747752 0.0758371 0.0798465 0.0831326 0.0770844 0.0817266 0.0820901 0.0799544 0.0735925  0.090753 0.0866802 0.0792264 0.0819565 0.0633247 0.0838753 0.0739721 0.0741873 0.0823715  0.079952 0.0693197 0.0838195 0.0845462  0.079336 0.0768935 0.0834346 0.0811399 0.0672183 0.0674526 0.0756808 0.0734271 0.0831212 0.0740021 0.0774799   0.06966 0.0817764 0.0735614 0.0817137  0.078299 0.0831429 0.0844867 0.0720427 0.0754444 0.0920549 0.0711915 0.0738764 0.0671545 0.0824276 0.0820233 0.0795204  0.073771 0.0921331 0.0869263 0.0824712 0.0839937 0.0819974 0.0866841 0.0659965 0.0546169
0.0907752 0.0833846 0.0869541 0.0874134  0.100936  0.100093 0.0767965  0.080559 0.0705104 0.0984902 0.0847213 0.0891916  0.091658 0.0849107 0.0835707 0.0814323 0.0797563  0.093614 0.0783489 0.0843091 0.0749501 0.0757483 0.0984795   0.08931 0.0801004 0.0782697  0.085735 0.0865536 0.0822552 0.0943403  0.092206 0.0769696         0 0.0919776 0.0902269  0.074707 0.0879379 0.0862952 0.0861864 0.0788916 0.0789323 0.0780366 0.0718277 0.0778943 0.0855504 0.0887337 0.0774088  0.086955 0.0747146 0.0834864 0.0784949 0.0863698    0.1012 0.0790766 0.0764948 0.0800774 0.0800716 0.0867591 0.0809012 0.0850373  0.075782  0.072386 0.0786078  0.093166 0.0852507  0.073555 0.0730166 0.0888765   0.07284 0.0756337 0.0852125 0.0930741 0.0802852 0.0752456 0.0734208 0.0758739 0.0811994 0.0856204 0.0797226 0.0901893 0.0896449 0.0858288 0.0806694 0.0753135 0.0895117 0.0852111 0.0862855 0.0852822 0.0887763 0.0801818  0.088179 0.0897209 0.0800903 0.0931208 0.0863043 0.0902161 0.0788846 0.0876146 0.0734973  0.061918
0.0974708 0.0940222 0.0874846 0.0847599 0.0935138 0.0952366 0.0866727 0.0923129 0.0908663 0.0934281 0.0975505 0.0885358 0.0913964 0.0894863 0.0843176  0.084905 0.0909274 0.0919881 0.0847223  0.105216 0.0888437 0.0943812 0.0964784 0.0930158 0.0897155 0.0931282 0.0894252 0.0866763 0.0863024   0.10202  0.100535  0.085156 0.0919776         0  0.087316 0.0759162 0.0909098 0.0859779 0.0889043 0.0783051  0.081953 0.0805772 0.0922914 0.0701275 0.0970605 0.0999886 0.0905565 0.0924436 0.0855037 0.0814383 0.0761577 0.0959135  0.102075 0.0918958  0.090643  0.080913 0.0932708 0.0859756 0.0898158 0.0914236 0.0785721  0.085893 0.0908182 0.0896141 0.0955759  0.088126 0.0922376 0.0797223 0.0834103 0.0842211 0.0894388 0.0816185 0.0834776 0.0936531 0.0795539 0.0928762 0.0834697  0.086617 0.0876758 0.0925327 0.0943027 0.0880662 0.0855349 0.0909734 0.0840389 0.0935106 0.0896232 0.0832314 0.0986034 0.0818998 0.0770886 0.0955761   0.10248  0.102301  0.102712 0.0956809 0.0954825 0.0930524   0.08431 0.0668324
  0.10391 0.0779208 0.0830071 0.0772999 0.0973725 0.0786218 0.0770438 0.0846319 0.0757908  0.100559 0.0858626 0.0769675 0.0831554  0.087601 0.0772286 0.0703128 0.0797663 0.0826316 0.0774089 0.0906801 0.0841421 0.0827035 0.0904052 0.0917011 0.0854856 0.0738945 0.0893339 0.0711357 0.0791004 0.0937821   0.09038 0.0741018 0.0902269  0.087316         0 0.0883231 0.0808745 0.0741964 0.0860453 0.0662169 0.0884358 0.0799956 0.0826883 0.0858567  0.086227 0.0893511 0.0836636 0.0903885 0.0756308  0.080042 0.0843872 0.0936321 0.0906403 0.0772313 0.0869846 0.0761879 0.0793733 0.0812999 0.0816491 0.0810032 0.0823661 0.0719533 0.0805774 0.0856718 0.0918207 0.0865588 0.0837651 0.0837967 0.0720111  0.085455 0.0800056 0.0887788 0.0957147 0.0967513 0.0721388 0.0822743 0.0858761 0.0797752 0.0837274 0.0833637 0.0879253 0.0844853 0.0763262 0.0774351 0.0887236 0.0798405 0.0808228 0.0627608 0.0838807 0.0742823 0.0800727 0.0740916 0.0911984 0.0949869 0.0912292 0.0915869 0.0895631 0.0900662 0.0746386 0.0602519
0.0961566 0.0935902 0.0837909 0.0901412 0.0869327 0.0869774 0.0799804 0.0890277 0.0802798 0.0861226 0.0843578 0.0895421 0.0933562 0.0884382 0.0840105 0.0820675  0.091998 0.0932846 0.0881285 0.0856815 0.0891401 0.0845377  0.101649 0.0938553 0.0844834  0.075231 0.0940065 0.0718813 0.0813132 0.0835364  0.101819 0.0831049  0.074707 0.0759162 0.0883231         0 0.0946606 0.0929318 0.0923592 0.0830729 0.0822443 0.0903901 0.0842998 0.0632871 0.0971345 0.0847859  0.089123 0.0828935 0.0853361 0.0895702 0.0833073 0.0911207 0.0963472  0.082524 0.0776986 0.0851834 0.0880218  0.084066 0.0832611 0.0945485 0.0851453 0.0818737 0.0847531 0.0897761 0.0929937 0.0897255 0.0853442  0.073998 0.0791712 0.0866862 0.0850217 0.0846665 0.0859857 0.0832918 0.0755997 0.0760657 0.0886258 0.0932676 0.0867499 0.0918205 0.0912335 0.0827382 0.0855727 0.0832373 0.0910087 0.0789764  0.083397 0.0817387 0.0850838  0.078941  0.072947 0.0888373 0.0906368 0.0824662 0.0896787 0.0865199 0.0858308 0.0938098 0.0758839  0.065843
0.0824537 0.0743545 0.0843215 0.0815341 0.0909722 0.0973468 0.0790458 0.0830139 0.0852822 0.0951858 0.0813782 0.0925055 0.0794059 0.0794926 0.0822815 0.0763788 0.0807128 0.0834763 0.0757533 0.0812299 0.0684572 0.0842028 0.0748429 0.0873842 0.0793949 0.0803944  0.081115 0.0763821 0.0793217 0.0981175 0.0899643 0.0729933 0.0879379 0.0909098 0.0808745 0.0946606         0  0.077863 0.0706182 0.0669812 0.0815381  0.080524 0.0831071 0.0920296 0.0856685 0.0953878 0.0804439 0.0862664 0.0693808 0.0668849 0.0793939 0.0816491 0.0994496 0.0884245 0.0876462 0.0785079 0.0909662 0.0873805 0.0911414 0.0706828  0.075775 0.0761439 0.0800431 0.0838176 0.0845993 0.0837983 0.0919647 0.0926419 0.0748881 0.0853938 0.0696855 0.0853082 0.0787084 0.0758459 0.0768385 0.0912789 0.0831437 0.0674441 0.0782065 0.0854848 0.0958934  0.078604 0.0631081 0.0792029 0.0834414 0.0895024  0.074554 0.0693996 0.0888256 0.0876565  0.090048 0.0883974 0.0923561  0.100608 0.0862429 0.0823621 0.0831592  0.088681 0.0729468 0.0589238
0.0873663 0.0838319  0.077212 0.0787995 0.0903911 0.0860262 0.0751736 0.0793311 0.0857091 0.0941304 0.0880122 0.0816097 0.0828725 0.0860094 0.0808455 0.0671754   0.07926 0.0821866 0.0728491 0.0740327 0.0826339 0.0798395 0.0929085 0.0855641 0.0706684 0.0822699 0.0917895 0.0798917 0.0746645 0.0879141 0.0847368 0.0638449 0.0862952 0.0859779 0.0741964 0.0929318  0.077863         0 0.0840269 0.0676414 0.0862302 0.0775395 0.0834632 0.0861443 0.0842052  0.091865 0.0834583 0.0871391 0.0714753 0.0781684 0.0874433   0.08903 0.0837858 0.0854711 0.0819299 0.0725358 0.0909167 0.0812256 0.0816791 0.0723026 0.0744061 0.0631034 0.0744141 0.0886027 0.0807691 0.0781163 0.0896726 0.0813114 0.0690364 0.0707259  0.083133 0.0807284 0.0829313 0.0883679 0.0838076   0.08075 0.0790097 0.0746983 0.0753732 0.0858348 0.0826344 0.0850334  0.080607 0.0742727 0.0852073 0.0814498 0.0706824 0.0757746 0.0774597 0.0802685  0.078587 0.0845438 0.0879315   0.09267 0.0937287 0.0856676 0.0813874 0.0938994 0.0763215 0.0559203
0.0821527 0.0743987 0.0850475 0.0864625  0.101997 0.0920599 0.0671957 0.0818733 0.0775732 0.0909969  0.080348  0.090615 0.0757265  0.085861 0.0781455 0.0788495 0.0802243  0.081733 0.0750364 0.0881342  0.075499 0.0727483 0.0835947 0.0859956 0.0757746 0.0835561 0.0792871 0.0826379 0.0695515  0.102431 0.0752386 0.0828152 0.0861864 0.0889043 0.0860453 0.0923592 0.0706182 0.0840269         0 0.0753511 0.0762319 0.0837119 0.0819515 0.0880379 0.0898034   0.08876 0.0808891 0.0827144 0.0685988 0.0692174 0.0873337 0.0834724 0.0947972 0.0770185 0.0860756 0.0737606 0.0772703 0.0787707 0.0804596  0.070898 0.0786503 0.0781298 0.0832315 0.0758743 0.0873413 0.0766208 0.0858083 0.0829856 0.0732006 0.0753854 0.0828572 0.0740734 0.0730985 0.0829452 0.0814471 0.0881932 0.0785043 0.0768808 0.0785219 0.0803644  0.087919 0.0753655 0.0628071 0.0755091 0.0754116 0.0849259 0.0807806 0.0711621 0.0787523 0.0783816 0.0849662 0.0785502 0.0897554  0.100588  0.080835 0.0819257 0.0754021 0.0888261 0.0814898 0.0560008
0.0887896 0.0752234 0.0721181 0.0758148 0.0927378 0.0926891 0.0734796 0.0799995 0.0753256 0.0894645  0.078752  0.074866 0.0731149 0.0753383 0.0706986 0.0722249 0.0757737 0.0722067 0.0722147 0.0843665 0.0734708 0.0795854  0.081717 0.0850577 0.0750329 0.0721448 0.0875574 0.0736977 0.0734547 0.0851893 0.0905245 0.0625736 0.0788916 0.0783051 0.0662169 0.0830729 0.0669812 0.0676414 0.0753511         0 0.0769225 0.0706981 0.0849959  0.079891 0.0778582 0.0795099 0.0771974 0.0870466 0.0620014 0.0714363  0.065382  0.082238 0.0809533 0.0790381  0.085063 0.0697256 0.0726615 0.0727346 0.0727441 0.0766034 0.0732286 0.0683712 0.0718533 0.0786174 0.0843806 0.0678115 0.0785862 0.0752599 0.0676286 0.0752499 0.0667461 0.0785718 0.0793553 0.0792796 0.0696979 0.0753998 0.0869018 0.0599739 0.0783959 0.0804224 0.0847483 0.0820574 0.0651993 0.0732455 0.0729983 0.0779944 0.0771556 0.0686591  0.079881 0.0667461 0.0815164 0.0782459 0.0796193  0.084187 0.0813272  0.081104 0.0824673 0.0889498 0.0682421 0.0514666
