        0  0.133382  0.108441  0.129762  0.105556  0.132662  0.121337  0.107235  0.124303  0.115645  0.136072  0.140016   0.12047  0.121176  0.107489  0.124495 0.0866414 0.0785112   0.11529  0.132792  0.116605  0.139579   0.13585 0.0889239  0.102357  0.118571  0.122455  0.140346  0.143452  0.118613  0.122089  0.130415  0.128309  0.111936  0.135097  0.129822  0.131063 0.0971274  0.136033  0.107298  0.122529  0.108553  0.115868  0.131755  0.080587  0.143915  0.104522  0.145217  0.136336  0.138204  0.125999 0.0779833  0.127232  0.142021  0.145542  0.138918  0.116075  0.132778  0.127445  0.153948   0.14284 0.0950956   0.14132   0.12172    0.1217  0.138218  0.113886  0.136385  0.138983  0.145037  0.136915 0.0907061  0.125547  0.131785 0.0934814  0.115667 0.0776109  0.129548  0.142514  0.133749  0.119912  0.116489   0.10309  0.129873  0.100741  0.136556  0.115231  0.129132  0.132829  0.115231  0.138862  0.138332  0.112798 0.0873397   0.12096  0.131438 0.0793809  0.130227  0.135824 0.0906475
 0.133382         0   0.11948  0.128431  0.118737  0.143609  0.133558  0.109426  0.136339  0.104283 0.0708218 0.0811642  0.111895  0.126439  0.122979  0.132449  0.123775  0.114758  0.104133 0.0682787  0.107085   0.07042  0.072085  0.136651  0.112202  0.109146  0.126005 0.0902201 0.0743706  0.139174  0.121237 0.0553207   0.13335  0.113432 0.0744661 0.0623036  0.134477  0.116454 0.0732988  0.118134  0.128564  0.115833  0.108858 0.0657093  0.130036  0.137497  0.117081  0.140003 0.0700714 0.0741472 0.0619441  0.116336  0.126062  0.135593  0.141765 0.0707517  0.102675 0.0722485  0.128993  0.152358  0.136043   0.11494  0.139485  0.127404  0.106737  0.072014  0.138827 0.0654753  0.135699  0.146785  0.131061  0.129038  0.132275 0.0663626  0.110025  0.108892  0.123679 0.0604736 0.0657446  0.131998   0.12894  0.127766  0.119563 0.0752733    0.1208 0.0765768  0.110121 0.0656981 0.0728883  0.114136  0.139674 0.0755534  0.131913  0.115765  0.106028  0.132831  0.116722  0.131915  0.127145 0.0860325
 0.108441   0.11948         0  0.125705 0.0895067  0.135778  0.107561  0.106908  0.114073  0.107937  0.125052  0.124018  0.117532   0.12014 0.0866148  0.106529  0.103829   0.10045  0.105196  0.122205  0.105247  0.128288  0.121783   0.11185 0.0767467  0.107775   0.10407  0.141263  0.135231  0.106693 0.0970316  0.115878   0.12248 0.0828687  0.124943  0.127863  0.133604 0.0888482  0.128389 0.0883181  0.102192 0.0871878  0.105021  0.121765 0.0991027  0.133608 0.0819653  0.132899  0.127225  0.126786  0.121116 0.0981106  0.108381  0.129226  0.144059  0.126336  0.105957  0.130122  0.122005  0.147915  0.136578 0.0829014  0.126754  0.101367   0.10798   0.12844  0.106634   0.12018  0.124001   0.13323  0.127663  0.112724  0.129394  0.131544 0.0847469  0.112996   0.10438  0.119975    0.1261  0.118933  0.104559  0.109197 0.0827052  0.116836 0.0850737  0.127803  0.090041  0.124899  0.124582 0.0944128  0.132407  0.132702  0.100393 0.0796107   0.10792  0.118659 0.0930578  0.121417  0.131181 0.0792273
 0.129762  0.128431  0.125705         0  0.113436 0.0733817  0.130782 0.0864519  0.137303 0.0951897  0.132526   0.13192 0.0999648 0.0901572  0.126101  0.128244  0.126833  0.123238 0.0987742   0.13035 0.0876572  0.129893  0.133334  0.131244  0.118716 0.0925013  0.127686  0.147278  0.137584  0.136682  0.133236  0.127389 0.0855549  0.116758  0.126532  0.129625 0.0730223  0.118538   0.13409  0.122216  0.132978  0.115441 0.0959166  0.133367  0.131631 0.0720793  0.115252  0.106596  0.129952  0.129506  0.124859   0.12643  0.130302 0.0846452  0.113419  0.131636   0.10377   0.12762 0.0905802  0.112087 0.0831065  0.120297 0.0915722  0.122536 0.0908021  0.136994  0.139584  0.126235 0.0808377  0.100121 0.0725434  0.137274   0.07427  0.130695  0.118267  0.100133  0.129305   0.12736  0.133783 0.0877015  0.130881  0.127236  0.119778  0.129916  0.115406  0.127849  0.123232  0.127761  0.135212  0.123275   0.10225  0.141538  0.128156  0.122964 0.0965322 0.0910639  0.128422 0.0871551 0.0681746 0.0882388
 0.105556  0.118737 0.0895067  0.113436         0  0.120412 0.0927061 0.0944252  0.100997 0.0984422  0.124242  0.121012   0.11249  0.100079 0.0703548 0.0932256  0.107129  0.099035 0.0985129  0.118449  0.100733  0.123311  0.121042  0.112025 0.0714838  0.104275 0.0865782  0.133996  0.120774 0.0935696 0.0946631  0.121753  0.112146 0.0772756  0.115315  0.119619  0.117703 0.0679815  0.126277 0.0736868 0.0961842 0.0665999 0.0992357  0.121165  0.107508  0.125472 0.0682099  0.118649   0.11826  0.119952  0.116472 0.0993601 0.0912161  0.113961   0.12798  0.120583 0.0975296  0.116386  0.111519  0.136204  0.120037 0.0786355  0.122595 0.0945583    0.1013  0.117677 0.0988856  0.121826   0.12315  0.122715  0.118068  0.106027  0.113983  0.123595 0.0686679  0.101387 0.0992431  0.117036  0.121196  0.116097 0.0887315  0.092497  0.075403  0.123684 0.0712099  0.124526 0.0821932  0.112635  0.118339 0.0820186  0.118521  0.123621 0.0864154 0.0822892  0.101248  0.109728  0.100302  0.107994  0.121708 0.0676494
 0.132662  0.143609  0.135778 0.0733817  0.120412         0  0.131342  0.105691  0.131153  0.108701   0.14529  0.146508  0.106471 0.0989816   0.13129   0.13902  0.132686  0.129019  0.107839   0.13898  0.102355  0.137419  0.147148   0.13454  0.126463   0.10268  0.126614  0.155213  0.146025  0.141026  0.132699  0.142368 0.0907929  0.123486   0.13605  0.137557 0.0370315  0.122461     0.146  0.128822  0.137971   0.12725  0.100204  0.146051  0.136618 0.0727896  0.124645 0.0959326  0.143395  0.140855  0.132011  0.134068  0.136704 0.0842429   0.11215  0.139429  0.104034   0.13851 0.0907032  0.107476 0.0764825  0.123857 0.0926466  0.125439  0.111208  0.149895  0.140126  0.139712 0.0774958 0.0993281 0.0746133  0.140438 0.0432588  0.142813  0.118886  0.110002  0.131596  0.140781  0.146599  0.092724  0.132294  0.135571  0.120646  0.140392  0.122506   0.14188  0.120625   0.13996  0.143899  0.120268  0.110621  0.141584  0.126504  0.122956  0.106425 0.0880095  0.133577 0.0813189 0.0700847 0.0973394
 0.121337  0.133558  0.107561  0.130782 0.0927061  0.131342         0  0.114975 0.0643675  0.118444   0.13652  0.132608    0.1179  0.111106 0.0983428 0.0795388  0.109041  0.114851  0.111037  0.133212  0.117762  0.135422  0.134568  0.122102 0.0918931  0.112585 0.0749332  0.147462  0.134225 0.0725017  0.101869  0.130173  0.122359  0.087409  0.131227  0.128833  0.127236 0.0930202  0.129089 0.0968684 0.0798554 0.0958423  0.110295  0.138468  0.118273  0.139655 0.0907911  0.106278  0.131399  0.126427  0.130279  0.104451   0.07982  0.124708  0.109938  0.129024  0.109162  0.128599  0.128141  0.120744  0.134305 0.0937043  0.130394 0.0798108  0.114759  0.132361 0.0748209  0.131141  0.136629  0.111269  0.132975  0.107936  0.124739  0.129631 0.0888765  0.119442  0.113526  0.133278  0.132978  0.126921 0.0808271 0.0728159 0.0916206  0.137929 0.0940083   0.13725 0.0998922  0.126981   0.13454  0.101886  0.102097  0.133101 0.0640058 0.0908852  0.116048  0.117601  0.107973  0.121042   0.13393 0.0838769
 0.107235  0.109426  0.106908 0.0864519 0.0944252  0.105691  0.114975         0  0.118513 0.0745009  0.114489  0.118847 0.0923786  0.104159  0.105044  0.117657  0.111907  0.106228 0.0784622  0.113542 0.0807072  0.113982  0.116316  0.121849    0.1047 0.0729752  0.110792  0.129806  0.115699  0.120394  0.112331  0.110451  0.110044  0.104307  0.108372  0.109196  0.102384  0.100345  0.116578  0.108831  0.117948 0.0957246 0.0714937  0.113265  0.120012  0.106538 0.0993196  0.119417  0.114692  0.115133  0.107137  0.109134  0.118197  0.119748  0.122585   0.11438 0.0812526  0.106306  0.109269  0.131074  0.104295 0.0969677  0.122944  0.111705 0.0766397  0.115192  0.122079  0.110758  0.106167  0.122516  0.104339  0.125055 0.0968302  0.116496 0.0988241 0.0827668  0.110493  0.110442  0.114406  0.114098  0.110927  0.110575 0.0932583  0.107316 0.0956495  0.109751 0.0995164  0.105628  0.106791 0.0996035  0.112828  0.119236  0.109632  0.100025 0.0811285  0.109898  0.110854  0.104025  0.100578 0.0689107
 0.124303  0.136339  0.114073  0.137303  0.100997  0.131153 0.0643675  0.118513         0  0.115866  0.133515   0.13469  0.119727  0.120779   0.10199 0.0792366  0.107064  0.113412  0.114385  0.133702  0.120812  0.133261   0.13428  0.122717 0.0932113  0.113752  0.075534  0.143784  0.131883 0.0761822   0.10134  0.132199  0.127333 0.0935051  0.125452  0.129868  0.128088 0.0963076  0.129147  0.096543 0.0776961 0.0958334  0.111889  0.139804  0.115255  0.144174 0.0968075  0.114289   0.13247  0.125968   0.12877  0.109264  0.078268  0.133444  0.118338  0.135148  0.112952  0.130139  0.131778  0.121006  0.133171   0.10285   0.13803 0.0729202  0.116967  0.132054 0.0814869  0.133901   0.13881  0.119457  0.133838  0.115027  0.126355  0.132137 0.0943284  0.119995  0.115487  0.135025  0.136003  0.137714 0.0800356 0.0844917 0.0957726  0.137082 0.0979698  0.138896 0.0962429  0.126389  0.131098 0.0975877  0.111786  0.130877 0.0665231 0.0911869  0.115037   0.12286  0.107381  0.126514  0.137585 0.0874811
 0.115645  0.104283  0.107937 0.0951897 0.0984422  0.108701  0.118444 0.0745009  0.115866         0  0.113134  0.119302 0.0787569  0.110197  0.104549  0.121489  0.115165  0.108348 0.0638917  0.112365 0.0643926  0.115937  0.111712   0.12097 0.0979812 0.0701665  0.105971  0.128596  0.114837  0.123427  0.107308  0.108714  0.111153  0.102245  0.109421  0.109815  0.104082 0.0931939  0.118616  0.105144  0.116679 0.0962003 0.0695843   0.11408  0.111917  0.114659  0.100726  0.125575  0.106482  0.112008  0.103661  0.109205  0.113442  0.118341  0.134488   0.11196 0.0720749  0.107535  0.110939  0.137223  0.112196  0.105772  0.127553  0.110339 0.0730196  0.115538   0.12785   0.10968  0.108991   0.12687  0.101488  0.120868  0.100623  0.114169 0.0946471 0.0660387  0.107815  0.107469  0.110743  0.116203  0.113706  0.119093  0.103372  0.108324  0.101304  0.113647 0.0878302  0.110558  0.113294 0.0882222  0.126471  0.114471  0.110229  0.104768 0.0402338  0.116222  0.101926   0.11132  0.107408 0.0689586
 0.136072 0.0708218  0.125052  0.132526  0.124242   0.14529   0.13652  0.114489  0.133515  0.113134         0 0.0794671  0.117648  0.128853  0.128146   0.13375   0.13124   0.12408  0.117477 0.0774661  0.112953 0.0761574 0.0682175  0.141318  0.118119  0.114091  0.133512 0.0903394 0.0764774  0.138749  0.130722 0.0679189  0.133213  0.122434 0.0706814 0.0742413  0.139205  0.124544 0.0734486  0.121578  0.136553  0.118639  0.119124 0.0747523  0.128592  0.140862  0.120162  0.143184 0.0792121   0.08278 0.0666443  0.123299  0.133278  0.141005  0.145155 0.0800078  0.111703 0.0705042  0.135239  0.153371  0.136146  0.122399  0.144333  0.132365  0.116658  0.083478  0.146812 0.0792559  0.137264  0.147176  0.136506  0.136654  0.137836 0.0834922  0.122605  0.123866  0.126076 0.0793374 0.0789915  0.131388  0.132235  0.135545  0.123285 0.0774163  0.122056 0.0793359  0.119069 0.0728653 0.0764737  0.121268  0.143007 0.0846543  0.133495  0.121385  0.112844  0.136259   0.12078  0.134995  0.134171 0.0932051
 0.140016 0.0811642  0.124018   0.13192  0.121012  0.146508  0.132608  0.118847   0.13469  0.119302 0.0794671         0  0.118959  0.133787  0.127424  0.134588  0.129452  0.122744  0.122445 0.0883764  0.124151 0.0881815 0.0821036  0.137939  0.112261  0.116235  0.126104  0.102091  0.083581  0.133599  0.127313  0.086883  0.135447  0.122909 0.0823988 0.0808621  0.139492  0.122551 0.0928092  0.114314  0.134764  0.122878  0.116576 0.0879608  0.137683  0.145752  0.115923  0.145564 0.0866723 0.0857038 0.0830404  0.126405  0.128331   0.13395  0.148402 0.0925623  0.112391 0.0842669  0.137679  0.155206  0.138664  0.114944  0.138393  0.127167  0.119036 0.0891957  0.140273  0.080959  0.144902  0.149139  0.138273  0.139276  0.138858 0.0947705  0.115712  0.126993  0.130817 0.0815402 0.0872792  0.135414  0.129737   0.12881  0.119539  0.089198  0.123106 0.0853189  0.120219 0.0891837 0.0855514  0.122852  0.142899 0.0897494  0.129817  0.120415    0.1203  0.141753  0.126267   0.13478  0.139783 0.0962213
  0.12047  0.111895  0.117532 0.0999648   0.11249  0.106471    0.1179 0.0923786  0.119727 0.0787569  0.117648  0.118959         0  0.111157  0.120596   0.12797   0.11238  0.115418  0.077874  0.121372 0.0769437  0.121011  0.119228  0.118585  0.109024  0.069943  0.113108  0.136467  0.123155  0.127652  0.116319  0.116988  0.114743  0.108681  0.117631   0.10983  0.100815 0.0998602  0.116376  0.113704  0.121876  0.106996 0.0802672  0.116586   0.12146  0.104977  0.110122  0.125153  0.121033  0.118273  0.108129   0.11099  0.123852  0.117642  0.127877   0.11471 0.0793305  0.121685  0.113562  0.136624  0.110483  0.106824  0.124717   0.11328 0.0799293  0.129464   0.12922  0.121797   0.10596  0.128104  0.102396  0.122251 0.0940539  0.120046  0.102221 0.0757782   0.11505   0.11515  0.117257  0.112771  0.119057  0.119546  0.109314  0.114711   0.10654  0.118867  0.103819  0.121487  0.120552  0.104856  0.123387  0.123498  0.107309  0.111947 0.0824918  0.113746  0.110968  0.103378  0.103225  0.075811
 0.121176  0.126439   0.12014 0.0901572  0.100079 0.0989816  0.111106  0.104159  0.120779  0.110197  0.128853  0.133787  0.111157         0  0.114872  0.113939  0.120798  0.118298  0.103263  0.122491  0.101929  0.131648  0.130335  0.127283  0.108497  0.106121  0.105398  0.141987   0.13608  0.117212  0.117233   0.12341 0.0762014 0.0975584  0.123639  0.121281 0.0955408  0.105295  0.120739  0.113758  0.117441  0.101036  0.109694  0.129269  0.118445 0.0994233  0.110709 0.0861172  0.127615  0.125816  0.125444   0.10932   0.11871 0.0864425 0.0941286  0.125734  0.112578  0.126536 0.0740455 0.0956011  0.111522  0.108885 0.0950646  0.110891  0.104362  0.128716  0.128899  0.118227 0.0968702 0.0913556 0.0917776  0.119294 0.0922368  0.122251  0.105159  0.113405  0.121864  0.124903  0.128966 0.0854925  0.118644  0.106857   0.10316  0.127823  0.104285  0.126944  0.117207  0.115093  0.130417   0.11588 0.0912211  0.133466  0.112175  0.106404  0.110801 0.0773777  0.117619 0.0823356 0.0928856 0.0783018
 0.107489  0.122979 0.0866148  0.126101 0.0703548   0.13129 0.0983428  0.105044   0.10199  0.104549  0.128146  0.127424  0.120596  0.114872         0 0.0951036  0.107454 0.0932858  0.108181  0.123052  0.116454  0.129424  0.125965  0.118116 0.0733904  0.109019 0.0937529  0.135118  0.123629  0.083743 0.0905615  0.121884  0.115872 0.0858507  0.126261  0.126573  0.127385 0.0730078   0.12957 0.0798134  0.102818 0.0707805  0.102816   0.12842  0.103951  0.135735 0.0726687  0.134011  0.126063  0.126264  0.118989  0.102428  0.095303  0.125914  0.140415  0.130376  0.103068  0.123547  0.122173  0.148894  0.131633 0.0809834  0.132154 0.0935844  0.113437  0.128725 0.0950437  0.123779    0.1341  0.131421  0.127521   0.10627  0.126503  0.123751 0.0687387  0.111418   0.09638   0.12108  0.127121  0.119522 0.0977343  0.101499 0.0732139  0.122498 0.0729476  0.129908 0.0791474  0.120897  0.130878 0.0798898  0.126461  0.131126 0.0924459 0.0832788  0.108093  0.123623 0.0946541  0.116146  0.131312 0.0761003
 0.124495  0.132449  0.106529  0.128244 0.0932256   0.13902 0.0795388  0.117657 0.0792366  0.121489   0.13375  0.134588   0.12797  0.113939 0.0951036         0    0.1032  0.114662  0.120888  0.129156  0.120835  0.135081  0.131917  0.118028 0.0940699   0.11787 0.0761601  0.144424  0.135349 0.0683408  0.107836  0.129361   0.12828 0.0899966  0.130914  0.132731  0.137686 0.0954972   0.13012 0.0944698 0.0771393 0.0936826  0.119621  0.137581  0.114236  0.141798 0.0945305  0.115492  0.128777  0.125214  0.130509  0.107423  0.062237  0.132744   0.11038  0.138313  0.121097  0.131118  0.127545  0.124672  0.133429   0.10112  0.136325 0.0708808  0.117484  0.138601 0.0800377  0.128789  0.138121  0.108631  0.128996  0.113965  0.134489  0.136379 0.0932445   0.12206  0.111716  0.134984  0.140584  0.135433 0.0783039 0.0661256 0.0914867   0.13945 0.0999989  0.139756  0.102487   0.12964  0.133927  0.103889  0.102516  0.139312 0.0801142 0.0936997  0.119717  0.126024  0.112654  0.128226   0.13837 0.0867245
0.0866414  0.123775  0.103829  0.126833  0.107129  0.132686  0.109041  0.111907  0.107064  0.115165   0.13124  0.129452   0.11238  0.120798  0.107454    0.1032         0  0.086933  0.116713  0.132929  0.116766  0.125105   0.12833  0.080377 0.0897539  0.112737  0.104696  0.135106  0.131769  0.109649  0.108459  0.126421  0.125765 0.0945203  0.125506  0.127942  0.131216  0.092951   0.13097  0.102786  0.107436  0.100781  0.117526  0.130413 0.0818854   0.13939  0.098275  0.135864  0.125123   0.12548  0.116496 0.0777916  0.104741  0.132268  0.131015  0.133272  0.110798  0.129624  0.122068  0.142028   0.12967 0.0921099  0.128279  0.098744  0.110125  0.134332  0.104505  0.125247  0.136873  0.132771  0.133251 0.0872687  0.129061   0.12969 0.0893618  0.117058 0.0803041  0.126526  0.140612  0.130891  0.108363  0.107101 0.0991504  0.126283  0.103113  0.133755  0.102825  0.125008  0.130524  0.103281  0.128005  0.133022  0.104255 0.0787516  0.113359  0.125796 0.0752028  0.118254  0.130736 0.0830433
0.0785112  0.114758   0.10045  0.123238  0.099035  0.129019  0.114851  0.106228  0.113412  0.108348   0.12408  0.122744  0.115418  0.118298 0.0932858  0.114662  0.086933         0  0.108509  0.112896  0.115446  0.118463  0.123435 0.0981897 0.0901881  0.107075  0.107549  0.132138  0.120681  0.111951  0.106263  0.113726  0.119073  0.104237  0.116197  0.118606   0.12809 0.0932469  0.125131 0.0995137   0.10726 0.0979611  0.104804  0.121885 0.0719416  0.138405 0.0975597  0.131559  0.121365  0.121388  0.112116 0.0806455  0.114173  0.128451  0.131979  0.122645  0.109066  0.120542  0.118361  0.139093  0.130739 0.0884324  0.130596  0.112245  0.110528  0.122795  0.105349  0.121608   0.13554   0.13271  0.128819 0.0907084  0.120652  0.116797 0.0900967  0.110115 0.0719138  0.113616  0.124891  0.125275  0.109107  0.114677  0.102304   0.11739  0.102906  0.122479 0.0919012  0.112038  0.120214 0.0930952  0.128494  0.117259  0.111568 0.0795947  0.110302  0.120779 0.0670939  0.124893  0.132409 0.0768938
  0.11529  0.104133  0.105196 0.0987742 0.0985129  0.107839  0.111037 0.0784622  0.114385 0.0638917  0.117477  0.122445  0.077874  0.103263  0.108181  0.120888  0.116713  0.108509         0  0.109809  0.065963  0.113272  0.113801  0.119768  0.101524 0.0701856  0.105755  0.131568  0.119063  0.120851  0.105116  0.107081  0.115385 0.0932169  0.113497  0.103007  0.102176 0.0899466  0.113535   0.10745   0.11502 0.0980087 0.0620454   0.11668  0.119985  0.111322  0.104983  0.118438  0.111142  0.112074  0.105315  0.106692  0.114068   0.11753  0.128285  0.106671  0.072082  0.109978  0.110209  0.133319  0.117472  0.103559  0.125181  0.108874 0.0708823  0.110746  0.121826  0.108474  0.111384  0.123313   0.10447   0.11508 0.0995767  0.108218 0.0922395 0.0659409   0.11715  0.110207  0.110983  0.113244  0.111521  0.116781  0.100143  0.110214 0.0976506  0.113804 0.0929541  0.108849   0.11161 0.0934119  0.120351  0.112406  0.104467  0.101537 0.0689028  0.108662  0.105658  0.108872  0.110708 0.0688249
 0.132792 0.0682787  0.122205   0.13035  0.118449   0.13898  0.133212  0.113542  0.133702  0.112365 0.0774661 0.0883764  0.121372  0.122491  0.123052  0.129156  0.132929  0.112896  0.109809         0  0.113808 0.0749698 0.0776095  0.136902  0.118229  0.117029  0.128705 0.0999775 0.0843357  0.133828  0.124611 0.0639983  0.129135    0.1202 0.0734976 0.0738944  0.131554  0.116754 0.0732124   0.11624  0.132298  0.114392  0.109199 0.0670185  0.127577  0.138894  0.120598   0.13543 0.0722334 0.0813248 0.0748009  0.119553  0.125723  0.132561  0.140705 0.0796233   0.11182 0.0783313  0.130981   0.14588  0.132474  0.118756  0.138821  0.131064  0.109963 0.0806573   0.13952 0.0683085  0.140432  0.140897   0.13341  0.132068  0.132422 0.0860852  0.119089  0.118995  0.121518 0.0734297   0.07448   0.12851  0.128789  0.128359  0.118767 0.0776901  0.123004 0.0771776  0.113211 0.0726635 0.0773568  0.116456  0.137172  0.072972  0.129365   0.11843  0.113921  0.135157  0.120192  0.133565  0.130759 0.0885468
 0.116605  0.107085  0.105247 0.0876572  0.100733  0.102355  0.117762 0.0807072  0.120812 0.0643926  0.112953  0.124151 0.0769437  0.101929  0.116454  0.120835  0.116766  0.115446  0.065963  0.113808         0  0.118413  0.112916  0.120969  0.100094 0.0675707  0.115435  0.134573  0.123104  0.129349  0.113817  0.109105  0.114929 0.0993364  0.110419  0.113356 0.0982348  0.101943  0.116963  0.109239  0.120447 0.0992264 0.0769854  0.114085  0.115543  0.103412  0.101937  0.119975  0.110381  0.114825   0.10625  0.108936  0.122227  0.119646  0.124129  0.114351 0.0746623  0.113387  0.102334  0.135821  0.108461  0.105136  0.120711   0.11233 0.0764758  0.120745  0.129143  0.112415 0.0939336  0.125154 0.0961111   0.11976 0.0938061  0.115703 0.0970242 0.0720873  0.115902  0.109079  0.116731  0.111488   0.11827  0.117895  0.101379  0.110591  0.101603  0.119543 0.0975155  0.116325  0.113341 0.0998848  0.121977  0.122377  0.115075  0.105419  0.071143  0.102326  0.111013  0.106535 0.0953955 0.0712812
 0.139579   0.07042  0.128288  0.129893  0.123311  0.137419  0.135422  0.113982  0.133261  0.115937 0.0761574 0.0881815  0.121011  0.131648  0.129424  0.135081  0.125105  0.118463  0.113272 0.0749698  0.118413         0 0.0780598   0.13355  0.117717  0.110173  0.128969  0.091312 0.0820769  0.142523  0.121646 0.0666971   0.13022  0.119567 0.0733063 0.0714859   0.13184  0.119086 0.0898882  0.117714   0.13175  0.121376  0.111033 0.0734509  0.135371  0.134848  0.121787  0.136914 0.0687182 0.0807147 0.0685053  0.128428   0.13128   0.13383   0.14041  0.075076  0.106185  0.070861  0.127782  0.147354  0.129687  0.123509  0.136418  0.133323  0.108368 0.0765686  0.139885 0.0761157   0.14192  0.143715  0.132943  0.137088  0.133214 0.0783185  0.119997  0.114406  0.123835 0.0696966 0.0840975  0.127871  0.133652   0.14149  0.121208 0.0752542  0.125477 0.0835192  0.113144 0.0717229  0.073571  0.117198  0.141196 0.0755894  0.135104  0.120946  0.112402  0.133836  0.123044  0.130443  0.128888 0.0896995
  0.13585  0.072085  0.121783  0.133334  0.121042  0.147148  0.134568  0.116316   0.13428  0.111712 0.0682175 0.0821036  0.119228  0.130335  0.125965  0.131917   0.12833  0.123435  0.113801 0.0776095  0.112916 0.0780598         0  0.137291  0.115082  0.114402  0.129456 0.0934868 0.0767482  0.139391  0.124517 0.0722824  0.131795  0.118707 0.0766418 0.0757138  0.141157  0.118002 0.0814719  0.115818  0.133415  0.114364  0.114613 0.0742663  0.129422  0.143553  0.119605  0.144814 0.0713603 0.0674644 0.0682933  0.126341  0.132938  0.142191  0.148541 0.0817862  0.109567 0.0746624  0.134063  0.153113  0.135248  0.116416  0.139655  0.129763  0.110884 0.0787856   0.14192 0.0787374  0.138058  0.147099  0.135335   0.13595  0.137594 0.0793214  0.114335   0.11793  0.130572 0.0709458 0.0760291  0.128675  0.131837  0.137664  0.115871 0.0810405  0.116865 0.0887715  0.116228 0.0736653 0.0768241  0.120034  0.138566 0.0853688  0.131744  0.121366  0.113898  0.135573  0.122956  0.133467  0.136806 0.0915398
0.0889239  0.136651   0.11185  0.131244  0.112025   0.13454  0.122102  0.121849  0.122717   0.12097  0.141318  0.137939  0.118585  0.127283  0.118116  0.118028  0.080377 0.0981897  0.119768  0.136902  0.120969   0.13355  0.137291         0  0.100142  0.129068  0.111558  0.144314  0.141557  0.116998  0.115555  0.132974  0.129772  0.105954  0.132846   0.13199  0.134343  0.101188  0.146296  0.107197   0.12192  0.107376  0.120923  0.131905  0.101178  0.139774  0.108377  0.141659  0.132231  0.137022  0.130831  0.085509  0.119615  0.133792  0.137241  0.137653  0.118956  0.140856  0.131871  0.150939  0.133417  0.105173  0.138725  0.119301  0.118531  0.140691  0.114821   0.13228  0.144514  0.142142  0.134961 0.0956049  0.134024  0.141505  0.108005  0.127105 0.0851949  0.136143  0.146887  0.134277  0.119786  0.113079  0.107716  0.135926  0.111055   0.14424  0.115382  0.133658  0.139773  0.115874  0.135137  0.144792  0.109912  0.088657  0.119872  0.130926 0.0902984  0.125349  0.132329 0.0943185
 0.102357  0.112202 0.0767467  0.118716 0.0714838  0.126463 0.0918931    0.1047 0.0932113 0.0979812  0.118119  0.112261  0.109024  0.108497 0.0733904 0.0940699 0.0897539 0.0901881  0.101524  0.118229  0.100094  0.117717  0.115082  0.100142         0  0.101489 0.0898303  0.127681  0.113828 0.0962819   0.09035  0.111538  0.117724 0.0760688   0.10889   0.11212  0.122171 0.0763221  0.120023 0.0815335  0.104187 0.0688098  0.105789    0.1198 0.0943036  0.129031 0.0658619  0.126619  0.111038  0.112062  0.108349 0.0871822 0.0928543  0.124234   0.13051  0.115734 0.0984338  0.117123  0.119227  0.139803  0.125329 0.0741771  0.123552 0.0934265   0.10673  0.118679 0.0953631  0.115512  0.124872  0.132334  0.125091 0.0918783  0.119837  0.113337 0.0637106  0.104192 0.0880866  0.110067   0.11919  0.122118 0.0983819 0.0953068 0.0736449  0.117894  0.078116  0.124106 0.0782733  0.108943  0.112886   0.08276  0.123716  0.121549 0.0908636 0.0743992  0.100393  0.117271 0.0830366  0.113625  0.122653 0.0676523
 0.118571  0.109146  0.107775 0.0925013  0.104275   0.10268  0.112585 0.0729752  0.113752 0.0701665  0.114091  0.116235  0.069943  0.106121  0.109019   0.11787  0.112737  0.107075 0.0701856  0.117029 0.0675707  0.110173  0.114402  0.129068  0.101489         0  0.110061  0.132851  0.114411  0.120777  0.109096  0.108953  0.109261  0.105282   0.11427  0.108005  0.101433  0.101008  0.114137  0.108552  0.111661  0.104714 0.0702918  0.116685  0.114122  0.104689  0.102788  0.116282  0.109969  0.110103  0.101094  0.116326   0.11754  0.119297  0.121119  0.107143 0.0733279  0.107633  0.108349  0.127679  0.107869  0.103379  0.119374  0.104395 0.0719277  0.118548  0.121649  0.111051  0.103676   0.11996  0.096474  0.123197 0.0904877  0.110243 0.0937176 0.0651677  0.115296  0.104633  0.115817  0.110245  0.111487  0.120759 0.0981845   0.10524  0.103117  0.109779 0.0894326  0.112246  0.111941 0.0917767  0.118159    0.1129  0.110239  0.102625 0.0699821  0.108401  0.108332   0.10266  0.101984 0.0675307
 0.122455  0.126005   0.10407  0.127686 0.0865782  0.126614 0.0749332  0.110792  0.075534  0.105971  0.133512  0.126104  0.113108  0.105398 0.0937529 0.0761601  0.104696  0.107549  0.105755  0.128705  0.115435  0.128969  0.129456  0.111558 0.0898303  0.110061         0  0.140085   0.12957 0.0784745 0.0964982  0.125285  0.118936 0.0792103  0.125477  0.125138  0.125418 0.0846827  0.126743   0.08806 0.0771483 0.0876972  0.105266  0.130799  0.113617  0.136146 0.0974265  0.106242  0.126225   0.12163  0.123395 0.0991595 0.0706804  0.123664  0.104781   0.12711   0.11199  0.126437  0.117356  0.115047  0.128822  0.091066  0.125583 0.0716969  0.100473  0.126048 0.0803437   0.12482  0.134759  0.107161  0.119297   0.11403  0.119803  0.128225  0.087009  0.115242  0.108091  0.130071  0.129365  0.129974 0.0746443 0.0798601 0.0879993   0.13291 0.0887314  0.135112 0.0892177  0.119704  0.126371 0.0901402  0.102553    0.1245 0.0673071 0.0834794  0.105185  0.110312  0.108263  0.119448  0.129995  0.077855
 0.140346 0.0902201  0.141263  0.147278  0.133996  0.155213  0.147462  0.129806  0.143784  0.128596 0.0903394  0.102091  0.136467  0.141987  0.135118  0.144424  0.135106  0.132138  0.131568 0.0999775  0.134573  0.091312 0.0934868  0.144314  0.127681  0.132851  0.140085         0 0.0981336  0.151341   0.13802 0.0894486  0.145153  0.128873 0.0909238 0.0893573  0.148962  0.128448  0.100149  0.132346  0.144798  0.129145  0.129963 0.0953293  0.141966  0.151911  0.132781  0.157269 0.0979703  0.102089 0.0848148  0.133799  0.142144  0.152774  0.161607 0.0956471  0.130619 0.0904801  0.146713  0.164502  0.148719  0.137067  0.154764  0.143079  0.133635 0.0892096  0.150391 0.0910173  0.155457  0.161709  0.148523  0.144044  0.150583 0.0864902  0.127034  0.133868  0.133907 0.0806133  0.100899  0.147104  0.143611  0.144572  0.128961 0.0925182  0.133532 0.0923976  0.128659 0.0811679 0.0907579   0.13112  0.156522 0.0992819  0.143296  0.135126  0.127411  0.148945  0.133674  0.146098  0.146603  0.109661
 0.143452 0.0743706  0.135231  0.137584  0.120774  0.146025  0.134225  0.115699  0.131883  0.114837 0.0764774  0.083581  0.123155   0.13608  0.123629  0.135349  0.131769  0.120681  0.119063 0.0843357  0.123104 0.0820769 0.0767482  0.141557  0.113828  0.114411   0.12957 0.0981336         0  0.139066  0.127158 0.0818364  0.137207  0.124581 0.0758101 0.0763003  0.139743  0.123044 0.0893687  0.126529  0.138619   0.11574  0.119093 0.0862522  0.136032  0.147803  0.117933  0.145773  0.077404 0.0747573 0.0722424  0.129633  0.134858  0.143857  0.148382  0.078119   0.10852 0.0811686  0.143496  0.152643  0.128371  0.120195  0.143708  0.135972  0.120402 0.0785583  0.144252 0.0858431  0.149558  0.154993  0.146517  0.138496  0.138426 0.0863692  0.117682  0.124628   0.12779 0.0785764 0.0804744  0.142817  0.133274  0.132544  0.121984 0.0854995  0.127451 0.0833454  0.113528 0.0761694 0.0792823  0.116886   0.14188 0.0848216  0.132401  0.122639  0.120729  0.143647  0.124803  0.134148  0.139247 0.0960974
 0.118613  0.139174  0.106693  0.136682 0.0935696  0.141026 0.0725017  0.120394 0.0761822  0.123427  0.138749  0.133599  0.127652  0.117212  0.083743 0.0683408  0.109649  0.111951  0.120851  0.133828  0.129349  0.142523  0.139391  0.116998 0.0962819  0.120777 0.0784745  0.151341  0.139066         0  0.109716  0.132449  0.126135 0.0961125  0.140437  0.132789  0.138321 0.0918339  0.133093 0.0913776 0.0822139 0.0923902  0.115807  0.139876  0.111732  0.148017 0.0942545  0.118237  0.136496   0.13288  0.133504  0.105974 0.0732139  0.131887  0.120565  0.141365  0.118201  0.133261  0.133609  0.130888  0.139703  0.097009  0.138088 0.0747476  0.122739  0.141486 0.0740469  0.134848  0.142075  0.116739  0.132699  0.117234  0.136978  0.140688 0.0961938  0.124485  0.111118  0.137129  0.142524   0.13469 0.0736412 0.0724449 0.0851008  0.138775 0.0946167  0.142229 0.0992266   0.13742  0.142053 0.0999593  0.108195  0.143298   0.08203 0.0864415   0.12524  0.127074  0.111869  0.129331  0.145218   0.09057
 0.122089  0.121237 0.0970316  0.133236 0.0946631  0.132699  0.101869  0.112331   0.10134  0.107308  0.130722  0.127313  0.116319  0.117233 0.0905615  0.107836  0.108459  0.106263  0.105116  0.124611  0.113817  0.121646  0.124517  0.115555   0.09035  0.109096 0.0964982   0.13802  0.127158  0.109716         0  0.123053  0.122303 0.0831417  0.119334  0.125969  0.128771 0.0934297   0.12973 0.0943031  0.104765 0.0916903  0.106006   0.12477  0.109449  0.135702 0.0916612   0.12383  0.124502  0.123021  0.122486  0.104905  0.110896  0.129262  0.136912  0.120298   0.10642  0.126707  0.123571  0.143459  0.134216 0.0857483  0.129382  0.105514  0.110532  0.122158  0.106779  0.121947  0.134527  0.131636  0.129311  0.111273   0.12587  0.125832 0.0879342  0.110674  0.105388  0.120973    0.1181   0.12478  0.108163  0.109584 0.0905783  0.124214 0.0966711  0.134896 0.0927446  0.118335  0.124833  0.093624  0.131017  0.120086 0.0953285 0.0904738  0.108075  0.122017 0.0924144  0.121288  0.132151 0.0792105
 0.130415 0.0553207  0.115878  0.127389  0.121753  0.142368  0.130173  0.110451  0.132199  0.108714 0.0679189  0.086883  0.116988   0.12341  0.121884  0.129361  0.126421  0.113726  0.107081 0.0639983  0.109105 0.0666971 0.0722824  0.132974  0.111538  0.108953  0.125285 0.0894486 0.0818364  0.132449  0.123053         0  0.130754  0.110588 0.0742191 0.0692328  0.135884  0.117065 0.0734935  0.117599  0.125119  0.116039  0.110064 0.0606684  0.127731  0.134665  0.116214  0.136998 0.0679517 0.0764891 0.0624145  0.115633  0.124938  0.135079   0.14081 0.0741909  0.109936 0.0745016  0.132018  0.145626   0.13279  0.115701  0.135727  0.123156  0.108412 0.0731181  0.135357 0.0688635  0.134723  0.142864  0.129495  0.131449   0.13468   0.07282  0.117993  0.114823  0.120814 0.0613847 0.0749184  0.126952   0.12382  0.125171  0.115827 0.0647667    0.1211 0.0809478  0.106436 0.0646164 0.0737957  0.110487   0.13719 0.0826312  0.129222  0.114156  0.110109  0.126046  0.116712  0.135596  0.127916 0.0852807
 0.128309   0.13335   0.12248 0.0855549  0.112146 0.0907929  0.122359  0.110044  0.127333  0.111153  0.133213  0.135447  0.114743 0.0762014  0.115872   0.12828  0.125765  0.119073  0.115385  0.129135  0.114929   0.13022  0.131795  0.129772  0.117724  0.109261  0.118936  0.145153  0.137207  0.126135  0.122303  0.130754         0  0.110504  0.127707  0.131274 0.0893896  0.110661  0.132643  0.113452  0.129069  0.108966  0.105873  0.131998  0.121718   0.09241  0.108542 0.0947707  0.132579  0.133651  0.127204  0.122178  0.129459 0.0720581  0.107907  0.134012  0.111987  0.128996 0.0819644  0.106392 0.0972733  0.118759 0.0765754  0.118796  0.111338  0.134245  0.137959  0.124015 0.0957436 0.0869171 0.0905357  0.136382 0.0921693  0.134088  0.112284  0.120331  0.120676  0.128343  0.131677 0.0646987  0.130414  0.129574  0.109326  0.129994  0.107654  0.127514   0.11736  0.126787  0.137761  0.116133 0.0928608   0.13788  0.117867  0.114478  0.109335  0.076472  0.118668 0.0640807 0.0862344 0.0852402
 0.111936  0.113432 0.0828687  0.116758 0.0772756  0.123486  0.087409  0.104307 0.0935051  0.102245  0.122434  0.122909  0.108681 0.0975584 0.0858507 0.0899966 0.0945203  0.104237 0.0932169    0.1202 0.0993364  0.119567  0.118707  0.105954 0.0760688  0.105282 0.0792103  0.128873  0.124581 0.0961125 0.0831417  0.110588  0.110504         0  0.109073  0.115975  0.120591 0.0787775  0.121183 0.0860932 0.0904226 0.0722579  0.101993  0.118635  0.102645  0.125195 0.0732036  0.115385  0.113458  0.113677  0.114402 0.0846815 0.0925859  0.114112  0.121992  0.115831  0.105311  0.120873  0.109117  0.131185  0.124229  0.079035   0.11461 0.0878505 0.0991716   0.11506  0.101837  0.114443  0.118579   0.11858  0.117625  0.104129  0.118987  0.117673 0.0742523    0.1039  0.095491  0.116349  0.119626  0.110656 0.0908179 0.0873693  0.077943  0.117856 0.0776454  0.127647 0.0770471  0.109977  0.119576 0.0768949  0.113808  0.125176 0.0817597 0.0825244  0.101178 0.0977286 0.0917535  0.109979  0.119287 0.0647339
 0.135097 0.0744661  0.124943  0.126532  0.115315   0.13605  0.131227  0.108372  0.125452  0.109421 0.0706814 0.0823988  0.117631  0.123639  0.126261  0.130914  0.125506  0.116197  0.113497 0.0734976  0.110419 0.0733063 0.0766418  0.132846   0.10889   0.11427  0.125477 0.0909238 0.0758101  0.140437  0.119334 0.0742191  0.127707  0.109073         0 0.0726313  0.129596  0.117243 0.0836933  0.117344  0.133379  0.107162  0.110836 0.0748488  0.127117  0.131791  0.115623  0.132229 0.0697303 0.0716003 0.0734318  0.119019  0.130562  0.130345   0.13908 0.0782668   0.11062 0.0715524  0.131232  0.140908  0.123776  0.113711  0.134708  0.129458  0.109512 0.0721897  0.142524 0.0778174  0.130934  0.140125  0.130907  0.130003  0.127544  0.080624  0.112801  0.118943  0.117792 0.0726983 0.0742951   0.12606  0.127187   0.12654  0.120076 0.0791524  0.118367 0.0808606  0.108597  0.061339 0.0674678  0.112035  0.135377 0.0778849  0.126247  0.116725  0.109679  0.129053  0.114419  0.129366  0.125354   0.08488
 0.129822 0.0623036  0.127863  0.129625  0.119619  0.137557  0.128833  0.109196  0.129868  0.109815 0.0742413 0.0808621   0.10983  0.121281  0.126573  0.132731  0.127942  0.118606  0.103007 0.0738944  0.113356 0.0714859 0.0757138   0.13199   0.11212  0.108005  0.125138 0.0893573 0.0763003  0.132789  0.125969 0.0692328  0.131274  0.115975 0.0726313         0  0.129389  0.111181 0.0693258  0.118521  0.134384  0.116299  0.103578 0.0696178  0.135224  0.135412  0.121786  0.136289  0.073593 0.0720309 0.0672559  0.118328  0.127078  0.132576  0.140852 0.0633527  0.103283 0.0674379  0.133634  0.146465  0.134624  0.116105  0.140119  0.128375  0.107616 0.0711644  0.139021 0.0686168  0.135023  0.144222  0.131161  0.131848  0.130106 0.0687115  0.110277  0.108987  0.125229 0.0654432 0.0732931  0.128517  0.129136  0.125073  0.119841 0.0784909  0.117559 0.0750363  0.111001 0.0690421 0.0711949  0.115121  0.138445 0.0767681  0.125982  0.120175  0.109535  0.131487  0.121434  0.130425  0.128677 0.0865026
 0.131063  0.134477  0.133604 0.0730223  0.117703 0.0370315  0.127236  0.102384  0.128088  0.104082  0.139205  0.139492  0.100815 0.0955408  0.127385  0.137686  0.131216   0.12809  0.102176  0.131554 0.0982348   0.13184  0.141157  0.134343  0.122171  0.101433  0.125418  0.148962  0.139743  0.138321  0.128771  0.135884 0.0893896  0.120591  0.129596  0.129389         0  0.120823  0.138012  0.126699  0.135922   0.12242  0.096847  0.139354    0.1339 0.0723878  0.121033 0.0945327  0.138046   0.13448  0.124163  0.129147  0.134211 0.0827862  0.111615  0.134192 0.0980557  0.131718 0.0917359  0.110834 0.0792709   0.12168 0.0893312  0.124142  0.105225  0.143063   0.13907  0.131478 0.0793212  0.102141 0.0738069  0.133866 0.0513425  0.133052  0.116019  0.103529  0.130564  0.131352  0.138852 0.0903334  0.132745  0.131231  0.116496  0.136437  0.118537  0.135301  0.121918  0.132906  0.137039  0.121518  0.106862  0.136244  0.124585  0.122831  0.104011 0.0888175   0.13028 0.0818164  0.068418 0.0926238
0.0971274  0.116454 0.0888482  0.118538 0.0679815  0.122461 0.0930202  0.100345 0.0963076 0.0931939  0.124544  0.122551 0.0998602  0.105295 0.0730078 0.0954972  0.092951 0.0932469 0.0899466  0.116754  0.101943  0.119086  0.118002  0.101188 0.0763221  0.101008 0.0846827  0.128448  0.123044 0.0918339 0.0934297  0.117065  0.110661 0.0787775  0.117243  0.111181  0.120823         0  0.116291  0.070887  0.100276 0.0697272 0.0927316  0.121517  0.106469  0.127382 0.0784424  0.127294  0.115734  0.114879  0.111492 0.0928052 0.0890448   0.12111    0.1336  0.117012 0.0926585  0.117295   0.11901  0.138109  0.125296 0.0826403   0.12573 0.0851695 0.0996069  0.116941 0.0943601  0.119391  0.126793  0.125509  0.116651  0.104295  0.118356  0.113602  0.063857 0.0997969 0.0921541  0.111753  0.122574  0.113898 0.0885455 0.0956947 0.0796501   0.11417 0.0729396     0.121 0.0789882  0.114359  0.119491 0.0816388  0.122986  0.118101 0.0854184 0.0764872 0.0933441  0.110894 0.0902441  0.107324  0.124451 0.0650513
 0.136033 0.0732988  0.128389   0.13409  0.126277     0.146  0.129089  0.116578  0.129147  0.118616 0.0734486 0.0928092  0.116376  0.120739   0.12957   0.13012   0.13097  0.125131  0.113535 0.0732124  0.116963 0.0898882 0.0814719  0.146296  0.120023  0.114137  0.126743  0.100149 0.0893687  0.133093   0.12973 0.0734935  0.132643  0.121183 0.0836933 0.0693258  0.138012  0.116291         0  0.122195  0.133377  0.115591  0.115958 0.0834934  0.131836  0.140937  0.125061  0.141357 0.0864302  0.085102   0.07693  0.119534  0.127371  0.142317  0.144922 0.0779981  0.113318 0.0784861  0.138302  0.146255  0.145781  0.118664    0.1454  0.123493  0.111825 0.0849593  0.139593 0.0770922  0.145135  0.144706  0.134792  0.133485  0.139705 0.0770212   0.11703  0.123743  0.127637 0.0759578 0.0733135  0.135137  0.126852   0.12588   0.12164 0.0796763  0.120551 0.0805962  0.120931 0.0755211 0.0877043  0.124811  0.142888 0.0845463  0.129428  0.121409  0.119604  0.135658  0.125028  0.132077   0.13077 0.0929384
 0.107298  0.118134 0.0883181  0.122216 0.0736868  0.128822 0.0968684  0.108831  0.096543  0.105144  0.121578  0.114314  0.113704  0.113758 0.0798134 0.0944698  0.102786 0.0995137   0.10745   0.11624  0.109239  0.117714  0.115818  0.107197 0.0815335  0.108552   0.08806  0.132346  0.126529 0.0913776 0.0943031  0.117599  0.113452 0.0860932  0.117344  0.118521  0.126699  0.070887  0.122195         0 0.0934252 0.0856303   0.10431  0.119175   0.10644  0.132641 0.0739334  0.129674  0.114037  0.112533   0.11652  0.096577 0.0871908  0.121209  0.133992  0.122543 0.0990324  0.116783   0.12021  0.144359  0.131155 0.0814668  0.128137 0.0923862  0.106261  0.120661 0.0958517  0.116181  0.135574   0.12872  0.120604  0.109961  0.122979  0.123484 0.0781114   0.11262 0.0971542  0.115376  0.115216  0.122547 0.0963957  0.102861 0.0845757  0.119238 0.0719517  0.131654 0.0896771  0.115997  0.124424 0.0934995  0.126661  0.116086 0.0924618 0.0799009  0.107208  0.117386 0.0974053  0.117222  0.127907  0.072938
