        0 0.0667527 0.0553582 0.0529329 0.0687729  0.053077 0.0441355 0.0673572 0.0470828 0.0603622 0.0465449  0.048661 0.0495042 0.0673933  0.050851 0.0449359 0.0471958 0.0640039 0.0490933 0.0456525 0.0444973 0.0582845 0.0617525 0.0652047 0.0435431 0.0663749 0.0539241 0.0486587 0.0553155 0.0686299 0.0529437 0.0479869 0.0663757 0.0485537  0.074818 0.0668832   0.06931 0.0530519 0.0469809 0.0487296 0.0596235 0.0500695 0.0453861 0.0639594 0.0730585 0.0570503 0.0611802 0.0479263 0.0487464 0.0585034 0.0565933 0.0491833 0.0514971 0.0704921 0.0699398 0.0629086 0.0481754 0.0521794   0.06439 0.0543595 0.0515054 0.0653011 0.0635102 0.0475258 0.0471749 0.0446752 0.0483636 0.0553079 0.0685329 0.0618567 0.0481104 0.0475509 0.0482171 0.0542034 0.0492682 0.0524586 0.0506474 0.0503917 0.0659778 0.0506641 0.0494326 0.0507998 0.0514951 0.0589066 0.0620939  0.047685 0.0504767 0.0710711 0.0435283 0.0535365 0.0501561 0.0481616 0.0492527 0.0647206 0.0474738 0.0429734 0.0481089 0.0605499 0.0697038 0.0373345
0.0667527         0 0.0709336 0.0686954  0.048625 0.0644587 0.0611476 0.0492757 0.0635236 0.0730397 0.0681196  0.072268 0.0711181 0.0466734 0.0665406 0.0652122 0.0654547 0.0484915 0.0643683 0.0668866 0.0644413 0.0716695  0.074612 0.0478171   0.06685 0.0447983 0.0702236 0.0718152 0.0687265 0.0444669 0.0675272 0.0653498 0.0503021 0.0696636 0.0505925  0.045693 0.0482139 0.0717157 0.0689636 0.0664728 0.0787642 0.0629478 0.0673196 0.0445907 0.0478682 0.0719655 0.0743043 0.0655987 0.0657605 0.0675505 0.0711343 0.0682636 0.0692447 0.0464925 0.0502704 0.0472787 0.0640879 0.0738856 0.0436317 0.0802167 0.0646692  0.044462  0.073622 0.0716142 0.0654678 0.0670119 0.0644393 0.0685085 0.0446657 0.0731354 0.0644692 0.0663243  0.067227  0.066943 0.0674349 0.0705546 0.0636247 0.0658627 0.0516883 0.0668359 0.0691774 0.0622431 0.0755362 0.0712551 0.0463646 0.0691416 0.0691188 0.0471789 0.0589962  0.070615 0.0641272 0.0638413 0.0697993 0.0443206 0.0700439 0.0695679 0.0621077 0.0736193 0.0479396 0.0532958
0.0553582 0.0709336         0 0.0481541  0.062173 0.0524922  0.044924 0.0612307 0.0545518 0.0622034 0.0500106 0.0479254 0.0508124  0.065951 0.0480803 0.0567593 0.0569617 0.0655975  0.047625 0.0507286 0.0471066 0.0623362 0.0644589 0.0648922 0.0538375 0.0681012 0.0578361 0.0487554 0.0504462 0.0680562 0.0521802 0.0489346 0.0673294 0.0444688 0.0717827 0.0660271 0.0666433 0.0547804 0.0560067 0.0472973 0.0640739 0.0523951 0.0517074 0.0654745 0.0674723 0.0538309 0.0609357 0.0517862 0.0448214 0.0577934 0.0584799 0.0525157 0.0515649 0.0702059  0.066738 0.0641022 0.0506652 0.0605361 0.0610901 0.0667024 0.0509177 0.0622079 0.0599065 0.0554919 0.0497382  0.051846 0.0500117 0.0531063 0.0661055 0.0616042 0.0502454  0.045487 0.0509759 0.0545322 0.0496272 0.0535258 0.0493123 0.0461959 0.0659858 0.0519401 0.0516872 0.0499957 0.0661624 0.0625358 0.0657666 0.0476009 0.0509697 0.0719977 0.0523847 0.0515799 0.0496844 0.0457169 0.0444915 0.0651408  0.048945 0.0498561 0.0507959 0.0604801 0.0662475  0.037801
0.0529329 0.0686954 0.0481541         0 0.0714301 0.0479422 0.0423057 0.0643438 0.0475333  0.054441 0.0418103 0.0525592 0.0465718  0.069114 0.0460487 0.0494763 0.0464219 0.0656509 0.0420042   0.05047 0.0506979 0.0612719 0.0565642 0.0651351 0.0493877  0.064971 0.0534483 0.0482235 0.0508346 0.0734102 0.0476703 0.0439571 0.0632085 0.0490617 0.0748891 0.0685098 0.0689092 0.0591503 0.0525622 0.0434835 0.0639742 0.0437668 0.0496582 0.0648318  0.070223 0.0541253  0.055273 0.0446102 0.0429408  0.050943 0.0597341 0.0520091 0.0512822 0.0681475 0.0663442 0.0630425 0.0443935 0.0589856 0.0634309 0.0682869 0.0506716 0.0647749  0.058435 0.0570808 0.0462298 0.0459802 0.0438263 0.0481556 0.0685282 0.0575952 0.0459293 0.0426897 0.0439424 0.0496942  0.043028  0.049638 0.0447018 0.0433673  0.068471 0.0439328 0.0563043 0.0453261 0.0645282 0.0615399 0.0637194  0.051104 0.0457719  0.071405 0.0436191 0.0481311 0.0464821 0.0402349 0.0425687 0.0707946 0.0492786 0.0524565  0.045223  0.058488 0.0687309 0.0361526
0.0687729  0.048625  0.062173 0.0714301         0 0.0659442 0.0644276 0.0456479 0.0707447 0.0765084 0.0719344 0.0706968 0.0707785 0.0457978 0.0705844 0.0703773 0.0713834  0.045979 0.0671817 0.0665232 0.0648944 0.0740179 0.0767119 0.0486835 0.0719058   0.05172 0.0690688 0.0721351 0.0668995 0.0454091 0.0676912 0.0660348 0.0536276 0.0692624 0.0591008 0.0467255 0.0520537 0.0701733 0.0735154 0.0673281 0.0796225 0.0655438 0.0700993 0.0461526 0.0528051 0.0723536 0.0799116  0.068214 0.0644042 0.0708856 0.0736984 0.0745695 0.0705274  0.043468 0.0510416 0.0459128 0.0670532 0.0784652 0.0484578 0.0796672 0.0667233 0.0417651 0.0739925 0.0705524  0.064744 0.0700398 0.0711103  0.072488 0.0471635 0.0745574 0.0679198 0.0668777 0.0678756 0.0715498 0.0691587 0.0723455 0.0682006 0.0681714 0.0523036 0.0721173 0.0723148  0.065588 0.0773393 0.0738487 0.0511877 0.0684126   0.06841 0.0514112  0.065696 0.0720493 0.0648552 0.0688957   0.06852 0.0457013  0.069047 0.0682386 0.0671279 0.0722158 0.0459344 0.0547961
 0.053077 0.0644587 0.0524922 0.0479422 0.0659442         0 0.0428601 0.0678143   0.05175 0.0568091 0.0464941 0.0483174 0.0473111 0.0611467 0.0455841 0.0524133 0.0432619 0.0596001 0.0404041 0.0504338 0.0542872 0.0555694 0.0559001 0.0659716  0.049281 0.0626781 0.0457671 0.0499489 0.0502747 0.0674946 0.0462098 0.0436307 0.0618051 0.0502633 0.0700194 0.0651856 0.0702854 0.0544544 0.0545491 0.0478025 0.0642431 0.0447172 0.0493478  0.060408 0.0649844 0.0488208 0.0574053 0.0441264 0.0448139 0.0491286 0.0534804 0.0465805  0.053655 0.0663316  0.065235 0.0621878 0.0474169 0.0570356 0.0593357 0.0627384  0.049009 0.0648517 0.0545857 0.0552927 0.0393477 0.0453859 0.0521181  0.044884 0.0640485 0.0600049  0.042146 0.0415934 0.0435905 0.0492326 0.0504696 0.0515581 0.0421845 0.0459771 0.0655749 0.0489514 0.0523224 0.0434918 0.0600056 0.0565694 0.0580327 0.0497326 0.0521039 0.0678897 0.0435594 0.0484845 0.0502163 0.0441275 0.0473984 0.0642307  0.056142 0.0553864 0.0449318 0.0525484 0.0672346  0.033846
0.0441355 0.0611476  0.044924 0.0423057 0.0644276 0.0428601         0 0.0634206 0.0482634 0.0535035 0.0449786 0.0444491 0.0428152 0.0595308 0.0461488 0.0475999   0.03731 0.0614108 0.0428087 0.0471638 0.0436722 0.0578156 0.0547253 0.0641806 0.0421306 0.0616509 0.0500524 0.0442724 0.0474773 0.0656471 0.0466613 0.0458673 0.0625308 0.0414991 0.0685045 0.0654768 0.0653107 0.0494759 0.0506836  0.036521  0.061227 0.0442191 0.0475397 0.0596233 0.0670719 0.0463867 0.0519371 0.0423057 0.0421051 0.0472085 0.0517779 0.0485969 0.0501342 0.0659421 0.0658498 0.0564081 0.0418682 0.0519163 0.0598328 0.0614571 0.0449012 0.0604438 0.0561217  0.056457 0.0425254 0.0414232 0.0420554 0.0435955 0.0642162 0.0557429 0.0416309 0.0398062 0.0432856 0.0452349 0.0399037 0.0466963  0.044615 0.0430374 0.0644288 0.0444641 0.0506906 0.0444009 0.0589306 0.0579312 0.0606927  0.041205 0.0461063 0.0664556  0.038759 0.0462642 0.0414587 0.0385842 0.0420891 0.0636094  0.044238 0.0449242 0.0437098 0.0525177 0.0656087 0.0293581
0.0673572 0.0492757 0.0612307 0.0643438 0.0456479 0.0678143 0.0634206         0 0.0674477  0.075963 0.0680493 0.0710293 0.0717612 0.0470366 0.0647268 0.0679864 0.0707174 0.0494078  0.062385 0.0671132 0.0605193 0.0755898 0.0747552 0.0486218 0.0689443 0.0496668 0.0745199 0.0706716  0.066526 0.0469847 0.0685677  0.063676 0.0498628 0.0698377 0.0619676 0.0462848 0.0483843 0.0745111 0.0691611 0.0668453 0.0792817 0.0632189 0.0699232 0.0432985 0.0493052 0.0756862 0.0772541 0.0674042 0.0669875  0.069779 0.0735778   0.07257 0.0715651 0.0503296 0.0489085 0.0496531 0.0634658 0.0737015 0.0474588 0.0795419 0.0652862 0.0436342 0.0735706 0.0715161   0.06493 0.0687753 0.0670703 0.0705756 0.0454103 0.0736248 0.0664781 0.0650649  0.066649 0.0682996 0.0669579 0.0720871 0.0629567 0.0617481 0.0541218 0.0703618 0.0728983 0.0606572 0.0787122 0.0758069 0.0486543  0.068118 0.0661778 0.0512402 0.0620243 0.0722135 0.0644498 0.0682078 0.0663556 0.0464882 0.0704799 0.0690353 0.0643048 0.0745689 0.0474068  0.053388
0.0470828 0.0635236 0.0545518 0.0475333 0.0707447   0.05175 0.0482634 0.0674477         0  0.056924 0.0492183 0.0549728 0.0544063   0.06966 0.0456789 0.0451353 0.0469308 0.0639151 0.0473261 0.0474868 0.0498397 0.0587579 0.0592354 0.0650012 0.0496133 0.0666228 0.0592651 0.0492769 0.0561777 0.0700658 0.0504058 0.0440235 0.0663384 0.0532257 0.0763876 0.0676649  0.067574 0.0587073 0.0417764 0.0497831  0.055854 0.0477553 0.0441036 0.0664215 0.0700532 0.0622523 0.0585318 0.0489874 0.0502171 0.0510552 0.0600077 0.0549282 0.0445156  0.068464 0.0681365 0.0620499 0.0496447 0.0583218 0.0651711 0.0627409 0.0544489 0.0665648 0.0613297 0.0486093  0.049987 0.0495246 0.0469232 0.0542122 0.0700481  0.057313 0.0457488 0.0476265 0.0485899 0.0500396  0.050927 0.0612923  0.046323  0.049293 0.0698293 0.0526951 0.0491636 0.0470021 0.0583329 0.0587115 0.0637766 0.0499358 0.0527242 0.0715508 0.0433497 0.0565037 0.0524575 0.0457013 0.0476182 0.0676334 0.0529768 0.0501332 0.0471033 0.0610074 0.0703292 0.0386842
0.0603622 0.0730397 0.0622034  0.054441 0.0765084 0.0568091 0.0535035  0.075963  0.056924         0 0.0535379 0.0620203 0.0545312 0.0741655 0.0540681 0.0554332 0.0548278 0.0707061 0.0510277 0.0592221 0.0564235 0.0501478 0.0452101 0.0731452 0.0515832 0.0764872 0.0571467 0.0559382 0.0531632  0.076545 0.0516101 0.0497671 0.0745289 0.0555313 0.0796436 0.0773209 0.0778089 0.0571505 0.0542085 0.0562606 0.0546317 0.0493188 0.0616611 0.0732666 0.0771497 0.0619348 0.0439747 0.0569274 0.0522077 0.0552789 0.0435814 0.0583885 0.0602082 0.0739649 0.0803346 0.0725995 0.0531206  0.048991 0.0739711 0.0557335  0.061187 0.0771671 0.0456674 0.0593067 0.0513771 0.0556323 0.0526158 0.0632859 0.0759514 0.0478021 0.0549226 0.0541984 0.0498311 0.0565511 0.0564726 0.0619693 0.0580978 0.0574696 0.0778742 0.0526249 0.0575509 0.0551453 0.0529014   0.05057 0.0681051 0.0589463 0.0555962 0.0827521 0.0551915 0.0536492 0.0505361 0.0491826 0.0569153 0.0741705 0.0556245 0.0625437 0.0598269 0.0488627 0.0778337 0.0456692
0.0465449 0.0681196 0.0500106 0.0418103 0.0719344 0.0464941 0.0449786 0.0680493 0.0492183 0.0535379         0 0.0471856 0.0490107 0.0681724 0.0453215 0.0513172 0.0439058  0.066389 0.0389632 0.0464115 0.0477344 0.0557709 0.0545675 0.0644079 0.0474803 0.0646316  0.049335 0.0446109 0.0465286 0.0697927 0.0392061 0.0402602 0.0679986 0.0399209 0.0744744 0.0687834  0.070385 0.0486298 0.0461711 0.0433912 0.0637809 0.0445075 0.0458608 0.0641044 0.0688963  0.053897  0.056939 0.0413174 0.0441737 0.0532409 0.0525013 0.0449877 0.0516161 0.0714384 0.0714642 0.0682721 0.0402302 0.0517486 0.0631875 0.0613309 0.0418607  0.063385 0.0580873 0.0520559 0.0461294 0.0419563 0.0438412 0.0485839  0.066395 0.0600749 0.0415591  0.040633 0.0411594  0.048323 0.0478832 0.0512477 0.0403815 0.0470985 0.0659772 0.0434007 0.0496081   0.04685 0.0556038 0.0562146 0.0627734 0.0497429 0.0459558 0.0726586 0.0398028 0.0492371 0.0482054 0.0432243 0.0446184 0.0667719 0.0533121 0.0507884 0.0404093  0.052874 0.0700859 0.0335855
 0.048661  0.072268 0.0479254 0.0525592 0.0706968 0.0483174 0.0444491 0.0710293 0.0549728 0.0620203 0.0471856         0 0.0465611 0.0673881 0.0460604 0.0515458  0.045618 0.0668783  0.047602 0.0468495  0.050355 0.0621904 0.0616849 0.0732931 0.0484117 0.0725544 0.0499232 0.0388621 0.0486443 0.0736939 0.0481573 0.0433648 0.0689623 0.0466029 0.0744579 0.0728307 0.0763008 0.0463126  0.054222 0.0508393 0.0646082 0.0442708 0.0475764 0.0678942 0.0742211 0.0461498 0.0586098 0.0443094 0.0457296 0.0508692 0.0586227 0.0459752 0.0515455 0.0747128  0.067969 0.0651322 0.0482275 0.0563607 0.0657747 0.0649454 0.0457066 0.0668655 0.0613207 0.0532877 0.0464144 0.0416913 0.0496704 0.0512333 0.0729385 0.0631087 0.0410661 0.0402694 0.0450435 0.0478274 0.0472102 0.0505433 0.0496673 0.0493486 0.0664851 0.0458916 0.0539233 0.0496179  0.057324 0.0613754 0.0667398 0.0509836 0.0529421 0.0742998 0.0446673 0.0487199 0.0492585 0.0488908 0.0408387 0.0713725 0.0519659 0.0517842  0.047258  0.054896 0.0706973 0.0370077
0.0495042 0.0711181 0.0508124 0.0465718 0.0707785 0.0473111 0.0428152 0.0717612 0.0544063 0.0545312 0.0490107 0.0465611         0 0.0691237 0.0475307 0.0512163 0.0476463 0.0717836 0.0495916 0.0531033 0.0504982  0.061415 0.0609861 0.0706081 0.0515336 0.0681377 0.0539699 0.0468315 0.0449903  0.075063 0.0506709 0.0482565 0.0682064 0.0463999 0.0770819 0.0750314 0.0742709  0.049048 0.0536295 0.0483355 0.0662377 0.0483285 0.0484199  0.069761 0.0757779 0.0519696 0.0551929 0.0462599 0.0458793 0.0536997 0.0549221 0.0495026 0.0555627 0.0685915 0.0741269 0.0670755 0.0439954 0.0523319 0.0678388 0.0617301 0.0521792  0.069754 0.0577052 0.0518814  0.045496 0.0443061 0.0490465 0.0510803 0.0728022 0.0605312 0.0460592 0.0457206 0.0458614 0.0514909 0.0505092 0.0477067 0.0525887 0.0470817 0.0707782 0.0458652 0.0542568 0.0479764 0.0591732 0.0587296 0.0667086 0.0507869 0.0455362 0.0742555 0.0440334 0.0498297 0.0442289 0.0455099 0.0425606 0.0729796 0.0513576 0.0523143 0.0457735 0.0570346 0.0730476 0.0389085
0.0673933 0.0466734  0.065951  0.069114 0.0457978 0.0611467 0.0595308 0.0470366   0.06966 0.0741655 0.0681724 0.0673881 0.0691237         0 0.0688767  0.064478 0.0672832  0.047782 0.0622524 0.0646735 0.0633309  0.075301  0.075685 0.0540413 0.0663424 0.0483208   0.06378  0.071515 0.0648224 0.0456023 0.0674481 0.0637564 0.0482762 0.0666124 0.0560296 0.0484267 0.0537734 0.0701779 0.0683135 0.0665899 0.0782535  0.063638 0.0650684   0.04326 0.0491419 0.0685931 0.0737187 0.0676949  0.065791 0.0674059 0.0714474 0.0710986 0.0690735 0.0451869 0.0487296 0.0396884 0.0655151 0.0729888 0.0451214 0.0792555 0.0604622 0.0416872 0.0734534 0.0727627 0.0616128 0.0674234 0.0693244 0.0692296 0.0395331 0.0747455 0.0651864 0.0628892 0.0639367 0.0689269 0.0672537 0.0668164 0.0633382 0.0654936 0.0440332 0.0674102 0.0690654   0.06156 0.0775578 0.0752201 0.0524025 0.0686998 0.0675408 0.0444239  0.060587 0.0703722 0.0622341 0.0644953 0.0676577 0.0462412 0.0695998 0.0691613 0.0658188 0.0705025 0.0443443 0.0520448
 0.050851 0.0665406 0.0480803 0.0460487 0.0705844 0.0455841 0.0461488 0.0647268 0.0456789 0.0540681 0.0453215 0.0460604 0.0475307 0.0688767         0 0.0480392 0.0481087 0.0622263 0.0412489 0.0466943  0.049738  0.056126 0.0515281 0.0669572 0.0502184 0.0644612 0.0555808 0.0438266 0.0499464 0.0688185 0.0471254 0.0418803 0.0628338 0.0483073 0.0736349 0.0683427 0.0687624  0.052437 0.0460381  0.043704 0.0614048 0.0430798 0.0460768 0.0627333 0.0693994 0.0510727 0.0519218 0.0451268 0.0436347 0.0503185  0.049274 0.0495328 0.0496588 0.0700955 0.0666424 0.0639925 0.0454349 0.0504537 0.0595103 0.0587977 0.0489285 0.0669339 0.0545548 0.0544596 0.0482923  0.039513 0.0427636 0.0467199 0.0683336 0.0526833 0.0444391 0.0410784 0.0422688 0.0469021 0.0478914 0.0504078 0.0463071 0.0412285 0.0713751 0.0465243  0.050646 0.0478319  0.058179 0.0553776 0.0608394 0.0420121 0.0456428 0.0709053 0.0412272 0.0458092 0.0465079 0.0432492 0.0412279 0.0663144 0.0477319 0.0492814 0.0437396 0.0554957 0.0712781  0.033583
0.0449359 0.0652122 0.0567593 0.0494763 0.0703773 0.0524133 0.0475999 0.0679864 0.0451353 0.0554332 0.0513172 0.0515458 0.0512163  0.064478 0.0480392         0 0.0506525 0.0641914 0.0501372 0.0441955 0.0511582 0.0601693  0.058183 0.0670058 0.0459884 0.0680406 0.0498168 0.0492854 0.0526715  0.070899 0.0523605 0.0516455 0.0647619 0.0528153 0.0741446 0.0694835 0.0678495 0.0532239 0.0403503 0.0459601 0.0554803 0.0487867 0.0430491 0.0625079 0.0689937 0.0542531 0.0551874 0.0478085 0.0471339 0.0500247 0.0581355 0.0539685 0.0418583 0.0664746 0.0682215 0.0600015 0.0481355 0.0546165  0.063053 0.0604807 0.0522462 0.0625796 0.0590029 0.0445465 0.0507036  0.046572 0.0475546 0.0521822 0.0675391 0.0572365 0.0472217 0.0470901 0.0440148 0.0507516 0.0509958 0.0498967 0.0522316 0.0538115 0.0683765 0.0505416 0.0488185 0.0516192 0.0559134 0.0601874 0.0616992 0.0506672 0.0512418 0.0703582 0.0461875 0.0504287 0.0475072 0.0465929 0.0495481  0.068489 0.0466195 0.0484942 0.0499095 0.0551685   0.06634 0.0370499
0.0471958 0.0654547 0.0569617 0.0464219 0.0713834 0.0432619   0.03731 0.0707174 0.0469308 0.0548278 0.0439058  0.045618 0.0476463 0.0672832 0.0481087 0.0506525         0 0.0638271 0.0406077 0.0468015 0.0459449 0.0545603 0.0564763 0.0698271 0.0458171 0.0670708 0.0488548 0.0485694   0.05115 0.0721217 0.0494163 0.0420758 0.0648011 0.0471247 0.0723461 0.0676466  0.074165  0.051841 0.0508628  0.045643 0.0639078 0.0437855 0.0482594 0.0658685 0.0739538 0.0522936 0.0598506 0.0424039 0.0484146  0.046342   0.05756 0.0462972 0.0534394 0.0724923 0.0678952 0.0651179 0.0415522 0.0551683 0.0653722 0.0652928 0.0428065 0.0677189 0.0610215 0.0555148   0.04313 0.0437757 0.0450527 0.0492846  0.070213 0.0608094 0.0426255 0.0445264 0.0413245 0.0490587 0.0476527 0.0536353 0.0410166 0.0475637 0.0704867 0.0433369 0.0534199  0.043339 0.0554518  0.056136 0.0646375 0.0502222  0.051529 0.0729647 0.0405649 0.0492462  0.049337 0.0441124 0.0478475 0.0692718  0.053338 0.0513749 0.0461548 0.0547721  0.071985 0.0352833
0.0640039 0.0484915 0.0655975 0.0656509  0.045979 0.0596001 0.0614108 0.0494078 0.0639151 0.0707061  0.066389 0.0668783 0.0717836  0.047782 0.0622263 0.0641914 0.0638271         0 0.0587802 0.0635606 0.0639638 0.0670609 0.0732647 0.0497131 0.0638418 0.0503888  0.063509 0.0643968 0.0667086 0.0522713 0.0631243 0.0614749 0.0453973 0.0666231  0.055144 0.0432534 0.0540963 0.0726741 0.0667808 0.0633351 0.0729185 0.0612937 0.0659781 0.0442481 0.0502966 0.0702074 0.0728965  0.061961 0.0622487 0.0656863 0.0712154 0.0667381 0.0660008  0.049342 0.0437598  0.043695 0.0626313 0.0714085 0.0458606 0.0771613 0.0619599 0.0466979 0.0703246 0.0678077 0.0600222 0.0660583 0.0619453  0.067752 0.0491454 0.0690722 0.0614128 0.0590236 0.0621625 0.0651128 0.0650448 0.0669463 0.0587521 0.0620007 0.0491013 0.0666271 0.0680768 0.0616174 0.0707924 0.0676514  0.044778 0.0643498 0.0628061 0.0505519 0.0573628 0.0698633 0.0636294  0.065317 0.0655076  0.050555 0.0671627 0.0684132  0.063154 0.0690583 0.0541549 0.0491691
0.0490933 0.0643683  0.047625 0.0420042 0.0671817 0.0404041 0.0428087  0.062385 0.0473261 0.0510277 0.0389632  0.047602 0.0495916 0.0622524 0.0412489 0.0501372 0.0406077 0.0587802         0 0.0445521 0.0499687 0.0568357 0.0571887 0.0618077 0.0453433 0.0622828 0.0466316 0.0470721 0.0451876 0.0668155 0.0474769 0.0375196 0.0602824  0.043129 0.0677771 0.0637605 0.0676687  0.051523 0.0471023 0.0407377 0.0607046 0.0416001 0.0435973 0.0585499 0.0621402 0.0514856 0.0523135 0.0372375 0.0428583 0.0500532 0.0554159 0.0464452 0.0464902 0.0680897 0.0657524 0.0614528 0.0408076 0.0545562 0.0560104 0.0590981 0.0406295 0.0604092 0.0539211  0.053171 0.0410501 0.0452207 0.0441902 0.0461455 0.0625291 0.0582944 0.0403055 0.0379805 0.0425075 0.0431237 0.0470033  0.050342 0.0261621 0.0435536 0.0654546 0.0461307 0.0473689 0.0402258 0.0545722 0.0576568 0.0573507 0.0479359 0.0484977 0.0697227    0.0365 0.0496535 0.0483861 0.0441924 0.0413722 0.0639301 0.0539541 0.0494914 0.0410985 0.0541089 0.0682241 0.0306975
0.0456525 0.0668866 0.0507286   0.05047 0.0665232 0.0504338 0.0471638 0.0671132 0.0474868 0.0592221 0.0464115 0.0468495 0.0531033 0.0646735 0.0466943 0.0441955 0.0468015 0.0635606 0.0445521         0 0.0475546 0.0565898 0.0617185 0.0664697 0.0492321 0.0660239 0.0539904 0.0479265  0.047699 0.0664735 0.0486058  0.043949 0.0670265 0.0506839 0.0710319 0.0672561 0.0677631 0.0493145 0.0454376 0.0446645 0.0616095 0.0464605 0.0451716 0.0641645 0.0672319 0.0515535  0.059642 0.0462052 0.0440628 0.0496913 0.0576784 0.0488223 0.0482227 0.0685684 0.0665662 0.0631394 0.0420514 0.0583418 0.0607416  0.063762 0.0492356 0.0648191 0.0580633 0.0559542 0.0485521  0.040934 0.0484489 0.0521997 0.0648944 0.0597343 0.0450083 0.0410721 0.0398679 0.0454673 0.0493645 0.0523356 0.0475668 0.0477738 0.0639236 0.0516513 0.0526201 0.0459395 0.0565289 0.0577739  0.062048 0.0471223 0.0456272 0.0700877 0.0451539 0.0437791 0.0458991 0.0482379 0.0419628 0.0646816  0.051214 0.0449989 0.0468947 0.0597338 0.0668601 0.0351009
0.0444973 0.0644413 0.0471066 0.0506979 0.0648944 0.0542872 0.0436722 0.0605193 0.0498397 0.0564235 0.0477344  0.050355 0.0504982 0.0633309  0.049738 0.0511582 0.0459449 0.0639638 0.0499687 0.0475546         0 0.0599356 0.0584628  0.066007 0.0489463  0.064919  0.059224 0.0501164 0.0506742 0.0661087 0.0514051 0.0478523 0.0660653 0.0495231 0.0723133 0.0648796 0.0653132 0.0479381 0.0497217 0.0479874 0.0625048 0.0498769 0.0540253 0.0635107 0.0710066 0.0554998 0.0589015 0.0518853 0.0463882 0.0488811  0.055944 0.0493535 0.0524338 0.0693779  0.066226  0.061847 0.0493513 0.0537794 0.0630767 0.0642846 0.0492893 0.0642863 0.0622648  0.056424 0.0441656 0.0461628  0.045643 0.0544717  0.062261 0.0610527 0.0483427 0.0486374 0.0461119 0.0521571 0.0508644 0.0562836 0.0522527 0.0484183 0.0662081 0.0455229 0.0586613 0.0472484 0.0589355  0.059469 0.0640361 0.0480328 0.0522871 0.0704969 0.0474485 0.0538726 0.0501799 0.0471631 0.0500439 0.0635646 0.0524523 0.0472036 0.0504159   0.05964 0.0667173 0.0371915
0.0582845 0.0716695 0.0623362 0.0612719 0.0740179 0.0555694 0.0578156 0.0755898 0.0587579 0.0501478 0.0557709 0.0621904  0.061415  0.075301  0.056126 0.0601693 0.0545603 0.0670609 0.0568357 0.0565898 0.0599356         0 0.0490589 0.0699435  0.058137 0.0728789 0.0584956 0.0576034 0.0596832 0.0708925  0.056373 0.0554166 0.0746183 0.0566426 0.0773931 0.0703893 0.0743872 0.0596613 0.0564184 0.0584861 0.0526006 0.0526136 0.0621609 0.0701631 0.0744864 0.0621188 0.0516591 0.0596099 0.0579489 0.0598915 0.0436024 0.0569964 0.0599528 0.0753936 0.0755166 0.0701081 0.0562916 0.0491209 0.0719344 0.0523696 0.0612215 0.0746327 0.0476467 0.0621469 0.0565661 0.0569661 0.0524523 0.0618334 0.0751629 0.0466049 0.0585614  0.054151 0.0532378 0.0564852 0.0606839 0.0618336 0.0608577 0.0596748 0.0753387 0.0602975 0.0596007 0.0599773 0.0487082 0.0141728 0.0667458 0.0607672 0.0595063 0.0791048 0.0581758 0.0576612 0.0559052 0.0535742   0.05852 0.0681804  0.057129 0.0589052 0.0589794 0.0448624  0.078984 0.0454024
0.0617525  0.074612 0.0644589 0.0565642 0.0767119 0.0559001 0.0547253 0.0747552 0.0592354 0.0452101 0.0545675 0.0616849 0.0609861  0.075685 0.0515281  0.058183 0.0564763 0.0732647 0.0571887 0.0617185 0.0584628 0.0490589         0 0.0737408 0.0593421 0.0755716 0.0591747 0.0591911 0.0570702 0.0760943 0.0543753 0.0540524 0.0732473 0.0573821 0.0827619 0.0760437 0.0759775  0.060418 0.0571501 0.0570426 0.0532048 0.0565531 0.0654053 0.0713004 0.0782644 0.0620455 0.0510406 0.0597154 0.0596994 0.0616135  0.042041 0.0597546 0.0656602 0.0739993 0.0783267 0.0708698 0.0596319 0.0459925 0.0734133  0.057255 0.0600542 0.0761238 0.0481065  0.068125 0.0539977 0.0583162 0.0554822 0.0634346 0.0767437 0.0482875 0.0560268 0.0586253 0.0530739 0.0594363 0.0595035 0.0669342 0.0613812 0.0609234  0.080353 0.0589813 0.0620551   0.06263  0.052074 0.0502387 0.0683091 0.0605256 0.0583237 0.0791112  0.058421 0.0585266  0.055756 0.0514606 0.0610124 0.0738316 0.0586291 0.0649168 0.0620511 0.0489342 0.0753987 0.0473508
0.0652047 0.0478171 0.0648922 0.0651351 0.0486835 0.0659716 0.0641806 0.0486218 0.0650012 0.0731452 0.0644079 0.0732931 0.0706081 0.0540413 0.0669572 0.0670058 0.0698271 0.0497131 0.0618077 0.0664697  0.066007 0.0699435 0.0737408         0 0.0663711  0.043739 0.0670093 0.0670052 0.0703103 0.0506432 0.0617797 0.0651114 0.0500325  0.065111 0.0532695 0.0437606 0.0504476 0.0713064 0.0665725 0.0666981 0.0770087 0.0648691 0.0675493  0.048467 0.0494353 0.0736342 0.0743479 0.0636694 0.0673834 0.0730909 0.0709076 0.0710358 0.0688385 0.0515323  0.058898 0.0512725 0.0641578  0.074071  0.045576 0.0779099 0.0626267 0.0455455 0.0715831 0.0671953 0.0632854 0.0658358 0.0670809 0.0693331 0.0487704 0.0731051 0.0660706  0.063248 0.0663785 0.0715918 0.0609682  0.071636   0.06086  0.065513 0.0535314 0.0656143 0.0653881 0.0608353 0.0736496 0.0694812 0.0450492 0.0683697 0.0697083 0.0538079 0.0610561 0.0710861 0.0636606 0.0639926 0.0667998 0.0481795 0.0685652 0.0691394 0.0619933 0.0728916 0.0490564 0.0520926
0.0435431   0.06685 0.0538375 0.0493877 0.0719058  0.049281 0.0421306 0.0689443 0.0496133 0.0515832 0.0474803 0.0484117 0.0515336 0.0663424 0.0502184 0.0459884 0.0458171 0.0638418 0.0453433 0.0492321 0.0489463  0.058137 0.0593421 0.0663711         0 0.0688755 0.0531598 0.0470755 0.0526615 0.0730642 0.0529413 0.0493485 0.0660007 0.0467755 0.0721304 0.0703734 0.0722624 0.0486364 0.0499785 0.0479764 0.0610033 0.0450626 0.0482685 0.0669728 0.0704019 0.0501911 0.0548909 0.0467768 0.0447432 0.0515341  0.054272 0.0505699 0.0467441 0.0723767  0.069153  0.062061 0.0456012 0.0526743 0.0658769 0.0587812 0.0480276  0.068193  0.061688 0.0510348 0.0449216 0.0387862   0.04816 0.0537881 0.0705377 0.0592481 0.0493691 0.0436931 0.0451153 0.0486349 0.0446876  0.052507 0.0455172  0.051646 0.0720842 0.0444306 0.0527495 0.0470125 0.0574715 0.0594538 0.0629548 0.0456214 0.0509562  0.075741 0.0465828 0.0483615 0.0460241 0.0450504 0.0472162 0.0706451 0.0447156 0.0430677 0.0468138 0.0541339 0.0709479 0.0364796
0.0663749 0.0447983 0.0681012  0.064971   0.05172 0.0626781 0.0616509 0.0496668 0.0666228 0.0764872 0.0646316 0.0725544 0.0681377 0.0483208 0.0644612 0.0680406 0.0670708 0.0503888 0.0622828 0.0660239  0.064919 0.0728789 0.0755716  0.043739 0.0688755         0 0.0685646 0.0703258 0.0639501 0.0479379 0.0658125 0.0640968  0.042332 0.0655694 0.0540212  0.043405 0.0581902 0.0719881  0.066813 0.0628575 0.0790552 0.0656216 0.0654784 0.0458998 0.0542142 0.0712575 0.0767502 0.0650098 0.0645796  0.067734 0.0716955  0.070549 0.0670963 0.0507525  0.054593 0.0488358 0.0610586 0.0746105  0.046592  0.079026 0.0643939 0.0482383 0.0740665 0.0739822 0.0640635 0.0645879  0.066009 0.0630834 0.0436728 0.0739734 0.0619947 0.0613019 0.0639259 0.0665822 0.0660536 0.0718007   0.06332 0.0627413 0.0527529 0.0640648  0.066427 0.0627642 0.0798134 0.0727277 0.0436959  0.063508 0.0647578 0.0477132 0.0584012 0.0684995 0.0601809   0.06234 0.0669087 0.0462187 0.0690632 0.0658956 0.0621178 0.0738386 0.0491111 0.0513413
0.0539241 0.0702236 0.0578361 0.0534483 0.0690688 0.0457671 0.0500524 0.0745199 0.0592651 0.0571467  0.049335 0.0499232 0.0539699   0.06378 0.0555808 0.0498168 0.0488548  0.063509 0.0466316 0.0539904  0.059224 0.0584956 0.0591747 0.0670093 0.0531598 0.0685646         0  0.054719 0.0505004 0.0753705 0.0528075 0.0446779  0.061267 0.0496187 0.0737748 0.0688373 0.0778721 0.0525424 0.0586392 0.0506425 0.0625773 0.0480088 0.0494071 0.0657234 0.0698866 0.0495774 0.0589202 0.0469613 0.0492108 0.0547284 0.0590644 0.0528054    0.0549 0.0691788 0.0725568 0.0625922 0.0511854 0.0580866 0.0638459 0.0646987   0.04837  0.065748 0.0576643 0.0561281 0.0450602 0.0539606 0.0527037 0.0556808 0.0705651 0.0641246 0.0483574 0.0463123 0.0472923 0.0548478 0.0559242 0.0505348 0.0485513 0.0519057 0.0689142 0.0496224 0.0525838 0.0550651 0.0587168 0.0593018 0.0643651 0.0579931  0.056985 0.0721994 0.0476824 0.0510325 0.0532548 0.0481947 0.0536385 0.0726243  0.057797 0.0609729 0.0525133 0.0512502 0.0724294 0.0388774
0.0486587 0.0718152 0.0487554 0.0482235 0.0721351 0.0499489 0.0442724 0.0706716 0.0492769 0.0559382 0.0446109 0.0388621 0.0468315  0.071515 0.0438266 0.0492854 0.0485694 0.0643968 0.0470721 0.0479265 0.0501164 0.0576034 0.0591911 0.0670052 0.0470755 0.0703258  0.054719         0 0.0480531  0.071904 0.0453139 0.0466264 0.0658312 0.0434271 0.0739959 0.0722188 0.0728076 0.0507503 0.0505406 0.0463637 0.0564689 0.0425228 0.0482939  0.069774 0.0695994 0.0496573 0.0528967 0.0429314 0.0470254 0.0544532 0.0566359 0.0468168 0.0433245 0.0728925 0.0711082 0.0646673 0.0483008 0.0545466 0.0650816 0.0646529 0.0486768 0.0679682 0.0567369 0.0498397 0.0476284 0.0410184 0.0448672 0.0504536 0.0742717 0.0566913 0.0432397 0.0389085 0.0467346 0.0476484 0.0449883 0.0468629 0.0484851 0.0483007 0.0695101 0.0492826 0.0541618 0.0437413 0.0543279 0.0567288 0.0649572 0.0436823 0.0466784 0.0731254 0.0453681  0.052569 0.0495881 0.0443464 0.0414026 0.0694557 0.0495643 0.0507678 0.0427459  0.057466 0.0721437 0.0362433
0.0553155 0.0687265 0.0504462 0.0508346 0.0668995 0.0502747 0.0474773  0.066526 0.0561777 0.0531632 0.0465286 0.0486443 0.0449903 0.0648224 0.0499464 0.0526715   0.05115 0.0667086 0.0451876  0.047699 0.0506742 0.0596832 0.0570702 0.0703103 0.0526615 0.0639501 0.0505004 0.0480531         0 0.0711218 0.0483162 0.0445987  0.061675 0.0471747 0.0724802 0.0695632 0.0730962  0.046442 0.0499046 0.0457807 0.0617618 0.0464524 0.0504496 0.0652764 0.0692894 0.0512249 0.0607041 0.0487568  0.046991 0.0566608  0.055085 0.0469044 0.0530749 0.0691338 0.0694075 0.0645503 0.0460667 0.0583253  0.062566 0.0615366 0.0463806 0.0674543  0.054792 0.0565876 0.0474184 0.0497773 0.0502598 0.0506173 0.0692646 0.0606099 0.0443997 0.0454159 0.0469065 0.0424618 0.0548104 0.0529142 0.0491697 0.0498537 0.0696067 0.0501993 0.0526405 0.0483635 0.0581579 0.0589096  0.063426 0.0516334 0.0461165 0.0709839 0.0462082 0.0482717 0.0434707 0.0502868 0.0467062 0.0696753 0.0522047 0.0542692 0.0472706 0.0589802 0.0691485  0.036827
0.0686299 0.0444669 0.0680562 0.0734102 0.0454091 0.0674946 0.0656471 0.0469847 0.0700658  0.076545 0.0697927 0.0736939  0.075063 0.0456023 0.0688185  0.070899 0.0721217 0.0522713 0.0668155 0.0664735 0.0661087 0.0708925 0.0760943 0.0506432 0.0730642 0.0479379 0.0753705  0.071904 0.0711218         0 0.0678683 0.0688193 0.0574382 0.0699316 0.0553015 0.0475562 0.0520485 0.0747514 0.0731146 0.0709719 0.0795477 0.0685307 0.0719907 0.0481824 0.0525788 0.0761539 0.0777295 0.0703582 0.0680632 0.0747458 0.0695274 0.0731057 0.0714966 0.0494023 0.0553711 0.0523318 0.0684406 0.0736883 0.0442729 0.0786616 0.0672835 0.0473915 0.0736978 0.0759233 0.0680879 0.0705369 0.0686066 0.0734172 0.0442941 0.0705186 0.0681149 0.0666814 0.0713566 0.0723194 0.0724905 0.0746338  0.067766 0.0683698  0.049991 0.0734813 0.0702486 0.0667518 0.0778019 0.0709256  0.051179 0.0713314 0.0697845 0.0445283 0.0667241 0.0745588 0.0654812  0.069207 0.0694413 0.0185155 0.0703764 0.0713701 0.0690475 0.0745975 0.0445423 0.0564257
0.0529437 0.0675272 0.0521802 0.0476703 0.0676912 0.0462098 0.0466613 0.0685677 0.0504058 0.0516101 0.0392061 0.0481573 0.0506709 0.0674481 0.0471254 0.0523605 0.0494163 0.0631243 0.0474769 0.0486058 0.0514051  0.056373 0.0543753 0.0617797 0.0529413 0.0658125 0.0528075 0.0453139 0.0483162 0.0678683         0 0.0451174 0.0660885 0.0465204 0.0730962 0.0676413  0.070079 0.0502876 0.0476839 0.0480812 0.0631147 0.0452877 0.0539477 0.0654633 0.0709895 0.0587902 0.0564372 0.0486419 0.0487891 0.0551802 0.0508104 0.0504115 0.0557867 0.0715814 0.0710607 0.0670009 0.0461424 0.0516332 0.0601865 0.0633004 0.0464447 0.0652463 0.0561405 0.0540864 0.0457601 0.0467258 0.0524389 0.0512947 0.0665046 0.0553479 0.0442027 0.0443907 0.0473109 0.0552744 0.0474216 0.0569966 0.0489738 0.0510282 0.0639995 0.0454531 0.0527346  0.049686 0.0535927 0.0553718  0.062537 0.0523792  0.047703 0.0730227  0.047536   0.05105 0.0486749 0.0478388  0.048299 0.0660145  0.049052 0.0549484 0.0485405 0.0520498 0.0668998 0.0360843
0.0479869 0.0653498 0.0489346 0.0439571 0.0660348 0.0436307 0.0458673  0.063676 0.0440235 0.0497671 0.0402602 0.0433648 0.0482565 0.0637564 0.0418803 0.0516455 0.0420758 0.0614749 0.0375196  0.043949 0.0478523 0.0554166 0.0540524 0.0651114 0.0493485 0.0640968 0.0446779 0.0466264 0.0445987 0.0688193 0.0451174         0 0.0634492 0.0457824 0.0720304 0.0659489  0.072235 0.0498021  0.051627 0.0441825 0.0606597 0.0374975 0.0466767 0.0595153 0.0691235 0.0559746 0.0519746 0.0417813 0.0462768 0.0468184 0.0537306 0.0498406 0.0522993 0.0661578 0.0672374 0.0631292 0.0421056 0.0523431 0.0600594 0.0606653 0.0426657 0.0642096 0.0535533 0.0522514 0.0440225  0.044476 0.0466208  0.055324 0.0685366 0.0576406 0.0395719 0.0421219 0.0422416 0.0437114 0.0464873  0.054672 0.0442388 0.0419157 0.0658415 0.0441515 0.0495556 0.0438588 0.0554125 0.0565367 0.0600681 0.0477609 0.0478077 0.0706566  0.040135  0.044559 0.0441693 0.0429057  0.040926  0.065717 0.0501223 0.0539706 0.0436284 0.0539779 0.0673678 0.0315997
0.0663757 0.0503021 0.0673294 0.0632085 0.0536276 0.0618051 0.0625308 0.0498628 0.0663384 0.0745289 0.0679986 0.0689623 0.0682064 0.0482762 0.0628338 0.0647619 0.0648011 0.0453973 0.0602824 0.0670265 0.0660653 0.0746183 0.0732473 0.0500325 0.0660007  0.042332  0.061267 0.0658312  0.061675 0.0574382 0.0660885 0.0634492         0 0.0660102 0.0563675 0.0459548 0.0583733 0.0715538 0.0662852 0.0620087 0.0753422 0.0617473 0.0630165 0.0490141 0.0505176 0.0678322 0.0773815 0.0624338 0.0610224 0.0697903 0.0730832 0.0688473 0.0648685 0.0518325 0.0489624 0.0418596 0.0615439   0.07555 0.0488454 0.0779119 0.0614426 0.0500261  0.072962 0.0690578  0.061275 0.0653385 0.0639485 0.0626747 0.0522367 0.0742363 0.0649087 0.0621957 0.0627082 0.0672339 0.0661587 0.0662474 0.0603853 0.0641063  0.057784 0.0619947 0.0666407 0.0593269 0.0782103 0.0744168 0.0434764 0.0642989 0.0627118 0.0500641  0.057043  0.069457 0.0633753   0.06249 0.0686571 0.0557426 0.0697836 0.0697973 0.0645181 0.0737089 0.0522658 0.0502803
0.0485537 0.0696636 0.0444688 0.0490617 0.0692624 0.0502633 0.0414991 0.0698377 0.0532257 0.0555313 0.0399209 0.0466029 0.0463999 0.0666124 0.0483073 0.0528153 0.0471247 0.0666231  0.043129 0.0506839 0.0495231 0.0566426 0.0573821  0.065111 0.0467755 0.0655694 0.0496187 0.0434271 0.0471747 0.0699316 0.0465204 0.0457824 0.0660102         0  0.072694 0.0705343 0.0718968 0.0464521 0.0462888 0.0459055 0.0625985 0.0473075  0.047435 0.0669371 0.0715079 0.0494539 0.0578311 0.0425892 0.0477817 0.0526133 0.0537261  0.044796  0.051859 0.0728669  0.071594 0.0635709 0.0479132 0.0521017 0.0626551 0.0620281 0.0411295 0.0646352 0.0559051 0.0501695 0.0416099 0.0474615 0.0464584 0.0519203 0.0716496 0.0592231 0.0415968 0.0411939 0.0419552 0.0516742 0.0469726 0.0484575 0.0496727 0.0467965 0.0704783 0.0458523 0.0461288 0.0486435 0.0585834 0.0573931 0.0630418 0.0480672 0.0512013 0.0718569 0.0417097 0.0490254 0.0458042 0.0401478 0.0460296  0.067269 0.0505095 0.0490371 0.0445251 0.0541839  0.071695 0.0347143
 0.074818 0.0505925 0.0717827 0.0748891 0.0591008 0.0700194 0.0685045 0.0619676 0.0763876 0.0796436 0.0744744 0.0744579 0.0770819 0.0560296 0.0736349 0.0741446 0.0723461  0.055144 0.0677771 0.0710319 0.0723133 0.0773931 0.0827619 0.0532695 0.0721304 0.0540212 0.0737748 0.0739959 0.0724802 0.0553015 0.0730962 0.0720304 0.0563675  0.072694         0 0.0526582 0.0577642 0.0773028 0.0767513 0.0733807 0.0857316 0.0694657 0.0751606 0.0540993 0.0568685  0.076016  0.080056 0.0704226 0.0745038 0.0770853 0.0777287 0.0752342 0.0775637 0.0591259 0.0610707 0.0586931 0.0744126  0.081384 0.0512095  0.087786 0.0656808 0.0556243  0.078817 0.0791798 0.0715996 0.0708227 0.0687939  0.076765 0.0570545  0.082328 0.0712939  0.067547 0.0747788 0.0743929 0.0738183 0.0731051 0.0677702 0.0746579 0.0569741 0.0727043 0.0730997 0.0681462 0.0833283 0.0782454 0.0556972 0.0752185 0.0739506 0.0568568 0.0679171 0.0768991 0.0664023 0.0730297 0.0752242 0.0537695 0.0750817 0.0762878 0.0725538 0.0789976 0.0562579 0.0603452
0.0668832  0.045693 0.0660271 0.0685098 0.0467255 0.0651856 0.0654768 0.0462848 0.0676649 0.0773209 0.0687834 0.0728307 0.0750314 0.0484267 0.0683427 0.0694835 0.0676466 0.0432534 0.0637605 0.0672561 0.0648796 0.0703893 0.0760437 0.0437606 0.0703734  0.043405 0.0688373 0.0722188 0.0695632 0.0475562 0.0676413 0.0659489 0.0459548 0.0705343 0.0526582         0 0.0519621 0.0750244 0.0703306 0.0670718 0.0763914 0.0664032 0.0697311 0.0423731 0.0546143 0.0732022 0.0778959 0.0683895 0.0667146 0.0706712 0.0729342  0.072233 0.0686293 0.0505368 0.0488912 0.0480278 0.0645927 0.0773138  0.049076 0.0821233 0.0641202 0.0434239 0.0749059 0.0730192 0.0648117 0.0696565 0.0672567 0.0691958 0.0442513 0.0746129 0.0673846 0.0647758 0.0676793 0.0727559 0.0704048 0.0710655 0.0638398 0.0673069 0.0446097 0.0690219 0.0694315   0.06511 0.0748014 0.0714705  0.045397 0.0680436 0.0670387 0.0495323  0.062491 0.0735763 0.0669452 0.0654412 0.0702048 0.0462847 0.0724073 0.0714946  0.066028 0.0730277 0.0466479 0.0537045
  0.06931 0.0482139 0.0666433 0.0689092 0.0520537 0.0702854 0.0653107 0.0483843  0.067574 0.0778089  0.070385 0.0763008 0.0742709 0.0537734 0.0687624 0.0678495  0.074165 0.0540963 0.0676687 0.0677631 0.0653132 0.0743872 0.0759775 0.0504476 0.0722624 0.0581902 0.0778721 0.0728076 0.0730962 0.0520485  0.070079  0.072235 0.0583733 0.0718968 0.0577642 0.0519621         0 0.0756759 0.0704121  0.069862 0.0816911 0.0697566 0.0730267 0.0499121 0.0486315 0.0762849 0.0773935 0.0724091 0.0674732 0.0767837 0.0743587 0.0712822 0.0726945 0.0500732 0.0540588 0.0531002 0.0704296 0.0791377 0.0521947 0.0789342 0.0708041 0.0479172 0.0782216 0.0772023 0.0694298 0.0697023 0.0663869 0.0714008  0.048893 0.0736601 0.0738382 0.0703252 0.0708947 0.0751595 0.0704951 0.0740529 0.0662023 0.0710733  0.055037  0.077658 0.0735102 0.0652968 0.0772095 0.0745355 0.0517455 0.0697635 0.0725798 0.0501829 0.0662713 0.0752271 0.0693124 0.0680651 0.0701161 0.0523234 0.0715164 0.0715346 0.0687984 0.0773747 0.0546679 0.0575867
0.0530519 0.0717157 0.0547804 0.0591503 0.0701733 0.0544544 0.0494759 0.0745111 0.0587073 0.0571505 0.0486298 0.0463126  0.049048 0.0701779  0.052437 0.0532239  0.051841 0.0726741  0.051523 0.0493145 0.0479381 0.0596613  0.060418 0.0713064 0.0486364 0.0719881 0.0525424 0.0507503  0.046442 0.0747514 0.0502876 0.0498021 0.0715538 0.0464521 0.0773028 0.0750244 0.0756759         0 0.0531265  0.050851 0.0675709 0.0489454 0.0500129  0.070107 0.0728448 0.0493895 0.0611816 0.0510003 0.0474553 0.0573886 0.0546453  0.049171  0.054123 0.0743421 0.0771337 0.0669175 0.0497493 0.0547334 0.0693185 0.0644627 0.0472017 0.0719011 0.0606135 0.0545828 0.0490701 0.0476403 0.0550556 0.0545055 0.0727481 0.0645225  0.050132 0.0515268 0.0442517 0.0518937 0.0532529 0.0557164 0.0538378 0.0565835 0.0732509 0.0511457 0.0556438 0.0536267 0.0555327  0.058169   0.06623 0.0538954  0.057885 0.0768121 0.0503248 0.0491463 0.0505002 0.0509711 0.0481804 0.0725269 0.0493326 0.0509548 0.0512242 0.0565315 0.0730324 0.0404982
0.0469809 0.0689636 0.0560067 0.0525622 0.0735154 0.0545491 0.0506836 0.0691611 0.0417764 0.0542085 0.0461711  0.054222 0.0536295 0.0683135 0.0460381 0.0403503 0.0508628 0.0667808 0.0471023 0.0454376 0.0497217 0.0564184 0.0571501 0.0665725 0.0499785  0.066813 0.0586392 0.0505406 0.0499046 0.0731146 0.0476839  0.051627 0.0662852 0.0462888 0.0767513 0.0703306 0.0704121 0.0531265         0 0.0485989 0.0578609 0.0499443 0.0427792 0.0656796 0.0699461 0.0593769  0.057478 0.0488858 0.0533624 0.0542193  0.056063 0.0561212 0.0479812 0.0744625 0.0702044 0.0638002 0.0492642 0.0546856 0.0653692 0.0579241 0.0543652 0.0681245  0.059063 0.0478624 0.0525698 0.0472041 0.0504192 0.0502533 0.0710103 0.0577419  0.046702 0.0445758 0.0420452 0.0474498 0.0514061 0.0579203 0.0499967 0.0534914 0.0683663 0.0488356 0.0488586 0.0499675 0.0533744  0.056523  0.063502 0.0501232 0.0490355 0.0737209 0.0445299 0.0561447 0.0485284 0.0472124 0.0523872 0.0704353 0.0526791  0.047836 0.0479023 0.0570016  0.072001  0.038023
0.0487296 0.0664728 0.0472973 0.0434835 0.0673281 0.0478025  0.036521 0.0668453 0.0497831 0.0562606 0.0433912 0.0508393 0.0483355 0.0665899  0.043704 0.0459601  0.045643 0.0633351 0.0407377 0.0446645 0.0479874 0.0584861 0.0570426 0.0666981 0.0479764 0.0628575 0.0506425 0.0463637 0.0457807 0.0709719 0.0480812 0.0441825 0.0620087 0.0459055 0.0733807 0.0670718  0.069862  0.050851 0.0485989         0 0.0611019 0.0474831 0.0458971 0.0617544 0.0670963  0.050669  0.052362 0.0430069 0.0415853 0.0490232 0.0533566 0.0515819 0.0459679  0.069574  0.068016 0.0601091 0.0387101 0.0571373  0.061194 0.0607942 0.0443521 0.0655909 0.0548785 0.0561638 0.0478844 0.0435018 0.0414503  0.045927 0.0677488 0.0549616 0.0434622 0.0426602 0.0432377 0.0421714 0.0464971 0.0495264  0.047191 0.0466523 0.0696672 0.0471165 0.0518299 0.0471112 0.0598335 0.0582877 0.0598163 0.0415695 0.0392891 0.0724139 0.0420618 0.0461056 0.0480644 0.0423366 0.0429909 0.0684189 0.0446904 0.0422949 0.0447742 0.0549454 0.0696694 0.0326726
