        0  0.111864  0.282028  0.113104  0.110109   0.11439   0.12707  0.130074  0.290544  0.291669 0.0882771   0.13413 0.0967679  0.109887  0.106182  0.132051  0.113066  0.110101  0.117957  0.280292 0.0867948   0.28192    0.1113  0.287894  0.112053  0.108925  0.113768  0.109057  0.117289  0.105815 0.0875204  0.277242  0.107852  0.108594  0.113213  0.116944  0.109822  0.111603   0.10277  0.283946  0.282802 0.0936136  0.109229  0.116226  0.120007  0.112044  0.290806  0.108279  0.103369  0.100594 0.0853997 0.0991658  0.287784 0.0871236 0.0999759  0.122128  0.113525  0.106541  0.117519  0.117631  0.110442 0.0962373  0.293321  0.116792  0.284716   0.10986  0.110452  0.132387  0.109158  0.113859  0.127431  0.283606 0.0912712  0.290567  0.286808  0.121649 0.0918637  0.286178  0.109214  0.114292  0.111464  0.282086  0.109894  0.281772  0.292254  0.116737  0.281457 0.0887281  0.284193  0.143394  0.124645  0.285359  0.284706  0.106439 0.0834815  0.104881  0.281345  0.117552  0.113864 0.0916215
 0.111864         0  0.273607  0.101959  0.106498 0.0923019  0.114199  0.110686  0.284373  0.287331   0.10588  0.125464  0.126408  0.103624 0.0958401   0.12124  0.102691 0.0994094   0.10481  0.274631  0.121443  0.274927  0.103952  0.283101   0.10572 0.0860605 0.0994287   0.10428  0.107169 0.0963998  0.122431  0.270923  0.100759  0.102487  0.103809  0.111432 0.0983135  0.104894 0.0972722   0.27622  0.276319  0.128519  0.100266  0.104821  0.111933  0.110337  0.284204  0.104187  0.125427  0.116708  0.119263  0.130043  0.277873  0.124271   0.12243  0.110959 0.0932819 0.0879296  0.104428   0.10601  0.116467  0.122645  0.288867  0.111857  0.282549  0.104916 0.0953481  0.124796  0.102596  0.109024  0.125821  0.275538  0.110958  0.284019  0.283222  0.108018  0.121139  0.284027  0.100581  0.110095   0.10305  0.277025  0.103585  0.275004  0.284841  0.108497  0.274542  0.117755  0.276757  0.133135  0.118827   0.27865  0.279885 0.0978128  0.114438 0.0928529  0.274629  0.120372 0.0947367 0.0839292
 0.282028  0.273607         0  0.284691  0.273143  0.275255  0.273111     0.279 0.0952677  0.100513  0.276794  0.275824  0.277244  0.277083  0.275057  0.278031  0.275971  0.276377  0.285135 0.0827836  0.278788 0.0930683  0.275402 0.0966562     0.279  0.270545  0.279564  0.277218   0.27469   0.27675  0.274958 0.0989132  0.280188  0.278529  0.278508  0.272325  0.273342  0.277078  0.275394 0.0934895 0.0964574  0.283945  0.276164  0.275159  0.286269  0.283279 0.0959927  0.278901  0.284543  0.280103  0.278302  0.277933 0.0845575  0.278417  0.288046  0.273663  0.274031  0.276075  0.279722  0.270164  0.282061  0.281439 0.0880631  0.280709  0.102738  0.277264  0.272477  0.271825  0.273456   0.27393  0.279077  0.102202  0.282378 0.0962524 0.0993808  0.274507  0.277591 0.0941616  0.270247  0.278631  0.274243 0.0908166  0.280636 0.0928209  0.108363  0.281344 0.0938509  0.280331 0.0931583  0.278421  0.280026 0.0922405 0.0852946  0.276121  0.274483  0.278572 0.0943671  0.280412  0.275686   0.24337
 0.113104  0.101959  0.284691         0 0.0923482 0.0991547  0.104648  0.117757  0.291368  0.294168  0.116055  0.111106  0.114674  0.104151 0.0899393  0.112372 0.0964041 0.0959017  0.110241  0.282927  0.112045  0.284406 0.0949358  0.292106  0.103061 0.0984537 0.0969898   0.10367  0.102284  0.090437  0.117959  0.282968 0.0928558 0.0862481 0.0888984  0.104381 0.0961208 0.0825308 0.0890451  0.284818  0.284339  0.119759 0.0972808 0.0978626  0.106067 0.0907572  0.293063 0.0889285  0.115543  0.114389  0.109697  0.118019  0.290048  0.111717  0.117715   0.10188 0.0946171  0.087559 0.0977007 0.0939448  0.110187  0.113795  0.295218  0.104302  0.293842 0.0952332 0.0988387  0.115706  0.102177 0.0972528  0.115798  0.285355  0.109268  0.292736  0.292623  0.101495  0.109435  0.293044 0.0866697  0.110291  0.093758  0.286839  0.117243   0.28501  0.295752 0.0959429  0.283052  0.111991   0.28535  0.109007  0.106214  0.288923  0.288351 0.0964136  0.108931 0.0818458  0.281845 0.0986704  0.106472 0.0832866
 0.110109  0.106498  0.273143 0.0923482         0 0.0929431 0.0955469  0.111325  0.282664  0.282704  0.107622  0.104538  0.105559  0.107443 0.0929205  0.119138 0.0976326 0.0952971  0.113185  0.271252  0.111321  0.271238 0.0869832  0.280462 0.0988887  0.091647  0.100908 0.0864326  0.102313  0.084617  0.109259  0.272473 0.0869868 0.0924251 0.0990126  0.102204 0.0937264 0.0886577 0.0932832  0.274912  0.272674  0.118584 0.0934938 0.0886212 0.0976459 0.0898851  0.283956 0.0930767  0.115634   0.10881  0.110229  0.115805  0.277609  0.108508  0.118243 0.0896813 0.0920277 0.0896466 0.0913785 0.0939061  0.119345  0.106639  0.285347  0.097088  0.278762 0.0845695 0.0915643  0.120117  0.100419 0.0968459  0.117734  0.274265 0.0989862  0.283114  0.277197  0.095369  0.116575  0.283032 0.0808118    0.1015 0.0909089  0.274183 0.0960041  0.271526  0.285502 0.0926226  0.271696  0.109023  0.274778   0.12957 0.0985515  0.277234  0.279419 0.0934505  0.102698 0.0870016  0.271344 0.0971949 0.0995306 0.0730111
  0.11439 0.0923019  0.275255 0.0991547 0.0929431         0 0.0975594  0.104379  0.282191  0.283612  0.107093   0.12538  0.119002  0.100939 0.0814823  0.117895 0.0932432 0.0979491   0.10384  0.274716  0.115092  0.274412 0.0938089  0.283747 0.0915203 0.0993262  0.102536 0.0963903  0.102014 0.0903757  0.113789  0.271419 0.0968501 0.0806798 0.0960157  0.103184 0.0887547 0.0900146 0.0956107   0.27613  0.271884  0.116316 0.0907616 0.0953321 0.0995054 0.0856481  0.284596 0.0871084   0.11909  0.114329  0.114885  0.126057  0.279548  0.113049  0.120153  0.107686 0.0936414 0.0856604 0.0875321  0.105294   0.10722  0.119238  0.285256  0.101248  0.280216 0.0904641  0.089854  0.128036 0.0967623  0.102676  0.115182   0.27411  0.113398  0.285234  0.280965   0.11126  0.120103  0.283128 0.0856862 0.0948096 0.0936085   0.27515  0.103222  0.274562  0.286337 0.0927443   0.27201  0.116264  0.275955  0.125622  0.104804  0.278899  0.280036 0.0930526  0.119478 0.0950829  0.272266  0.105862 0.0883135 0.0770073
  0.12707  0.114199  0.273111  0.104648 0.0955469 0.0975594         0  0.112284  0.284196  0.284593  0.119313  0.115949   0.12208  0.108616 0.0957427  0.130323 0.0943044  0.108954  0.119611  0.274778  0.119159  0.273764 0.0850457  0.285698  0.108199  0.109512  0.113554 0.0951275  0.110685 0.0966778  0.116043  0.270587 0.0995966  0.102591   0.10053 0.0958532 0.0973437 0.0875976  0.103097  0.276385  0.270568  0.128298 0.0947224 0.0965859  0.104401  0.100134    0.2865  0.113224  0.120619  0.122858  0.104196   0.12042  0.278382  0.119174  0.132454   0.10576 0.0980101 0.0896989 0.0960603 0.0988482  0.129357  0.121281  0.284793  0.116736  0.283581   0.10379  0.105075  0.119568   0.11132  0.105291  0.125339  0.277183   0.11566  0.281399  0.280656  0.099823  0.129587  0.286161  0.096277  0.102788  0.102343  0.274885  0.114427  0.274454  0.284419 0.0921004  0.275938   0.12045  0.271584  0.136997  0.106957  0.276808  0.277787  0.096298  0.118487 0.0948377  0.270784  0.102268  0.101747 0.0828569
 0.130074  0.110686     0.279  0.117757  0.111325  0.104379  0.112284         0  0.283569  0.284247  0.118677  0.113624  0.134629  0.118095  0.116716  0.123425  0.113749  0.117488  0.121414  0.275892  0.133454  0.274708  0.113901  0.288835  0.112152  0.108227  0.121739  0.120056  0.127829  0.116243  0.132983  0.275181  0.108529  0.111914  0.116591  0.119409  0.115474  0.105133  0.109128  0.279176   0.27657  0.128601  0.118923  0.115767  0.119395  0.117411  0.288545  0.113653   0.13745  0.128838  0.120994  0.141789  0.279687  0.130462  0.139336  0.111403   0.11019   0.10835  0.109638  0.122061  0.122832  0.133371  0.289635  0.128784  0.284423    0.1195  0.111779  0.126233  0.117472   0.12238  0.118298  0.278906  0.122998  0.289138  0.284758  0.117932  0.135696  0.284009  0.109018   0.12098  0.116378  0.275963  0.105916  0.275232  0.284932  0.118327  0.276676  0.131213  0.278201   0.13165  0.129775  0.278376  0.280723  0.118756  0.125212  0.104435  0.274719   0.12346  0.109979 0.0979014
 0.290544  0.284373 0.0952677  0.291368  0.282664  0.282191  0.284196  0.283569         0 0.0945446  0.288695  0.287829  0.286677  0.284071  0.282521  0.290438  0.284349  0.284328  0.292403 0.0816396  0.287451 0.0966027  0.284294  0.104369  0.288204  0.281915  0.287701  0.287476  0.281487  0.284232  0.288038 0.0978369  0.289959  0.286887  0.287446  0.282965  0.284633  0.286234  0.281367 0.0885822  0.100951  0.287968   0.28625  0.278286  0.291621  0.291843 0.0920731  0.286167  0.296618  0.287047  0.287958   0.29175  0.088797  0.288382  0.294735  0.281063  0.284121  0.283177  0.286084  0.280337  0.290144  0.293033 0.0831161  0.285813 0.0983858  0.285657  0.277656  0.283721  0.283789  0.279639  0.287864 0.0964064  0.290885   0.10012   0.10583  0.285443  0.286735 0.0809588  0.277731  0.287514  0.278658  0.083848  0.284488 0.0960037 0.0915651  0.288899 0.0909821  0.290549 0.0867409  0.289015  0.288295 0.0968632 0.0872691  0.283133  0.285638  0.286124 0.0920722  0.289805   0.28429  0.252753
 0.291669  0.287331  0.100513  0.294168  0.282704  0.283612  0.284593  0.284247 0.0945446         0  0.289685  0.284745  0.289395   0.28583  0.288884  0.283636   0.28711  0.287129  0.297003 0.0792625  0.289741 0.0879177  0.283325   0.10791  0.286228  0.281598   0.29414  0.288619  0.287124  0.288795  0.284607  0.104182  0.290127  0.288707  0.291033  0.283678  0.285987  0.284737    0.2845 0.0862126  0.112482  0.286394  0.289478  0.282037  0.290596  0.292955  0.100827  0.287545  0.296044  0.293253  0.289347  0.294476  0.088027  0.289627  0.298216   0.28327  0.287611  0.286441   0.28815  0.283648  0.290027  0.290395 0.0898251  0.288362 0.0906793  0.286134  0.282919  0.281882  0.285252  0.287903  0.285863  0.106905  0.289676 0.0969286 0.0968614  0.287401  0.286945 0.0972622  0.279831  0.290601  0.281965 0.0877348  0.286803 0.0894918 0.0984438  0.289885 0.0975734  0.294664  0.092084  0.283479  0.295228 0.0950502 0.0852279   0.28576  0.286364  0.289288 0.0960962  0.290636  0.286564  0.255113
0.0882771   0.10588  0.276794  0.116055  0.107622  0.107093  0.119313  0.118677  0.288695  0.289685         0   0.13741 0.0893062  0.116743  0.106127  0.135886  0.114803  0.111728  0.116664  0.277631 0.0925368  0.275937   0.10681  0.284987   0.10488 0.0969929  0.112126  0.111046    0.1212  0.112826  0.086789  0.276748  0.111922   0.11581  0.109843  0.117145  0.107383  0.112118  0.102958   0.27838  0.276283  0.101545  0.109663  0.111464   0.11449  0.114408  0.288519  0.110956 0.0992187  0.088203 0.0936073 0.0948719  0.283423 0.0886316   0.10247  0.115295  0.106859  0.106911  0.111092  0.112473  0.116895 0.0942933  0.290281  0.116512  0.281525  0.108663  0.111414  0.136607  0.112552  0.115279  0.122463   0.28117 0.0875608  0.286181  0.285338  0.118383  0.104057  0.287113  0.106898  0.114283  0.118888  0.280738  0.104596  0.276479  0.291664  0.107058  0.280156 0.0946104  0.278693  0.144792  0.118049   0.28019  0.282284  0.119909 0.0909838   0.10941  0.275482  0.122674   0.10585 0.0902757
  0.13413  0.125464  0.275824  0.111106  0.104538   0.12538  0.115949  0.113624  0.287829  0.284745   0.13741         0  0.129473  0.126144  0.122579  0.091134  0.120453  0.116113  0.133942  0.275702  0.131953   0.27563  0.115421  0.287484  0.121594  0.126917  0.123028  0.119792  0.137032  0.119969  0.130893  0.279056    0.1165  0.121881  0.125284   0.12247  0.121026  0.107378  0.114499  0.276572  0.274978  0.130356  0.121311  0.118413  0.130222  0.119303  0.289894  0.115716  0.140534  0.134277  0.125256  0.126542  0.279722  0.134192  0.138691  0.116469  0.120612  0.118026  0.120972  0.121262  0.127015  0.133228  0.288879  0.133888  0.282719  0.115629  0.117857 0.0891005  0.118845  0.127839 0.0942316  0.275491   0.12748  0.286609  0.279685  0.113996  0.134062  0.283952  0.110563  0.130116  0.120669  0.274744  0.129545   0.27616  0.287339  0.124486   0.27607  0.139258  0.278128  0.109257  0.132543  0.276639   0.28101   0.12248  0.122062  0.112898  0.273251  0.123205  0.120774   0.10058
0.0967679  0.126408  0.277244  0.114674  0.105559  0.119002   0.12208  0.134629  0.286677  0.289395 0.0893062  0.129473         0   0.11645  0.108654   0.13228  0.112274   0.11551  0.121875  0.275918 0.0938488  0.276217  0.108005  0.283938  0.111439  0.113938  0.113975   0.12151   0.12056  0.110949 0.0915541  0.275361  0.116655  0.121233  0.115156  0.120974  0.119618  0.111571  0.113442  0.280566  0.278381 0.0988079  0.114392  0.114198  0.122585  0.122887  0.284325  0.117414  0.103678 0.0910263 0.0839501 0.0896162  0.282051 0.0899522 0.0942366  0.112318  0.111803  0.106344  0.122363  0.116991  0.115737 0.0899259  0.288689  0.120223  0.281633   0.10659  0.114872  0.130132  0.117777  0.117993   0.12257  0.278851 0.0892832  0.286568  0.279967  0.116097 0.0880471  0.285148  0.114923  0.118814  0.113013  0.279631  0.120493  0.277058  0.290424  0.116917  0.277489 0.0953313   0.28023  0.139785  0.121736  0.283123  0.281054  0.114599 0.0856507  0.116526  0.276073  0.117596  0.119672 0.0922793
 0.109887  0.103624  0.277083  0.104151  0.107443  0.100939  0.108616  0.118095  0.284071   0.28583  0.116743  0.126144   0.11645         0 0.0927163  0.129903 0.0726126 0.0950198  0.106603  0.276264  0.119763  0.278298  0.101019   0.28282 0.0960162  0.110007 0.0866843 0.0933177 0.0930765 0.0947802  0.110482  0.271643 0.0951282 0.0933776 0.0907449 0.0975601 0.0931325 0.0999205 0.0950387  0.275158   0.27714  0.125625 0.0877311 0.0917171 0.0947516 0.0846629  0.283134 0.0934835  0.124456  0.120209  0.118811  0.122158  0.281791  0.113621  0.120723  0.101048 0.0863232 0.0898934   0.09549 0.0835299  0.111596  0.122684  0.290437  0.106911   0.28352  0.103612 0.0904833  0.125974  0.101567 0.0968288  0.131127  0.278741  0.116485  0.284383   0.28077  0.106687  0.119027  0.280277 0.0997255   0.10566 0.0875246  0.277738  0.100109  0.278757  0.287129  0.102155  0.276533  0.117943  0.278448  0.135621 0.0941581  0.280667  0.278609  0.093249  0.111692 0.0881899  0.275018  0.107867  0.104787 0.0791578
 0.106182 0.0958401  0.275057 0.0899393 0.0929205 0.0814823 0.0957427  0.116716  0.282521  0.288884  0.106127  0.122579  0.108654 0.0927163         0    0.1291 0.0882782 0.0943455 0.0977632   0.27465  0.108374  0.275554 0.0942273  0.280323 0.0938261 0.0974238 0.0843994 0.0952148 0.0932755 0.0760072  0.110462  0.270058 0.0890799 0.0832306 0.0904077 0.0989771 0.0902761 0.0868826 0.0957084  0.276854  0.275614   0.11658 0.0826715 0.0909706  0.103531 0.0877085  0.284954 0.0900889  0.111592  0.105639  0.105788  0.113636  0.280858  0.103184  0.108693  0.102869 0.0879253 0.0695412 0.0920511 0.0873677  0.108053  0.115521  0.287648 0.0980881  0.280873 0.0861648 0.0892961  0.119264 0.0970301 0.0968718   0.12142  0.275479  0.107213  0.283486  0.284324 0.0952221  0.118417  0.285716 0.0956539 0.0876027 0.0910082  0.277559  0.103416  0.275684  0.286608 0.0975255   0.27478  0.104036   0.27661  0.123429 0.0991676  0.279629  0.280129 0.0794545  0.111217 0.0815116  0.274066  0.102022 0.0935988  0.071403
 0.132051   0.12124  0.278031  0.112372  0.119138  0.117895  0.130323  0.123425  0.290438  0.283636  0.135886  0.091134   0.13228  0.129903    0.1291         0  0.119741  0.127107   0.13482  0.279367   0.13442  0.276994  0.124356  0.288252  0.121429  0.121654  0.133892  0.124945   0.13579  0.128911  0.125702  0.276469  0.121268  0.117883  0.123204  0.123791   0.11592  0.112061  0.112999  0.279782   0.27583   0.13389  0.127203  0.123829  0.133146  0.125151  0.292558  0.118467  0.136621  0.134644  0.127581  0.140883   0.27989  0.134357  0.132246  0.122052  0.129736  0.120879  0.112055    0.1269  0.132702  0.129602  0.288729  0.117714   0.28686  0.117367  0.113325 0.0971391  0.113592  0.128656 0.0938607  0.278113  0.130269  0.288413  0.285093  0.120406  0.130368   0.28682  0.113629  0.128064  0.123812  0.278923  0.131184  0.277505  0.288194  0.121602  0.276517  0.134973  0.278732  0.107398  0.135831   0.28244  0.282684   0.12952  0.129196  0.124269  0.276553  0.122379  0.125836  0.104634
 0.113066  0.102691  0.275971 0.0964041 0.0976326 0.0932432 0.0943044  0.113749  0.284349   0.28711  0.114803  0.120453  0.112274 0.0726126 0.0882782  0.119741         0 0.0987896  0.103628  0.276262   0.11747  0.277412 0.0834944  0.284207 0.0955129 0.0999001 0.0980416 0.0881694 0.0974002 0.0910786  0.106913  0.270425 0.0949656  0.089945 0.0885134 0.0863582 0.0878829 0.0838701  0.088609   0.27693   0.27704  0.124868 0.0770415 0.0866468 0.0852288 0.0859863  0.284889 0.0976618  0.118823   0.11578   0.10891  0.121919   0.28019  0.111142  0.118728 0.0972353 0.0890753 0.0851399 0.0817586 0.0873176  0.114922  0.115046  0.287881 0.0992797  0.285373 0.0926508 0.0843629  0.119816  0.091137 0.0943971  0.123004  0.279339   0.11217  0.282578  0.281926 0.0973307   0.11723  0.282581 0.0901204  0.095862 0.0862378  0.278442 0.0990035   0.27702  0.285986 0.0959036  0.274491  0.115499   0.27598   0.12521  0.100346  0.280151  0.278603 0.0911421  0.117742 0.0905091  0.274856 0.0961491 0.0966432 0.0758913
 0.110101 0.0994094  0.276377 0.0959017 0.0952971 0.0979491  0.108954  0.117488  0.284328  0.287129  0.111728  0.116113   0.11551 0.0950198 0.0943455  0.127107 0.0987896         0  0.102679  0.273379  0.118076  0.277853    0.1043  0.286829 0.0937359  0.101457 0.0952193 0.0877904  0.093447 0.0931319  0.116612  0.276112 0.0936755  0.098249 0.0969207  0.101303 0.0901021 0.0972693 0.0881564  0.276836   0.27785  0.120142 0.0965616 0.0978862  0.102889 0.0905472  0.286002 0.0970051  0.124392  0.108854  0.113496  0.118121  0.283717  0.119045  0.126835 0.0958085 0.0804006 0.0973192   0.10556  0.104595  0.104584  0.122121  0.292388  0.105543  0.282682  0.101305 0.0974548  0.117418  0.104392 0.0986318  0.121277  0.281917  0.113556  0.285296   0.28374  0.100305  0.115938  0.282199 0.0864978  0.103896 0.0892628   0.28024 0.0981276  0.278057  0.291255  0.102419  0.277633  0.116422  0.281513  0.130056  0.103724   0.28121  0.279952 0.0948729  0.104099 0.0784143  0.274198 0.0958258 0.0936694  0.079321
 0.117957   0.10481  0.285135  0.110241  0.113185   0.10384  0.119611  0.121414  0.292403  0.297003  0.116664  0.133942  0.121875  0.106603 0.0977632   0.13482  0.103628  0.102679         0  0.285513  0.122351  0.287864  0.114119  0.293684   0.11188  0.109627  0.107048  0.107068   0.11337 0.0989878  0.131107  0.283718  0.110649  0.105809 0.0951789  0.118696  0.100773  0.108408  0.103243  0.289787  0.287584  0.128111   0.10982  0.106691   0.11036  0.111249  0.294501  0.101722  0.135074  0.112937  0.121387    0.1271  0.289159  0.129502  0.137911  0.115829  0.105506  0.100762  0.109973  0.110544  0.108988  0.124504   0.29831  0.116539  0.290361  0.107048  0.101746  0.138142  0.112159  0.108376  0.133964  0.289878  0.120828  0.295259  0.295745  0.109421   0.13712  0.289519  0.110068  0.103301  0.106905  0.288531  0.103454  0.287764  0.295493  0.107544  0.284838  0.127531  0.286497  0.144055  0.112736  0.288569  0.289614  0.100767  0.125474  0.102341  0.281122  0.113914 0.0989012 0.0963174
 0.280292  0.274631 0.0827836  0.282927  0.271252  0.274716  0.274778  0.275892 0.0816396 0.0792625  0.277631  0.275702  0.275918  0.276264   0.27465  0.279367  0.276262  0.273379  0.285513         0  0.278791 0.0868472  0.273779 0.0917398  0.275722  0.270455  0.279685  0.277192  0.274201  0.276477   0.27608 0.0971603  0.281334  0.279252  0.279126  0.274239  0.277165  0.275289  0.275123 0.0821579   0.10343  0.278904  0.279335   0.27222  0.282015  0.283194 0.0930851  0.277786  0.285214   0.28107  0.276495  0.281308 0.0820165  0.277514  0.284295  0.271924  0.275506  0.275309  0.279371  0.270371  0.279924  0.281412 0.0841439  0.279648  0.085979  0.278529  0.273587  0.270423  0.275074  0.274112  0.276582 0.0889565  0.281118 0.0898204 0.0897433  0.276921  0.275774 0.0897435  0.270111  0.281043  0.272668 0.0863176  0.276787 0.0881193 0.0992538   0.28176 0.0867857  0.282296 0.0875787  0.274495  0.281629 0.0818782 0.0793385  0.274484  0.274196  0.277621 0.0925633  0.281818  0.274805  0.242551
0.0867948  0.121443  0.278788  0.112045  0.111321  0.115092  0.119159  0.133454  0.287451  0.289741 0.0925368  0.131953 0.0938488  0.119763  0.108374   0.13442   0.11747  0.118076  0.122351  0.278791         0  0.275084  0.107513  0.285883   0.12014  0.114098  0.113801  0.120432  0.113883  0.110176 0.0959056  0.275556   0.11926  0.112539  0.110383  0.115064  0.113669  0.117556  0.111215  0.280405  0.275861 0.0974298  0.113833  0.110066  0.128811  0.120421  0.286709  0.114688  0.102584 0.0958522 0.0969034 0.0954827  0.280931  0.089037  0.100319  0.114594  0.111363  0.104893  0.118266  0.116462  0.123599 0.0888051  0.289498  0.113386  0.283009  0.105206  0.116841  0.136594  0.116231  0.114606  0.126402  0.278342 0.0955279  0.286217  0.281846  0.114645  0.103242  0.284484  0.115723  0.116995  0.112076  0.279576  0.118717  0.276418  0.287941  0.110495  0.279324 0.0995122  0.280057  0.142778  0.121488  0.280065  0.282229  0.115653 0.0859378   0.10446  0.273816  0.124118  0.108404 0.0915675
  0.28192  0.274927 0.0930683  0.284406  0.271238  0.274412  0.273764  0.274708 0.0966027 0.0879177  0.275937   0.27563  0.276217  0.278298  0.275554  0.276994  0.277412  0.277853  0.287864 0.0868472  0.275084         0  0.273668  0.107402  0.277196  0.272021  0.278199  0.281461    0.2729  0.279452  0.272771  0.100882  0.279986  0.279001  0.281954  0.273216  0.274908  0.277827  0.274884 0.0917775 0.0972845  0.278624  0.277583  0.271159  0.284287  0.281163   0.10446  0.280601  0.283931  0.278324  0.277578  0.280779 0.0946059  0.275479  0.284328  0.269139  0.276756  0.274816  0.278564  0.272669  0.283252  0.276179 0.0988844  0.275852 0.0940654  0.274904  0.270172  0.273135  0.274408  0.275275  0.276538   0.10328  0.278016  0.095499 0.0976192  0.277993  0.277072 0.0997337  0.270013  0.279692  0.274386 0.0956169     0.276 0.0212721 0.0994434  0.281389  0.100168  0.281639  0.103686  0.277362  0.280128  0.105718 0.0931776  0.278878  0.270617  0.281213  0.103739  0.283063  0.277111  0.243135
   0.1113  0.103952  0.275402 0.0949358 0.0869832 0.0938089 0.0850457  0.113901  0.284294  0.283325   0.10681  0.115421  0.108005  0.101019 0.0942273  0.124356 0.0834944    0.1043  0.114119  0.273779  0.107513  0.273668         0  0.282777 0.0888621 0.0967104  0.108522  0.100528  0.114996 0.0853398  0.106058  0.272755 0.0980225 0.0956223  0.091502 0.0922867 0.0903678 0.0879865 0.0915547  0.276451  0.272897  0.114848 0.0800077 0.0898943 0.0904402 0.0976745  0.284349   0.10057  0.103607  0.112594  0.107022  0.117105  0.279697  0.108676  0.117955 0.0952178 0.0966937 0.0887936 0.0951008 0.0956449   0.11696  0.108086  0.283702  0.105948  0.280561 0.0894363 0.0959353  0.119856 0.0856028  0.102226  0.115794  0.276134  0.093561   0.28259  0.282187  0.100563  0.111501  0.283986 0.0866944 0.0952674 0.0990912  0.274133 0.0963827  0.274276   0.28518  0.095251  0.275597  0.117357  0.273726  0.134983  0.107626  0.276406  0.277207   0.08575  0.112514 0.0937752  0.275271 0.0982312  0.100101  0.075972
 0.287894  0.283101 0.0966562  0.292106  0.280462  0.283747  0.285698  0.288835  0.104369   0.10791  0.284987  0.287484  0.283938   0.28282  0.280323  0.288252  0.284207  0.286829  0.293684 0.0917398  0.285883  0.107402  0.282777         0  0.285862  0.277147  0.287944  0.285992  0.281181  0.285373   0.28289  0.104667  0.289654  0.284625  0.286033  0.285726  0.287253  0.286889     0.286  0.100304  0.108262  0.291565  0.285887  0.281497  0.291127  0.292335  0.107818  0.289173  0.293568  0.290725  0.286857  0.290299  0.106342  0.283527  0.289175  0.285471  0.283038  0.283156  0.286498   0.27794   0.28917  0.288363 0.0920628  0.291306 0.0990295  0.284123  0.282478  0.279284  0.286893  0.286366  0.288666 0.0979544  0.290581  0.104829 0.0976713  0.284419   0.28603  0.107571    0.2815  0.289476  0.284144 0.0953643  0.286741  0.109161  0.109686  0.290754  0.107735  0.288579 0.0966347  0.285012  0.289167  0.105252 0.0920015  0.284115   0.28765  0.288532   0.10378   0.29104  0.284685   0.25327
 0.112053   0.10572     0.279  0.103061 0.0988887 0.0915203  0.108199  0.112152  0.288204  0.286228   0.10488  0.121594  0.111439 0.0960162 0.0938261  0.121429 0.0955129 0.0937359   0.11188  0.275722   0.12014  0.277196 0.0888621  0.285862         0  0.110547  0.110188 0.0985785  0.108907  0.099952  0.110406  0.276041  0.093499 0.0901477  0.096174  0.106205 0.0983621 0.0974706 0.0989194  0.279042  0.279149  0.114352 0.0947153 0.0973908  0.100007 0.0886616  0.287197 0.0970092  0.119541  0.115811  0.111757  0.116975  0.283735  0.113132  0.119288  0.103613  0.098213 0.0950205   0.10047 0.0984294  0.109438  0.115966   0.28973  0.103822  0.281134 0.0925836 0.0989525  0.122531 0.0982711  0.113192  0.118552  0.278864  0.109655  0.288477  0.287259  0.103325  0.121393  0.286098 0.0847729 0.0962146  0.100838  0.279644 0.0953505  0.277474  0.289157  0.101077  0.278243   0.12351   0.27912  0.124595   0.10349  0.283461  0.282658 0.0987114  0.108706 0.0918249  0.277028   0.11088  0.105184 0.0810074
 0.108925 0.0860605  0.270545 0.0984537  0.091647 0.0993262  0.109512  0.108227  0.281915  0.281598 0.0969929  0.126917  0.113938  0.110007 0.0974238  0.121654 0.0999001  0.101457  0.109627  0.270455  0.114098  0.272021 0.0967104  0.277147  0.110547         0  0.106592  0.102416  0.104126 0.0928773  0.109229  0.268655  0.103383   0.10417  0.106073 0.0990336  0.101146 0.0944335 0.0964575  0.272386   0.27119  0.123557  0.101382  0.105226  0.107527  0.105327  0.281566 0.0988219  0.109029    0.1121  0.112198  0.126946  0.276799  0.107238   0.11116  0.108637 0.0876798 0.0944449  0.097392  0.106218  0.115218  0.112408  0.285123  0.106298  0.279049  0.100985  0.101089  0.123093  0.110936  0.107457  0.121714  0.274652  0.101968  0.280855  0.279359  0.109712  0.106705  0.282298 0.0986055  0.111957  0.104137  0.274906  0.105224  0.272601  0.283833  0.103439   0.27109  0.108825  0.273361  0.131577  0.119734  0.278021  0.274713 0.0969613  0.110014 0.0937002  0.271719  0.110899 0.0940082 0.0796663
 0.113768 0.0994287  0.279564 0.0969898  0.100908  0.102536  0.113554  0.121739  0.287701   0.29414  0.112126  0.123028  0.113975 0.0866843 0.0843994  0.133892 0.0980416 0.0952193  0.107048  0.279685  0.113801  0.278199  0.108522  0.287944  0.110188  0.106592         0 0.0967471 0.0957588 0.0948544  0.118281  0.277434 0.0975673 0.0960598 0.0948837  0.111968 0.0946205   0.10231 0.0969103  0.280085  0.281582  0.133725 0.0992756  0.103167  0.110235 0.0962498  0.287829 0.0962408  0.126159   0.11376  0.123748  0.115003  0.286438  0.115032  0.122658  0.104469 0.0876525 0.0834472  0.109505 0.0981504  0.110937  0.119693  0.296489 0.0971456  0.289347 0.0988706 0.0971479  0.128247  0.103182 0.0945904  0.132452  0.283929  0.115631  0.286829  0.287323  0.106968  0.118002  0.286314 0.0990074  0.109205 0.0919434  0.283919  0.109169  0.278623  0.292812  0.104595  0.280673  0.106789  0.285753  0.134513  0.100041  0.285776  0.283972 0.0997182  0.108336 0.0891059   0.28054   0.10434  0.108435 0.0844748
 0.109057   0.10428  0.277218   0.10367 0.0864326 0.0963903 0.0951275  0.120056  0.287476  0.288619  0.111046  0.119792   0.12151 0.0933177 0.0952148  0.124945 0.0881694 0.0877904  0.107068  0.277192  0.120432  0.281461  0.100528  0.285992 0.0985785  0.102416 0.0967471         0 0.0970325 0.0887046   0.11156  0.277922 0.0905272 0.0929334  0.090106 0.0990857 0.0868699 0.0929897 0.0867055  0.278117  0.278072    0.1247 0.0946551 0.0978747 0.0890122 0.0886248  0.288322 0.0995079  0.125388  0.105606  0.115663  0.116789  0.284049  0.112693  0.124844  0.107538  0.091807 0.0909247 0.0902537  0.098695   0.10761  0.122165  0.291496  0.101128  0.286952  0.093828 0.0899583  0.129243 0.0999216 0.0966272  0.130806  0.282126  0.113384  0.285938  0.286319 0.0972249  0.119886  0.284797 0.0919406  0.100819 0.0972037  0.283094  0.100013  0.281434  0.291265 0.0900842  0.276673  0.111073  0.279564  0.133945 0.0987321  0.281933  0.283541 0.0906101  0.114239   0.08688  0.274485 0.0916867 0.0872952 0.0799621
 0.117289  0.107169   0.27469  0.102284  0.102313  0.102014  0.110685  0.127829  0.281487  0.287124    0.1212  0.137032   0.12056 0.0930765 0.0932755   0.13579 0.0974002  0.093447   0.11337  0.274201  0.113883    0.2729  0.114996  0.281181  0.108907  0.104126 0.0957588 0.0970325         0  0.101159  0.116804   0.27039 0.0984979  0.100855  0.101865  0.111686  0.103348  0.109679 0.0998963   0.27481  0.273164  0.129197  0.105228  0.101069  0.118113 0.0907562  0.283288  0.112731  0.133474  0.111114  0.120143  0.124208  0.279306  0.119073  0.122091  0.102291 0.0905802 0.0988861 0.0958069 0.0891149  0.124179  0.116501  0.287445  0.101687  0.284181  0.105784 0.0919663  0.128798  0.123789 0.0965727  0.136032  0.274253  0.119803  0.282851  0.278903  0.115301  0.120147  0.279418 0.0990476  0.105306 0.0881927  0.278645  0.110571  0.273074  0.284869  0.103132  0.275899  0.119106  0.277738  0.135561   0.10694  0.282029  0.281536  0.103336  0.113199 0.0935336  0.273696  0.106355  0.106692 0.0837601
 0.105815 0.0963998   0.27675  0.090437  0.084617 0.0903757 0.0966778  0.116243  0.284232  0.288795  0.112826  0.119969  0.110949 0.0947802 0.0760072  0.128911 0.0910786 0.0931319 0.0989878  0.276477  0.110176  0.279452 0.0853398  0.285373  0.099952 0.0928773 0.0948544 0.0887046  0.101159         0  0.116887  0.275345 0.0886047 0.0859487 0.0915353 0.0913053 0.0843511 0.0841205 0.0871619  0.280241   0.27991  0.115239  0.088485  0.098359  0.097534 0.0904159  0.288021 0.0858518  0.110315  0.116586  0.115205  0.117934   0.28245  0.113777  0.113862 0.0951056 0.0861314 0.0714771 0.0967447 0.0950164  0.109487  0.120291  0.291339  0.103926  0.285452 0.0934462 0.0885187   0.12047 0.0950719 0.0962287  0.119553  0.280632  0.103155  0.289061  0.285937 0.0937883  0.112884  0.285996 0.0942182 0.0890307 0.0802619  0.279042  0.099235  0.279685  0.289241 0.0941257  0.276673  0.106854  0.278846   0.13289 0.0965708  0.282841  0.281707 0.0328331  0.110281 0.0772111  0.277144 0.0986662 0.0988777 0.0762239
0.0875204  0.122431  0.274958  0.117959  0.109259  0.113789  0.116043  0.132983  0.288038  0.284607  0.086789  0.130893 0.0915541  0.110482  0.110462  0.125702  0.106913  0.116612  0.131107   0.27608 0.0959056  0.272771  0.106058   0.28289  0.110406  0.109229  0.118281   0.11156  0.116804  0.116887         0  0.273746  0.112066  0.111398  0.115884  0.113054  0.107372  0.114327  0.111391  0.274235  0.273067 0.0904901    0.1051  0.116814  0.120186  0.109486   0.28557  0.114536  0.101124  0.100505  0.088144  0.103727  0.283718 0.0841342 0.0992182  0.116067  0.112775  0.109173  0.107589  0.111775  0.123344 0.0808759  0.287281  0.116286  0.279835  0.114274  0.110077  0.126789  0.108142  0.122745  0.123618   0.28055 0.0915914  0.280913  0.280659  0.124749 0.0939041  0.284962  0.111509    0.1196  0.116516  0.275648  0.120859  0.273088  0.285622  0.115842  0.276105 0.0906079  0.276474  0.136897  0.127057  0.281453  0.279824  0.118282  0.087082  0.119184  0.277795  0.111802  0.117287 0.0896591
 0.277242  0.270923 0.0989132  0.282968  0.272473  0.271419  0.270587  0.275181 0.0978369  0.104182  0.276748  0.279056  0.275361  0.271643  0.270058  0.276469  0.270425  0.276112  0.283718 0.0971603  0.275556  0.100882  0.272755  0.104667  0.276041  0.268655  0.277434  0.277922   0.27039  0.275345  0.273746         0  0.276658  0.274693  0.279118  0.272038  0.274702  0.274811  0.273157  0.102844 0.0975815  0.281016  0.274037  0.269438  0.282937  0.280556   0.10697  0.274679  0.286262  0.281289  0.275243  0.281032 0.0936593  0.276178  0.281591  0.268068  0.273047  0.272208   0.27597  0.269048    0.2824  0.280796 0.0943295  0.274574  0.120107  0.276394  0.269402   0.27245  0.273121  0.273097  0.277512  0.101226  0.279632  0.100687  0.105462  0.274181  0.277083  0.105317  0.270925   0.27699  0.270074 0.0978487  0.275203  0.100807  0.104549  0.277358 0.0898204  0.281071 0.0967634  0.274769   0.28209  0.110307 0.0948632  0.271193  0.273811  0.274532  0.102428  0.279549  0.273029  0.241144
 0.107852  0.100759  0.280188 0.0928558 0.0869868 0.0968501 0.0995966  0.108529  0.289959  0.290127  0.111922    0.1165  0.116655 0.0951282 0.0890799  0.121268 0.0949656 0.0936755  0.110649  0.281334   0.11926  0.279986 0.0980225  0.289654  0.093499  0.103383 0.0975673 0.0905272 0.0984979 0.0886047  0.112066  0.276658         0 0.0895528 0.0989992  0.106148 0.0884703 0.0909997  0.092049  0.279872  0.280274  0.119883 0.0956126 0.0998367 0.0984747 0.0888862  0.289784  0.092712  0.115581  0.111847  0.109841  0.115765  0.287618  0.114947  0.119014 0.0966652 0.0857327  0.081122 0.0908076 0.0931546   0.11451  0.115134   0.29173 0.0926311  0.287465 0.0946212 0.0811783  0.118777  0.102549 0.0978204  0.119047  0.282143  0.110376  0.288688   0.28796 0.0996125    0.1186   0.28893  0.086061 0.0930675 0.0875363  0.280685  0.103158  0.279412  0.293276 0.0923762  0.282561  0.109485  0.281306  0.119268  0.111491   0.28489  0.285423  0.091054  0.103924 0.0862624  0.276862 0.0982107  0.100876 0.0788073
 0.108594  0.102487  0.278529 0.0862481 0.0924251 0.0806798  0.102591  0.111914  0.286887  0.288707   0.11581  0.121881  0.121233 0.0933776 0.0832306  0.117883  0.089945  0.098249  0.105809  0.279252  0.112539  0.279001 0.0956223  0.284625 0.0901477   0.10417 0.0960598 0.0929334  0.100855 0.0859487  0.111398  0.274693 0.0895528         0 0.0827261 0.0998759 0.0822904 0.0975136 0.0879589  0.277703  0.277884  0.118837 0.0875654 0.0970521 0.0989492 0.0819665  0.287958 0.0847476   0.12259  0.119049  0.111064  0.121546  0.285133  0.108827  0.118924  0.101507 0.0878817 0.0821712 0.0934833 0.0986142  0.108734  0.115397  0.290352 0.0999314  0.286239 0.0957156 0.0880656  0.124426 0.0823363 0.0949843  0.119869  0.280246  0.116426  0.286307  0.286808  0.100657  0.119191  0.286445 0.0857555 0.0931731 0.0916155  0.279032 0.0974228   0.27852  0.289145 0.0916361  0.278747  0.113503  0.278056  0.125746  0.102371  0.285282  0.283282 0.0921541  0.118578  0.080008  0.274563 0.0997597  0.102065 0.0781821
 0.113213  0.103809  0.278508 0.0888984 0.0990126 0.0960157   0.10053  0.116591  0.287446  0.291033  0.109843  0.125284  0.115156 0.0907449 0.0904077  0.123204 0.0885134 0.0969207 0.0951789  0.279126  0.110383  0.281954  0.091502  0.286033  0.096174  0.106073 0.0948837  0.090106  0.101865 0.0915353  0.115884  0.279118 0.0989992 0.0827261         0  0.109589 0.0961036 0.0866994 0.0928637  0.280393  0.280848  0.122067 0.0958257 0.0962989  0.105537 0.0958403  0.288863 0.0947929  0.124468  0.108828  0.108425  0.117515  0.285988  0.114686  0.121693  0.105018 0.0846426 0.0909447 0.0938218 0.0976417  0.111293  0.117574  0.290494  0.101527  0.290286 0.0929097 0.0929587   0.12844 0.0916945 0.0997866  0.128461  0.284398  0.110285  0.287002  0.289574  0.099702  0.119988  0.285267 0.0886272 0.0955056 0.0986441  0.282874  0.104268  0.281782  0.291738 0.0818088  0.282437  0.114544  0.279657  0.127865 0.0990203  0.284782  0.284372 0.0929462  0.114415 0.0904789  0.275996 0.0924877  0.101609 0.0807182
 0.116944  0.111432  0.272325  0.104381  0.102204  0.103184 0.0958532  0.119409  0.282965  0.283678  0.117145   0.12247  0.120974 0.0975601 0.0989771  0.123791 0.0863582  0.101303  0.118696  0.274239  0.115064  0.273216 0.0922867  0.285726  0.106205 0.0990336  0.111968 0.0990857  0.111686 0.0913053  0.113054  0.272038  0.106148 0.0998759  0.109589         0  0.089006   0.10398  0.087788  0.276085  0.275665  0.120383   0.09204 0.0901182 0.0998002  0.092771  0.283644 0.0994875  0.117819  0.118071  0.113011  0.124147  0.276237  0.119206  0.131458 0.0920727  0.103717 0.0867142  0.103861   0.10328  0.133677  0.124498   0.28733  0.100641  0.279634  0.102992  0.104706  0.126578 0.0997775 0.0940961  0.124635  0.277254  0.116207  0.284733  0.280245     0.115  0.120632  0.281364 0.0968385  0.103197 0.0961213  0.276741  0.105756  0.273417  0.283887  0.101161  0.274248  0.116705  0.275533  0.129559 0.0982098  0.277409   0.27635  0.094523   0.11451 0.0944434  0.271798  0.113413  0.102562 0.0815238
 0.109822 0.0983135  0.273342 0.0961208 0.0937264 0.0887547 0.0973437  0.115474  0.284633  0.285987  0.107383  0.121026  0.119618 0.0931325 0.0902761   0.11592 0.0878829 0.0901021  0.100773  0.277165  0.113669  0.274908 0.0903678  0.287253 0.0983621  0.101146 0.0946205 0.0868699  0.103348 0.0843511  0.107372  0.274702 0.0884703 0.0822904 0.0961036  0.089006         0 0.0896253  0.060591  0.279847  0.276026  0.115621 0.0830051 0.0933783 0.0914198 0.0844871   0.28662 0.0863781  0.116943  0.108763  0.115315  0.120189  0.281986  0.111763  0.128728 0.0970823 0.0900856 0.0824352 0.0889728  0.089975  0.109781   0.11248  0.289701 0.0954822  0.285108  0.087561 0.0788913  0.123839 0.0865293 0.0911609  0.120353  0.281354  0.110998  0.284249  0.286673 0.0950132  0.120356  0.282562 0.0875152 0.0857258 0.0881796  0.280654 0.0915193   0.27508  0.288105 0.0931638    0.2757  0.110602  0.277704  0.137412 0.0974823  0.280078  0.281422 0.0892397  0.112097 0.0866567  0.274995 0.0869183 0.0898042 0.0759911
 0.111603  0.104894  0.277078 0.0825308 0.0886577 0.0900146 0.0875976  0.105133  0.286234  0.284737  0.112118  0.107378  0.111571 0.0999205 0.0868826  0.112061 0.0838701 0.0972693  0.108408  0.275289  0.117556  0.277827 0.0879865  0.286889 0.0974706 0.0944335   0.10231 0.0929897  0.109679 0.0841205  0.114327  0.274811 0.0909997 0.0975136 0.0866994   0.10398 0.0896253         0 0.0909079  0.280234  0.278231  0.112996 0.0975577 0.0956964 0.0882452 0.0942123  0.288609 0.0904257  0.114881  0.119921 0.0969835  0.118739  0.282018  0.114456   0.11368  0.101941 0.0898593 0.0844293 0.0897609  0.101794  0.107259  0.116337  0.288674  0.107323   0.28565 0.0921994 0.0961537   0.11077 0.0975392  0.100216  0.113434  0.279755  0.104201  0.286359  0.284994 0.0954639  0.111689  0.286141 0.0849844 0.0977845 0.0886687  0.279511  0.104405  0.278303  0.289897 0.0903849   0.27546  0.115132  0.278603   0.11851  0.109052  0.281454  0.281604 0.0841104  0.109305 0.0912802  0.274868 0.0911657 0.0923375 0.0758814
  0.10277 0.0972722  0.275394 0.0890451 0.0932832 0.0956107  0.103097  0.109128  0.281367    0.2845  0.102958  0.114499  0.113442 0.0950387 0.0957084  0.112999  0.088609 0.0881564  0.103243  0.275123  0.111215  0.274884 0.0915547     0.286 0.0989194 0.0964575 0.0969103 0.0867055 0.0998963 0.0871619  0.111391  0.273157  0.092049 0.0879589 0.0928637  0.087788  0.060591 0.0909079         0  0.276785  0.274716    0.1059 0.0884726 0.0886196 0.0924752 0.0910835  0.283634 0.0839813   0.12153  0.104058  0.110607  0.113243  0.279253  0.113492  0.120054 0.0975822 0.0896659 0.0866849 0.0934249 0.0929669  0.108706  0.117906  0.287464 0.0902114  0.283112  0.087929 0.0787773  0.121757 0.0890398 0.0933603  0.118474  0.277744  0.102672  0.283255  0.282262  0.101004  0.109278  0.279228 0.0870301 0.0950771 0.0853745  0.277848 0.0870338  0.274518  0.286824 0.0897878  0.275204  0.110382  0.275739  0.129908  0.105264  0.276915  0.278323 0.0934205  0.109045 0.0825871   0.27152 0.0866531 0.0905734 0.0734358
 0.283946   0.27622 0.0934895  0.284818  0.274912   0.27613  0.276385  0.279176 0.0885822 0.0862126   0.27838  0.276572  0.280566  0.275158  0.276854  0.279782   0.27693  0.276836  0.289787 0.0821579  0.280405 0.0917775  0.276451  0.100304  0.279042  0.272386  0.280085  0.278117   0.27481  0.280241  0.274235  0.102844  0.279872  0.277703  0.280393  0.276085  0.279847  0.280234  0.276785         0 0.0936698  0.282343  0.278927  0.272852  0.283352  0.283386 0.0919488   0.27887  0.288112  0.283347  0.281754  0.284416  0.100118  0.278456  0.283641  0.276891  0.276478  0.275543  0.276319  0.270942  0.282184  0.283225 0.0956437  0.279461 0.0908213  0.280057  0.272268  0.271548  0.276372  0.278564  0.278911  0.101329  0.283069 0.0799557 0.0913958  0.278362  0.280225  0.098171  0.270156   0.28313  0.276297 0.0883822  0.281506 0.0918148  0.105676  0.279695 0.0972604  0.283393 0.0887105  0.276288  0.284783 0.0936277 0.0849659  0.278865  0.276763  0.281054 0.0881592  0.284352  0.278288  0.244794
