Pi: 0.232318 0.221927  0.18433 0.361425
S:   0.17327  0.172199 0.0966902 0.0202647  0.523551  0.014024
