
Alignment summary:
Caecomyces_communis: -=130 A=413 C=310 G=399 N=1 T=407
Absidia_glauca: -=143 A=417 C=307 G=392 T=401
Rhizopus_oryzae: -=141 A=415 C=308 G=402 T=394
Mucor_hiemalis: -=159 A=418 C=301 G=393 T=389
Mortierella_polycephala: -=182 A=423 C=302 G=373 T=380
Echinosporangium_transversale: -=241 A=390 C=289 G=368 T=372
Mortierella_wolfii: -=214 A=391 C=287 G=387 T=381
Piromyces_communis: -=194 A=403 C=297 G=382 S=1 T=383
Kickxella_alabastrina: -=194 A=418 C=305 G=380 R=1 S=2 T=360
Linderina_pennispora: -=211 A=401 C=293 G=382 T=373
Dipsacomyces_acuminosporus: -=188 A=391 C=300 G=396 S=1 T=384
Entomophthora_muscae: -=160 A=412 C=307 G=400 T=381
Conidiobolus_coronatus: -=176 A=414 C=293 G=391 T=386
Smittium_culisetae: -=183 A=421 C=295 G=385 T=376
Furculomyces_boomerangus: -=182 A=418 C=288 G=377 T=395
Capniomyces_stellatus: -=164 A=429 C=283 G=390 N=1 T=393
Blastocladiella_emersonii: -=211 A=414 C=266 G=371 T=398
Chytridium_confervae: -=216 A=407 C=279 G=362 T=396
Neocallimastix_frontalis: -=219 A=404 C=275 G=376 T=386
Ustilago_hordii: -=217 A=417 C=279 G=376 T=371
Endogone_pisiforme: -=225 A=395 C=277 G=395 T=368
Glomus_mossae: -=240 A=400 C=282 G=371 T=367
Gigaspora_margarita: -=176 A=418 C=296 G=374 T=396
Coprinus_cinereus: -=188 A=417 C=287 G=373 T=395
Boletus_satanas: -=221 A=404 C=270 G=377 R=1 T=387
Morchella_elata: -=237 A=401 C=264 G=377 T=381
Peziza_badia: -=237 A=403 C=272 G=364 T=384
Saccharomyces_cerevisiae: -=202 A=410 C=282 G=367 T=399
Pneumocystis_carinii: -=191 A=423 C=269 G=369 T=408
Eurotium_rubrum: -=195 A=417 C=268 G=372 T=408
Neurospora_crassa: -=190 A=416 C=276 G=368 T=410
Taphrina_deformans: -=189 A=410 C=284 G=381 T=396
Schizosaccharomyces_pombe: -=234 A=403 C=265 G=366 T=392
Caenorhabditis_drosophilae: -=217 A=406 C=278 G=362 T=397
Hydra_littoralis: -=171 A=404 C=296 G=390 T=399
Calanus_pacificus: -=135 A=431 C=300 G=392 T=402
Coleochaete_scutata: -=135 A=426 C=293 G=399 T=407
Physcomitrella_patens: -=131 A=419 C=287 G=410 T=413
Arabidopsis_thaliana: -=125 A=426 C=284 G=405 T=420
Zea_mays: -=131 A=415 C=293 G=411 T=410
Mesostigma_viride: -=127 A=431 C=301 G=398 T=403
Xenopus_laevis: -=125 A=422 C=304 G=409 T=400
Gallus_gallus: -=126 A=417 C=305 G=408 T=404

Seed = 244611110
Jukes-Cantor Distance Matrix:

        0  0.104722  0.139957  0.153734  0.144155  0.159111  0.158482   0.15166  0.143547  0.146581  0.167659  0.157765  0.146143  0.168049  0.171981   0.16621  0.150699  0.175462  0.143142   0.16325  0.166518  0.176431  0.166886  0.176829  0.164362  0.144155  0.136101  0.136741  0.142271  0.136741  0.142782  0.142782  0.137923  0.130565  0.138175   0.12783   0.15346  0.133556  0.127553  0.153009  0.151609  0.142007  0.120085
 0.104722         0  0.107557   0.14297  0.125384  0.149666  0.143847  0.146752  0.143586  0.138117  0.165367  0.149477  0.143908  0.170365  0.158604  0.160058  0.142619  0.166425  0.139208  0.147851  0.173494  0.160525  0.161292  0.170023   0.16024  0.159624   0.13449  0.138952  0.142706  0.123078  0.129083   0.13093  0.132652  0.132743  0.140767  0.134634  0.134931  0.135536  0.128481  0.149908  0.155537  0.129179  0.129086
 0.139957  0.107557         0  0.124677  0.124108  0.147331  0.146069  0.141135  0.144655  0.135266  0.162545  0.147533  0.154705   0.16649  0.172719  0.173179  0.159234  0.189249  0.158482  0.166465  0.170664  0.172391  0.164983  0.168538  0.170527  0.165113  0.144723  0.146468  0.156157  0.141135  0.147202  0.144058  0.148033  0.146182  0.152942  0.143821  0.149645  0.152478  0.148432  0.163813  0.188915  0.158247  0.155435
 0.153734   0.14297  0.124677         0  0.112592  0.143031  0.154071  0.145469  0.141866  0.138566  0.144813  0.149162  0.153833  0.184437  0.175708  0.186262  0.181752  0.203412  0.180183  0.187559  0.180036  0.168089  0.181174  0.182448  0.164481  0.167403  0.151471  0.146635  0.153138   0.14635  0.145667  0.160474  0.154243  0.161262  0.166011   0.15288  0.164013  0.163517  0.163247   0.17612  0.185888  0.176036   0.17179
 0.144155  0.125384  0.124108  0.112592         0  0.103665  0.115468  0.130568   0.12089  0.131411   0.15209  0.144099  0.154529  0.169926  0.167137  0.171095  0.160665  0.197737  0.162621  0.181154  0.180223  0.166246  0.161617  0.169826  0.156292  0.160049  0.140506  0.142835   0.15118  0.126368  0.132571  0.140288  0.154177  0.146926  0.155499  0.138391  0.134993  0.155096  0.145593  0.158361  0.159327  0.163316  0.158121
 0.159111  0.149666  0.147331  0.143031  0.103665         0  0.109396  0.122485  0.130424  0.129257  0.168974  0.161697  0.157321   0.18203  0.177046  0.198442  0.178458  0.209958  0.172921   0.19062   0.19574  0.188985   0.18785  0.184965  0.180819  0.180239  0.157939  0.161953  0.161663  0.149795  0.158218  0.177989  0.177913  0.170639  0.177341  0.161018  0.167895  0.173151  0.157854  0.175861  0.179528  0.189249  0.158733
 0.158482  0.143847  0.146069  0.154071  0.115468  0.109396         0 0.0878801  0.108459  0.127818  0.155938   0.15974  0.152936  0.170297  0.170926  0.168927  0.174626  0.197945  0.164702  0.177192  0.182742  0.186049  0.189418  0.189742  0.174209  0.176435   0.16168  0.163988  0.166302  0.147285  0.156419  0.161202  0.170931  0.161244  0.177243  0.164721  0.164333  0.162713  0.165046  0.170617  0.183997  0.180141  0.156388
  0.15166  0.146752  0.141135  0.145469  0.130568  0.122485 0.0878801         0 0.0863948  0.113249  0.142206  0.153907   0.14905  0.157225  0.156223  0.175827   0.17695  0.194009  0.159785  0.165695  0.173256  0.170654  0.178249  0.178934  0.158873  0.151252  0.149052  0.150909  0.157714    0.1444  0.148217  0.151871   0.16273  0.149197  0.170938  0.158114  0.157869  0.156037  0.150005  0.164502  0.177891  0.179087  0.177614
 0.143547  0.143586  0.144655  0.141866   0.12089  0.130424  0.108459 0.0863948         0 0.0722105  0.120535  0.135058  0.132721  0.151336  0.157225  0.158106  0.151927  0.179442  0.145196  0.168608  0.172109  0.160342  0.167268   0.16876   0.15264  0.150962  0.131264  0.132474  0.139029  0.130454   0.13609  0.144169  0.148211  0.140279  0.158608  0.150891  0.154568  0.147034  0.151311  0.157256  0.166838  0.164248  0.163134
 0.146581  0.138117  0.135266  0.138566  0.131411  0.129257  0.127818  0.113249 0.0722105         0 0.0875499  0.122283  0.115999  0.142013  0.165972  0.158861  0.142631  0.170322   0.14145  0.152832  0.152421  0.143732  0.146044  0.155266  0.146324  0.139473  0.131371  0.123459  0.135029  0.126624  0.128665  0.134818  0.134968   0.13381  0.150503    0.1447   0.15515  0.143513  0.143696  0.155271  0.164433  0.149649  0.166921
 0.167659  0.165367  0.162545  0.144813   0.15209  0.168974  0.155938  0.142206  0.120535 0.0875499         0   0.11151  0.133276  0.171085  0.166386  0.178747  0.159765  0.171194  0.159518  0.171326  0.149806  0.154004  0.172319  0.170512  0.157964  0.163363  0.141219  0.138124  0.146295  0.139489  0.141486  0.144252  0.164409  0.162518   0.17245  0.156409  0.166709  0.161666  0.164951   0.18084   0.18274  0.172581  0.184215
 0.157765  0.149477  0.147533  0.149162  0.144099  0.161697   0.15974  0.153907  0.135058  0.122283   0.11151         0 0.0992284  0.141169  0.161883  0.176699  0.162606   0.19355  0.157596   0.16664  0.164614  0.147046   0.16058  0.173821  0.173226  0.157838  0.128785  0.134818  0.149796   0.13398  0.146008   0.14099  0.152174  0.147158  0.163307  0.151789  0.165705  0.160763  0.156575  0.174543  0.170873  0.178147  0.171263
 0.146143  0.143908  0.154705  0.153833  0.154529  0.157321  0.152936   0.14905  0.132721  0.115999  0.133276 0.0992284         0  0.115785  0.158482  0.172581   0.15573   0.18128  0.150463  0.155799  0.159636  0.146749  0.160222  0.167801  0.159121  0.145499  0.134979  0.124964  0.139317  0.134069  0.136635  0.139739  0.131435  0.131214  0.145491  0.145359  0.160058  0.153526  0.151757  0.172512  0.167956  0.164165  0.168942
 0.168049  0.170365   0.16649  0.184437  0.169926   0.18203  0.170297  0.157225  0.151336  0.142013  0.171085  0.141169  0.115785         0  0.125666  0.162362  0.168957   0.19219  0.165548  0.174723  0.168866   0.17369  0.173759  0.185883  0.157966  0.163853   0.15405  0.149337   0.16306  0.148386  0.155454  0.142687  0.161512  0.145565  0.172939  0.170439  0.174257  0.186856  0.160673  0.188042  0.190408  0.181153   0.18893
 0.171981  0.158604  0.172719  0.175708  0.167137  0.177046  0.170926  0.156223  0.157225  0.165972  0.166386  0.161883  0.158482  0.125666         0  0.124016  0.148071  0.176624  0.163981  0.175698  0.172676  0.167033  0.177197  0.163664  0.157582  0.171895  0.167265  0.159759  0.164451  0.154307  0.149828  0.150185  0.166661  0.162865  0.173419  0.163134  0.159335  0.168179  0.153526  0.185097   0.18893  0.173179  0.179823
  0.16621  0.160058  0.173179  0.186262  0.171095  0.198442  0.168927  0.175827  0.158106  0.158861  0.178747  0.176699  0.172581  0.162362  0.124016         0  0.132159  0.168021  0.159487  0.169963  0.170159   0.14758  0.145791  0.168771  0.156325  0.155912  0.144678  0.150582  0.155239  0.152241  0.151525  0.143142  0.149851  0.139663  0.170691    0.1532  0.168168  0.158963  0.152049  0.177065  0.177201  0.175666   0.17363
 0.150699  0.142619  0.159234  0.181752  0.160665  0.178458  0.174626   0.17695  0.151927  0.142631  0.159765  0.162606   0.15573  0.168957  0.148071  0.132159         0  0.117812  0.124165  0.168139  0.167543  0.164075  0.155578  0.151372  0.149885  0.155295  0.127284  0.131011  0.131602  0.131918  0.137288  0.149773  0.142216  0.135517  0.148335  0.146637  0.159227  0.133686  0.137161  0.157987  0.163203  0.143918  0.165954
 0.175462  0.166425  0.189249  0.203412  0.197737  0.209958  0.197945  0.194009  0.179442  0.170322  0.171194   0.19355   0.18128   0.19219  0.176624  0.168021  0.117812         0  0.105133  0.151363  0.183254  0.180154   0.17912  0.177146  0.146284  0.169398   0.14601  0.140734  0.146154  0.149973  0.148472  0.151927  0.149955  0.141799  0.168401  0.181112  0.189091  0.171772   0.16819  0.195754  0.187283  0.189689   0.18563
 0.143142  0.139208  0.158482  0.180183  0.162621  0.172921  0.164702  0.159785  0.145196   0.14145  0.159518  0.157596  0.150463  0.165548  0.163981  0.159487  0.124165  0.105133         0  0.104351  0.137965  0.157152  0.155315  0.157582  0.140898  0.141507  0.129867  0.132877  0.144725   0.12372   0.12659   0.12986  0.135262  0.137301  0.154764  0.155607  0.156234  0.145604  0.145038  0.175407   0.17362  0.160727  0.148817
  0.16325  0.147851  0.166465  0.187559  0.181154   0.19062  0.177192  0.165695  0.168608  0.152832  0.171326   0.16664  0.155799  0.174723  0.175698  0.169963  0.168139  0.151363  0.104351         0 0.0870316  0.121231  0.141596  0.155534  0.155472  0.147787  0.137197  0.135078  0.143833  0.128278  0.130381  0.136301    0.1356  0.135058  0.153993  0.163508  0.172112  0.158607  0.153644  0.190764  0.184402  0.172932  0.160105
 0.166518  0.173494  0.170664  0.180036  0.180223   0.19574  0.182742  0.173256  0.172109  0.152421  0.149806  0.164614  0.159636  0.168866  0.172676  0.170159  0.167543  0.183254  0.137965 0.0870316         0 0.0737217  0.121375  0.148931  0.136852  0.152201  0.144438  0.143683  0.153671   0.13807  0.147166  0.134979  0.145263  0.142738  0.153099  0.158231  0.167714  0.162885  0.164883  0.185294  0.189858  0.181838  0.170603
 0.176431  0.160525  0.172391  0.168089  0.166246  0.188985  0.186049  0.170654  0.160342  0.143732  0.154004  0.147046  0.146749   0.17369  0.167033   0.14758  0.164075  0.180154  0.157152  0.121231 0.0737217         0 0.0877971  0.136083  0.133595  0.148033  0.137079  0.133135  0.140227  0.133942  0.146869  0.150752  0.135695  0.135037  0.161363  0.156827  0.163849  0.171693  0.160514  0.192048   0.19096  0.183882  0.175807
 0.166886  0.161292  0.164983  0.181174  0.161617   0.18785  0.189418  0.178249  0.167268  0.146044  0.172319   0.16058  0.160222  0.173759  0.177197  0.145791  0.155578   0.17912  0.155315  0.141596  0.121375 0.0877971         0  0.113081   0.13899  0.132523   0.12111  0.124186  0.136208  0.124257  0.130596  0.130495  0.126227  0.122706  0.156868  0.147533  0.163464  0.160785  0.157758  0.173642  0.175374  0.178158  0.170061
 0.176829  0.170023  0.168538  0.182448  0.169826  0.184965  0.189742  0.178934   0.16876  0.155266  0.170512  0.173821  0.167801  0.185883  0.163664  0.168771  0.151372  0.177146  0.157582  0.155534  0.148931  0.136083  0.113081         0  0.109905  0.141909  0.139939   0.13566  0.137495  0.139332  0.127371   0.14073  0.142118  0.136083  0.159867  0.163283  0.172181  0.162651  0.161541  0.178309  0.177847  0.175266   0.17803
 0.164362   0.16024  0.170527  0.164481  0.156292  0.180819  0.174209  0.158873   0.15264  0.146324  0.157964  0.173226  0.159121  0.157966  0.157582  0.156325  0.149885  0.146284  0.140898  0.155472  0.136852  0.133595   0.13899  0.109905         0 0.0926424  0.123968  0.123599  0.121206  0.113735  0.125887   0.12685  0.138677  0.121428  0.139585   0.14744  0.161107  0.156737  0.145781  0.167888  0.166386  0.173545  0.161602
 0.144155  0.159624  0.165113  0.167403  0.160049  0.180239  0.176435  0.151252  0.150962  0.139473  0.163363  0.157838  0.145499  0.163853  0.171895  0.155912  0.155295  0.169398  0.141507  0.147787  0.152201  0.148033  0.132523  0.141909 0.0926424         0 0.0735346  0.102576  0.121792  0.112612  0.123918  0.123346  0.124589  0.115928  0.137073   0.14073  0.157344  0.145822  0.139317  0.170451  0.170588  0.159994  0.170177
 0.136101   0.13449  0.144723  0.151471  0.140506  0.157939   0.16168  0.149052  0.131264  0.131371  0.141219  0.128785  0.134979   0.15405  0.167265  0.144678  0.127284   0.14601  0.129867  0.137197  0.144438  0.137079   0.12111  0.139939  0.123968 0.0735346         0 0.0534597 0.0869089  0.104394  0.111286  0.115035  0.118083  0.117796  0.126691  0.124739  0.149592  0.133965  0.122675  0.144268  0.163664  0.140377  0.154105
 0.136741  0.138952  0.146468  0.146635  0.142835  0.161953  0.163988  0.150909  0.132474  0.123459  0.138124  0.134818  0.124964  0.149337  0.159759  0.150582  0.131011  0.140734  0.132877  0.135078  0.143683  0.133135  0.124186   0.13566  0.123599  0.102576 0.0534597         0 0.0708277 0.0858078  0.109815  0.107086  0.111315  0.109298  0.118888    0.1251  0.139153  0.127289  0.120438  0.146301  0.154309  0.143547  0.150542
 0.142271  0.142706  0.156157  0.153138   0.15118  0.161663  0.166302  0.157714  0.139029  0.135029  0.146295  0.149796  0.139317   0.16306  0.164451  0.155239  0.131602  0.146154  0.144725  0.143833  0.153671  0.140227  0.136208  0.137495  0.121206  0.121792 0.0869089 0.0708277         0 0.0705217 0.0970515  0.114607  0.112374  0.111315  0.131458  0.132084   0.14351  0.133636  0.129944  0.148321  0.161417   0.15315  0.148208
 0.136741  0.123078  0.141135   0.14635  0.126368  0.149795  0.147285    0.1444  0.130454  0.126624  0.139489   0.13398  0.134069  0.148386  0.154307  0.152241  0.131918  0.149973   0.12372  0.128278   0.13807  0.133942  0.124257  0.139332  0.113735  0.112612  0.104394 0.0858078 0.0705217         0 0.0828126 0.0997041  0.101812 0.0985886 0.0986361  0.109569  0.119986  0.111093  0.115498  0.146977  0.137989  0.148321  0.135188
 0.142782  0.129083  0.147202  0.145667  0.132571  0.158218  0.156419  0.148217   0.13609  0.128665  0.141486  0.146008  0.136635  0.155454  0.149828  0.151525  0.137288  0.148472   0.12659  0.130381  0.147166  0.146869  0.130596  0.127371  0.125887  0.123918  0.111286  0.109815 0.0970515 0.0828126         0 0.0852445 0.0974258  0.105702  0.113338  0.122062  0.134983  0.119447  0.128017  0.148095   0.14748  0.136948  0.144524
 0.142782   0.13093  0.144058  0.160474  0.140288  0.177989  0.161202  0.151871  0.144169  0.134818  0.144252   0.14099  0.139739  0.142687  0.150185  0.143142  0.149773  0.151927   0.12986  0.136301  0.134979  0.150752  0.130495   0.14073   0.12685  0.123346  0.115035  0.107086  0.114607 0.0997041 0.0852445         0 0.0879384  0.108221  0.130534  0.131885   0.13757  0.125855  0.128017   0.15909  0.163614  0.152799  0.148095
 0.137923  0.132652  0.148033  0.154243  0.154177  0.177913  0.170931   0.16273  0.148211  0.134968  0.164409  0.152174  0.131435  0.161512  0.166661  0.149851  0.142216  0.149955  0.135262    0.1356  0.145263  0.135695  0.126227  0.142118  0.138677  0.124589  0.118083  0.111315  0.112374  0.101812 0.0974258 0.0879384         0 0.0866272  0.110311  0.120817  0.129167  0.121375  0.128665  0.144268  0.154083  0.154348  0.153839
 0.130565  0.132743  0.146182  0.161262  0.146926  0.170639  0.161244  0.149197  0.140279   0.13381  0.162518  0.147158  0.131214  0.145565  0.162865  0.139663  0.135517  0.141799  0.137301  0.135058  0.142738  0.135037  0.122706  0.136083  0.121428  0.115928  0.117796  0.109298  0.111315 0.0985886  0.105702  0.108221 0.0866272         0 0.0978511  0.111371  0.124749  0.110165  0.106439  0.129533  0.136426  0.134964  0.136636
 0.138175  0.140767  0.152942  0.166011  0.155499  0.177341  0.177243  0.170938  0.158608  0.150503   0.17245  0.163307  0.145491  0.172939  0.173419  0.170691  0.148335  0.168401  0.154764  0.153993  0.153099  0.161363  0.156868  0.159867  0.139585  0.137073  0.126691  0.118888  0.131458 0.0986361  0.113338  0.130534  0.110311 0.0978511         0  0.106076  0.116719   0.12721  0.121142  0.135113  0.151675  0.151935  0.147083
  0.12783  0.134634  0.143821   0.15288  0.138391  0.161018  0.164721  0.158114  0.150891    0.1447  0.156409  0.151789  0.145359  0.170439  0.163134    0.1532  0.146637  0.181112  0.155607  0.163508  0.158231  0.156827  0.147533  0.163283   0.14744   0.14073  0.124739    0.1251  0.132084  0.109569  0.122062  0.131885  0.120817  0.111371  0.106076         0 0.0982116  0.124597  0.127094  0.150687  0.143431  0.144299  0.148044
  0.15346  0.134931  0.149645  0.164013  0.134993  0.167895  0.164333  0.157869  0.154568   0.15515  0.166709  0.165705  0.160058  0.174257  0.159335  0.168168  0.159227  0.189091  0.156234  0.172112  0.167714  0.163849  0.163464  0.172181  0.161107  0.157344  0.149592  0.139153   0.14351  0.119986  0.134983   0.13757  0.129167  0.124749  0.116719 0.0982116         0  0.127277  0.133092  0.161757  0.151054  0.163497  0.149439
 0.133556  0.135536  0.152478  0.163517  0.155096  0.173151  0.162713  0.156037  0.147034  0.143513  0.161666  0.160763  0.153526  0.186856  0.168179  0.158963  0.133686  0.171772  0.145604  0.158607  0.162885  0.171693  0.160785  0.162651  0.156737  0.145822  0.133965  0.127289  0.133636  0.111093  0.119447  0.125855  0.121375  0.110165   0.12721  0.124597  0.127277         0  0.105126  0.132592  0.148199  0.141596   0.13813
 0.127553  0.128481  0.148432  0.163247  0.145593  0.157854  0.165046  0.150005  0.151311  0.143696  0.164951  0.156575  0.151757  0.160673  0.153526  0.152049  0.137161   0.16819  0.145038  0.153644  0.164883  0.160514  0.157758  0.161541  0.145781  0.139317  0.122675  0.120438  0.129944  0.115498  0.128017  0.128017  0.128665  0.106439  0.121142  0.127094  0.133092  0.105126         0  0.113585  0.133206  0.129205  0.142185
 0.153009  0.149908  0.163813   0.17612  0.158361  0.175861  0.170617  0.164502  0.157256  0.155271   0.18084  0.174543  0.172512  0.188042  0.185097  0.177065  0.157987  0.195754  0.175407  0.190764  0.185294  0.192048  0.173642  0.178309  0.167888  0.170451  0.144268  0.146301  0.148321  0.146977  0.148095   0.15909  0.144268  0.129533  0.135113  0.150687  0.161757  0.132592  0.113585         0  0.132209  0.123772   0.15153
 0.151609  0.155537  0.188915  0.185888  0.159327  0.179528  0.183997  0.177891  0.166838  0.164433   0.18274  0.170873  0.167956  0.190408   0.18893  0.177201  0.163203  0.187283   0.17362  0.184402  0.189858   0.19096  0.175374  0.177847  0.166386  0.170588  0.163664  0.154309  0.161417  0.137989   0.14748  0.163614  0.154083  0.136426  0.151675  0.143431  0.151054  0.148199  0.133206  0.132209         0  0.142567  0.158366
 0.142007  0.129179  0.158247  0.176036  0.163316  0.189249  0.180141  0.179087  0.164248  0.149649  0.172581  0.178147  0.164165  0.181153  0.173179  0.175666  0.143918  0.189689  0.160727  0.172932  0.181838  0.183882  0.178158  0.175266  0.173545  0.159994  0.140377  0.143547   0.15315  0.148321  0.136948  0.152799  0.154348  0.134964  0.151935  0.144299  0.163497  0.141596  0.129205  0.123772  0.142567         0  0.134775
 0.120085  0.129086  0.155435   0.17179  0.158121  0.158733  0.156388  0.177614  0.163134  0.166921  0.184215  0.171263  0.168942   0.18893  0.179823   0.17363  0.165954   0.18563  0.148817  0.160105  0.170603  0.175807  0.170061   0.17803  0.161602  0.170177  0.154105  0.150542  0.148208  0.135188  0.144524  0.148095  0.153839  0.136636  0.147083  0.148044  0.149439   0.13813  0.142185   0.15153  0.158366  0.134775         0


JC Tree topology:
(1,2,((((((((3,4),((5,6),(7,8))),(((9,10),11),(12,13))),(((14,15),16),(17,(18,19)))),((((20,(21,22)),(23,24)),(25,26)),((((27,28),29),30),(31,(32,33))))),(34,(35,(36,37)))),((38,39),((40,42),41))),43));

Putting MLE Branch Lengths
p: 0.279217
0.195231
0.260162
 0.26539
s: 0.0978946
 0.239261
 0.142469
 0.089219
 0.306167
  0.12499
Q: -0.858874  0.175302   0.42845  0.255122
 0.250714  -1.26332  0.228495  0.784112
 0.459831  0.171468 -0.871516  0.240216
 0.268414  0.576824  0.235483  -1.08072
(19:0.0494003,(((((((43:0.0788424,(1:0.0531066,2:0.0556629):0.0231657):0.0199707,((39:0.0542217,38:0.0584293):0.0099974,((42:0.0672619,40:0.0618512):0.0095915,41:0.0802790):0.0165175):0.0081377):0.0126993,(34:0.0587132,((36:0.0428531,37:0.0595611):0.0163101,35:0.0555911):0.0070259):0.0141119):0.0185916,((((20:0.0497810,(22:0.0482825,21:0.0277081):0.0243779):0.0369727,(23:0.0543073,24:0.0623482):0.0224074):0.0164398,(25:0.0462145,26:0.0467354):0.0303245):0.0141034,(((33:0.0454701,32:0.0454993):0.0133609,31:0.0469120):0.0095212,(((27:0.0406162,28:0.0157406):0.0266954,29:0.0319283):0.0212559,30:0.0301962):0.0203449):0.0128385):0.0109256):0.0060000,(((11:0.0612530,(9:0.0515388,10:0.0252052):0.0157967):0.0192542,(12:0.0517304,13:0.0507958):0.0313237):0.0166189,(((8:0.0450562,7:0.0447028):0.0300459,(6:0.0605742,5:0.0453004):0.0188994):0.0133500,(4:0.0622303,3:0.0667075):0.0224765):0.0206478):0.0210272):0.0191568,((14:0.0726168,15:0.0573262):0.0276092,16:0.0713438):0.0208970):0.0271319,17:0.0555990):0.0250338,18:0.0586682);
stationary acceptance: 0.237287
symmetric acceptance: 0.151523
branch length acceptance: 0.884302
avgP: 0.268859 0.215693 0.270673 0.244775
sP: 5.66083e-05 4.62663e-05 4.72438e-05 4.60214e-05
avgS: 0.0836078  0.241841  0.144376 0.0771715  0.334992  0.118011
sS: 2.09047e-05 7.50039e-05 4.12188e-05 2.39467e-05 8.75405e-05 2.89618e-05
0.268859 0.215693 0.270673 0.244775
0.0836078  0.241841  0.144376 0.0771715  0.334992  0.118011

 -0.87374  0.155486  0.449756  0.268498
 0.193812  -1.14925  0.178892  0.776547
 0.446742  0.142555 -0.807293  0.217996
 0.294916  0.684284  0.241061  -1.22026

GTR Distance Matrix:

        0  0.105053  0.141508  0.155272  0.144911  0.160919  0.160255  0.153532  0.145389  0.148048  0.168747   0.15922  0.147631  0.170023  0.173649  0.168456  0.153085  0.177451  0.144432  0.165399  0.169724  0.179072  0.169213  0.179203  0.165796  0.145962  0.137042  0.138153  0.143516  0.137782  0.143217  0.143691   0.13893  0.131499  0.139464  0.129203  0.154978  0.134824  0.128242  0.155371  0.153499  0.142771  0.120632
 0.105053         0   0.10809  0.144328  0.125515  0.150681   0.14478  0.148124  0.145156  0.139288  0.166923  0.150632  0.145463  0.172574  0.159809  0.161362   0.14486    0.1684  0.140332   0.14953  0.176004  0.162123  0.162259  0.171994  0.161623   0.16058  0.135207   0.14013  0.143721  0.123914  0.129906  0.131942  0.133574  0.133626  0.141785  0.135737  0.135716  0.136884  0.129137  0.151711  0.156847  0.130152  0.129873
 0.141508   0.10809         0  0.125714  0.124852  0.148815  0.147372  0.142787  0.146712  0.136888  0.164289  0.149786  0.156444  0.169461  0.175048  0.176171  0.162178   0.19333   0.16137  0.169486  0.174257  0.175732  0.167378  0.171612  0.173479  0.167434   0.14601  0.148562  0.158079  0.142381  0.148179  0.145788   0.14985   0.14758  0.155212  0.146159  0.151974  0.154881   0.15035  0.166644  0.192295  0.160725    0.1578
 0.155272  0.144328  0.125714         0  0.113423  0.144929  0.155748  0.147457   0.14404  0.140763  0.146977  0.151316  0.155822  0.187693  0.178704  0.190122  0.185182   0.20712  0.183267  0.191248  0.184064  0.171548  0.183997  0.185327  0.167072  0.169547  0.152819  0.148472  0.155294  0.148367  0.147013  0.162616  0.155659  0.162904  0.168584  0.155324  0.166651  0.165801  0.165863  0.179663  0.189498  0.178882  0.174259
 0.144911  0.125515  0.124852  0.113423         0  0.103885  0.115696  0.131312  0.121602  0.132346  0.153367  0.145764  0.155964  0.171841  0.168622  0.173406  0.162815   0.19999  0.164096  0.183299  0.183329  0.169286  0.163536  0.171929  0.158296  0.161425  0.141006  0.143895  0.152482  0.127366  0.133371  0.141338  0.155245  0.147285  0.156991   0.13986  0.136153  0.156561  0.146799  0.160596  0.161071  0.164506   0.15938
 0.160919  0.150681  0.148815  0.144929  0.103885         0  0.109995  0.122325  0.131474  0.130471  0.170578  0.163517  0.158937  0.183463  0.178223  0.201244  0.180877  0.213516  0.175526  0.193332  0.199097  0.191736  0.189998  0.187035  0.183839  0.182552  0.158722  0.163568   0.16357  0.151136  0.159045   0.17979  0.179051  0.171711  0.179644   0.16316  0.169246  0.174975  0.159777  0.178079  0.181684  0.191539  0.160261
 0.160255   0.14478  0.147372  0.155748  0.115696  0.109995         0 0.0878054  0.109143  0.128171  0.156569  0.161168  0.154028  0.172804  0.173574  0.172139  0.177714  0.201282  0.167413  0.180241  0.186608  0.189715  0.192278  0.192733  0.176841  0.178172  0.162353  0.165582  0.168187  0.148701  0.157582  0.163116  0.173094  0.163154  0.180395  0.167285  0.166581  0.164864  0.167212  0.173584  0.186583  0.182504  0.158277
 0.153532  0.148124  0.142787  0.147457  0.131312  0.122325 0.0878054         0 0.0872196  0.113944   0.14341  0.155895  0.150213  0.158898  0.158025  0.179576  0.180073  0.197461  0.162579  0.168575  0.176477  0.173748  0.180917   0.18145  0.161198  0.153095  0.150136  0.152856  0.160297  0.146262  0.149762  0.153951  0.164815  0.150967  0.173959  0.160804  0.160291  0.158611  0.152781  0.167629  0.180427  0.181604  0.179789
 0.145389  0.145156  0.146712   0.14404  0.121602  0.131474  0.109143 0.0872196         0 0.0725711  0.121548  0.137143  0.134281  0.153391    0.1597  0.161322  0.155025  0.182999  0.147981  0.172093  0.176211  0.163597  0.170096  0.171723  0.155316  0.153448  0.131849  0.133977  0.141038  0.132076  0.137469  0.146211  0.149963   0.14164  0.161511  0.153593  0.156403  0.149467  0.153568  0.160384  0.169499  0.166505  0.165382
 0.148048  0.139288  0.136888  0.140763  0.132346  0.130471  0.128171  0.113944 0.0725711         0 0.0875891  0.123021    0.1164  0.143056  0.167071  0.161094  0.144884  0.172777   0.14356  0.154851  0.155087  0.146246  0.148281  0.157599  0.148406  0.141457  0.132388  0.124717  0.136845  0.127913  0.129565  0.136219   0.13643  0.135179  0.152912  0.146688  0.156623  0.145411  0.145764  0.157996   0.16679  0.151358  0.168448
 0.168747  0.166923  0.164289  0.146977  0.153367  0.170578  0.156569   0.14341  0.121548 0.0875891         0  0.112114  0.133476  0.172821  0.168013  0.181547  0.162217  0.172981  0.161471  0.173431  0.152027  0.156649  0.174438  0.172979   0.15941    0.1647  0.141808   0.13876  0.147661  0.140277  0.141846  0.145269  0.165415  0.162831  0.174482  0.158194  0.168876  0.163175  0.166644  0.183329  0.185272  0.174726  0.185172
  0.15922  0.150632  0.149786  0.151316  0.145764  0.163517  0.161168  0.155895  0.137143  0.123021  0.112114         0  0.099539  0.142817  0.163274  0.178557  0.164555  0.195174  0.159377  0.168482  0.166842  0.149346  0.162867  0.176214  0.175029   0.15985  0.129636  0.135855  0.150906  0.134917  0.146947  0.142231  0.153499  0.148227   0.16534  0.153561  0.167498  0.163278  0.158258  0.177369  0.173105  0.180619  0.172942
 0.147631  0.145463  0.156444  0.155822  0.155964  0.158937  0.154028  0.150213  0.134281    0.1164  0.133476  0.099539         0  0.116854  0.159663  0.174601  0.157417  0.183025  0.152423  0.158668  0.162333  0.148885  0.162163  0.169885  0.160811  0.147034  0.135693  0.126264  0.140379  0.135161  0.137422  0.140659  0.132735  0.132236   0.14744  0.146808  0.161361  0.155314  0.153379  0.174411  0.169423  0.165907  0.170193
 0.170023  0.172574  0.169461  0.187693  0.171841  0.183463  0.172804  0.158898  0.153391  0.143056  0.172821  0.142817  0.116854         0  0.126748  0.165126    0.1713  0.194813  0.167709  0.177585  0.172551  0.177427   0.17717  0.189247  0.160455  0.166661  0.156276  0.152046   0.16556  0.150096  0.156733  0.144481  0.163858  0.147123  0.175402  0.172571   0.17597  0.189765   0.16302  0.191303  0.193352  0.183417  0.190927
 0.173649  0.159809  0.175048  0.178704  0.168622  0.178223  0.173574  0.158025    0.1597  0.167071  0.168013  0.163274  0.159663  0.126748         0  0.125554  0.149486  0.178826  0.165327  0.177666  0.174787  0.169363  0.178989  0.165466  0.159896  0.173649  0.168143  0.161466  0.166422  0.155814  0.150728  0.151404  0.168203  0.164075  0.175041  0.165466  0.161046  0.170452  0.155062  0.187162  0.191532  0.174271  0.181308
 0.168456  0.161362  0.176171  0.190122  0.173406  0.201244  0.172139  0.179576  0.161322  0.161094  0.181547  0.178557  0.174601  0.165126  0.125554         0  0.133654  0.170103  0.161386  0.172539  0.173524  0.150161  0.147711  0.171457  0.158398  0.158102  0.146364  0.152862  0.157593  0.154033  0.152911  0.144553  0.151054  0.141259  0.172882  0.155252  0.170522  0.161393   0.15437  0.180143  0.180248  0.177221  0.174711
 0.153085   0.14486  0.162178  0.185182  0.162815  0.180877  0.177714  0.180073  0.155025  0.144884  0.162217  0.164555  0.157417    0.1713  0.149486  0.133654         0  0.118735  0.125203  0.171756  0.170763  0.166102  0.157614  0.153254   0.15215  0.157908  0.129107  0.132922  0.133591  0.133617  0.138859  0.151668  0.144285  0.136859  0.150606  0.148922  0.161447  0.135495  0.138643  0.160466  0.165985  0.145917  0.167856
 0.177451    0.1684   0.19333   0.20712   0.19999  0.213516  0.201282  0.197461  0.182999  0.172777  0.172981  0.195174  0.183025  0.194813  0.178826  0.170103  0.118735         0  0.105772  0.153495  0.185718  0.181945  0.182625  0.180194  0.148178  0.171744  0.148154  0.143074  0.148092  0.151728  0.149573  0.153023  0.151643   0.14313  0.170621  0.183557   0.19181  0.174202  0.170233  0.198344  0.190248  0.191882  0.187459
 0.144432  0.140332   0.16137  0.183267  0.164096  0.175526  0.167413  0.162579  0.147981   0.14356  0.161471  0.159377  0.152423  0.167709  0.165327  0.161386  0.125203  0.105772         0  0.105654  0.139874  0.159592  0.157596  0.159954   0.14212  0.142951  0.130985  0.134311  0.146099  0.124647   0.12727   0.13051  0.136437  0.138179  0.156509  0.156827  0.157694  0.147481  0.146055  0.177975  0.176222  0.162623  0.149674
 0.165399   0.14953  0.169486  0.191248  0.183299  0.193332  0.180241  0.168575  0.172093  0.154851  0.173431  0.168482  0.158668  0.177585  0.177666  0.172539  0.171756  0.153495  0.105654         0 0.0879056  0.122458  0.143537  0.158411  0.157643  0.150593  0.139097  0.137102  0.145528  0.129612  0.131706  0.137772  0.137385  0.136174  0.156326  0.165929  0.174923  0.161953  0.155848  0.194663  0.188023  0.175387  0.161613
 0.169724  0.176004  0.174257  0.184064  0.183329  0.199097  0.186608  0.176477  0.176211  0.155087  0.152027  0.166842  0.162333  0.172551  0.174787  0.173524  0.170763  0.185718  0.139874 0.0879056         0 0.0743012  0.122902  0.151672  0.138791  0.155345  0.146329  0.145781  0.155419    0.1393  0.148651  0.136651  0.147399  0.144338  0.155817   0.16093  0.170964  0.166792  0.167984  0.189773  0.193725  0.185368  0.172943
 0.179072  0.162123  0.175732  0.171548  0.169286  0.191736  0.189715  0.173748  0.163597  0.146246  0.156649  0.149346  0.148885  0.177427  0.169363  0.150161  0.166102  0.181945  0.159592  0.122458 0.0743012         0 0.0882374  0.137971  0.135387  0.150267  0.138228  0.134785  0.141726  0.135416  0.148025  0.152393  0.137493   0.13644  0.163835  0.159303   0.16705  0.175075  0.162738  0.195962  0.194211  0.186865  0.177931
 0.169213  0.162259  0.167378  0.183997  0.163536  0.189998  0.192278  0.180917  0.170096  0.148281  0.174438  0.162867  0.162163   0.17717  0.178989  0.147711  0.157614  0.182625  0.157596  0.143537  0.122902 0.0882374         0  0.114135  0.139956  0.134043  0.122304  0.125567  0.137714  0.125463  0.131518  0.131721  0.127489  0.123571  0.158604   0.14907  0.165418   0.16301  0.159404  0.176068  0.177907  0.180063   0.17121
 0.179203  0.171994  0.171612  0.185327  0.171929  0.187035  0.192733   0.18145  0.171723  0.157599  0.172979  0.176214  0.169885  0.189247  0.165466  0.171457  0.153254  0.180194  0.159954  0.158411  0.151672  0.137971  0.114135         0  0.110994  0.143363  0.141307  0.136712  0.138832  0.140696   0.12813  0.141873  0.143598  0.136582   0.16201    0.1652  0.174271  0.164634  0.163165  0.180834  0.180053  0.177122  0.179489
 0.165796  0.161623  0.173479  0.167072  0.158296  0.183839  0.176841  0.161198  0.155316  0.148406   0.15941  0.175029  0.160811  0.160455  0.159896  0.158398   0.15215  0.148178   0.14212  0.157643  0.138791  0.135387  0.139956  0.110994         0  0.093004  0.124382  0.124287  0.121964  0.114248  0.126041  0.127175  0.139604  0.121935  0.141138  0.149179  0.162911   0.15845  0.146935  0.170008  0.168808  0.175057  0.162299
 0.145962   0.16058  0.167434  0.169547  0.161425  0.182552  0.178172  0.153095  0.153448  0.141457    0.1647   0.15985  0.147034  0.166661  0.173649  0.158102  0.157908  0.171744  0.142951  0.150593  0.155345  0.150267  0.134043  0.143363  0.093004         0  0.073676  0.103079  0.122937  0.113498  0.124627  0.124079  0.125622  0.116736   0.13928  0.142888  0.159706  0.148184  0.141131  0.172787  0.172899  0.161549  0.171307
 0.137042  0.135207   0.14601  0.152819  0.141006  0.158722  0.162353  0.150136  0.131849  0.132388  0.141808  0.129636  0.135693  0.156276  0.168143  0.146364  0.129107  0.148154  0.130985  0.139097  0.146329  0.138228  0.122304  0.141307  0.124382  0.073676         0 0.0534014 0.0872003  0.104797  0.111917  0.115679  0.118983  0.118484  0.127888  0.125792   0.15071  0.135397  0.123624  0.145932  0.164997  0.141326  0.154697
 0.138153   0.14013  0.148562  0.148472  0.143895  0.163568  0.165582  0.152856  0.133977  0.124717   0.13876  0.135855  0.126264  0.152046  0.161466  0.152862  0.132922  0.143074  0.134311  0.137102  0.145781  0.134785  0.125567  0.136712  0.124287  0.103079 0.0534014         0 0.0707565 0.0858235  0.110316  0.107884  0.112152  0.109799  0.120053  0.126068  0.140281  0.128601  0.121628  0.148338  0.156104  0.145156  0.151628
 0.143516  0.143721  0.158079  0.155294  0.152482   0.16357  0.168187  0.160297  0.141038  0.136845  0.147661  0.150906  0.140379   0.16556  0.166422  0.157593  0.133591  0.148092  0.146099  0.145528  0.155419  0.141726  0.137714  0.138832  0.121964  0.122937 0.0872003 0.0707565         0 0.0704574 0.0972447  0.115469  0.112818  0.111866  0.132813  0.133424  0.144413  0.135006  0.131024    0.1499  0.163418  0.154158  0.149009
 0.137782  0.123914  0.142381  0.148367  0.127366  0.151136  0.148701  0.146262  0.132076  0.127913  0.140277  0.134917  0.135161  0.150096  0.155814  0.154033  0.133617  0.151728  0.124647  0.129612    0.1393  0.135416  0.125463  0.140696  0.114248  0.113498  0.104797 0.0858235 0.0704574         0 0.0829351  0.100278  0.102097 0.0986292  0.099567  0.110447  0.120954  0.112205  0.116406  0.148619  0.139858  0.148987  0.135977
 0.143217  0.129906  0.148179  0.147013  0.133371  0.159045  0.157582  0.149762  0.137469  0.129565  0.141846  0.146947  0.137422  0.156733  0.150728  0.152911  0.138859  0.149573   0.12727  0.131706  0.148651  0.148025  0.131518   0.12813  0.126041  0.124627  0.111917  0.110316 0.0972447 0.0829351         0 0.0853817 0.0973131  0.105461  0.113889  0.122496  0.135521  0.119976  0.128627  0.149034  0.148276  0.136921    0.1445
 0.143691  0.131942  0.145788  0.162616  0.141338   0.17979  0.163116  0.153951  0.146211  0.136219  0.145269  0.142231  0.140659  0.144481  0.151404  0.144553  0.151668  0.153023   0.13051  0.137772  0.136651  0.152393  0.131721  0.141873  0.127175  0.124079  0.115679  0.107884  0.115469  0.100278 0.0853817         0 0.0881124  0.108117  0.130825  0.132381  0.138379  0.126842  0.128443  0.160578  0.165004  0.153294  0.148366
  0.13893  0.133574   0.14985  0.155659  0.155245  0.179051  0.173094  0.164815  0.149963   0.13643  0.165415  0.153499  0.132735  0.163858  0.168203  0.151054  0.144285  0.151643  0.136437  0.137385  0.147399  0.137493  0.127489  0.143598  0.139604  0.125622  0.118983  0.112152  0.112818  0.102097 0.0973131 0.0881124         0 0.0865962  0.111214  0.121662  0.129829  0.122247  0.129311  0.145759  0.155419  0.154819  0.154079
 0.131499  0.133626   0.14758  0.162904  0.147285  0.171711  0.163154  0.150967   0.14164  0.135179  0.162831  0.148227  0.132236  0.147123  0.164075  0.141259  0.136859   0.14313  0.138179  0.136174  0.144338   0.13644  0.123571  0.136582  0.121935  0.116736  0.118484  0.109799  0.111866 0.0986292  0.105461  0.108117 0.0865962         0 0.0982457  0.111609  0.125052   0.11069  0.106987  0.130584  0.137285  0.135143  0.136682
 0.139464  0.141785  0.155212  0.168584  0.156991  0.179644  0.180395  0.173959  0.161511  0.152912  0.174482   0.16534   0.14744  0.175402  0.175041  0.172882  0.150606  0.170621  0.156509  0.156326  0.155817  0.163835  0.158604   0.16201  0.141138   0.13928  0.127888  0.120053  0.132813  0.099567  0.113889  0.130825  0.111214 0.0982457         0  0.106788  0.117451  0.128486  0.121945   0.13655  0.153569  0.152438  0.147981
 0.129203  0.135737  0.146159  0.155324   0.13986   0.16316  0.167285  0.160804  0.153593  0.146688  0.158194  0.153561  0.146808  0.172571  0.165466  0.155252  0.148922  0.183557  0.156827  0.165929   0.16093  0.159303   0.14907    0.1652  0.149179  0.142888  0.125792  0.126068  0.133424  0.110447  0.122496  0.132381  0.121662  0.111609  0.106788         0 0.0989741   0.12592  0.128051  0.152549  0.145019  0.144708  0.148963
 0.154978  0.135716  0.151974  0.166651  0.136153  0.169246  0.166581  0.160291  0.156403  0.156623  0.168876  0.167498  0.161361   0.17597  0.161046  0.170522  0.161447   0.19181  0.157694  0.174923  0.170964   0.16705  0.165418  0.174271  0.162911  0.159706   0.15071  0.140281  0.144413  0.120954  0.135521  0.138379  0.129829  0.125052  0.117451 0.0989741         0  0.128443  0.133798  0.163328  0.152518  0.163692  0.150515
 0.134824  0.136884  0.154881  0.165801  0.156561  0.174975  0.164864  0.158611  0.149467  0.145411  0.163175  0.163278  0.155314  0.189765  0.170452  0.161393  0.135495  0.174202  0.147481  0.161953  0.166792  0.175075   0.16301  0.164634   0.15845  0.148184  0.135397  0.128601  0.135006  0.112205  0.119976  0.126842  0.122247   0.11069  0.128486   0.12592  0.128443         0  0.105919  0.133729  0.149857  0.142698  0.138978
 0.128242  0.129137   0.15035  0.165863  0.146799  0.159777  0.167212  0.152781  0.153568  0.145764  0.166644  0.158258  0.153379   0.16302  0.155062   0.15437  0.138643  0.170233  0.146055  0.155848  0.167984  0.162738  0.159404  0.163165  0.146935  0.141131  0.123624  0.121628  0.131024  0.116406  0.128627  0.128443  0.129311  0.106987  0.121945  0.128051  0.133798  0.105919         0  0.114535  0.134889  0.129998  0.142527
