
Alignment summary:
Didelphis_virginiana: A=551 C=503 G=245 T=513
Equus_caballus: A=556 C=494 G=241 T=521
Rhinoceros_unicornis: ?=1 A=568 C=491 G=232 T=520
Bos_tarus: A=567 C=508 G=230 T=507
Hippopotamus_amphibius: ?=3 A=565 C=501 G=237 T=506
Balaenoptera_physalus: A=578 C=486 G=234 T=514
Physeter_macrocephalus: A=553 C=510 G=231 T=518
Ursus_americanus: A=571 C=502 G=235 T=504
Canis_familiaris: A=563 C=496 G=237 T=516
Felis_catus: A=559 C=494 G=239 T=520
Homo_sapiens: A=553 C=504 G=247 T=508
Pan_troglodytes: A=556 C=512 G=246 T=498
Gorilla_gorilla: A=560 C=489 G=237 T=526
Pongo_pygmaeus: A=550 C=514 G=243 T=505
Macaca_mulatta: A=543 C=528 G=240 T=501
Callithrix_jacchus: A=547 C=504 G=244 T=517
Loris_tardigradus: A=552 C=518 G=239 T=503
Galago_crassicaudatus: ?=1 A=530 C=517 G=236 T=528
Daubentonia_madagascariensis: A=538 C=522 G=236 T=516
Varecia_variegata: A=554 C=525 G=239 T=494
Eulemur_mongoz: ?=2 A=537 C=516 G=236 T=521
Lemur_catta: A=557 C=505 G=236 T=514
Hapalemur_griseus: A=534 C=522 G=245 T=511
Propithecus_tattersalli: A=540 C=516 G=248 T=508
Lepilemur_edwardsi: A=550 C=525 G=234 T=503
Cheirogaleus_medius: A=539 C=531 G=250 T=492
Mirza_coquereli: A=529 C=539 G=241 T=503
Microcebus_murinus: -=1 A=546 C=553 G=235 T=477
Microcebus_griseorufus: A=553 C=537 G=238 T=484
Microcebus_myoxinus: A=551 C=542 G=242 T=477
Microcebus_berthae: A=560 C=520 G=234 T=498
Microcebus_rufus_1: A=550 C=523 G=241 T=498
Microcebus_tavaratra: A=538 C=540 G=246 T=488
Microcebus_rufus_2: A=555 C=520 G=228 T=509
Microcebus_sambiranensis: A=545 C=532 G=238 T=497
Microcebus_ravelobensis: ?=5 A=545 C=504 G=246 T=512

Seed = 3077193785
Jukes-Cantor Distance Matrix:

       0 0.194899 0.192877 0.205711 0.235789  0.23533 0.262242 0.266955 0.281271 0.282879 0.276468 0.293414 0.303271 0.312423  0.31662  0.32679 0.327643  0.33044  0.33021 0.306586 0.308671  0.32679 0.318305 0.307417 0.302445 0.305756 0.309916 0.266344 0.268532  0.25368  0.24598 0.243685 0.220375 0.207893 0.193469 0.171485
0.194899        0  0.16622 0.194184 0.209751 0.228563 0.247513 0.251361  0.24598 0.252906 0.276468 0.283684 0.313261 0.315779 0.325085 0.317462 0.321688 0.314314 0.325937 0.311586 0.312851 0.315779 0.309916 0.295866 0.305756 0.313261 0.312423  0.29198 0.283684 0.274874 0.266955 0.244449 0.233821 0.220375 0.204261 0.180582
0.192877  0.16622        0 0.167599 0.184703 0.197174 0.228711 0.236996 0.226467 0.249213 0.253072 0.281459 0.297707 0.300999 0.310128 0.303478 0.309293 0.317899 0.321909 0.318524 0.301409 0.318524 0.315155 0.310128 0.320215 0.313475 0.300999 0.281648 0.287916 0.279854 0.260069 0.261633 0.255397 0.226467 0.222742 0.203587
0.205711 0.194184 0.167599        0 0.156825 0.194899  0.20209 0.225575 0.233821  0.23533 0.256005 0.278866 0.290156  0.29423 0.313261 0.321688 0.303271 0.321062 0.311586 0.311586 0.309505 0.315779 0.322536 0.301619 0.292598 0.298326 0.300795 0.286297 0.292598 0.281271 0.274079 0.267743 0.255229 0.240636  0.24598 0.220341
0.235789 0.209751 0.184703 0.156825        0 0.168499 0.211215 0.199584 0.223774 0.223774 0.235789 0.259631 0.280229 0.289117 0.303892 0.312227 0.289117 0.309929 0.304721 0.302235 0.313496 0.318118 0.315588 0.318118 0.306383 0.312227 0.320657 0.298314 0.285064 0.284256 0.283449 0.277823 0.261979 0.233521 0.238823 0.227494
 0.23533 0.228563 0.197174 0.194899 0.168499        0 0.189196 0.205711 0.218157 0.230812 0.226321 0.256782 0.266955 0.278866 0.296685 0.289344 0.296685 0.296066 0.309082 0.297505 0.302857 0.327643 0.331068 0.314099 0.314099 0.308249 0.304099 0.284681 0.271696 0.280468 0.275671 0.281271 0.264595 0.242921 0.236086 0.234581
0.262242 0.247513 0.228711  0.20209 0.211215 0.189196        0  0.18636 0.206438 0.218895 0.221115 0.247513 0.268532 0.277267 0.286105 0.292598 0.300795 0.293612 0.320841 0.299971 0.298731 0.315779 0.318305 0.313261 0.290969 0.296685 0.327643 0.288727 0.287723 0.296685 0.285297 0.297505 0.273284 0.279667 0.274874 0.246017
0.266955 0.251361 0.236996 0.225575 0.199584 0.205711  0.18636        0 0.170261  0.20935 0.202813 0.223342 0.248281  0.25059 0.264595 0.299971 0.273284 0.297707 0.300795 0.276468 0.297909 0.314099 0.323384 0.311586 0.299971 0.331927 0.323384 0.298529 0.296685 0.281271 0.274874 0.286913 0.267743 0.270904 0.269322 0.262326
0.281271  0.24598 0.226467 0.233821 0.223774 0.218157 0.206438 0.170261        0 0.191329 0.208621 0.231563 0.241397 0.258338 0.268532 0.280468 0.282074 0.292796 0.293414 0.290156 0.298731 0.314938 0.338831 0.322536 0.297505 0.321688 0.325937 0.327016 0.295866 0.289344 0.292598 0.270112 0.278866 0.278866 0.285297 0.269426
0.282879 0.252906 0.249213  0.23533 0.223774 0.230812 0.218895  0.20935 0.191329        0 0.184946 0.218895 0.229312 0.242159 0.256782 0.271696 0.277267 0.290352 0.306586 0.296685 0.281648 0.318305 0.320841 0.299148 0.304927 0.325937 0.323384 0.312637 0.295048 0.309082 0.311586 0.286913 0.296685 0.286105 0.277267 0.273399
0.276468 0.276468 0.253072 0.256005 0.235789 0.226321 0.221115 0.202813 0.208621 0.184946        0 0.205711 0.210811 0.221115 0.243685 0.259898 0.258338  0.25773 0.275671 0.276468 0.284872 0.297505 0.301619 0.298326 0.300795 0.308249 0.307417 0.298529 0.287723 0.286913 0.293414 0.286105 0.278866 0.276468  0.27249 0.274197
0.293414 0.283684 0.281459 0.278866 0.259631 0.256782 0.247513 0.223342 0.231563 0.218895 0.205711        0 0.184241 0.204986 0.228563 0.252133  0.26381 0.273466  0.28449 0.296685 0.292994 0.311586 0.322536 0.304099  0.29423 0.314099 0.309916 0.305965 0.290969 0.279667 0.298326 0.295866 0.288533 0.290156  0.27249  0.28141
0.303271 0.313261 0.297707 0.290156 0.280229 0.266955 0.268532 0.248281 0.241397 0.229312 0.210811 0.184241        0 0.177218 0.204986 0.218895 0.232315 0.267132 0.287723 0.274874 0.281648 0.301619 0.309082 0.303271 0.303271 0.314938 0.314938 0.296886 0.304927 0.297505 0.304099 0.315779 0.302445 0.303271 0.300795 0.303477
0.312423 0.315779 0.300999  0.29423 0.289117 0.278866 0.277267  0.25059 0.258338 0.242159 0.221115 0.204986 0.177218        0 0.177917 0.213741 0.223342  0.26085 0.266167 0.266167 0.283258 0.297505 0.322536  0.31662 0.312423 0.327643 0.307417 0.314314 0.319995 0.303271 0.314938 0.321688 0.315779 0.308249 0.305756 0.309305
 0.31662 0.325085 0.310128 0.313261 0.303892 0.296685 0.286105 0.264595 0.268532 0.256782 0.243685 0.228563 0.204986 0.177917        0 0.194899 0.225575 0.252299  0.25368  0.25756 0.271265  0.28449 0.303271 0.300795 0.296685 0.320841  0.31662 0.315996 0.319995 0.313261 0.306586  0.31662  0.32679 0.318305 0.323384 0.320251
 0.32679 0.317462 0.303478 0.321688 0.312227 0.289344 0.292598 0.299971 0.280468 0.271696 0.259898 0.252133 0.218895 0.213741 0.194899        0 0.192755 0.233219 0.244449 0.265381 0.271265 0.297505 0.313261 0.295866 0.314938 0.338831 0.314938 0.315996 0.321688 0.317462 0.314099 0.311586 0.310751 0.337965  0.33021 0.324504
0.327643 0.321688 0.309293 0.303271 0.289117 0.296685 0.300795 0.273284 0.282074 0.277267 0.258338  0.26381 0.232315 0.223342 0.225575 0.192755        0 0.185062 0.207165  0.21521 0.240188 0.266167 0.282879 0.295048 0.296685 0.319995 0.314938 0.305965 0.317462  0.31915 0.321688 0.311586 0.297505 0.305756 0.309916 0.315179
 0.33044 0.314314 0.317899 0.321062 0.309929 0.296066 0.293612 0.297707 0.292796 0.290352  0.25773 0.273466 0.267132  0.26085 0.252299 0.233219 0.185062        0 0.175233  0.20439 0.221542 0.237754 0.254622 0.281459 0.301825 0.295247 0.321909 0.311176   0.3118 0.322758 0.321062 0.324458   0.3118 0.306796 0.320215 0.307846
 0.33021 0.325937 0.321909 0.311586 0.304721 0.309082 0.320841 0.300795 0.293414 0.306586 0.275671  0.28449 0.287723 0.266167  0.25368 0.244449 0.207165 0.175233        0 0.172341 0.212546 0.236086  0.25368 0.275671 0.293414 0.309082 0.290969 0.302651 0.302445 0.299971 0.309916 0.319995 0.307417 0.301619 0.314938 0.318557
0.306586 0.311586 0.318524 0.311586 0.302235 0.297505 0.299971 0.276468 0.290156 0.296685 0.276468 0.296685 0.274874 0.266167  0.25756 0.265381  0.21521  0.20439 0.172341        0 0.182355 0.218157 0.243685 0.256782 0.262242 0.287723 0.286913 0.290352 0.297505 0.300795 0.303271 0.314938 0.314938 0.311586 0.307417 0.299341
0.308671 0.312851 0.301409 0.309505 0.313496 0.302857 0.298731 0.297909 0.298731 0.281648 0.284872 0.292994 0.281648 0.283258 0.271265 0.271265 0.240188 0.221542 0.212546 0.182355        0 0.190857 0.212546 0.237909  0.26968 0.268098  0.31034 0.291559 0.297909 0.292178 0.302857 0.324683 0.311176  0.31453 0.316213 0.298923
 0.32679 0.315779 0.318524 0.315779 0.318118 0.327643 0.315779 0.314099 0.314938 0.318305 0.297505 0.311586 0.301619 0.297505  0.28449 0.297505 0.266167 0.237754 0.236086 0.218157 0.190857        0 0.187068 0.230812 0.247513 0.258338 0.303271 0.287106 0.299148 0.299148 0.306586 0.324234 0.322536 0.319995 0.325085 0.320251
0.318305 0.309916 0.315155 0.322536 0.315588 0.331068 0.318305 0.323384 0.338831 0.320841 0.301619 0.322536 0.309082 0.322536 0.303271 0.313261 0.282879 0.254622  0.25368 0.243685 0.212546 0.187068        0 0.202813 0.225575 0.243685 0.295866 0.292796  0.29423 0.304927 0.286913 0.313261 0.309916 0.303271 0.291783 0.298516
0.307417 0.295866 0.310128 0.301619 0.318118 0.314099 0.313261 0.311586 0.322536 0.299148 0.298326 0.304099 0.303271  0.31662 0.300795 0.295866 0.295048 0.281459 0.275671 0.256782 0.237909 0.230812 0.202813        0 0.200646 0.232315 0.254454 0.260069 0.281271 0.291783 0.297505 0.304927 0.292598 0.305756 0.295048 0.295228
0.302445 0.305756 0.320215 0.292598 0.306383 0.314099 0.290969 0.299971 0.297505 0.304927 0.300795  0.29423 0.303271 0.312423 0.296685 0.314938 0.296685 0.301825 0.293414 0.262242  0.26968 0.247513 0.225575 0.200646        0 0.208621 0.246746  0.24614  0.26146 0.270904 0.278866 0.292598 0.289344 0.290969 0.286913 0.273399
0.305756 0.313261 0.313475 0.298326 0.312227 0.308249 0.296685 0.331927 0.321688 0.325937 0.308249 0.314099 0.314938 0.327643 0.320841 0.338831 0.319995 0.295247 0.309082 0.287723 0.268098 0.258338 0.243685 0.232315 0.208621        0 0.240636 0.240793 0.252133 0.280468 0.300795 0.300795 0.307417 0.308249 0.309916 0.302648
0.309916 0.312423 0.300999 0.300795 0.320657 0.304099 0.327643 0.323384 0.325937 0.323384 0.307417 0.309916 0.314938 0.307417  0.31662 0.314938 0.314938 0.321909 0.290969 0.286913  0.31034 0.303271 0.295866 0.254454 0.246746 0.240636        0 0.230211 0.242159  0.28449  0.27249 0.299148  0.28449 0.301619 0.287723 0.298516
0.266344  0.29198 0.281648 0.286297 0.298314 0.284681 0.288727 0.298529 0.327016 0.312637 0.298529 0.305965 0.296886 0.314314 0.315996 0.315996 0.305965 0.311176 0.302651 0.290352 0.291559 0.287106 0.292796 0.260069  0.24614 0.240793 0.230211        0 0.199331 0.234727 0.252299  0.26792 0.256951 0.274261 0.260069 0.250805
0.268532 0.283684 0.287916 0.292598 0.285064 0.271696 0.287723 0.296685 0.295866 0.295048 0.287723 0.290969 0.304927 0.319995 0.319995 0.321688 0.317462   0.3118 0.302445 0.297505 0.297909 0.299148  0.29423 0.281271  0.26146 0.252133 0.242159 0.199331        0 0.192755 0.213741 0.239876 0.255229 0.267743 0.255229 0.246017
 0.25368 0.274874 0.279854 0.281271 0.284256 0.280468 0.296685 0.281271 0.289344 0.309082 0.286913 0.279667 0.297505 0.303271 0.313261 0.317462  0.31915 0.322758 0.299971 0.300795 0.292178 0.299148 0.304927 0.291783 0.270904 0.280468  0.28449 0.234727 0.192755        0 0.189906 0.223342 0.243685  0.23533 0.234575 0.223317
 0.24598 0.266955 0.260069 0.274079 0.283449 0.275671 0.285297 0.274874 0.292598 0.311586 0.293414 0.298326 0.304099 0.314938 0.306586 0.314099 0.321688 0.321062 0.309916 0.303271 0.302857 0.306586 0.286913 0.297505 0.278866 0.300795  0.27249 0.252299 0.213741 0.189906        0 0.177917 0.219635 0.232315 0.224086 0.237613
0.243685 0.244449 0.261633 0.267743 0.277823 0.281271 0.297505 0.286913 0.270112 0.286913 0.286105 0.295866 0.315779 0.321688  0.31662 0.311586 0.311586 0.324458 0.319995 0.314938 0.324683 0.324234 0.313261 0.304927 0.292598 0.300795 0.299148  0.26792 0.239876 0.223342 0.177917        0 0.180721 0.210811 0.206438 0.212954
0.220375 0.233821 0.255397 0.255229 0.261979 0.264595 0.273284 0.267743 0.278866 0.296685 0.278866 0.288533 0.302445 0.315779  0.32679 0.310751 0.297505   0.3118 0.307417 0.314938 0.311176 0.322536 0.309916 0.292598 0.289344 0.307417  0.28449 0.256951 0.255229 0.243685 0.219635 0.180721        0 0.187068 0.194899 0.190505
0.207893 0.220375 0.226467 0.240636 0.233521 0.242921 0.279667 0.270904 0.278866 0.286105 0.276468 0.290156 0.303271 0.308249 0.318305 0.337965 0.305756 0.306796 0.301619 0.311586  0.31453 0.319995 0.303271 0.305756 0.290969 0.308249 0.301619 0.274261 0.267743  0.23533 0.232315 0.210811 0.187068        0 0.156537 0.172877
0.193469 0.204261 0.222742  0.24598 0.238823 0.236086 0.274874 0.269322 0.285297 0.277267  0.27249  0.27249 0.300795 0.305756 0.323384  0.33021 0.309916 0.320215 0.314938 0.307417 0.316213 0.325085 0.291783 0.295048 0.286913 0.309916 0.287723 0.260069 0.255229 0.234575 0.224086 0.206438 0.194899 0.156537        0 0.152258
0.171485 0.180582 0.203587 0.220341 0.227494 0.234581 0.246017 0.262326 0.269426 0.273399 0.274197  0.28141 0.303477 0.309305 0.320251 0.324504 0.315179 0.307846 0.318557 0.299341 0.298923 0.320251 0.298516 0.295228 0.273399 0.302648 0.298516 0.250805 0.246017 0.223317 0.237613 0.212954 0.190505 0.172877 0.152258        0


JC Tree topology:
(1,((((2,3),(4,5)),(6,(7,((8,9),(10,(11,(12,(((13,(14,15)),(16,17)),(((18,19),20),(21,(22,23))))))))))),(((((24,25),26),27),(28,29)),(30,(31,32)))),(33,((34,35),36)));

Putting MLE Branch Lengths
p: 0.304252
0.284319
0.131955
0.279474
s:  0.222109
 0.150928
 0.154256
0.0352589
   0.4113
0.0261474
Q: -0.866542  0.365009  0.248032  0.253501
 0.390599  -1.17591 0.0620059  0.723306
 0.571892  0.133602  -0.80457 0.0990768
 0.275977  0.735846 0.0467798   -1.0586
((((23:0.1085497,22:0.0821052):0.0506715,21:0.0763637):0.0412191,(20:0.0871188,(19:0.0817087,18:0.0982626):0.0299743):0.0154498):0.1004319,((13:0.1015801,(14:0.0726636,15:0.1082897):0.0248858):0.0180331,(17:0.1049992,16:0.0925054):0.0516006):0.0149516,(12:0.0967771,(11:0.0862591,(10:0.0980350,((((((((36:0.0737121,(34:0.0870656,35:0.0723179):0.0252297):0.0111134,33:0.1226786):0.0177097,1:0.1059929):0.0144683,((30:0.1064558,(32:0.0987962,31:0.0832651):0.0318193):0.0268272,((((24:0.1164564,25:0.0928942):0.0375367,26:0.1054064):0.0420415,27:0.1177704):0.0501230,(29:0.0950247,28:0.1071751):0.0120181):0.0508409):0.0581507):0.0515552,((2:0.0984216,3:0.0722656):0.0317196,(5:0.0848472,4:0.0771551):0.0288076):0.0141189):0.0417080,6:0.0876708):0.0365045,7:0.0928671):0.0387633,(9:0.0895787,8:0.0855869):0.0232643):0.0334570):0.0287707):0.0390125):0.0407490);
stationary acceptance: 0.193176
symmetric acceptance: 0.1067
branch length acceptance: 0.841846
avgP: 0.232318 0.221927  0.18433 0.361425
sP: 3.91123e-05 2.36953e-05 4.43036e-05 5.52254e-05
avgS:   0.17327  0.172199 0.0966902 0.0202647  0.523551  0.014024
sS: 1.23466e-05 2.51207e-05 1.50535e-05  4.1818e-06 5.25555e-05 4.00751e-06
0.232318 0.221927  0.18433 0.361425
  0.17327  0.172199 0.0966902 0.0202647  0.523551  0.014024

-0.951627  0.372917  0.370611  0.208099
 0.390377  -1.61559 0.0456561   1.17956
 0.467096 0.0549685 -0.560105 0.0380405
 0.133762  0.724287 0.0194009 -0.877451

GTR Distance Matrix:

       0 0.187848 0.187695 0.201523 0.230465 0.234723 0.260635  0.26514 0.281711 0.282591 0.277776 0.294764 0.305696 0.314315 0.318226 0.331877 0.330902 0.337728 0.335085 0.310449 0.311746 0.331133 0.318059 0.308543 0.303201 0.306777 0.308827 0.261112 0.265444 0.250733 0.241685 0.239007 0.214091  0.20061 0.185056  0.16508
0.187848        0 0.159468 0.186627 0.202482 0.225405 0.244282 0.247157 0.243641 0.250807 0.275326  0.28398  0.31291 0.315947 0.323778 0.321071 0.323203 0.319693 0.329529 0.314437 0.313817 0.319009 0.310747 0.297693 0.306537 0.315055 0.311855 0.287885  0.28429 0.273586 0.262414 0.241152 0.228382 0.212379 0.197131 0.175156
0.187695 0.159468        0 0.160967 0.179161 0.194941  0.22548 0.233823 0.224342 0.247976 0.253225 0.282586 0.299121 0.302643 0.308991  0.30692  0.31103   0.3227 0.327578 0.320215 0.301636 0.323457 0.315351 0.313065 0.320659 0.314371 0.299421 0.276262 0.286633  0.27778 0.255813 0.258926 0.249312 0.219726 0.215635 0.198574
0.201523 0.186627 0.160967        0  0.14951 0.187917 0.197306 0.219262 0.228623 0.232514 0.252063 0.276293 0.287652 0.291895 0.308138 0.320192 0.302067 0.322285 0.314611 0.312902 0.307837 0.317801 0.323033 0.303163 0.292639 0.298025 0.301698 0.280042 0.291998 0.280129 0.268271 0.264884 0.249557 0.232967 0.238183 0.215142
0.230465 0.202482 0.179161  0.14951        0  0.16288 0.205375 0.193832 0.218726 0.218882 0.233522 0.258235 0.279099 0.287616 0.302514 0.313339 0.289697 0.312463 0.307709 0.303578 0.313715 0.321772 0.317053 0.319081 0.307307 0.313326 0.318417 0.294642 0.284947 0.283845 0.280437 0.275133 0.255687 0.227453  0.23283 0.223053
0.234723 0.225405 0.194941 0.187917  0.16288        0 0.183962 0.199411 0.214817 0.227639 0.223655 0.256101 0.267539 0.278769 0.295782 0.292002 0.296224 0.299285 0.314064 0.300243 0.305103 0.335175 0.335805 0.319474 0.318932 0.311662 0.306371 0.282667 0.273778 0.282693 0.274404  0.28265 0.262321 0.239217 0.231595 0.232824
0.260635 0.244282  0.22548 0.197306 0.205375 0.183962        0 0.180498 0.200416  0.21336 0.216505 0.243601  0.26578 0.272689 0.282708  0.29239 0.297704 0.293493 0.322768 0.300096 0.297468 0.317992 0.319283 0.314376 0.291137 0.297413 0.328934 0.283859 0.287444 0.296798 0.282426 0.297656 0.268863 0.273994  0.26795 0.243906
 0.26514 0.247157 0.233823 0.219262 0.193832 0.199411 0.180498        0 0.164099 0.203163 0.198265 0.219322  0.24368 0.247715 0.260781 0.299949 0.270922 0.298706 0.303355  0.27674 0.296928 0.317489 0.326369 0.314806 0.302968 0.333565 0.325373 0.294467  0.29555 0.279183 0.270024 0.285626 0.262844 0.266565 0.262505 0.259438
0.281711 0.243641 0.224342 0.228623 0.218726 0.214817 0.200416 0.164099        0 0.185853 0.203856 0.226015  0.23654 0.255663 0.265483 0.281543 0.279208 0.295539 0.296998 0.290531 0.299059 0.318095 0.340806 0.328386 0.300754 0.325162 0.329305 0.323943 0.297111 0.289779 0.289969 0.271323 0.276484  0.27622 0.279782  0.26769
0.282591 0.250807 0.247976 0.232514 0.218882 0.227639  0.21336 0.203163 0.185853        0 0.179355 0.212506 0.223294 0.235907 0.250485 0.269162 0.274695 0.291671 0.308414 0.296303 0.280165 0.318809  0.32097 0.301366 0.306533 0.328922 0.324263  0.30891 0.297111  0.31004 0.310059   0.2867 0.294204 0.283221 0.272555 0.273468
0.277776 0.275326 0.253225 0.252063 0.233522 0.223655 0.216505 0.198265 0.203856 0.179355        0 0.198016 0.205453 0.215427 0.237927 0.258219 0.255073 0.257852 0.278692 0.277897 0.283972 0.301927 0.302865 0.299965  0.30112 0.309001 0.306439 0.294618 0.290366 0.289455 0.293011 0.287624  0.27791 0.275118 0.268547 0.272881
0.294764  0.28398 0.282586 0.276293 0.258235 0.256101 0.243601 0.219322 0.226015 0.212506 0.198016        0 0.177691 0.195835 0.221897 0.247847 0.258136 0.271016 0.284937 0.293828 0.291471 0.313904 0.322797 0.307239 0.294837 0.316307 0.309516 0.302261 0.291268  0.28043 0.298414 0.297687 0.287436 0.288827 0.268854 0.280753
0.305696  0.31291 0.299121 0.287652 0.279099 0.267539  0.26578  0.24368  0.23654 0.223294 0.205453 0.177691        0 0.169588 0.197319 0.215327 0.227949 0.264257 0.288767 0.272457 0.280861 0.305345 0.311014 0.306222 0.305272 0.316635 0.316557 0.295312 0.307703 0.301871 0.305932 0.318734 0.303476 0.303416  0.29811  0.30544
0.314315 0.315947 0.302643 0.291895 0.287616 0.278769 0.272689 0.247715 0.255663 0.235907 0.215427 0.195835 0.169588        0  0.16958 0.207956 0.218407 0.257093 0.264216 0.264382 0.281827 0.299139 0.322033 0.316018 0.311308 0.327927  0.30759 0.311934 0.318941 0.303918 0.315672 0.324736 0.314428 0.307367 0.301966 0.309999
0.318226 0.323778 0.308991 0.308138 0.302514 0.295782 0.282708 0.260781 0.265483 0.250485 0.237927 0.221897 0.197319  0.16958        0  0.18794 0.218432 0.247126 0.249993 0.254768 0.268173 0.283703 0.300043 0.299423 0.294305 0.319641 0.315724 0.311611 0.319666 0.315569 0.306188 0.318685 0.324725  0.31708 0.318666 0.320126
0.331877 0.321071  0.30692 0.320192 0.313339 0.292002  0.29239 0.299949 0.281543 0.269162 0.258219 0.247847 0.215327 0.207956  0.18794        0 0.186437  0.22887 0.241496 0.263249 0.269584 0.297437 0.314005 0.296076 0.316158 0.340911 0.317677 0.315041 0.325412 0.324089 0.317981 0.318086 0.311621 0.339524 0.328852 0.328177
0.330902 0.323203  0.31103 0.302067 0.289697 0.296224 0.297704 0.270922 0.279208 0.274695 0.255073 0.258136 0.227949 0.218407 0.218432 0.186437        0 0.177449 0.201507 0.209564 0.235186 0.263511 0.280099 0.294564 0.296873 0.317782 0.313372 0.303086 0.317749 0.323466 0.321699 0.313709 0.296025 0.305247 0.308296 0.316268
0.337728 0.319693   0.3227 0.322285 0.312463 0.299285 0.293493 0.298706 0.295539 0.291671 0.257852 0.271016 0.264257 0.257093 0.247126  0.22887 0.177449        0 0.168437 0.198061 0.216347  0.23432 0.252826 0.281024 0.300736 0.295158 0.323355 0.309161 0.317019 0.330233 0.323709 0.332023 0.313923 0.309656 0.321753 0.313968
0.335085 0.329529 0.327578 0.314611 0.307709 0.314064 0.322768 0.303355 0.296998 0.308414 0.278692 0.284937 0.288767 0.264216 0.249993 0.241496 0.201507 0.168437        0 0.165476 0.206048 0.230615 0.249021 0.271077 0.290775 0.305556   0.2899  0.30077 0.304988 0.304378 0.309061  0.32248 0.307877 0.303282   0.3157 0.323562
0.310449 0.314437 0.320215 0.312902 0.303578 0.300243 0.300096  0.27674 0.290531 0.296303 0.277897 0.293828 0.272457 0.264382 0.254768 0.263249 0.209564 0.198061 0.165476        0 0.175075  0.21145 0.238756 0.251799  0.25801 0.282172 0.282868 0.286968 0.296648 0.301711 0.301516 0.315855 0.313279 0.309791 0.306213 0.301236
0.311746 0.313817 0.301636 0.307837 0.313715 0.305103 0.297468 0.296928 0.299059 0.280165 0.283972 0.291471 0.280861 0.281827 0.268173 0.269584 0.235186 0.216347 0.206048 0.175075        0 0.184001 0.206711 0.232319  0.26314 0.264234 0.307574 0.286474 0.300689 0.293388 0.302736 0.325883 0.308931 0.311782 0.312871 0.299952
0.331133 0.319009 0.323457 0.317801 0.321772 0.335175 0.317992 0.317489 0.318095 0.318809 0.301927 0.313904 0.305345 0.299139 0.283703 0.297437 0.263511  0.23432 0.230615  0.21145 0.184001        0 0.179358 0.225777 0.240131 0.252979 0.301423 0.285327 0.301399  0.30126 0.307121 0.325148 0.320494 0.320061 0.323992 0.323136
0.318059 0.310747 0.315351 0.323033 0.317053 0.335805 0.319283 0.326369 0.340806  0.32097 0.302865 0.322797 0.311014 0.322033 0.300043 0.314005 0.280099 0.252826 0.249021 0.238756 0.206711 0.179358        0 0.195202 0.216577 0.236136 0.290206 0.287633 0.293401 0.304969 0.285366  0.31271 0.306201 0.300702  0.28761 0.297897
0.308543 0.297693 0.313065 0.303163 0.319081 0.319474 0.314376 0.314806 0.328386 0.301366 0.299965 0.307239 0.306222 0.316018 0.299423 0.296076 0.294564 0.281024 0.271077 0.251799 0.232319 0.225777 0.195202        0  0.19442 0.224526 0.248246 0.253624 0.278436 0.290526 0.294661 0.303025 0.288364 0.302837 0.291904 0.294712
0.303201 0.306537 0.320659 0.292639 0.307307 0.318932 0.291137 0.302968 0.300754 0.306533  0.30112 0.294837 0.305272 0.311308 0.294305 0.316158 0.296873 0.300736 0.290775  0.25801  0.26314 0.240131 0.216577  0.19442        0 0.198491  0.24097 0.239667 0.259831 0.269802 0.275863 0.292969 0.287266  0.28945  0.28444   0.2727
0.306777 0.315055 0.314371 0.298025 0.313326 0.311662 0.297413 0.333565 0.325162 0.328922 0.309001 0.316307 0.316635 0.327927 0.319641 0.340911 0.317782 0.295158 0.305556 0.282172 0.264234 0.252979 0.236136 0.224526 0.198491        0 0.230789 0.231211 0.247663 0.277398 0.297503 0.300143 0.304115 0.305106 0.306268 0.301068
0.308827 0.311855 0.299421 0.301698 0.318417 0.306371 0.328934 0.325373 0.329305 0.324263 0.306439 0.309516 0.316557  0.30759 0.315724 0.317677 0.313372 0.323355   0.2899 0.282868 0.307574 0.301423 0.290206 0.248246  0.24097 0.230789        0 0.219694  0.23344 0.278241 0.267801 0.293278  0.27927 0.295032  0.28213 0.294866
0.261112 0.287885 0.276262 0.280042 0.294642 0.282667 0.283859 0.294467 0.323943  0.30891 0.294618 0.302261 0.295312 0.311934 0.311611 0.315041 0.303086 0.309161  0.30077 0.286968 0.286474 0.285327 0.287633 0.253624 0.239667 0.231211 0.219694        0 0.190451 0.225486 0.244374 0.259486 0.248508 0.265658 0.251613 0.244431
0.265444  0.28429 0.286633 0.291998 0.284947 0.273778 0.287444  0.29555 0.297111 0.297111 0.290366 0.291268 0.307703 0.318941 0.319666 0.325412 0.317749 0.317019 0.304988 0.296648 0.300689 0.301399 0.293401 0.278436 0.259831 0.247663  0.23344 0.190451        0 0.185119 0.206927 0.233852 0.249468 0.260662 0.247269  0.24111
0.250733 0.273586  0.27778 0.280129 0.283845 0.282693 0.296798 0.279183 0.289779  0.31004 0.289455  0.28043 0.301871 0.303918 0.315569 0.324089 0.323466 0.330233 0.304378 0.301711 0.293388  0.30126 0.304969 0.290526 0.269802 0.277398 0.278241 0.225486 0.185119        0 0.181158 0.215514  0.23706 0.229011 0.228272 0.219953
0.241685 0.262414 0.255813 0.268271 0.280437 0.274404 0.282426 0.270024 0.289969 0.310059 0.293011 0.298414 0.305932 0.315672 0.306188 0.317981 0.321699 0.323709 0.309061 0.301516 0.302736 0.307121 0.285366 0.294661 0.275863 0.297503 0.267801 0.244374 0.206927 0.181158        0 0.169954 0.210125 0.223328 0.215835 0.231282
0.239007 0.241152 0.258926 0.264884 0.275133  0.28265 0.297656 0.285626 0.271323   0.2867 0.287624 0.297687 0.318734 0.324736 0.318685 0.318086 0.313709 0.332023  0.32248 0.315855 0.325883 0.325148  0.31271 0.303025 0.292969 0.300143 0.293278 0.259486 0.233852 0.215514 0.169954        0 0.172852 0.202519 0.198604 0.207732
0.214091 0.228382 0.249312 0.249557 0.255687 0.262321 0.268863 0.262844 0.276484 0.294204  0.27791 0.287436 0.303476 0.314428 0.324725 0.311621 0.296025 0.313923 0.307877 0.313279 0.308931 0.320494 0.306201 0.288364 0.287266 0.304115  0.27927 0.248508 0.249468  0.23706 0.210125 0.172852        0 0.177621 0.185502 0.184523
 0.20061 0.212379 0.219726 0.232967 0.227453 0.239217 0.273994 0.266565  0.27622 0.283221 0.275118 0.288827 0.303416 0.307367  0.31708 0.339524 0.305247 0.309656 0.303282 0.309791 0.311782 0.320061 0.300702 0.302837  0.28945 0.305106 0.295032 0.265658 0.260662 0.229011 0.223328 0.202519 0.177621        0 0.148325   0.1654
0.185056 0.197131 0.215635 0.238183  0.23283 0.231595  0.26795 0.262505 0.279782 0.272555 0.268547 0.268854  0.29811 0.301966 0.318666 0.328852 0.308296 0.321753   0.3157 0.306213 0.312871 0.323992  0.28761 0.291904  0.28444 0.306268  0.28213 0.251613 0.247269 0.228272 0.215835 0.198604 0.185502 0.148325        0 0.145554
 0.16508 0.175156 0.198574 0.215142 0.223053 0.232824 0.243906 0.259438  0.26769 0.273468 0.272881 0.280753  0.30544 0.309999 0.320126 0.328177 0.316268 0.313968 0.323562 0.301236 0.299952 0.323136 0.297897 0.294712   0.2727 0.301068 0.294866 0.244431  0.24111 0.219953 0.231282 0.207732 0.184523   0.1654 0.145554        0

meanTree = (1:0.0909854,(((2:0.0829568,3:0.0769517):0.00787834,(((4:0.0754384,5:0.0744697):0.00785655,6:0.085782):0.00240782,((7:0.0934235,(8:0.078372,9:0.0854044):0.0110573):0.0022968,((10:0.0909978,11:0.0874385):0.00627368,(12:0.0925355,((13:0.0856247,(14:0.0824689,15:0.0868324):0.00742382):0.00470205,(16:0.0978892,17:0.0874944):0.00912382):0.00517896):0.00459049):0.00239819):0.00229432):0.00228032):0.00297074,(((((18:0.0858305,19:0.0831711):0.00935545,20:0.0820921):0.00672873,(21:0.0890095,(22:0.0902243,23:0.089591):0.014779):0.00803726):0.00818594,((((24:0.0998682,(25:0.0916612,26:0.105693):0.0055556):0.00781263,27:0.119771):0.00482103,28:0.0962344):0.00279804,(29:0.0922129,30:0.0930786):0.00634805):0.00174017):0.00140619,((31:0.0851486,32:0.0858614):0.00951386,33:0.0877453):0.00290088):0.0020049):0.00207562,((34:0.0776232,35:0.0703621):0.0078643,36:0.0706903):0.00414588);
(1,((2,(3,4)),((5,6),((7,(8,9)),((10,11),(12,((13,(14,15)),(16,(17,(18,19))))))))),(((((((((((20,21),(22,23)),((24,25),26)),(27,(28,29))),30),31),32),33),34),35),36)); 0.0927879
(1,((2,3),((4,5),((6,7),((8,9),((10,11),(12,(13,(14,(15,16))))))))),((((((17,(18,(19,20))),(21,(22,23))),(((24,25),26),(27,28))),((29,30),(31,32))),33),((34,35),36))); 0.0968238
(1,(((2,3),((4,5),(6,(7,((8,9),((10,11),(12,((13,(14,15)),(16,17))))))))),((((((18,(19,20)),(21,(22,23))),(24,(25,26))),(27,28)),((29,30),(31,32))),(33,(34,35)))),36); 0.0794473
(1,(2,(3,(4,(5,(6,(7,((8,9),((10,11),(12,((13,14),(15,16))))))))))),(((((17,(18,19)),(20,21)),((((22,23),24),(25,26)),(27,28))),(((29,30),(31,32)),33)),((34,35),36))); 0.103397
(1,(((((((2,3),4),5),6),(7,(8,(9,(10,(11,(12,(13,(14,15))))))))),((((16,17),(18,19)),(20,21)),((((((22,23),24),25),26),27),(28,29)))),((30,(31,32)),33)),(34,(35,36))); 0.0999014
(1,(((((2,3),(4,5)),((6,7),((8,9),(10,(11,(12,((13,14),((15,16),17)))))))),((((18,19),20),(21,(22,23))),((((24,25),26),27),(28,29)))),((30,(31,32)),33)),((34,35),36)); 0.0916017
(1,((2,3),((4,(5,6)),((7,(8,9)),((10,11),(12,((((13,14),15),(16,17)),(((18,19),20),(21,(22,23))))))))),((((((24,25),(26,27)),((28,29),30)),(31,32)),33),((34,35),36))); 0.0875788
(1,((2,3),(((4,5),6),((7,((8,9),(10,11))),((12,((13,14),(15,16))),(17,((18,19),(20,21))))))),((((((((((22,23),24),(25,26)),27),28),(29,30)),(31,32)),33),(34,35)),36)); 0.090419
(1,(2,3),((((((((4,(5,6)),((7,(8,9)),((10,11),(12,((13,14),(15,16)))))),((((17,(18,19)),20),(21,(22,23))),((((24,25),26),27),28))),((29,30),31)),(32,33)),34),35),36)); 0.0989532
(1,(2,(3,((4,5),(6,(7,((8,9),(10,(11,(12,((13,(14,15)),(16,17))))))))))),((((((((((18,19),20),21),(22,23)),((24,25),26)),(27,28)),(29,(30,31))),(32,33)),(34,35)),36)); 0.0759481
(1,(((2,3),((4,5),(6,(7,((8,9),(10,(11,(12,(((13,(14,15)),(16,17)),(((18,19),20),(21,(22,23)))))))))))),((((24,(25,26)),27),(28,29)),((30,31),(32,33)))),((34,35),36)); 0.0893971
(1,((2,3),(((4,5),6),(7,((8,9),((10,11),(12,(13,(14,15)))))))),((((((((16,17),((18,19),20)),(21,(22,23))),(((((24,25),26),27),28),(29,30))),(31,32)),33),(34,35)),36)); 0.0910587
(1,((2,3),((4,5),((6,7),((8,9),((10,11),(12,(((13,14),15),(16,17)))))))),(((((((((18,19),20),(21,(22,23))),(24,(25,26))),(27,(28,29))),(30,31)),(32,33)),(34,35)),36)); 0.0879716
(1,(2,(((3,4),5),(6,((7,(8,9)),((10,11),((12,(13,(14,15))),(((16,17),(((18,19),20),21)),((((((22,23),(24,25)),26),27),(28,29)),(30,(31,32)))))))))),(33,((34,35),36))); 0.0966901
(1,(2,(3,((4,(5,6)),((7,8),((9,10),(11,(12,((13,14),(15,16))))))))),((((((((17,(18,19)),(20,21)),((((22,23),24),(25,26)),27)),((28,29),30)),(31,32)),33),(34,35)),36)); 0.0982807
(1,(((((2,3),(4,5)),6),(7,((8,9),(10,(11,(12,(((13,14),(15,16)),(17,((18,19),(20,21)))))))))),(((((22,23),24),(25,26)),(27,28)),(29,30))),(((31,32),33),((34,35),36))); 0.08718
(1,((2,3),((((4,5),6),(7,(8,9))),(((10,11),(12,(13,(14,15)))),((16,17),((18,19),(20,21)))))),(((((((((((22,23),24),(25,26)),(27,28)),29),30),31),32),33),(34,35)),36)); 0.0883064
(1,((2,3),(((4,5),(6,7)),((8,9),((10,11),((12,((13,14),(15,16))),((17,18),((19,20),21))))))),(((((((((22,23),24),(25,26)),27),((28,29),30)),(31,32)),33),(34,35)),36)); 0.0967133
(1,((((2,3),(4,5)),(6,((7,(8,9)),(10,(11,(12,((13,(14,15)),(16,17)))))))),((((((18,19),20),21),(22,23)),(24,(25,26))),(((27,28),29),(30,(31,32))))),(33,(34,(35,36)))); 0.0907192
(1,((2,3),((((4,5),(6,7)),((8,9),(10,(11,(12,(13,((14,15),16))))))),(((17,18),((19,20),21)),((((((22,23),24),(25,26)),27),(28,29)),(30,31))))),((32,33),((34,35),36))); 0.100692
(1,((2,3),((4,5),(6,((7,(8,9)),(10,(11,(12,(13,(14,15))))))))),((((((((16,17),(18,(19,20))),((21,((22,23),24)),(25,26))),(27,(28,29))),(30,(31,32))),33),(34,35)),36)); 0.0952762
(1,((2,(3,((4,5),((6,7),((8,9),((10,11),(12,(13,(14,15))))))))),(((((((16,17),((18,19),20)),(21,(22,23))),((24,25),(26,27))),((28,29),(30,31))),(32,33)),(34,35))),36); 0.0908742
(1,((2,3),(4,((5,6),((7,(8,9)),((10,11),(12,((13,(14,15)),(16,17)))))))),(((((((18,19),20),21),(((22,23),24),(25,26))),(27,(28,29))),(30,(31,32))),(((33,34),35),36))); 0.0868378
(1,((2,3),(((4,5),6),((7,(8,9)),((10,11),(12,((13,(14,15)),(16,17))))))),(((((((((((((18,19),20),(21,22)),(((23,24),25),26)),27),28),29),30),31),32),33),(34,35)),36)); 0.0908211
(1,(2,(3,((4,5),(6,(7,((8,9),((10,11),12))))))),((((((((13,14),15),(16,17)),(((18,19),20),(21,(22,23)))),(((24,(25,26)),27),(28,29))),(30,(31,32))),33),((34,35),36))); 0.0947778
(1,(2,(3,((4,5),(6,(7,((8,9),((10,11),((12,13),((14,15),(16,17)))))))))),((((((((18,19),(20,21)),(22,23)),(24,(25,26))),(27,28)),(29,30)),((31,32),33)),((34,35),36))); 0.08236
(1,((2,3),((4,(5,6)),((7,((8,9),(10,11))),(12,((13,(14,15)),(16,(17,18))))))),(((((((((((19,20),21),(22,(23,24))),(25,26)),27),28),(29,30)),(31,32)),33),(34,35)),36)); 0.103529
(1,(2,(3,((4,5),(6,(7,(8,(9,(10,((11,12),((((13,14),(15,16)),((17,18),((19,20),21))),((((((22,23),24),(25,26)),27),28),(((29,30),31),32)))))))))))),((33,34),(35,36))); 0.108333
(1,((2,3),(((((4,5),6),((7,(8,9)),(10,(11,12)))),(((13,(14,15)),(16,17)),(((18,19),20),(21,22)))),((((((23,24),25),26),27),(28,29)),((30,31),(32,33))))),((34,35),36)); 0.107163
(1,(2,(3,((4,5),(6,(7,((8,9),(10,(11,(12,((13,14),(15,16))))))))))),(((((((17,((18,19),20)),(21,(22,23))),((((24,25),26),27),(28,29))),((30,31),32)),33),(34,35)),36)); 0.100838
(1,((2,3),((((4,5),6),(7,((8,9),(10,(11,(12,(13,(14,(15,16))))))))),((((17,18),(19,20)),(21,(22,23))),(((((24,25),26),27),(28,29)),((30,31),(32,33)))))),((34,35),36)); 0.0904703
(1,((2,3),((4,5),(6,(7,((8,9),(10,(11,((12,(13,((14,15),16))),(((17,(18,(19,20))),((21,22),23)),(((((24,25),26),27),28),((29,30),(31,32)))))))))))),((33,(34,35)),36)); 0.0910021
(1,(2,(3,(4,(5,((6,7),(((8,9),(10,11)),((12,(13,((14,15),16))),((17,(18,19)),(20,(21,(22,23))))))))))),(((((((((24,25),26),27),28),29),((30,31),32)),33),(34,35)),36)); 0.088977
(1,(2,(3,(4,(5,6)))),((((((7,((8,9),(10,11))),(((12,13),((14,15),16)),(((17,18),(19,20)),(21,(22,23))))),(((((24,25),26),27),28),(29,30))),((31,32),33)),(34,35)),36)); 0.0931301
(1,(((2,3),((4,5),(6,(7,((8,9),(10,(11,((12,(13,(14,15))),(((16,17),((18,19),20)),(((21,22),23),((24,25),26))))))))))),(((27,28),(29,30)),((31,32),33))),((34,35),36)); 0.093111
(1,((2,(3,((4,5),6))),(((7,(8,9)),10),((11,(12,(13,(14,15)))),((16,17),((18,19),(20,(21,22))))))),(((((((23,24),(25,26)),(27,28)),(29,30)),((31,32),33)),(34,35)),36)); 0.0854613
(1,((2,3),((4,5),(6,(7,((8,9),(10,(11,((12,((13,(14,15)),(16,(17,18)))),(((((((19,20),21),(22,23)),24),(25,26)),27),(28,29)))))))))),((((30,31),32),33),((34,35),36))); 0.106459
(1,(2,(3,(4,(5,(6,((7,(8,9)),((10,11),(12,((13,14),((15,16),17)))))))))),(((((18,(19,20)),(21,(22,23))),((((24,25),26),27),(28,(29,30)))),((31,32),33)),((34,35),36))); 0.0902853
(1,(2,(((3,4),5),(6,(7,((8,9),((10,11),(12,((13,14),(15,16))))))))),((((((((17,(18,19)),20),((21,22),(23,24))),((25,26),27)),(((28,29),30),(31,32))),33),(34,35)),36)); 0.108763
(1,(((((((((((2,3),4),5),6),7),(8,9)),(10,11)),12),(((13,(14,15)),(16,17)),(((18,19),20),(21,(22,23))))),(((24,(25,26)),27),(28,29))),((30,31),((32,33),(34,35)))),36); 0.0953582
(1,(2,(3,(4,(5,6)))),((((((7,((8,9),(10,(11,((12,(13,14)),(15,16)))))),((((17,18),(19,20)),(21,(22,23))),(24,(25,26)))),(((27,(28,29)),30),(31,32))),33),(34,35)),36)); 0.10687
(1,((2,3),((4,5),(6,(7,((8,9),(10,(11,(12,((((13,14),(15,16)),((17,18),((19,20),(21,(22,23))))),(((((24,25),26),27),(28,29)),(30,(31,32)))))))))))),((33,34),(35,36))); 0.09572
(1,(2,(3,(((4,5),6),(7,((8,9),((10,11),((12,(13,((14,15),16))),(17,((18,19),20))))))))),((((((((21,22),23),24),((25,26),27)),((28,29),30)),((31,32),33)),(34,35)),36)); 0.0994421
(1,(2,(((3,4),(5,6)),((7,(8,9)),(((10,11),(12,13)),((((14,15),16),(17,18)),((19,20),(21,22))))))),(((((((((23,24),(25,26)),27),28),(29,30)),(31,32)),33),(34,35)),36)); 0.102739
(1,((2,3),(4,(5,(6,(7,((8,9),((10,11),((12,(13,((14,15),16))),(((17,(18,19)),(20,(21,(22,23)))),((((24,25),26),27),(28,29))))))))))),(((30,31),(32,33)),(34,(35,36)))); 0.0891051
(1,(2,(3,(4,(5,(6,(7,((8,9),((10,11),(((12,13),((14,15),(16,17))),(((18,19),20),(21,(22,23)))))))))))),((((((24,25),26),27),(28,29)),(30,(31,32))),((33,34),(35,36)))); 0.0864075
(1,(((2,3),((4,5),(6,((7,8),((9,10),(11,((12,(13,(14,(15,16)))),((17,((18,19),20)),(21,(22,23)))))))))),(((((24,25),26),27),28),((29,30),(31,32)))),(33,((34,35),36))); 0.0924773
(1,(2,((3,(4,(5,6))),((7,(8,9)),(((10,11),(12,(13,(14,15)))),((16,17),(((18,19),20),(21,(22,23)))))))),((((((((24,(25,26)),27),(28,29)),30),(31,32)),33),(34,35)),36)); 0.094717
(1,((2,3),(((4,5),(6,7)),((8,9),(((10,11),(12,(13,(14,15)))),((16,17),(18,19)))))),(((((((20,21),(22,23)),24),(25,26)),((27,28),29)),((30,31),32)),(33,((34,35),36)))); 0.103727
(1,(2,(3,(4,((5,6),((7,(8,9)),((10,11),(12,((13,(14,15)),((16,17),(18,(19,20))))))))))),((((((((21,22),23),24),(25,26)),(27,(28,29))),(30,(31,32))),(33,(34,35))),36)); 0.0906064
(1,((((2,3),4),(5,(6,(7,((8,9),(10,(11,((12,13),(((14,15),16),(17,(18,(19,20)))))))))))),((((21,(22,23)),(24,(25,26))),(27,(28,29))),(((30,31),32),33))),((34,35),36)); 0.0921222
(1,(2,(3,((4,5),((6,7),((8,9),((10,11),((12,13),((14,15),(16,17))))))))),(((((((((18,19),20),(21,(22,23))),(((24,25),26),27)),((28,29),30)),(31,32)),33),(34,35)),36)); 0.0896648
(1,(((((((2,3),4),5),(6,7)),((8,9),(10,(11,(12,(13,(14,(15,16)))))))),((((17,18),(19,20)),(21,(22,23))),(((24,25),26),(27,28)))),(((29,30),31),(32,33))),((34,35),36)); 0.0997918
(1,(((2,3),((((4,5),6),((7,(8,9)),(10,(11,(12,(13,((14,15),(16,17)))))))),((((18,19),20),(21,(22,23))),(((24,(25,26)),27),(28,29))))),((((30,31),32),33),(34,35))),36); 0.0919555
(1,(((2,3),(4,(5,(6,(7,(8,(9,((10,11),(12,(((13,14),(15,(16,17))),((18,19),(20,21)))))))))))),((((((22,23),24),(25,26)),((27,28),29)),30),((31,32),33))),((34,35),36)); 0.0993709
(1,((2,3),((4,5),(6,(7,((8,9),((10,11),((12,(13,((14,15),(16,17)))),(((18,(19,20)),(21,(22,23))),(((24,(25,26)),27),28))))))))),((((29,30),(31,32)),33),((34,35),36))); 0.0876369
(1,(2,(3,(((4,5),6),((7,(8,9)),((10,11),(12,((13,14),(15,16)))))))),(((((((((17,(18,19)),(20,21)),(((22,23),24),(25,26))),((27,28),29)),((30,31),32)),33),34),35),36)); 0.0954127
(1,((2,(3,4)),(((5,6),((7,(8,9)),((10,11),12))),((((13,(14,15)),16),(((17,(18,19)),20),(21,(22,23)))),((24,25),((26,27),28))))),(((((29,30),(31,32)),33),(34,35)),36)); 0.0925415
(1,(((((2,3),4),5),((6,7),((8,9),(10,(11,((12,13),(((14,15),(16,17)),((18,19),(20,21))))))))),(((((((22,23),24),(25,26)),27),28),(29,30)),((31,32),33))),((34,35),36)); 0.0948845
(1,(2,((3,4),((5,6),(7,((8,9),((10,11),(12,(13,(14,15))))))))),(((((((16,17),((18,19),(20,21))),(((22,23),24),(25,26))),((27,28),(29,30))),(31,(32,33))),(34,35)),36)); 0.0939056
(1,((((((((2,3),4),(5,6)),(7,(8,9))),((10,11),(12,((13,14),(15,16))))),((((17,(18,19)),(20,21)),(((22,23),24),(25,26))),(27,28))),(((29,30),31),32)),(33,(34,35))),36); 0.0984372
(1,2,((3,((4,5),(6,(7,((8,9),((10,11),((12,(13,((14,15),16))),((((17,18),(19,20)),(21,(22,23))),((((24,25),26),27),(28,29)))))))))),(((30,(31,32)),33),(34,(35,36))))); 0.0888642
(1,((2,3),(((4,5),(6,(7,((8,9),((10,11),((12,((13,14),15)),(((16,17),(18,19)),(20,21)))))))),((((((22,23),24),(25,26)),27),(28,29)),((30,31),(32,33))))),(34,(35,36))); 0.0960324
(1,((2,3),(((4,(5,6)),((7,(8,9)),((10,11),(12,((13,(14,15)),(16,17)))))),((((18,19),20),(21,(22,23))),(((24,25),26),(27,28))))),((((29,30),(31,32)),33),((34,35),36))); 0.0970584
(1,((2,3),(4,((5,6),((7,(8,9)),((10,(11,(12,(13,((14,15),16))))),((((17,18),(19,20)),(21,(22,23))),(((((24,25),26),27),28),((29,30),31)))))))),((32,33),((34,35),36))); 0.091793
(1,(((((((((((((2,3),(4,5)),6),7),8),9),10),11),(12,((13,14),(15,16)))),(((17,18),(19,20)),(21,(22,23)))),((((24,25),26),27),(28,29))),((30,31),(32,33))),(34,35)),36); 0.106783
(1,(((((2,3),4),5),(6,(7,((8,9),(10,(11,(12,((13,14),(15,(16,17)))))))))),((((((18,19),20),(21,(22,23))),(24,(25,26))),(27,(28,29))),(30,(31,32)))),(33,((34,35),36))); 0.0814561
(1,(2,((3,4),((5,6),((7,(8,(9,10))),(11,((12,13),((14,15),16))))))),((((((((17,(18,19)),(20,21)),(((22,23),24),(25,26))),(27,(28,29))),(30,(31,32))),33),(34,35)),36)); 0.100665
