Pi: 0.241571 0.257202 0.187143 0.314085
S:  0.362401  0.158767   0.11114 0.0374763  0.305708 0.0245074
