
Alignment summary:
Cassowary: -=63 A=2729 C=2847 G=1916 R=1647 T=2973 Y=2015
Emu: -=6 A=2724 C=2859 G=1940 R=1640 T=2999 Y=2022
EasternMoa: -=15 A=2703 C=2870 G=1952 R=1625 T=2989 Y=2036
lbmoa: -=62 A=2670 C=2858 G=1959 R=1585 T=2979 Y=2077
Dinornis: -=52 A=2691 C=2841 G=1951 R=1597 T=2993 Y=2065
gskiwi: -=37 A=2714 C=2876 G=1917 R=1609 T=2985 Y=2052
BrownKiwi: -=21 A=2721 C=2851 G=1939 R=1602 T=2997 Y=2059
LSKiwi: -=23 A=2744 C=2870 G=1933 R=1601 T=2960 Y=2059
GreatRhea: -=23 A=2724 C=2852 G=1941 N=1 R=1608 T=2990 Y=2051
LesserRhea: -=40 A=2725 C=2873 G=1920 R=1588 T=2985 Y=2059
Ostrich: -=79 A=2725 C=2856 G=1914 N=1 R=1606 T=2971 Y=2038
BrushTurkey: -=79 A=2740 C=2861 G=1899 R=1612 T=2967 Y=2032
Chicken: -=62 A=2740 C=2896 G=1929 R=1578 T=2961 Y=2024
magpiegoose: -=65 A=2716 C=2903 G=1939 R=1574 T=2966 Y=2027
duck: -=62 A=2691 C=2865 G=1919 R=1603 T=2997 Y=2053
oystercatcher: -=22 A=2741 C=2878 G=1914 R=1614 T=2973 Y=2048
turnstone: -=2 A=2727 C=2852 G=1949 R=1592 T=2998 Y=2070
LBPenguin: -=1 A=2693 C=2870 G=1961 R=1611 T=3003 Y=2051
GaviaStellata: -=7 A=2743 C=2862 G=1944 R=1598 T=2973 Y=2063
Alligator: -=9 A=2715 C=2899 G=1952 R=1583 T=2953 Y=2079
Caiman: -=22 A=2744 C=2849 G=1927 R=1610 T=2987 Y=2051
Gtinamou: -=20 A=2722 C=2872 G=1963 R=1614 T=2954 Y=2045
ECtinamou: -=51 A=2680 C=2871 G=1943 R=1602 T=2985 Y=2058
Crypturellus: -=67 A=2727 C=2863 G=1922 R=1628 T=2950 Y=2033

Seed = 2454740592
Jukes-Cantor Distance Matrix:

        0 0.0808816  0.105771  0.109625  0.119906  0.120845  0.123009  0.116284  0.117514  0.121946  0.122983  0.124217  0.127183  0.128229   0.12756  0.124616  0.125712  0.123893  0.118675  0.123771  0.116897   0.11083  0.101961 0.0805258
0.0808816         0 0.0792213  0.100845  0.113967   0.11734  0.117035  0.115157  0.113826  0.116761  0.114419  0.121118  0.127896  0.128261  0.128162  0.122646  0.124634  0.117695  0.118312  0.120356  0.119611  0.112893  0.108726  0.103078
 0.105771 0.0792213         0   0.07935  0.107524   0.11621  0.119027  0.116475  0.116141  0.117861  0.115071  0.117405  0.122606  0.129045  0.131225  0.127138  0.125524   0.12058  0.117964  0.122695  0.121949  0.119102  0.113915  0.112112
 0.109625  0.100845   0.07935         0 0.0828575  0.108322  0.114139  0.113148  0.116495  0.118111  0.115421  0.120132  0.124796  0.128556    0.1312  0.126188   0.12683   0.12467  0.123043  0.123194  0.124703  0.119695  0.114929  0.112447
 0.119906  0.113967  0.107524 0.0828575         0 0.0852188  0.103188  0.112809  0.113019  0.115529  0.115301  0.118768   0.12444  0.128082  0.131519  0.126962  0.125681  0.128835  0.126638  0.126903   0.12831  0.125877  0.119969  0.117368
 0.120845   0.11734   0.11621  0.108322 0.0852188         0 0.0843829  0.106103  0.112068  0.119012  0.113547  0.117673  0.124122  0.128548  0.131185  0.127883  0.127617  0.127716  0.124398  0.128615  0.128889  0.127363  0.120557  0.119532
 0.123009  0.117035  0.119027  0.114139  0.103188 0.0843829         0 0.0832061  0.102642  0.110922  0.108564  0.114796  0.120555  0.125966  0.127442  0.127557  0.128647  0.127617  0.121836  0.128288  0.127091   0.12591   0.12002   0.12022
 0.116284  0.115157  0.116475  0.113148  0.112809  0.106103 0.0832061         0 0.0804503 0.0984401 0.0994277  0.107888  0.119116  0.122159  0.121581  0.119138  0.122807  0.123804  0.120058  0.122447  0.125187  0.119524  0.115223  0.115761
 0.117514  0.113826  0.116141  0.116495  0.113019  0.112068  0.102642 0.0804503         0 0.0759292 0.0985944  0.109546  0.118112  0.123281  0.121694  0.119586  0.120456   0.11955  0.117269  0.123232   0.12654  0.125022  0.117456  0.118223
 0.121946  0.116761  0.117861  0.118111  0.115529  0.119012  0.110922 0.0984401 0.0759292         0  0.076137 0.0988431  0.113382  0.116403  0.119608  0.118964  0.119165  0.120269  0.118098  0.125308  0.127949  0.123161  0.119185  0.121533
 0.122983  0.114419  0.115071  0.115421  0.115301  0.113547  0.108564 0.0994277 0.0985944  0.076137         0 0.0737663 0.0979674  0.107083  0.112553  0.113159  0.114928  0.115028  0.114642  0.119596  0.119745  0.118237  0.112806  0.120646
 0.124217  0.121118  0.117405  0.120132  0.118768  0.117673  0.114796  0.107888  0.109546 0.0988431 0.0737663         0  0.079246 0.0986311  0.110313   0.10904  0.115251  0.114459  0.114741   0.12228  0.119733  0.119795  0.116149  0.120069
 0.127183  0.127896  0.122606  0.124796   0.12444  0.124122  0.120555  0.119116  0.118112  0.113382 0.0979674  0.079246         0 0.0783712  0.106555  0.113569  0.120108  0.118203  0.115708  0.120865  0.122807  0.122196  0.120581  0.125864
 0.128229  0.128261  0.129045  0.128556  0.128082  0.128548  0.125966  0.122159  0.123281  0.116403  0.107083 0.0986311 0.0783712         0  0.082939  0.108293  0.116239  0.115562  0.118399  0.122344  0.126092  0.124128  0.121615  0.125778
  0.12756  0.128162  0.131225    0.1312  0.131519  0.131185  0.127442  0.121581  0.121694  0.119608  0.112553  0.110313  0.106555  0.082939         0 0.0838387  0.106775  0.114623  0.116242  0.121655  0.125077  0.124912   0.12465    0.1276
 0.124616  0.122646  0.127138  0.126188  0.126962  0.127883  0.127557  0.119138  0.119586  0.118964  0.113159   0.10904  0.113569  0.108293 0.0838387         0   0.08063  0.103983  0.113283  0.118767  0.120817  0.119089  0.121393  0.123751
 0.125712  0.124634  0.125524   0.12683  0.125681  0.127617  0.128647  0.122807  0.120456  0.119165  0.114928  0.115251  0.120108  0.116239  0.106775   0.08063         0 0.0845881  0.109302  0.117521  0.122582  0.121524  0.120917  0.124622
 0.123893  0.117695   0.12058   0.12467  0.128835  0.127716  0.127617  0.123804   0.11955  0.120269  0.115028  0.114459  0.118203  0.115562  0.114623  0.103983 0.0845881         0 0.0812335  0.104719  0.117543  0.120952  0.121914  0.121118
 0.118675  0.118312  0.117964  0.123043  0.126638  0.124398  0.121836  0.120058  0.117269  0.118098  0.114642  0.114741  0.115708  0.118399  0.116242  0.113283  0.109302 0.0812335         0 0.0806387  0.105339  0.115887  0.112477  0.115135
 0.123771  0.120356  0.122695  0.123194  0.126903  0.128615  0.128288  0.122447  0.123232  0.125308  0.119596   0.12228  0.120865  0.122344  0.121655  0.118767  0.117521  0.104719 0.0806387         0   0.08331  0.109725  0.113955  0.116734
 0.116897  0.119611  0.121949  0.124703   0.12831  0.128889  0.127091  0.125187   0.12654  0.127949  0.119745  0.119733  0.122807  0.126092  0.125077  0.120817  0.122582  0.117543  0.105339   0.08331         0 0.0834808  0.104484  0.114732
  0.11083  0.112893  0.119102  0.119695  0.125877  0.127363   0.12591  0.119524  0.125022  0.123161  0.118237  0.119795  0.122196  0.124128  0.124912  0.119089  0.121524  0.120952  0.115887  0.109725 0.0834808         0 0.0815044  0.103634
 0.101961  0.108726  0.113915  0.114929  0.119969  0.120557   0.12002  0.115223  0.117456  0.119185  0.112806  0.116149  0.120581  0.121615   0.12465  0.121393  0.120917  0.121914  0.112477  0.113955  0.104484 0.0815044         0 0.0813742
0.0805258  0.103078  0.112112  0.112447  0.117368  0.119532   0.12022  0.115761  0.118223  0.121533  0.120646  0.120069  0.125864  0.125778    0.1276  0.123751  0.124622  0.121118  0.115135  0.116734  0.114732  0.103634 0.0813742         0


JC Tree topology:
(1,((2,(3,4)),((((5,6),(7,8)),((9,10),(11,12))),(((((13,14),15),(16,17)),(18,19)),((20,21),(22,23))))),24);

Putting MLE Branch Lengths
p: 0.258951
 0.27302
0.184317
0.283712
s:  0.156725
 0.226076
  0.11542
 0.046115
 0.412473
0.0431917
Q: -0.961997  0.302614  0.436522  0.222861
 0.287021  -1.12686 0.0844534  0.755388
 0.613281  0.125097 -0.855545  0.117167
 0.203411  0.726922 0.0761189  -1.00645
((((22:0.0637433,23:0.0673084):0.0323766,(21:0.0602780,20:0.0662506):0.0328955):0.0155505,((((13:0.0672023,14:0.0476963):0.0313273,15:0.0685117):0.0242115,(16:0.0580440,17:0.0686613):0.0289701):0.0146151,(18:0.0583920,19:0.0639732):0.0348953):0.0142584):0.0160158,(((5:0.0709325,6:0.0598594):0.0349649,(8:0.0669632,7:0.0614150):0.0269278):0.0173596,((10:0.0530869,9:0.0667161):0.0293368,(12:0.0654537,11:0.0508241):0.0298509):0.0198246):0.0183793,((1:0.0613680,24:0.0666017):0.0351796,((3:0.0573144,4:0.0755736):0.0282132,2:0.0722653):0.0196812):0.0178554);
stationary acceptance: 0.296566
symmetric acceptance: 0.33066
branch length acceptance: 0.666129
avgP: 0.241703 0.256221 0.187508 0.314569
sP: 5.96476e-06 1.58013e-05  1.3344e-05 1.14691e-05
avgS:  0.361685  0.160148  0.112602 0.0365849  0.304506 0.0244736
sS: 0.000119426 1.27377e-05 6.00068e-05   7.811e-06 1.82337e-05 2.71661e-06
0.241703 0.256221 0.187508 0.314569
 0.361685  0.160148  0.112602 0.0365849  0.304506 0.0244736

 -1.31243  0.748203  0.331292  0.232935
 0.705807  -1.37142 0.0713933  0.594225
 0.427045 0.0975559 -0.589861 0.0652602
 0.178978  0.484005 0.0389002 -0.701884

GTR Distance Matrix:

        0 0.0799616  0.105211  0.109388  0.119406  0.120553  0.122935   0.11558  0.117119  0.121257  0.122389  0.123534  0.126464  0.127896  0.127415  0.124154  0.125404  0.123402  0.118232  0.123515  0.116747  0.110374   0.10124 0.0794377
0.0799616         0 0.0783849  0.100543  0.113739  0.117443  0.116993   0.11471  0.113645  0.116373  0.113893  0.120595  0.127304  0.128223  0.128032   0.12242   0.12441  0.117366  0.117976  0.120339  0.119915  0.112849  0.108269  0.102275
 0.105211 0.0783849         0  0.078623  0.107151  0.116138  0.118976   0.11603   0.11591  0.117315  0.114554  0.116918  0.122123  0.129049  0.131226  0.127151  0.125484  0.120448  0.117767  0.122417  0.122202   0.11914  0.113523  0.111542
 0.109388  0.100543  0.078623         0 0.0823252  0.108282  0.114256  0.113027  0.116656  0.117914  0.115088  0.119869  0.124464  0.128737  0.131584  0.126477    0.1271  0.124974   0.12329  0.123158  0.125202  0.119961  0.114783  0.112219
 0.119406  0.113739  0.107151 0.0823252         0 0.0846866   0.10312  0.112417  0.112829  0.115251  0.114814  0.118237  0.123944   0.12812  0.131712   0.12691  0.125694  0.128943  0.126613  0.126948  0.128581  0.125992  0.119701  0.116996
 0.120553  0.117443  0.116138  0.108282 0.0846866         0 0.0836104  0.105607  0.111713  0.118646  0.112981  0.117112  0.123691  0.128565  0.131345  0.127761  0.127572  0.127819  0.124663  0.129005  0.129459  0.127782  0.120612  0.119327
 0.122935  0.116993  0.118976  0.114256   0.10312 0.0836104         0 0.0824423  0.102279  0.110362  0.107966  0.114335  0.120104   0.12585  0.127547   0.12751   0.12864  0.127852  0.122025  0.128751   0.12763  0.126318  0.119887  0.119952
  0.11558   0.11471   0.11603  0.113027  0.112417  0.105607 0.0824423         0  0.079442 0.0976003 0.0984515  0.106988  0.118108  0.121633  0.121225  0.118721  0.122368  0.123451  0.119778   0.12243  0.125296  0.119512  0.114821  0.115057
 0.117119  0.113645   0.11591  0.116656  0.112829  0.111713  0.102279  0.079442         0 0.0751323 0.0978034  0.108717  0.117265  0.122845  0.121458  0.119174  0.120198  0.119412  0.117147  0.123384  0.126798  0.125164  0.117177  0.117879
 0.121257  0.116373  0.117315  0.117914  0.115251  0.118646  0.110362 0.0976003 0.0751323         0 0.0750999 0.0978857   0.11231   0.11583  0.119176  0.118444  0.118695  0.119846  0.117692  0.125132  0.127866  0.122901  0.118656  0.120922
 0.122389  0.113893  0.114554  0.115088  0.114814  0.112981  0.107966 0.0984515 0.0978034 0.0750999         0 0.0726249 0.0969064  0.106479  0.112078  0.112548  0.114353  0.114559  0.114256  0.119241  0.119689  0.118041  0.112384  0.119974
 0.123534  0.120595  0.116918  0.119869  0.118237  0.117112  0.114335  0.106988  0.108717 0.0978857 0.0726249         0 0.0780114 0.0979446   0.10975  0.108361  0.114554  0.113739  0.114152  0.121826  0.119451  0.119615  0.115696   0.11937
 0.126464  0.127304  0.122123  0.124464  0.123944  0.123691  0.120104  0.118108  0.117265   0.11231 0.0969064 0.0780114         0 0.0775038  0.105874  0.112636  0.119307  0.117402   0.11503  0.120368  0.122408  0.121731  0.120009  0.125051
 0.127896  0.128223  0.129049  0.128737   0.12812  0.128565   0.12585  0.121633  0.122845   0.11583  0.106479 0.0979446 0.0775038         0 0.0820007  0.107617   0.11565  0.115006   0.11795  0.122027  0.125938  0.123867  0.121431  0.125504
 0.127415  0.128032  0.131226  0.131584  0.131712  0.131345  0.127547  0.121225  0.121458  0.119176  0.112078   0.10975  0.105874 0.0820007         0 0.0828802  0.106253  0.114038  0.115931  0.121471  0.125088  0.124898  0.124597  0.127392
 0.124154   0.12242  0.127151  0.126477   0.12691  0.127761   0.12751  0.118721  0.119174  0.118444  0.112548  0.108361  0.112636  0.107617 0.0828802         0 0.0796089  0.103142  0.112762  0.118496  0.120639  0.118971  0.121075  0.123051
 0.125404   0.12441  0.125484    0.1271  0.125694  0.127572   0.12864  0.122368  0.120198  0.118695  0.114353  0.114554  0.119307   0.11565  0.106253 0.0796089         0 0.0837722  0.108762  0.117346  0.122478   0.12149  0.120868  0.124355
 0.123402  0.117366  0.120448  0.124974  0.128943  0.127819  0.127852  0.123451  0.119412  0.119846  0.114559  0.113739  0.117402  0.115006  0.114038  0.103142 0.0837722         0 0.0805718  0.104318  0.117382  0.120778  0.121803  0.120752
 0.118232  0.117976  0.117767   0.12329  0.126613  0.124663  0.122025  0.119778  0.117147  0.117692  0.114256  0.114152   0.11503   0.11795  0.115931  0.112762  0.108762 0.0805718         0 0.0796919  0.105134  0.115758  0.112031  0.114559
 0.123515  0.120339  0.122417  0.123158  0.126948  0.129005  0.128751   0.12243  0.123384  0.125132  0.119241  0.121826  0.120368  0.122027  0.121471  0.118496  0.117346  0.104318 0.0796919         0 0.0825294  0.109613  0.113748  0.116231
 0.116747  0.119915  0.122202  0.125202  0.128581  0.129459   0.12763  0.125296  0.126798  0.127866  0.119689  0.119451  0.122408  0.125938  0.125088  0.120639  0.122478  0.117382  0.105134 0.0825294         0 0.0827989  0.104244  0.114117
 0.110374  0.112849   0.11914  0.119961  0.125992  0.127782  0.126318  0.119512  0.125164  0.122901  0.118041  0.119615  0.121731  0.123867  0.124898  0.118971   0.12149  0.120778  0.115758  0.109613 0.0827989         0 0.0809696  0.103163
  0.10124  0.108269  0.113523  0.114783  0.119701  0.120612  0.119887  0.114821  0.117177  0.118656  0.112384  0.115696  0.120009  0.121431  0.124597  0.121075  0.120868  0.121803  0.112031  0.113748  0.104244 0.0809696         0 0.0805401
0.0794377  0.102275  0.111542  0.112219  0.116996  0.119327  0.119952  0.115057  0.117879  0.120922  0.119974   0.11937  0.125051  0.125504  0.127392  0.123051  0.124355  0.120752  0.114559  0.116231  0.114117  0.103163 0.0805401         0

meanTree = (1:0.0402475,(((2:0.0397407,(3:0.0391275,4:0.0397453):0.00533212):0.0023472,(((5:0.0425297,(6:0.0423079,7:0.0417515):0.00487755):0.00189211,(8:0.0411876,(9:0.0377439,10:0.0376796):0.00831312):0.00262983):0.000903708,((((11:0.0361286,12:0.0369962):0.00600517,(13:0.0390641,14:0.0393904):0.00656276):0.00185656,(15:0.0436997,(16:0.0389636,17:0.0409978):0.00720967):0.00162433):0.00057873,((18:0.0423481,19:0.0385937):0.00458204,(20:0.0411415,21:0.0416455):0.00581302):0.0020276):0.000605788):0.000623519):0.0015438,(22:0.0414162,23:0.039958):0.00442703):0.00636583,24:0.0397318);
(1,((2,(3,4)),(((((5,6),7),((8,(9,10)),(11,12))),((((13,14),15),(16,17)),((18,19),(20,21)))),(22,23))),24); 0.0261677
(1,(2,((3,4),(((((5,6),(7,8)),((9,10),(11,12))),((13,14),(15,(16,17)))),(((18,19),(20,21)),(22,23))))),24); 0.0284893
(1,2,((3,4),((((((5,6),(7,8)),(9,10)),(((11,12),(13,14)),(15,(16,17)))),((18,19),(20,21))),((22,23),24)))); 0.028881
(1,((((2,3),(4,5)),(((6,7),(8,(9,10))),(((11,12),(13,14)),(((15,16),(17,18)),(19,(20,21)))))),(22,23)),24); 0.0325754
(1,2,((3,4),((((5,6),7),(8,(9,10))),((((11,12),(13,14)),((15,16),(17,18))),((19,20),((21,22),(23,24))))))); 0.03631
(1,2,((((3,4),(5,6)),((((7,8),(9,10)),((11,12),(13,(14,15)))),(((16,17),18),((19,20),21)))),((22,23),24))); 0.0352628
(1,(((2,3),((((4,5),6),((7,8),(9,10))),(((11,12),(13,14)),(((15,16),17),((18,19),(20,21)))))),(22,23)),24); 0.0337993
(1,(((((((2,3),((4,5),(6,7))),(8,(9,10))),(((11,12),(13,14)),((15,16),(17,18)))),(19,20)),(21,22)),23),24); 0.035751
(1,2,((3,4),(((((5,6),7),((8,9),(10,11))),(((12,13),(14,15)),((16,17),(18,19)))),(((20,21),22),(23,24))))); 0.0395871
(1,2,((((((3,4),(5,(6,7))),((8,((9,10),11)),((12,13),((14,15),(16,17))))),((18,19),(20,21))),(22,23)),24)); 0.0307999
(1,(((2,3),((((4,5),(6,7)),((8,9),(10,11))),((((12,13),(14,15)),(16,17)),((18,19),(20,21))))),(22,23)),24); 0.0351772
(1,((((2,(3,4)),((5,(6,7)),((8,(9,10)),((11,(12,13)),((14,15),((16,17),18)))))),((19,20),(21,22))),23),24); 0.0335565
(1,(((2,(3,4)),(((5,(6,7)),(8,(9,10))),(((11,12),(13,14)),((((15,16),17),(18,19)),(20,21))))),(22,23)),24); 0.0269161
(1,2,((((((3,4),(5,(6,7))),((8,(9,10)),((11,12),(13,(14,15))))),(((16,17),(18,19)),(20,21))),(22,23)),24)); 0.0313106
(1,((2,(3,4)),((((((5,(6,7)),(8,(9,10))),(11,12)),((13,14),(15,16))),((17,18),(19,20))),((21,22),23))),24); 0.0329222
(1,(((((2,3),((4,5),(6,7))),((8,(9,10)),(((11,12),(13,14)),((15,16),(17,18))))),((19,20),(21,22))),23),24); 0.0377539
(1,((2,(3,4)),(((((5,(6,7)),(8,(9,10))),((11,12),(13,14))),(((15,16),(17,18)),(19,20))),((21,22),23))),24); 0.0341682
(1,((2,3),(((((4,5),(6,7)),(((8,9),(10,11)),(12,(13,14)))),(((15,16),(17,18)),(19,20))),((21,22),23))),24); 0.0388731
(1,((((2,3),(4,5)),(((6,(7,8)),(9,10)),(((11,12),(13,14)),(((15,16),17),((18,19),(20,21)))))),(22,23)),24); 0.0340129
(1,((((2,3),4),(((5,6),(7,8)),((9,10),(((11,12),(13,14)),(((15,16),(17,18)),(19,(20,21))))))),(22,23)),24); 0.0325639
(1,2,((3,4),((((5,(6,7)),((8,(9,10)),(11,12))),((((13,14),15),((16,17),18)),((19,20),(21,22)))),(23,24)))); 0.0344888
(1,2,((3,4),((5,(6,7)),((((8,9),(10,11)),((12,(13,14)),((15,(16,17)),(18,(19,20))))),((21,22),(23,24)))))); 0.0371717
(1,2,(((((3,4),(5,(6,7))),((8,(9,10)),(((11,12),(13,14)),(((15,16),(17,18)),(19,(20,21)))))),(22,23)),24)); 0.0334321
(1,2,((((3,4),(5,6)),((((7,8),9),(10,11)),(((12,13),(14,15)),((16,17),((18,19),(20,21)))))),((22,23),24))); 0.0381187
(1,2,((3,4),(((((5,6),(7,8)),((9,10),(11,12))),(((13,14),(15,(16,17))),(18,19))),(((20,21),22),(23,24))))); 0.0328878
(1,(((2,3),(((4,5),6),(((7,8),(9,10)),((11,(12,13)),(((14,15),(16,17)),((18,19),(20,21))))))),(22,23)),24); 0.0347342
(1,((((2,3),4),((((5,6),(7,8)),((9,10),(11,(12,13)))),(((14,15),(16,17)),((18,19),20)))),((21,22),23)),24); 0.0343812
(1,((((2,3),(4,5)),(((6,7),(8,(9,10))),(((11,12),(13,14)),(((15,16),17),((18,19),(20,21)))))),(22,23)),24); 0.0287567
(1,((((((((2,3),4),(5,6)),((7,8),(9,10))),((11,12),((13,14),(15,16)))),((17,18),(19,20))),(21,22)),23),24); 0.0378312
(1,((((2,3),4),((((5,6),(7,8)),((9,10),(11,12))),((((13,14),15),(16,17)),((18,19),(20,21))))),(22,23)),24); 0.0294217
(1,((((2,3),(4,5)),((((6,7),8),(9,10)),(((11,12),(13,(14,15))),((16,17),((18,19),(20,21)))))),(22,23)),24); 0.0320144
(1,((((2,3),(4,5)),((((6,7),(8,(9,10))),(11,12)),((((13,14),15),(16,17)),(18,(19,20))))),((21,22),23)),24); 0.0336636
(1,(((2,3),((((4,5),(6,7)),(8,(9,10))),(((11,12),(13,14)),(((15,16),(17,18)),(19,20))))),((21,22),23)),24); 0.0349045
(1,(((2,3),((((4,5),(6,7)),(8,(9,10))),(((11,(12,13)),((14,15),(16,17))),((18,19),(20,21))))),(22,23)),24); 0.0347902
(1,2,((3,4),((((5,(6,7)),(8,(9,10))),((11,(12,13)),(((14,15),(16,17)),((18,19),(20,21))))),((22,23),24)))); 0.0345777
(1,((2,3),((((4,5),(6,7)),(8,(9,10))),((((11,12),(13,14)),(15,16)),(((17,18),19),((20,21),22))))),(23,24)); 0.0355726
(1,((((2,(3,4)),((((5,6),(7,8)),((9,10),(11,(12,13)))),(((14,15),(16,17)),(18,(19,20))))),(21,22)),23),24); 0.0368683
(1,(2,((3,4),((((5,6),(7,8)),((9,10),(11,(12,13)))),((((14,15),(16,17)),(18,(19,20))),((21,22),23))))),24); 0.0374666
(1,(((2,(3,4)),((5,(6,7)),((8,(9,10)),((11,(12,13)),(((14,15),(16,17)),((18,19),(20,21))))))),(22,23)),24); 0.0321537
(1,(((((2,(3,4)),(5,(6,7))),(((8,9),(10,11)),(((12,13),(14,15)),((16,17),(18,(19,20)))))),(21,22)),23),24); 0.0348795
(1,((((2,3),(4,5)),((((6,7),8),((9,10),(11,12))),((((13,14),15),(16,17)),(18,(19,20))))),((21,22),23)),24); 0.031547
(1,2,((3,4),((((5,6),(7,8)),(9,10)),((((11,12),(13,14)),(15,(16,17))),((18,19),((20,21),(22,(23,24)))))))); 0.0325195
(1,((2,(3,4)),((((((5,6),(7,8)),(9,10)),((11,12),(13,14))),(((15,16),(17,18)),(19,20))),((21,22),23))),24); 0.0338464
(1,(((((2,3),4),(5,6)),(((7,8),(9,10)),((11,(12,13)),((14,15),((16,17),(18,19)))))),((20,21),(22,23))),24); 0.0353618
(1,(2,3),((((4,5),(6,7)),((8,(9,10)),((11,(12,13)),(((14,15),(16,17)),(18,19))))),(((20,21),22),(23,24)))); 0.0353668
(1,2,((3,4),((((5,6),(7,8)),((9,10),((11,12),((13,14),15)))),((((16,17),18),(19,20)),((21,22),(23,24)))))); 0.0371571
(1,(((2,(3,4)),(((5,(6,7)),(8,(9,10))),(((11,12),(13,(14,15))),((16,17),((18,19),(20,21)))))),(22,23)),24); 0.0276738
(1,2,(((((((3,4),5),(6,7)),(8,(9,10))),(((11,12),(13,14)),((15,16),(17,18)))),((19,20),(21,22))),(23,24))); 0.0351826
(1,2,((((3,4),(5,6)),(((7,8),(9,10)),(((11,12),(13,14)),(((15,16),(17,18)),(19,(20,21)))))),((22,23),24))); 0.0353287
(1,(((2,(3,4)),(((5,(6,7)),((8,9),((10,11),12))),((((13,14),15),(16,17)),((18,19),(20,21))))),(22,23)),24); 0.0302928
(1,((((2,3),(4,5)),(((((6,7),8),(9,10)),((11,12),(13,14))),(((15,16),(17,18)),(19,(20,21))))),(22,23)),24); 0.0329946
(1,((((2,3),(4,5)),((((6,7),8),((9,10),(11,12))),(((13,14),(15,(16,17))),((18,19),(20,21))))),(22,23)),24); 0.0275856
(1,((2,(3,4)),(((((5,6),(7,8)),((9,10),(11,12))),((((13,14),15),(16,17)),(18,19))),((20,21),(22,23)))),24); 0.029794
(1,((2,3),(((((((4,5),(6,7)),(8,(9,10))),(11,(12,13))),((14,15),(16,17))),((18,19),20)),((21,22),23))),24); 0.0360391
(1,((2,3),(((((4,5),(6,7)),(8,(9,10))),(((11,12),(13,(14,15))),((16,17),(18,19)))),((20,21),(22,23)))),24); 0.031177
(1,((2,3),((((((4,5),(6,7)),(8,(9,10))),((11,12),(((13,14),15),(16,17)))),((18,19),20)),((21,22),23))),24); 0.0319411
(1,2,(((3,(4,5)),(((6,7),(8,(9,10))),(((11,12),(13,(14,15))),(((16,17),18),((19,20),(21,(22,23))))))),24)); 0.0357931
(1,2,((3,4),(((((5,6),(7,8)),((9,10),(11,12))),((((13,14),15),(16,17)),(18,(19,20)))),((21,22),(23,24))))); 0.0350645
(1,((((2,3),(4,5)),(((6,7),(8,(9,10))),(((11,12),(13,14)),(((15,16),(17,18)),(19,(20,21)))))),(22,23)),24); 0.0317627
(1,((((((2,(3,4)),(((5,6),(7,8)),(9,10))),(((11,12),(13,14)),((15,16),(17,18)))),(19,20)),(21,22)),23),24); 0.0379056
(1,2,((((((3,4),5),((6,7),(8,(9,10)))),((((11,12),(13,14)),(15,16)),(((17,18),19),(20,21)))),(22,23)),24)); 0.0327415
(1,((((((2,3),4),(5,6)),((7,8),(9,10))),((((11,12),(13,(14,15))),(16,17)),((18,19),(20,21)))),(22,23)),24); 0.0320622
(1,2,((3,4),((5,(6,7)),((((8,9),10),((11,12),(13,14))),((((15,16),(17,18)),(19,20)),((21,22),(23,24))))))); 0.0373613
(1,2,((3,4),(((5,6),((7,8),(9,10))),((((11,12),(13,(14,15))),(((16,17),18),(19,20))),((21,22),(23,24)))))); 0.0389888
(1,((((2,3),(4,5)),((((6,7),8),(9,10)),(((11,12),(13,14)),(((15,16),(17,18)),(19,(20,21)))))),(22,23)),24); 0.032096
(1,(2,3),((((4,5),(6,7)),(((8,9),(10,11)),(((12,13),(14,15)),((16,17),(18,(19,20)))))),((21,22),(23,24)))); 0.0397164
(1,2,(((((3,4),(5,6)),((((7,8),(9,10)),((11,12),(13,14))),(((15,16),(17,18)),(19,(20,21))))),(22,23)),24)); 0.0329626
(1,(2,((3,4),(((((5,6),(7,8)),((9,10),(11,(12,13)))),(((14,15),(16,17)),((18,19),(20,21)))),(22,23)))),24); 0.0333998
(1,2,((3,4),(((((5,6),(7,8)),((9,10),(11,(12,13)))),(((14,15),(16,17)),(18,(19,20)))),((21,22),(23,24))))); 0.0390661
(1,2,((3,4),((5,(6,7)),(((8,(9,10)),(11,12)),((((13,14),15),(16,17)),(((18,19),20),((21,22),(23,24)))))))); 0.0317285
(1,((2,3),(((4,5),(6,7)),(((8,(9,10)),(11,12)),((((13,14),(15,16)),(17,18)),((19,20),(21,22)))))),(23,24)); 0.0391514
(1,(((2,(3,4)),(((((5,6),7),(8,(9,10))),(11,12)),((((13,14),15),(16,17)),((18,19),(20,21))))),(22,23)),24); 0.0250339
(1,((((2,3),(4,5)),((((6,7),8),((9,10),(11,(12,13)))),(((14,15),(16,17)),((18,19),20)))),((21,22),23)),24); 0.0376538
(1,(2,3),((((((((4,5),(6,7)),(8,(9,10))),((11,12),(13,14))),((15,16),(17,18))),(19,20)),(21,22)),(23,24))); 0.0392349
(1,(((2,3),(((4,5),(6,7)),(((8,(9,10)),(11,12)),((((13,14),15),(16,17)),(18,(19,20)))))),((21,22),23)),24); 0.0322595
(1,((((((2,3),((4,5),6)),(((7,8),(9,10)),((11,12),(13,14)))),(((15,16),(17,18)),(19,20))),(21,22)),23),24); 0.0386188
(1,2,((3,4),((5,(6,7)),(((8,(9,10)),(11,(12,13))),((((14,15),(16,17)),(18,(19,20))),((21,22),(23,24))))))); 0.0380157
(1,2,((3,4),((((5,6),((7,8),(9,10))),((((11,12),(13,14)),((15,16),(17,18))),((19,20),(21,22)))),(23,24)))); 0.0381651
(1,(2,((3,4),(((((5,6),7),(8,(9,10))),(((11,(12,13)),(14,15)),(((16,17),18),(19,20)))),((21,22),23)))),24); 0.0380231
(1,(((((2,3),(4,5)),(((6,7),(8,(9,10))),((11,12),((13,14),(15,(16,17)))))),(((18,19),20),(21,22))),23),24); 0.0337354
(1,(((2,(3,4)),((((5,6),(7,8)),((9,10),(11,(12,13)))),(((14,15),(16,17)),((18,19),(20,21))))),(22,23)),24); 0.0317741
(1,((((2,(3,4)),(5,(6,7))),(((8,(9,10)),(11,12)),((((13,14),15),(16,17)),((18,19),(20,21))))),(22,23)),24); 0.0235417
(1,((2,3),(((((4,5),(6,7)),((8,(9,10)),11)),(((12,13),(14,15)),((16,17),(18,19)))),((20,21),(22,23)))),24); 0.0348334
(1,((((2,3),(4,5)),((((6,7),8),((9,10),11)),((((12,13),(14,15)),(16,17)),((18,19),(20,21))))),(22,23)),24); 0.0362845
(1,2,((3,4),((((5,6),(7,8)),((9,10),(11,(12,13)))),((((14,15),(16,17)),(18,19)),((20,21),(22,(23,24))))))); 0.0352025
(1,2,((3,4),((((5,6),((7,8),(9,10))),(((11,12),(13,14)),((15,16),(17,18)))),(((19,20),(21,22)),(23,24))))); 0.0387416
(1,(((2,3),(((4,5),(6,7)),((8,(9,10)),(((11,12),(13,14)),(((15,16),(17,18)),(19,(20,21))))))),(22,23)),24); 0.0348318
(1,(((((2,3),(4,5)),((6,7),(8,(9,10)))),((((11,12),(13,14)),((15,16),(17,18))),(19,20))),((21,22),23)),24); 0.0391015
(1,((2,(3,4)),(((((5,6),7),((8,9),(10,11))),(((12,13),(14,15)),((16,17),(18,19)))),((20,21),(22,23)))),24); 0.0336758
(1,(2,3),(((4,5),(6,7)),(((((8,9),(10,11)),((12,13),(14,15))),((16,17),(18,19))),((20,21),(22,(23,24)))))); 0.0403034
(1,((((2,3),(4,5)),(((6,7),(8,9)),(((10,11),(12,(13,14))),((15,(16,17)),((18,19),(20,21)))))),(22,23)),24); 0.032044
(1,2,(((((3,4),(5,(6,7))),(((8,(9,10)),(11,12)),(((13,14),15),((16,17),(18,(19,20)))))),(21,(22,23))),24)); 0.0310651
(1,(((2,(3,4)),(((((5,6),7),(8,9)),((10,11),(12,(13,14)))),(((15,16),(17,18)),(19,(20,21))))),(22,23)),24); 0.0334913
(1,2,((((((3,4),(5,6)),((7,8),((9,10),11))),((((12,13),(14,15)),(16,17)),((18,19),(20,21)))),(22,23)),24)); 0.0329005
(1,(((2,3),(((4,5),(6,(7,8))),(((9,10),(11,12)),((((13,14),15),(16,17)),((18,19),(20,21)))))),(22,23)),24); 0.0288037
(1,2,(((((((3,4),(5,6)),((7,8),(9,10))),(((11,12),(13,14)),((15,16),(17,18)))),(19,(20,21))),(22,23)),24)); 0.0355541
(1,((((2,3),((4,5),(6,7))),(((8,(9,10)),(11,12)),((((13,14),15),(16,17)),(18,(19,20))))),((21,22),23)),24); 0.0319353
(1,((2,(3,4)),(((5,(6,7)),((8,(9,10)),(11,(12,13)))),((((14,15),(16,17)),(18,19)),((20,21),(22,23))))),24); 0.0300193
(1,2,((3,4),((((((5,6),(7,8)),(9,10)),((11,12),(13,14))),((15,(16,17)),(18,19))),(((20,21),22),(23,24))))); 0.0307088
(1,((2,(3,4)),(((((5,(6,7)),((8,9),10)),((11,12),(13,14))),(((15,16),(17,18)),(19,20))),((21,22),23))),24); 0.0346723
(1,(2,((3,4),((((5,6),(7,8)),(9,(10,11))),(((12,(13,14)),((15,16),(17,18))),((19,(20,21)),(22,23)))))),24); 0.0358395
(1,((((2,(3,4)),((((5,6),(7,8)),((9,10),(11,12))),(((13,14),(15,16)),((17,18),(19,20))))),(21,22)),23),24); 0.0366558
(1,((2,(3,4)),((((((5,6),(7,8)),(9,10)),(11,(12,13))),((14,15),((16,17),(18,19)))),((20,21),(22,23)))),24); 0.0345927
(1,2,((3,4),((((5,6),((7,8),(9,10))),((((11,12),(13,14)),(15,(16,17))),((18,19),(20,21)))),((22,23),24)))); 0.0304282
(1,((2,(3,4)),((((5,(6,7)),((8,9),(10,11))),(((12,13),(14,15)),((16,17),(18,19)))),((20,21),(22,23)))),24); 0.0324764
(1,(((2,(3,4)),((((((5,6),(7,8)),(9,10)),((11,12),(13,14))),((15,16),(17,18))),((19,20),(21,22)))),23),24); 0.03593
(1,(((2,3),(((4,5),(6,7)),(((8,9),(10,11)),(((12,13),(14,15)),((16,17),(18,(19,20))))))),(21,22)),(23,24)); 0.0425871
(1,2,((3,4),(((((5,6),7),((8,9),(10,11))),(((12,13),(14,15)),(((16,17),18),(19,20)))),((21,22),(23,24))))); 0.0399531
(1,2,((3,4),(((((5,6),(7,8)),((9,10),(11,12))),((((13,14),15),(16,17)),(18,(19,20)))),((21,22),(23,24))))); 0.0366754
(1,(((2,(3,4)),(((5,(6,7)),(8,(9,10))),(((11,(12,13)),((14,15),(16,17))),((18,19),20)))),((21,22),23)),24); 0.0328647
(1,(((2,3),((((4,5),(6,7)),(8,(9,10))),(((11,(12,13)),(14,15)),(((16,17),18),(19,20))))),((21,22),23)),24); 0.041389
(1,2,((3,4),(((((5,6),(7,8)),((9,10),(11,12))),(((13,14),(15,(16,17))),(18,(19,20)))),((21,22),(23,24))))); 0.0350667
(1,(2,((3,4),(((((5,6),(7,8)),((9,10),(11,12))),((((13,14),15),(16,17)),(18,(19,20)))),((21,22),23)))),24); 0.0325994
(1,2,((((((3,4),(5,(6,7))),((8,(9,10)),(11,12))),((((13,14),15),(16,17)),((18,19),(20,21)))),(22,23)),24)); 0.0277878
(1,((((2,3),(4,5)),((((6,7),8),((9,10),(11,(12,13)))),(((14,15),(16,(17,18))),(19,20)))),((21,22),23)),24); 0.0408717
(1,2,((3,4),((((5,6),7),(8,9)),(((((10,11),12),((13,14),15)),((16,17),(18,19))),((20,21),(22,(23,24))))))); 0.035066
(1,((((2,3),(4,5)),(((6,7),(8,(9,10))),(((11,12),((13,14),(15,(16,17)))),((18,19),(20,21))))),(22,23)),24); 0.0273738
(1,(((((2,3),(4,5)),((6,7),(8,(9,10)))),((((11,12),(13,(14,15))),(16,(17,18))),(19,(20,21)))),(22,23)),24); 0.0338105
(1,2,((3,(4,5)),(((((6,7),8),((9,10),11)),(((12,13),(14,15)),(((16,17),18),(19,20)))),((21,22),(23,24))))); 0.0395802
(1,2,((3,4),(((((5,6),((7,8),(9,10))),((11,12),(13,(14,15)))),(((16,17),(18,19)),(20,(21,22)))),(23,24)))); 0.0372394
(1,(2,((3,4),(((((5,6),(7,8)),((9,10),11)),(((12,13),(14,15)),((16,17),(18,19)))),((20,21),(22,23))))),24); 0.0331064
(1,2,((3,4),(((((5,6),7),8),((9,10),(11,12))),(((((13,14),15),(16,17)),(18,19)),((20,21),(22,(23,24))))))); 0.0315495
(1,(((2,3),4),(((((5,6),(7,8)),((9,10),11)),(((12,13),(14,15)),((16,17),(18,19)))),((20,21),(22,23)))),24); 0.0353209
(1,((((2,3),(4,5)),(((6,7),(8,(9,10))),(((11,12),((13,14),15)),(((16,17),18),(19,20))))),((21,22),23)),24); 0.0336569
(1,((((2,3),(4,5)),((((6,7),8),(9,10)),(((11,12),(13,14)),((15,(16,17)),(18,(19,20)))))),((21,22),23)),24); 0.0328514
(1,2,(((((3,4),(5,6)),((7,8),(9,10))),((((11,12),(13,14)),((15,16),(17,18))),((19,20),(21,22)))),(23,24))); 0.0380205
(1,(((((2,(3,4)),((5,(6,7)),(8,(9,10)))),(((11,12),((13,14),15)),(((16,17),18),(19,20)))),(21,22)),23),24); 0.0311471
(1,(2,((((3,4),(5,6)),(((7,8),(9,10)),((11,12),(((13,14),(15,16)),(17,18))))),(((19,20),21),(22,23)))),24); 0.035819
(1,((((((2,(3,4)),(5,6)),(((7,8),(9,10)),(11,(12,13)))),(((14,15),(16,17)),(18,(19,20)))),(21,22)),23),24); 0.0358646
(1,2,((3,4),((((5,6),(7,8)),(((9,10),(11,(12,13))),(((14,15),(16,17)),(18,(19,20))))),((21,22),(23,24))))); 0.0390531
(1,((((2,3),4),(((((5,6),(7,8)),(9,10)),((11,12),(13,14))),(((15,16),(17,18)),(19,20)))),((21,22),23)),24); 0.0347528
(1,(((2,3),((4,5),(((6,7),(8,(9,10))),(((11,12),(13,14)),(((15,16),(17,18)),(19,(20,21))))))),(22,23)),24); 0.0322749
(1,(((2,3),((((4,5),(6,7)),(8,(9,10))),(((11,12),(13,14)),((((15,16),17),(18,19)),(20,21))))),(22,23)),24); 0.0306349
(1,(((((2,3),(4,5)),((6,7),(8,(9,10)))),((((11,12),(13,14)),((15,16),(17,18))),(19,(20,21)))),(22,23)),24); 0.0333249
(1,2,((((3,(4,5)),(((6,7),(8,(9,10))),(((11,12),(13,14)),(((15,16),(17,18)),(19,(20,21)))))),(22,23)),24)); 0.0328763
(1,((((2,3),(4,5)),(((((6,7),8),(9,10)),(11,12)),(((13,14),(15,(16,17))),(18,(19,20))))),((21,22),23)),24); 0.0344231
(1,((2,(3,4)),((((5,6),(7,8)),((9,10),(11,12))),(((((13,14),15),(16,17)),(18,19)),((20,21),(22,23))))),24); 0.0273848
(1,(((2,3),(((4,5),(6,7)),(((8,(9,10)),(11,(12,(13,14)))),((15,(16,17)),(18,(19,20)))))),((21,22),23)),24); 0.0343135
(1,((((2,3),(4,5)),(((6,7),(8,(9,10))),(((11,12),(13,14)),(((15,16),(17,18)),(19,20))))),((21,22),23)),24); 0.0378157
(1,2,((((((3,4),(5,(6,7))),((8,9),(10,11))),(((12,13),((14,15),(16,17))),(18,(19,20)))),(21,22)),(23,24))); 0.0421347
(1,(((2,(3,4)),(((5,6),((7,8),(9,(10,11)))),(((12,(13,14)),(15,(16,17))),((18,19),(20,21))))),(22,23)),24); 0.0322536
(1,((2,3),(((((4,5),(6,7)),((8,9),(10,11))),(((12,13),(14,15)),((16,17),(18,19)))),((20,21),(22,23)))),24); 0.0363112
(1,2,(3,((4,5),(((((6,7),8),(9,10)),((11,12),(13,14))),((((15,16),(17,18)),(19,(20,21))),(22,(23,24))))))); 0.0360512
(1,2,((((3,4),(5,(6,7))),((8,(9,10)),((((11,12),(13,14)),(15,(16,17))),(18,(19,20))))),((21,22),(23,24)))); 0.0329252
(1,((2,3),(((((4,5),(6,7)),((8,9),(10,11))),(((12,13),(14,15)),((16,17),(18,19)))),((20,21),(22,23)))),24); 0.0368767
(1,((2,(3,4)),(((5,(6,7)),(8,(9,10))),((((11,12),((13,14),15)),((16,17),(18,19))),((20,21),(22,23))))),24); 0.0264264
(1,(((2,(3,4)),((((5,6),(7,8)),((9,10),(11,12))),((((13,14),15),((16,17),18)),((19,20),(21,22))))),23),24); 0.0361762
(1,2,((((((((3,4),5),((6,7),(8,9))),((10,11),(12,(13,14)))),((15,16),(17,18))),(19,(20,21))),(22,23)),24)); 0.0366025
(1,2,(((((3,4),(5,6)),(((7,8),(9,10)),((11,12),((13,14),(15,(16,17)))))),(((18,19),20),(21,22))),(23,24))); 0.0344092
(1,(2,((3,4),((5,(6,7)),((8,(9,10)),(((11,12),(13,(14,15))),(((16,17),(18,19)),((20,21),(22,23)))))))),24); 0.0289674
(1,2,((((3,(4,5)),((((6,7),8),((9,10),(11,12))),((((13,14),15),(16,17)),((18,19),(20,21))))),(22,23)),24)); 0.0290219
(1,2,(((3,4),(((5,(6,7)),(8,(9,10))),(((11,(12,(13,14))),((15,(16,17)),(18,19))),((20,21),(22,23))))),24)); 0.0297483
(1,((((2,3),4),((((5,6),(7,8)),((9,10),(11,12))),((((13,14),15),(16,17)),(18,(19,20))))),((21,22),23)),24); 0.0321288
(1,((2,3),(((((4,5),(6,7)),(8,(9,10))),(((11,12),(13,14)),((15,(16,17)),(18,(19,20))))),((21,22),23))),24); 0.035144
(1,((((2,3),(4,5)),((((6,7),(8,(9,10))),(11,(12,13))),(((14,15),(16,17)),((18,19),20)))),((21,22),23)),24); 0.034962
(1,2,((((((((3,4),(5,6)),((7,8),(9,10))),(11,(12,13))),((14,15),((16,17),18))),((19,20),21)),(22,23)),24)); 0.0379608
(1,((((2,3),4),((((5,6),(7,8)),((9,10),(11,12))),((((13,14),15),(16,17)),((18,19),(20,21))))),(22,23)),24); 0.0292426
(1,(((2,3),(4,5)),((((((6,7),8),(9,10)),((11,12),(13,(14,15)))),((16,17),(18,19))),((20,21),(22,23)))),24); 0.0301868
(1,(((2,(3,4)),(((((5,6),(7,8)),(9,10)),((11,12),(13,14))),(((15,16),(17,18)),(19,(20,21))))),(22,23)),24); 0.0319759
(1,((2,3),(((((4,5),(6,7)),(8,(9,10))),(((11,12),(13,14)),(((15,16),(17,18)),(19,20)))),((21,22),23))),24); 0.0384721
(1,(((((2,3),4),(5,6)),((((7,8),(9,10)),((11,12),(13,14))),(((15,16),(17,18)),(19,(20,21))))),(22,23)),24); 0.0327242
(1,(((2,(3,4)),(((5,(6,7)),(8,(9,10))),((11,(12,13)),(((14,15),(16,17)),(18,(19,20)))))),((21,22),23)),24); 0.032035
(1,((2,3),(((((4,5),(6,7)),(8,(9,10))),(((11,12),((13,14),15)),((16,17),18))),(((19,20),21),(22,23)))),24); 0.0303057
(1,2,((((3,4),5),(((((6,7),8),(9,10)),(11,(12,13))),(((14,15),(16,17)),((18,19),(20,(21,22)))))),(23,24))); 0.0352298
(1,(((((2,3),(4,5)),(((6,7),8),((9,10),(11,(12,13))))),(((14,15),(16,17)),(18,(19,20)))),((21,22),23)),24); 0.0371331
(1,((((2,(3,4)),(((((5,6),(7,8)),(9,10)),((11,12),((13,14),15))),(((16,17),18),(19,20)))),(21,22)),23),24); 0.0336225
(1,(((((2,3),4),((5,6),(7,8))),((((9,10),(11,12)),((13,14),(15,(16,17)))),((18,19),(20,21)))),(22,23)),24); 0.0290048
(1,2,((((((3,4),(5,(6,7))),(8,(9,10))),((((11,12),(13,14)),(15,(16,17))),((18,19),(20,21)))),(22,23)),24)); 0.0284703
(1,(((2,(3,4)),((((5,6),(7,8)),((9,10),(11,12))),((((13,14),15),(16,17)),(18,(19,20))))),((21,22),23)),24); 0.0319532
(1,(((2,(3,4)),((((5,6),(7,8)),((9,10),(11,12))),(((13,14),(15,(16,17))),((18,19),(20,21))))),(22,23)),24); 0.0274391
(1,2,((3,4),(((((((5,6),(7,8)),(9,10)),(11,(12,13))),((14,15),(16,17))),((18,19),(20,21))),((22,23),24)))); 0.0331443
(1,(((((2,3),4),(5,6)),(((7,8),((9,10),(11,12))),((((13,14),15),(16,17)),((18,19),(20,21))))),(22,23)),24); 0.031712
(1,(((2,3),((((4,5),(6,7)),(8,(9,10))),(((11,(12,13)),((14,15),(16,17))),((18,19),(20,21))))),(22,23)),24); 0.0323929
(1,((2,3),(((4,5),(6,7)),(((((8,9),(10,11)),(12,(13,14))),((15,(16,17)),(18,19))),((20,21),(22,23))))),24); 0.0334688
(1,(2,((3,4),(((((5,6),(7,8)),((9,10),(11,12))),(((13,14),(15,16)),((17,18),(19,20)))),((21,22),23)))),24); 0.0367862
(1,(((2,(3,4)),(((5,6),(7,8)),(((9,10),(11,12)),(((13,14),15),(((16,17),18),(19,20)))))),((21,22),23)),24); 0.0332675
(1,(((2,(3,4)),(((5,6),((7,8),(9,10))),(((11,12),(13,14)),(((15,16),(17,18)),(19,20))))),((21,22),23)),24); 0.0358632
(1,(2,((3,4),(((((5,6),(7,8)),(((9,10),11),((12,13),(14,15)))),(((16,17),18),(19,20))),((21,22),23)))),24); 0.0379997
(1,((((2,3),(4,5)),(((6,7),(8,9)),(((10,11),12),(((13,14),15),(16,17))))),(((18,19),20),(21,22))),(23,24)); 0.0403257
(1,((((((((2,(3,4)),(5,(6,7))),(8,(9,10))),((11,12),(13,14))),((15,16),(17,18))),(19,20)),(21,22)),23),24); 0.0330669
(1,(((2,(3,4)),(((5,(6,7)),(8,(9,10))),((((11,12),(13,14)),(15,(16,17))),((18,19),(20,21))))),(22,23)),24); 0.0247171
(1,(((((2,3),4),(((5,6),(7,8)),((9,10),(11,12)))),((((13,14),15),(16,17)),((18,19),(20,21)))),(22,23)),24); 0.0305826
(1,2,(3,(((((4,5),6),((7,8),(9,10))),(((11,12),(13,14)),(((15,16),(17,18)),(19,20)))),((21,22),(23,24))))); 0.0369215
(1,(((((2,3),(4,5)),((((6,7),8),(9,10)),((11,12),(13,14)))),((((15,16),17),(18,19)),(20,21))),(22,23)),24); 0.0310773
(1,((((2,3),(4,5)),((((6,7),8),((9,10),(11,12))),((((13,14),15),(16,17)),((18,19),(20,21))))),(22,23)),24); 0.0298538
(1,((2,3),(((4,5),(6,7)),(((8,(9,10)),((11,12),(13,(14,15)))),(((16,17),(18,19)),((20,21),(22,23)))))),24); 0.032446
(1,((((2,3),(4,5)),(((((6,7),8),(9,10)),(11,(12,13))),(((14,15),(16,17)),((18,19),(20,21))))),(22,23)),24); 0.0337988
(1,(((((2,3),4),(5,6)),((((7,8),(9,10)),((11,12),(13,(14,15)))),(((16,17),18),(19,20)))),((21,22),23)),24); 0.0361266
(1,(((2,(3,4)),((((5,6),(7,8)),(9,(10,11))),(((12,13),((14,15),(16,17))),((18,19),(20,21))))),(22,23)),24); 0.0341533
(1,(((((((2,(3,4)),(5,(6,7))),((8,(9,10)),(11,(12,13)))),((14,15),(16,(17,18)))),(19,20)),(21,22)),23),24); 0.0381387
(1,(((2,(3,4)),((((5,6),(7,8)),((9,10),(11,12))),(((13,14),(15,(16,17))),((18,19),(20,21))))),(22,23)),24); 0.0272258
(1,((2,3),((((4,5),(6,7)),((8,(9,10)),((11,12),((13,14),15)))),((((16,17),18),(19,20)),(21,(22,23))))),24); 0.0329698
(1,((((2,3),(4,5)),(((((6,7),8),(9,10)),((11,12),(13,14))),(((15,16),17),((18,19),(20,21))))),(22,23)),24); 0.0282152
(1,2,((3,4),((((((5,6),(7,8)),(9,10)),((11,12),(13,(14,15)))),(((16,17),18),(19,20))),((21,22),(23,24))))); 0.0363161
(1,2,((3,4),((((5,6),(7,8)),((((9,10),11),(12,13)),(((14,15),(16,17)),((18,19),(20,21))))),((22,23),24)))); 0.0341012
(1,((2,3),((((((4,5),(6,7)),(8,(9,10))),((11,12),(((13,14),15),(16,17)))),((18,19),20)),((21,22),23))),24); 0.0346816
(1,((2,(3,4)),((((((5,6),(7,8)),(9,10)),((11,12),(13,14))),(((15,16),17),(18,19))),((20,21),(22,23)))),24); 0.0288919
(1,2,((3,4),(((5,6),(7,8)),(((9,10),(11,12)),(((13,(14,15)),(16,(17,18))),((19,(20,21)),(22,(23,24)))))))); 0.0384374
(1,2,((3,4),(((5,6),(7,8)),((((9,10),11),((12,13),(14,15))),((((16,17),18),(19,20)),((21,22),(23,24))))))); 0.0382518
(1,2,(((((3,4),(5,6)),((((7,8),(9,10)),(11,12)),((((13,14),15),(16,17)),((18,19),(20,21))))),(22,23)),24)); 0.031469
(1,((((((2,3),4),(5,6)),(((7,8),(9,10)),((11,12),((13,14),(15,(16,17)))))),((18,19),(20,21))),(22,23)),24); 0.0287163
(1,2,((3,4),(((((5,6),7),((8,9),(10,11))),(((12,13),(14,15)),((16,17),(18,(19,20))))),((21,22),(23,24))))); 0.0388354
(1,2,((3,4),((5,(6,7)),((8,(9,10)),(((11,12),(13,(14,15))),(((16,(17,18)),(19,20)),((21,22),(23,24)))))))); 0.0373305
(1,((2,3),((4,5),(((6,7),(8,(9,10))),(((11,12),(13,14)),(((15,16),(17,18)),((19,20),(21,22))))))),(23,24)); 0.035634
(1,(2,(((3,4),5),(((((((6,7),8),(9,10)),(11,(12,13))),((14,15),(16,(17,18)))),(19,20)),((21,22),23)))),24); 0.0382891
(1,2,((3,4),(((((5,6),(7,8)),((9,10),(11,12))),((((13,14),15),(16,17)),((18,19),(20,21)))),(22,(23,24))))); 0.0315379
(1,2,((((((3,4),(5,6)),(7,8)),(((((9,10),11),(12,13)),((14,15),(16,17))),((18,19),(20,21)))),(22,23)),24)); 0.0345587
(1,2,(3,((((4,5),(6,7)),((8,9),(10,11))),(((((12,13),(14,15)),(16,17)),((18,19),20)),((21,22),(23,24)))))); 0.0425944
(1,(((((((2,(3,4)),(5,6)),((7,8),(9,10))),((11,12),(13,14))),(((15,16),(17,18)),(19,20))),(21,22)),23),24); 0.0374994
(1,(((((2,3),(4,5)),((6,7),((8,9),(10,11)))),(((12,13),(14,15)),((16,17),(18,(19,20))))),((21,22),23)),24); 0.0394203
