Pi: 0.226029 0.221761 0.183954 0.368256
S:  0.174312  0.169923 0.0954295 0.0200686  0.526198 0.0140687
