
Alignment summary:
Caecomyces_communis: -=130 A=413 C=310 G=399 N=1 T=407
Absidia_glauca: -=143 A=417 C=307 G=392 T=401
Rhizopus_oryzae: -=141 A=415 C=308 G=402 T=394
Mucor_hiemalis: -=159 A=418 C=301 G=393 T=389
Mortierella_polycephala: -=182 A=423 C=302 G=373 T=380
Echinosporangium_transversale: -=241 A=390 C=289 G=368 T=372
Mortierella_wolfii: -=214 A=391 C=287 G=387 T=381
Piromyces_communis: -=194 A=403 C=297 G=382 S=1 T=383
Kickxella_alabastrina: -=194 A=418 C=305 G=380 R=1 S=2 T=360
Linderina_pennispora: -=211 A=401 C=293 G=382 T=373
Dipsacomyces_acuminosporus: -=188 A=391 C=300 G=396 S=1 T=384
Entomophthora_muscae: -=160 A=412 C=307 G=400 T=381
Conidiobolus_coronatus: -=176 A=414 C=293 G=391 T=386
Smittium_culisetae: -=183 A=421 C=295 G=385 T=376
Furculomyces_boomerangus: -=182 A=418 C=288 G=377 T=395
Capniomyces_stellatus: -=164 A=429 C=283 G=390 N=1 T=393
Blastocladiella_emersonii: -=211 A=414 C=266 G=371 T=398
Chytridium_confervae: -=216 A=407 C=279 G=362 T=396
Neocallimastix_frontalis: -=219 A=404 C=275 G=376 T=386
Ustilago_hordii: -=217 A=417 C=279 G=376 T=371
Endogone_pisiforme: -=225 A=395 C=277 G=395 T=368
Glomus_mossae: -=240 A=400 C=282 G=371 T=367
Gigaspora_margarita: -=176 A=418 C=296 G=374 T=396
Coprinus_cinereus: -=188 A=417 C=287 G=373 T=395
Boletus_satanas: -=221 A=404 C=270 G=377 R=1 T=387
Morchella_elata: -=237 A=401 C=264 G=377 T=381
Peziza_badia: -=237 A=403 C=272 G=364 T=384
Saccharomyces_cerevisiae: -=202 A=410 C=282 G=367 T=399
Pneumocystis_carinii: -=191 A=423 C=269 G=369 T=408
Eurotium_rubrum: -=195 A=417 C=268 G=372 T=408
Neurospora_crassa: -=190 A=416 C=276 G=368 T=410
Taphrina_deformans: -=189 A=410 C=284 G=381 T=396
Schizosaccharomyces_pombe: -=234 A=403 C=265 G=366 T=392
Caenorhabditis_drosophilae: -=217 A=406 C=278 G=362 T=397
Hydra_littoralis: -=171 A=404 C=296 G=390 T=399
Calanus_pacificus: -=135 A=431 C=300 G=392 T=402
Coleochaete_scutata: -=135 A=426 C=293 G=399 T=407
Physcomitrella_patens: -=131 A=419 C=287 G=410 T=413
Arabidopsis_thaliana: -=125 A=426 C=284 G=405 T=420
Zea_mays: -=131 A=415 C=293 G=411 T=410
Mesostigma_viride: -=127 A=431 C=301 G=398 T=403
Xenopus_laevis: -=125 A=422 C=304 G=409 T=400
Gallus_gallus: -=126 A=417 C=305 G=408 T=404

Seed = 2531584036
Jukes-Cantor Distance Matrix:

        0  0.104722  0.139957  0.153734  0.144155  0.159111  0.158482   0.15166  0.143547  0.146581  0.167659  0.157765  0.146143  0.168049  0.171981   0.16621  0.150699  0.175462  0.143142   0.16325  0.166518  0.176431  0.166886  0.176829  0.164362  0.144155  0.136101  0.136741  0.142271  0.136741  0.142782  0.142782  0.137923  0.130565  0.138175   0.12783   0.15346  0.133556  0.127553  0.153009  0.151609  0.142007  0.120085
 0.104722         0  0.107557   0.14297  0.125384  0.149666  0.143847  0.146752  0.143586  0.138117  0.165367  0.149477  0.143908  0.170365  0.158604  0.160058  0.142619  0.166425  0.139208  0.147851  0.173494  0.160525  0.161292  0.170023   0.16024  0.159624   0.13449  0.138952  0.142706  0.123078  0.129083   0.13093  0.132652  0.132743  0.140767  0.134634  0.134931  0.135536  0.128481  0.149908  0.155537  0.129179  0.129086
 0.139957  0.107557         0  0.124677  0.124108  0.147331  0.146069  0.141135  0.144655  0.135266  0.162545  0.147533  0.154705   0.16649  0.172719  0.173179  0.159234  0.189249  0.158482  0.166465  0.170664  0.172391  0.164983  0.168538  0.170527  0.165113  0.144723  0.146468  0.156157  0.141135  0.147202  0.144058  0.148033  0.146182  0.152942  0.143821  0.149645  0.152478  0.148432  0.163813  0.188915  0.158247  0.155435
 0.153734   0.14297  0.124677         0  0.112592  0.143031  0.154071  0.145469  0.141866  0.138566  0.144813  0.149162  0.153833  0.184437  0.175708  0.186262  0.181752  0.203412  0.180183  0.187559  0.180036  0.168089  0.181174  0.182448  0.164481  0.167403  0.151471  0.146635  0.153138   0.14635  0.145667  0.160474  0.154243  0.161262  0.166011   0.15288  0.164013  0.163517  0.163247   0.17612  0.185888  0.176036   0.17179
 0.144155  0.125384  0.124108  0.112592         0  0.103665  0.115468  0.130568   0.12089  0.131411   0.15209  0.144099  0.154529  0.169926  0.167137  0.171095  0.160665  0.197737  0.162621  0.181154  0.180223  0.166246  0.161617  0.169826  0.156292  0.160049  0.140506  0.142835   0.15118  0.126368  0.132571  0.140288  0.154177  0.146926  0.155499  0.138391  0.134993  0.155096  0.145593  0.158361  0.159327  0.163316  0.158121
 0.159111  0.149666  0.147331  0.143031  0.103665         0  0.109396  0.122485  0.130424  0.129257  0.168974  0.161697  0.157321   0.18203  0.177046  0.198442  0.178458  0.209958  0.172921   0.19062   0.19574  0.188985   0.18785  0.184965  0.180819  0.180239  0.157939  0.161953  0.161663  0.149795  0.158218  0.177989  0.177913  0.170639  0.177341  0.161018  0.167895  0.173151  0.157854  0.175861  0.179528  0.189249  0.158733
 0.158482  0.143847  0.146069  0.154071  0.115468  0.109396         0 0.0878801  0.108459  0.127818  0.155938   0.15974  0.152936  0.170297  0.170926  0.168927  0.174626  0.197945  0.164702  0.177192  0.182742  0.186049  0.189418  0.189742  0.174209  0.176435   0.16168  0.163988  0.166302  0.147285  0.156419  0.161202  0.170931  0.161244  0.177243  0.164721  0.164333  0.162713  0.165046  0.170617  0.183997  0.180141  0.156388
  0.15166  0.146752  0.141135  0.145469  0.130568  0.122485 0.0878801         0 0.0863948  0.113249  0.142206  0.153907   0.14905  0.157225  0.156223  0.175827   0.17695  0.194009  0.159785  0.165695  0.173256  0.170654  0.178249  0.178934  0.158873  0.151252  0.149052  0.150909  0.157714    0.1444  0.148217  0.151871   0.16273  0.149197  0.170938  0.158114  0.157869  0.156037  0.150005  0.164502  0.177891  0.179087  0.177614
 0.143547  0.143586  0.144655  0.141866   0.12089  0.130424  0.108459 0.0863948         0 0.0722105  0.120535  0.135058  0.132721  0.151336  0.157225  0.158106  0.151927  0.179442  0.145196  0.168608  0.172109  0.160342  0.167268   0.16876   0.15264  0.150962  0.131264  0.132474  0.139029  0.130454   0.13609  0.144169  0.148211  0.140279  0.158608  0.150891  0.154568  0.147034  0.151311  0.157256  0.166838  0.164248  0.163134
 0.146581  0.138117  0.135266  0.138566  0.131411  0.129257  0.127818  0.113249 0.0722105         0 0.0875499  0.122283  0.115999  0.142013  0.165972  0.158861  0.142631  0.170322   0.14145  0.152832  0.152421  0.143732  0.146044  0.155266  0.146324  0.139473  0.131371  0.123459  0.135029  0.126624  0.128665  0.134818  0.134968   0.13381  0.150503    0.1447   0.15515  0.143513  0.143696  0.155271  0.164433  0.149649  0.166921
 0.167659  0.165367  0.162545  0.144813   0.15209  0.168974  0.155938  0.142206  0.120535 0.0875499         0   0.11151  0.133276  0.171085  0.166386  0.178747  0.159765  0.171194  0.159518  0.171326  0.149806  0.154004  0.172319  0.170512  0.157964  0.163363  0.141219  0.138124  0.146295  0.139489  0.141486  0.144252  0.164409  0.162518   0.17245  0.156409  0.166709  0.161666  0.164951   0.18084   0.18274  0.172581  0.184215
 0.157765  0.149477  0.147533  0.149162  0.144099  0.161697   0.15974  0.153907  0.135058  0.122283   0.11151         0 0.0992284  0.141169  0.161883  0.176699  0.162606   0.19355  0.157596   0.16664  0.164614  0.147046   0.16058  0.173821  0.173226  0.157838  0.128785  0.134818  0.149796   0.13398  0.146008   0.14099  0.152174  0.147158  0.163307  0.151789  0.165705  0.160763  0.156575  0.174543  0.170873  0.178147  0.171263
 0.146143  0.143908  0.154705  0.153833  0.154529  0.157321  0.152936   0.14905  0.132721  0.115999  0.133276 0.0992284         0  0.115785  0.158482  0.172581   0.15573   0.18128  0.150463  0.155799  0.159636  0.146749  0.160222  0.167801  0.159121  0.145499  0.134979  0.124964  0.139317  0.134069  0.136635  0.139739  0.131435  0.131214  0.145491  0.145359  0.160058  0.153526  0.151757  0.172512  0.167956  0.164165  0.168942
 0.168049  0.170365   0.16649  0.184437  0.169926   0.18203  0.170297  0.157225  0.151336  0.142013  0.171085  0.141169  0.115785         0  0.125666  0.162362  0.168957   0.19219  0.165548  0.174723  0.168866   0.17369  0.173759  0.185883  0.157966  0.163853   0.15405  0.149337   0.16306  0.148386  0.155454  0.142687  0.161512  0.145565  0.172939  0.170439  0.174257  0.186856  0.160673  0.188042  0.190408  0.181153   0.18893
 0.171981  0.158604  0.172719  0.175708  0.167137  0.177046  0.170926  0.156223  0.157225  0.165972  0.166386  0.161883  0.158482  0.125666         0  0.124016  0.148071  0.176624  0.163981  0.175698  0.172676  0.167033  0.177197  0.163664  0.157582  0.171895  0.167265  0.159759  0.164451  0.154307  0.149828  0.150185  0.166661  0.162865  0.173419  0.163134  0.159335  0.168179  0.153526  0.185097   0.18893  0.173179  0.179823
  0.16621  0.160058  0.173179  0.186262  0.171095  0.198442  0.168927  0.175827  0.158106  0.158861  0.178747  0.176699  0.172581  0.162362  0.124016         0  0.132159  0.168021  0.159487  0.169963  0.170159   0.14758  0.145791  0.168771  0.156325  0.155912  0.144678  0.150582  0.155239  0.152241  0.151525  0.143142  0.149851  0.139663  0.170691    0.1532  0.168168  0.158963  0.152049  0.177065  0.177201  0.175666   0.17363
 0.150699  0.142619  0.159234  0.181752  0.160665  0.178458  0.174626   0.17695  0.151927  0.142631  0.159765  0.162606   0.15573  0.168957  0.148071  0.132159         0  0.117812  0.124165  0.168139  0.167543  0.164075  0.155578  0.151372  0.149885  0.155295  0.127284  0.131011  0.131602  0.131918  0.137288  0.149773  0.142216  0.135517  0.148335  0.146637  0.159227  0.133686  0.137161  0.157987  0.163203  0.143918  0.165954
 0.175462  0.166425  0.189249  0.203412  0.197737  0.209958  0.197945  0.194009  0.179442  0.170322  0.171194   0.19355   0.18128   0.19219  0.176624  0.168021  0.117812         0  0.105133  0.151363  0.183254  0.180154   0.17912  0.177146  0.146284  0.169398   0.14601  0.140734  0.146154  0.149973  0.148472  0.151927  0.149955  0.141799  0.168401  0.181112  0.189091  0.171772   0.16819  0.195754  0.187283  0.189689   0.18563
 0.143142  0.139208  0.158482  0.180183  0.162621  0.172921  0.164702  0.159785  0.145196   0.14145  0.159518  0.157596  0.150463  0.165548  0.163981  0.159487  0.124165  0.105133         0  0.104351  0.137965  0.157152  0.155315  0.157582  0.140898  0.141507  0.129867  0.132877  0.144725   0.12372   0.12659   0.12986  0.135262  0.137301  0.154764  0.155607  0.156234  0.145604  0.145038  0.175407   0.17362  0.160727  0.148817
  0.16325  0.147851  0.166465  0.187559  0.181154   0.19062  0.177192  0.165695  0.168608  0.152832  0.171326   0.16664  0.155799  0.174723  0.175698  0.169963  0.168139  0.151363  0.104351         0 0.0870316  0.121231  0.141596  0.155534  0.155472  0.147787  0.137197  0.135078  0.143833  0.128278  0.130381  0.136301    0.1356  0.135058  0.153993  0.163508  0.172112  0.158607  0.153644  0.190764  0.184402  0.172932  0.160105
 0.166518  0.173494  0.170664  0.180036  0.180223   0.19574  0.182742  0.173256  0.172109  0.152421  0.149806  0.164614  0.159636  0.168866  0.172676  0.170159  0.167543  0.183254  0.137965 0.0870316         0 0.0737217  0.121375  0.148931  0.136852  0.152201  0.144438  0.143683  0.153671   0.13807  0.147166  0.134979  0.145263  0.142738  0.153099  0.158231  0.167714  0.162885  0.164883  0.185294  0.189858  0.181838  0.170603
 0.176431  0.160525  0.172391  0.168089  0.166246  0.188985  0.186049  0.170654  0.160342  0.143732  0.154004  0.147046  0.146749   0.17369  0.167033   0.14758  0.164075  0.180154  0.157152  0.121231 0.0737217         0 0.0877971  0.136083  0.133595  0.148033  0.137079  0.133135  0.140227  0.133942  0.146869  0.150752  0.135695  0.135037  0.161363  0.156827  0.163849  0.171693  0.160514  0.192048   0.19096  0.183882  0.175807
 0.166886  0.161292  0.164983  0.181174  0.161617   0.18785  0.189418  0.178249  0.167268  0.146044  0.172319   0.16058  0.160222  0.173759  0.177197  0.145791  0.155578   0.17912  0.155315  0.141596  0.121375 0.0877971         0  0.113081   0.13899  0.132523   0.12111  0.124186  0.136208  0.124257  0.130596  0.130495  0.126227  0.122706  0.156868  0.147533  0.163464  0.160785  0.157758  0.173642  0.175374  0.178158  0.170061
 0.176829  0.170023  0.168538  0.182448  0.169826  0.184965  0.189742  0.178934   0.16876  0.155266  0.170512  0.173821  0.167801  0.185883  0.163664  0.168771  0.151372  0.177146  0.157582  0.155534  0.148931  0.136083  0.113081         0  0.109905  0.141909  0.139939   0.13566  0.137495  0.139332  0.127371   0.14073  0.142118  0.136083  0.159867  0.163283  0.172181  0.162651  0.161541  0.178309  0.177847  0.175266   0.17803
 0.164362   0.16024  0.170527  0.164481  0.156292  0.180819  0.174209  0.158873   0.15264  0.146324  0.157964  0.173226  0.159121  0.157966  0.157582  0.156325  0.149885  0.146284  0.140898  0.155472  0.136852  0.133595   0.13899  0.109905         0 0.0926424  0.123968  0.123599  0.121206  0.113735  0.125887   0.12685  0.138677  0.121428  0.139585   0.14744  0.161107  0.156737  0.145781  0.167888  0.166386  0.173545  0.161602
 0.144155  0.159624  0.165113  0.167403  0.160049  0.180239  0.176435  0.151252  0.150962  0.139473  0.163363  0.157838  0.145499  0.163853  0.171895  0.155912  0.155295  0.169398  0.141507  0.147787  0.152201  0.148033  0.132523  0.141909 0.0926424         0 0.0735346  0.102576  0.121792  0.112612  0.123918  0.123346  0.124589  0.115928  0.137073   0.14073  0.157344  0.145822  0.139317  0.170451  0.170588  0.159994  0.170177
 0.136101   0.13449  0.144723  0.151471  0.140506  0.157939   0.16168  0.149052  0.131264  0.131371  0.141219  0.128785  0.134979   0.15405  0.167265  0.144678  0.127284   0.14601  0.129867  0.137197  0.144438  0.137079   0.12111  0.139939  0.123968 0.0735346         0 0.0534597 0.0869089  0.104394  0.111286  0.115035  0.118083  0.117796  0.126691  0.124739  0.149592  0.133965  0.122675  0.144268  0.163664  0.140377  0.154105
 0.136741  0.138952  0.146468  0.146635  0.142835  0.161953  0.163988  0.150909  0.132474  0.123459  0.138124  0.134818  0.124964  0.149337  0.159759  0.150582  0.131011  0.140734  0.132877  0.135078  0.143683  0.133135  0.124186   0.13566  0.123599  0.102576 0.0534597         0 0.0708277 0.0858078  0.109815  0.107086  0.111315  0.109298  0.118888    0.1251  0.139153  0.127289  0.120438  0.146301  0.154309  0.143547  0.150542
 0.142271  0.142706  0.156157  0.153138   0.15118  0.161663  0.166302  0.157714  0.139029  0.135029  0.146295  0.149796  0.139317   0.16306  0.164451  0.155239  0.131602  0.146154  0.144725  0.143833  0.153671  0.140227  0.136208  0.137495  0.121206  0.121792 0.0869089 0.0708277         0 0.0705217 0.0970515  0.114607  0.112374  0.111315  0.131458  0.132084   0.14351  0.133636  0.129944  0.148321  0.161417   0.15315  0.148208
 0.136741  0.123078  0.141135   0.14635  0.126368  0.149795  0.147285    0.1444  0.130454  0.126624  0.139489   0.13398  0.134069  0.148386  0.154307  0.152241  0.131918  0.149973   0.12372  0.128278   0.13807  0.133942  0.124257  0.139332  0.113735  0.112612  0.104394 0.0858078 0.0705217         0 0.0828126 0.0997041  0.101812 0.0985886 0.0986361  0.109569  0.119986  0.111093  0.115498  0.146977  0.137989  0.148321  0.135188
 0.142782  0.129083  0.147202  0.145667  0.132571  0.158218  0.156419  0.148217   0.13609  0.128665  0.141486  0.146008  0.136635  0.155454  0.149828  0.151525  0.137288  0.148472   0.12659  0.130381  0.147166  0.146869  0.130596  0.127371  0.125887  0.123918  0.111286  0.109815 0.0970515 0.0828126         0 0.0852445 0.0974258  0.105702  0.113338  0.122062  0.134983  0.119447  0.128017  0.148095   0.14748  0.136948  0.144524
 0.142782   0.13093  0.144058  0.160474  0.140288  0.177989  0.161202  0.151871  0.144169  0.134818  0.144252   0.14099  0.139739  0.142687  0.150185  0.143142  0.149773  0.151927   0.12986  0.136301  0.134979  0.150752  0.130495   0.14073   0.12685  0.123346  0.115035  0.107086  0.114607 0.0997041 0.0852445         0 0.0879384  0.108221  0.130534  0.131885   0.13757  0.125855  0.128017   0.15909  0.163614  0.152799  0.148095
 0.137923  0.132652  0.148033  0.154243  0.154177  0.177913  0.170931   0.16273  0.148211  0.134968  0.164409  0.152174  0.131435  0.161512  0.166661  0.149851  0.142216  0.149955  0.135262    0.1356  0.145263  0.135695  0.126227  0.142118  0.138677  0.124589  0.118083  0.111315  0.112374  0.101812 0.0974258 0.0879384         0 0.0866272  0.110311  0.120817  0.129167  0.121375  0.128665  0.144268  0.154083  0.154348  0.153839
 0.130565  0.132743  0.146182  0.161262  0.146926  0.170639  0.161244  0.149197  0.140279   0.13381  0.162518  0.147158  0.131214  0.145565  0.162865  0.139663  0.135517  0.141799  0.137301  0.135058  0.142738  0.135037  0.122706  0.136083  0.121428  0.115928  0.117796  0.109298  0.111315 0.0985886  0.105702  0.108221 0.0866272         0 0.0978511  0.111371  0.124749  0.110165  0.106439  0.129533  0.136426  0.134964  0.136636
 0.138175  0.140767  0.152942  0.166011  0.155499  0.177341  0.177243  0.170938  0.158608  0.150503   0.17245  0.163307  0.145491  0.172939  0.173419  0.170691  0.148335  0.168401  0.154764  0.153993  0.153099  0.161363  0.156868  0.159867  0.139585  0.137073  0.126691  0.118888  0.131458 0.0986361  0.113338  0.130534  0.110311 0.0978511         0  0.106076  0.116719   0.12721  0.121142  0.135113  0.151675  0.151935  0.147083
  0.12783  0.134634  0.143821   0.15288  0.138391  0.161018  0.164721  0.158114  0.150891    0.1447  0.156409  0.151789  0.145359  0.170439  0.163134    0.1532  0.146637  0.181112  0.155607  0.163508  0.158231  0.156827  0.147533  0.163283   0.14744   0.14073  0.124739    0.1251  0.132084  0.109569  0.122062  0.131885  0.120817  0.111371  0.106076         0 0.0982116  0.124597  0.127094  0.150687  0.143431  0.144299  0.148044
  0.15346  0.134931  0.149645  0.164013  0.134993  0.167895  0.164333  0.157869  0.154568   0.15515  0.166709  0.165705  0.160058  0.174257  0.159335  0.168168  0.159227  0.189091  0.156234  0.172112  0.167714  0.163849  0.163464  0.172181  0.161107  0.157344  0.149592  0.139153   0.14351  0.119986  0.134983   0.13757  0.129167  0.124749  0.116719 0.0982116         0  0.127277  0.133092  0.161757  0.151054  0.163497  0.149439
 0.133556  0.135536  0.152478  0.163517  0.155096  0.173151  0.162713  0.156037  0.147034  0.143513  0.161666  0.160763  0.153526  0.186856  0.168179  0.158963  0.133686  0.171772  0.145604  0.158607  0.162885  0.171693  0.160785  0.162651  0.156737  0.145822  0.133965  0.127289  0.133636  0.111093  0.119447  0.125855  0.121375  0.110165   0.12721  0.124597  0.127277         0  0.105126  0.132592  0.148199  0.141596   0.13813
 0.127553  0.128481  0.148432  0.163247  0.145593  0.157854  0.165046  0.150005  0.151311  0.143696  0.164951  0.156575  0.151757  0.160673  0.153526  0.152049  0.137161   0.16819  0.145038  0.153644  0.164883  0.160514  0.157758  0.161541  0.145781  0.139317  0.122675  0.120438  0.129944  0.115498  0.128017  0.128017  0.128665  0.106439  0.121142  0.127094  0.133092  0.105126         0  0.113585  0.133206  0.129205  0.142185
 0.153009  0.149908  0.163813   0.17612  0.158361  0.175861  0.170617  0.164502  0.157256  0.155271   0.18084  0.174543  0.172512  0.188042  0.185097  0.177065  0.157987  0.195754  0.175407  0.190764  0.185294  0.192048  0.173642  0.178309  0.167888  0.170451  0.144268  0.146301  0.148321  0.146977  0.148095   0.15909  0.144268  0.129533  0.135113  0.150687  0.161757  0.132592  0.113585         0  0.132209  0.123772   0.15153
 0.151609  0.155537  0.188915  0.185888  0.159327  0.179528  0.183997  0.177891  0.166838  0.164433   0.18274  0.170873  0.167956  0.190408   0.18893  0.177201  0.163203  0.187283   0.17362  0.184402  0.189858   0.19096  0.175374  0.177847  0.166386  0.170588  0.163664  0.154309  0.161417  0.137989   0.14748  0.163614  0.154083  0.136426  0.151675  0.143431  0.151054  0.148199  0.133206  0.132209         0  0.142567  0.158366
 0.142007  0.129179  0.158247  0.176036  0.163316  0.189249  0.180141  0.179087  0.164248  0.149649  0.172581  0.178147  0.164165  0.181153  0.173179  0.175666  0.143918  0.189689  0.160727  0.172932  0.181838  0.183882  0.178158  0.175266  0.173545  0.159994  0.140377  0.143547   0.15315  0.148321  0.136948  0.152799  0.154348  0.134964  0.151935  0.144299  0.163497  0.141596  0.129205  0.123772  0.142567         0  0.134775
 0.120085  0.129086  0.155435   0.17179  0.158121  0.158733  0.156388  0.177614  0.163134  0.166921  0.184215  0.171263  0.168942   0.18893  0.179823   0.17363  0.165954   0.18563  0.148817  0.160105  0.170603  0.175807  0.170061   0.17803  0.161602  0.170177  0.154105  0.150542  0.148208  0.135188  0.144524  0.148095  0.153839  0.136636  0.147083  0.148044  0.149439   0.13813  0.142185   0.15153  0.158366  0.134775         0


JC Tree topology:
(1,2,((((((((3,4),((5,6),(7,8))),(((9,10),11),(12,13))),(((14,15),16),(17,(18,19)))),((((20,(21,22)),(23,24)),(25,26)),((((27,28),29),30),(31,(32,33))))),(34,(35,(36,37)))),((38,39),((40,42),41))),43));

Putting MLE Branch Lengths
p: 0.279217
0.195231
0.260162
 0.26539
s: 0.0978946
 0.239261
 0.142469
 0.089219
 0.306167
  0.12499
Q: -0.858874  0.175302   0.42845  0.255122
 0.250714  -1.26332  0.228495  0.784112
 0.459831  0.171468 -0.871516  0.240216
 0.268414  0.576824  0.235483  -1.08072
((((1:0.0524409,43:0.0770540):0.0174382,2:0.0604207):0.0257575,((39:0.0545530,38:0.0581255):0.0109617,(41:0.0807750,(40:0.0635763,42:0.0654182):0.0096185):0.0154294):0.0093947):0.0105445,(34:0.0593063,(35:0.0554148,(37:0.0590918,36:0.0433147):0.0164396):0.0070165):0.0160269,(((((27:0.0390340,28:0.0172198):0.0290014,(29:0.0365798,30:0.0380772):0.0140206):0.0233103,(((23:0.0538001,24:0.0631839):0.0231652,(20:0.0503840,(21:0.0284223,22:0.0472882):0.0239084):0.0353738):0.0181368,(26:0.0438481,25:0.0491862):0.0309295):0.0156726):0.0054310,((31:0.0456646,32:0.0443944):0.0113265,33:0.0490151):0.0147171):0.0137924,(((((9:0.0519705,10:0.0252048):0.0156625,11:0.0610633):0.0199419,(13:0.0507885,12:0.0515840):0.0305745):0.0166512,(((5:0.0454624,6:0.0602841):0.0194612,(8:0.0447271,7:0.0448559):0.0294678):0.0143136,(3:0.0664988,4:0.0624431):0.0220644):0.0207295):0.0204252,(((15:0.0625213,16:0.0661963):0.0223226,14:0.0816656):0.0217851,((19:0.0504750,18:0.0578268):0.0251543,17:0.0550069):0.0285124):0.0170105):0.0066320):0.0156400);
stationary acceptance: 0.22974
symmetric acceptance: 0.160434
branch length acceptance: 0.884042
avgP: 0.274024 0.211905 0.271765 0.242305
sP: 5.26568e-05 4.17489e-05  5.4731e-05 4.64176e-05
avgS: 0.0862208  0.246149  0.142148 0.0787073  0.327715   0.11906
sS: 2.86803e-05 6.45421e-05 3.83253e-05 2.22105e-05 9.13336e-05  3.7136e-05
0.274024 0.211905 0.271765 0.242305
0.0862208  0.246149  0.142148 0.0787073  0.327715   0.11906

-0.865831  0.157323  0.449137   0.25937
 0.203442  -1.16241  0.185713  0.773259
  0.45287  0.144807 -0.816727   0.21905
 0.293323  0.676245  0.245682  -1.21525

GTR Distance Matrix:

        0  0.104818   0.14116  0.154902  0.144603  0.160539  0.159834  0.153125  0.145009  0.147684  0.168308  0.158815  0.147274  0.169601  0.173253  0.168034  0.152745  0.176981  0.144084  0.164983  0.169258  0.178593  0.168769  0.178756  0.165416  0.145645  0.136751  0.137833   0.14321  0.137501   0.14292   0.14337  0.138644  0.131215  0.139127  0.128904  0.154604  0.134521  0.127969   0.15495  0.153137   0.14246  0.120359
 0.104818         0   0.10786  0.143985  0.125255  0.150351  0.144441  0.147762  0.144789  0.138959  0.166514  0.150257  0.145095  0.172151  0.159465  0.161004  0.144556  0.167991  0.140015   0.14918  0.175551  0.161723  0.161863  0.171572  0.161259  0.160239  0.134916  0.139818  0.143429  0.123669  0.129625  0.131644  0.133317  0.133342  0.141452  0.135436  0.135413  0.136571  0.128867  0.151322  0.156479  0.129844  0.129585
  0.14116   0.10786         0  0.125419  0.124573  0.148448  0.147017  0.142426   0.14635  0.136573  0.163861  0.149401  0.156069  0.169017  0.174633  0.175734  0.161809  0.192798  0.160967  0.169097  0.173776  0.175272  0.166962  0.171209  0.173055   0.16706  0.145701  0.148224  0.157752  0.142112  0.147892  0.145467   0.14957  0.147282  0.154843  0.145834  0.151618  0.154505  0.149987  0.166199  0.191813  0.160303   0.15739
 0.154902  0.143985  0.125419         0  0.113173  0.144573  0.155379  0.147095  0.143696   0.14042  0.146614  0.150933  0.155457  0.187222  0.178259  0.189624  0.184767  0.206576  0.182806  0.190745  0.183554  0.171096  0.183509  0.184875  0.166681  0.169172  0.152481  0.148137  0.154964  0.148052  0.146687  0.162225  0.155358  0.162552  0.168123  0.154947   0.16624  0.165393   0.16546  0.179152  0.189021  0.178416  0.173809
 0.144603  0.125255  0.124573  0.113173         0  0.103683  0.115437  0.131012  0.121333  0.132042  0.153001  0.145415  0.155623  0.171447   0.16825  0.173003  0.162479  0.199507  0.163717  0.182888  0.182837  0.168849  0.163155  0.171543  0.157941  0.161106  0.140737  0.143607  0.152181  0.127122   0.13311  0.141049  0.154973  0.147019  0.156632  0.139553   0.13587  0.156215  0.146495  0.160217  0.160737  0.164132  0.159023
 0.160539  0.150351  0.148448  0.144573  0.103683         0  0.109741  0.122059  0.131184   0.13017  0.170143  0.163106   0.15857  0.183056  0.177819  0.200739  0.180472  0.212933  0.175074  0.192831  0.198563  0.191234  0.189522  0.186604  0.183383  0.182153  0.158396  0.163206  0.163222  0.150836   0.15872  0.179368  0.178704  0.171347  0.179185  0.162768   0.16885   0.17455   0.15941  0.177628  0.181267  0.191045  0.159862
 0.159834  0.144441  0.147017  0.155379  0.115437  0.109741         0 0.0876286  0.108896  0.127893  0.156197  0.160782   0.15368  0.172396  0.173154  0.171703  0.177281  0.200718  0.166959  0.179777  0.186086  0.189184  0.191783   0.19224  0.176415  0.177785  0.162023  0.165208  0.167824   0.14839  0.157252  0.162717  0.172739  0.162806  0.179918  0.166873   0.16618  0.164456  0.166811  0.173138  0.186134  0.182027   0.15786
 0.153125  0.147762  0.142426  0.147095  0.131012  0.122059 0.0876286         0 0.0870197  0.113684  0.143051  0.155504  0.149868  0.158517  0.157655  0.179095  0.179639  0.196913  0.162144  0.168156  0.175996  0.173304  0.180444  0.180981  0.160789  0.152744  0.149819  0.152489  0.159914  0.145945  0.149413   0.15355  0.164472  0.150646  0.173486  0.160386  0.159893  0.158195  0.152394  0.167177  0.179974  0.181113   0.17932
 0.145009  0.144789   0.14635  0.143696  0.121333  0.131184  0.108896 0.0870197         0 0.0724246  0.121258  0.136804  0.133953  0.153024  0.159308  0.160888  0.154675  0.182476  0.147596  0.171618  0.175696  0.163147  0.169636  0.171295  0.154931  0.153086  0.131559  0.133663   0.14071  0.131796  0.137173  0.145851  0.149649  0.141322  0.161079   0.15319  0.156028  0.149085  0.153188  0.159954  0.169073  0.166057  0.164947
 0.147684  0.138959  0.136573   0.14042  0.132042   0.13017  0.127893  0.113684 0.0724246         0 0.0873994  0.122734  0.116149  0.142745  0.166689  0.160706   0.14456   0.17234  0.143219  0.154487  0.154691  0.145869   0.14791  0.157232  0.148075   0.14115  0.132111  0.124463  0.136564  0.127652  0.129315   0.13592  0.136171  0.134908  0.152526  0.146342  0.156262  0.145057   0.14541  0.157597  0.166375   0.15098  0.168023
 0.168308  0.166514  0.163861  0.146614  0.153001  0.170143  0.156197  0.143051  0.121258 0.0873994         0   0.11187  0.133177  0.172383    0.1676  0.181082  0.161841   0.17256  0.161063  0.172982  0.151637  0.156239  0.173978  0.172542  0.159041  0.164327  0.141511  0.138473  0.147377  0.139999  0.141552  0.144936  0.165091  0.162487  0.174033  0.157821  0.168453  0.162771  0.166235  0.182843  0.184793  0.174258  0.184707
 0.158815  0.150257  0.149401  0.150933  0.145415  0.163106  0.160782  0.155504  0.136804  0.122734   0.11187         0 0.0993359  0.142468  0.162889  0.178128  0.164197  0.194708  0.158999  0.168057  0.166402  0.148971  0.162436  0.175776  0.174625  0.159505  0.129362  0.135566  0.150599  0.134637  0.146638  0.141901  0.153191   0.14791  0.164907  0.153197  0.167083  0.162857  0.157892  0.176892  0.172666   0.18012  0.172482
 0.147274  0.145095  0.156069  0.155457  0.155623   0.15857   0.15368  0.149868  0.133953  0.116149  0.133177 0.0993359         0  0.116594  0.159337  0.174182  0.157091  0.182588  0.152061  0.158253  0.161903  0.148506  0.161745  0.169479  0.160455  0.146746  0.135428  0.126001  0.140116   0.13489  0.137142   0.14034  0.132482  0.131981  0.147076  0.146496     0.161  0.154955   0.15303  0.173977  0.169043  0.165509  0.169773
 0.169601  0.172151  0.169017  0.187222  0.171447  0.183056  0.172396  0.158517  0.153024  0.142745  0.172383  0.142468  0.116594         0  0.126499  0.164715  0.170943  0.194346  0.167324   0.17715  0.172084  0.176947  0.176697  0.188789  0.160094  0.166273  0.155913  0.151676  0.165187   0.14977  0.156412  0.144152  0.163524   0.14683  0.174982  0.172181  0.175577  0.189303  0.162641  0.190809  0.192883   0.18296  0.190457
 0.173253  0.159465  0.174633  0.178259   0.16825  0.177819  0.173154  0.157655  0.159308  0.166689    0.1676  0.162889  0.159337  0.126499         0  0.125288  0.149191  0.178429  0.164997  0.177277  0.174388  0.168954  0.178591  0.165116  0.159572   0.17331  0.167796  0.161126  0.166071  0.155507  0.150444   0.15109  0.167892   0.16376  0.174641  0.165109  0.160697   0.17006  0.154726  0.186691  0.191092  0.173876  0.180882
 0.168034  0.161004  0.175734  0.189624  0.173003  0.200739  0.171703  0.179095  0.160888  0.160706  0.181082  0.178128  0.174182  0.164715  0.125288         0  0.133414  0.169744  0.161056  0.172171  0.173128  0.149824  0.147401  0.171094  0.158076  0.157792  0.146073  0.152536  0.157263  0.153732  0.152616  0.144266  0.150796  0.140976   0.17249  0.154898  0.170134   0.16103  0.154024   0.17969  0.179836  0.176827  0.174308
 0.152745  0.144556  0.161809  0.184767  0.162479  0.180472  0.177281  0.179639  0.154675   0.14456  0.161841  0.164197  0.157091  0.170943  0.149191  0.133414         0  0.118532  0.124981  0.171376  0.170397  0.165745  0.157284  0.152958  0.151864  0.157602  0.128859  0.132657  0.133334  0.133364  0.138597  0.151348  0.144013  0.136604  0.150281  0.148619  0.161092   0.13523  0.138363  0.160088  0.165608  0.145586  0.167497
 0.176981  0.167991  0.192798  0.206576  0.199507  0.212933  0.200718  0.196913  0.182476   0.17234   0.17256  0.194708  0.182588  0.194346  0.178429  0.169744  0.118532         0   0.10558  0.153158  0.185302  0.181551   0.18218  0.179781  0.147879  0.171375  0.147842  0.142762   0.14781  0.151425  0.149287  0.152697  0.151339  0.142862  0.170219  0.183141  0.191354  0.173811  0.169854  0.197827  0.189783  0.191412  0.187023
 0.144084  0.140015  0.160967  0.182806  0.163717  0.175074  0.166959  0.162144  0.147596  0.143219  0.161063  0.158999  0.152061  0.167324  0.164997  0.161056  0.124981   0.10558         0   0.10545  0.139574  0.159236   0.15725  0.159611  0.141848  0.142681  0.130736  0.134032  0.145839   0.12441  0.127039  0.130245  0.136186  0.137925  0.156154  0.156486  0.157358   0.14717  0.145752  0.177533  0.175811  0.162247  0.149342
 0.164983   0.14918  0.169097  0.190745  0.182888  0.192831  0.179777  0.168156  0.171618  0.154487  0.172982  0.168057  0.158253   0.17715  0.177277  0.172171  0.171376  0.153158   0.10545         0 0.0877323  0.122216  0.143225  0.158054  0.157305   0.15027  0.138831  0.136816  0.145281  0.129359  0.131458  0.137477  0.137141  0.135932  0.155959  0.165547  0.174506   0.16156   0.15549  0.194141  0.187558  0.174977  0.161217
 0.169258  0.175551  0.173776  0.183554  0.182837  0.198563  0.186086  0.175996  0.175696  0.154691  0.151637  0.166402  0.161903  0.172084  0.174388  0.173128  0.170397  0.185302  0.139574 0.0877323         0 0.0741551   0.12263  0.151304  0.138483  0.154989  0.146042  0.145446  0.155113  0.139007  0.148333  0.136332  0.147098  0.144043  0.155438   0.16055  0.170549  0.166362   0.16757  0.189233   0.19321  0.184891  0.172489
 0.178593  0.161723  0.175272  0.171096  0.168849  0.191234  0.189184  0.173304  0.163147  0.145869  0.156239  0.148971  0.148506  0.176947  0.168954  0.149824  0.165745  0.181551  0.159236  0.122216 0.0741551         0 0.0880666  0.137662  0.135095  0.149943  0.137965  0.134474  0.141456   0.13514  0.147726  0.152043  0.137218  0.136162  0.163427   0.15893  0.166634  0.174638  0.162351  0.195402  0.193703  0.186386  0.177486
 0.168769  0.161863  0.166962  0.183509  0.163155  0.189522  0.191783  0.180444  0.169636   0.14791  0.173978  0.162436  0.161745  0.176697  0.178591  0.147401  0.157284   0.18218   0.15725  0.143225   0.12263 0.0880666         0  0.113901  0.139679   0.13377  0.122071  0.125296  0.137445  0.125207  0.131258  0.131436  0.127246   0.12334   0.15824  0.148733  0.165034  0.162605  0.159031   0.17563  0.177474   0.17961  0.170806
 0.178756  0.171572  0.171209  0.184875  0.171543  0.186604   0.19224  0.180981  0.171295  0.157232  0.172542  0.175776  0.169479  0.188789  0.165116  0.171094  0.152958  0.179781  0.159611  0.158054  0.151304  0.137662  0.113901         0  0.110789  0.143102  0.141041  0.136442   0.13857  0.140437  0.127896   0.14157  0.143335  0.136346  0.161621  0.164832  0.173877  0.164266  0.162813  0.180393   0.17965  0.176713  0.179075
 0.165416  0.161259  0.173055  0.166681  0.157941  0.183383  0.176415  0.160789  0.154931  0.148075  0.159041  0.174625  0.160455  0.160094  0.159572  0.158076  0.151864  0.147879  0.141848  0.157305  0.138483  0.135095  0.139679  0.110789         0   0.09285  0.124171  0.124037  0.121747  0.114036  0.125823  0.126925  0.139359  0.121728  0.140817  0.148853  0.162558  0.158097  0.146628    0.1696  0.168416  0.174658  0.161942
 0.145645  0.160239   0.16706  0.169172  0.161106  0.182153  0.177785  0.152744  0.153086   0.14115  0.164327  0.159505  0.146746  0.166273   0.17331  0.157792  0.157602  0.171375  0.142681   0.15027  0.154989  0.149943   0.13377  0.143102   0.09285         0 0.0735748    0.1029  0.122724  0.113294  0.124409  0.123865  0.125409  0.116561  0.138981  0.142578  0.159366  0.147856  0.140836  0.172385  0.172523  0.161212  0.170936
 0.136751  0.134916  0.145701  0.152481  0.140737  0.158396  0.162023  0.149819  0.131559  0.132111  0.141511  0.129362  0.135428  0.155913  0.167796  0.146073  0.128859  0.147842  0.130736  0.138831  0.146042  0.137965  0.122071  0.141041  0.124171 0.0735748         0 0.0533222 0.0870733  0.104621  0.111729  0.115466  0.118797   0.11829  0.127641  0.125566  0.150412  0.135118  0.123388    0.1456  0.164667  0.141046  0.154384
 0.137833  0.139818  0.148224  0.148137  0.143607  0.163206  0.165208  0.152489  0.133663  0.124463  0.138473  0.135566  0.126001  0.151676  0.161126  0.152536  0.132657  0.142762  0.134032  0.136816  0.145446  0.134474  0.125296  0.136442  0.124037    0.1029 0.0533222         0 0.0706571 0.0856856   0.11013  0.107686  0.111977  0.109616    0.1198  0.125814  0.139975  0.128327  0.121377  0.147987  0.155762   0.14484  0.151282
  0.14321  0.143429  0.157752  0.154964  0.152181  0.163222  0.167824  0.159914   0.14071  0.136564  0.147377  0.150599  0.140116  0.165187  0.166071  0.157263  0.133334   0.14781  0.145839  0.145281  0.155113  0.141456  0.137445   0.13857  0.121747  0.122724 0.0870733 0.0706571         0 0.0703711 0.0971127   0.11528  0.112671  0.111686  0.132552  0.133165   0.14414  0.134753  0.130766  0.149577  0.163094  0.153857    0.1487
 0.137501  0.123669  0.142112  0.148052  0.127122  0.150836   0.14839  0.145945  0.131796  0.127652  0.139999  0.134637   0.13489   0.14977  0.155507  0.153732  0.133364  0.151425   0.12441  0.129359  0.139007   0.13514  0.125207  0.140437  0.114036  0.113294  0.104621 0.0856856 0.0703711         0 0.0828239  0.100108  0.101964 0.0984795 0.0993869  0.110239  0.120731  0.112001  0.116174  0.148293  0.139574  0.148689  0.135702
  0.14292  0.129625  0.147892  0.146687   0.13311   0.15872  0.157252  0.149413  0.137173  0.129315  0.141552  0.146638  0.137142  0.156412  0.150444  0.152616  0.138597  0.149287  0.127039  0.131458  0.148333  0.147726  0.131258  0.127896  0.125823  0.124409  0.111729   0.11013 0.0971127 0.0828239         0 0.0852373 0.0971994  0.105304  0.113668  0.122266  0.135262   0.11975  0.128374  0.148704   0.14799  0.136661  0.144205
  0.14337  0.131644  0.145467  0.162225  0.141049  0.179368  0.162717   0.15355  0.145851   0.13592  0.144936  0.141901   0.14034  0.144152   0.15109  0.144266  0.151348  0.152697  0.130245  0.137477  0.136332  0.152043  0.131436   0.14157  0.126925  0.123865  0.115466  0.107686   0.11528  0.100108 0.0852373         0 0.0879822  0.107937  0.130549  0.132116  0.138104  0.126587  0.128192  0.160204  0.164658   0.15296  0.148032
 0.138644  0.133317   0.14957  0.155358  0.154973  0.178704  0.172739  0.164472  0.149649  0.136171  0.165091  0.153191  0.132482  0.163524  0.167892  0.150796  0.144013  0.151339  0.136186  0.137141  0.147098  0.137218  0.127246  0.143335  0.139359  0.125409  0.118797  0.111977  0.112671  0.101964 0.0971994 0.0879822         0 0.0864843  0.111011  0.121453  0.129596  0.122031  0.129076   0.14545  0.155123  0.154533  0.153777
 0.131215  0.133342  0.147282  0.162552  0.147019  0.171347  0.162806  0.150646  0.141322  0.134908  0.162487   0.14791  0.131981   0.14683   0.16376  0.140976  0.136604  0.142862  0.137925  0.135932  0.144043  0.136162   0.12334  0.136346  0.121728  0.116561   0.11829  0.109616  0.111686 0.0984795  0.105304  0.107937 0.0864843         0 0.0980752  0.111416  0.124836  0.110491  0.106784  0.130303  0.137018  0.134887  0.136411
 0.139127  0.141452  0.154843  0.168123  0.156632  0.179185  0.179918  0.173486  0.161079  0.152526  0.174033  0.164907  0.147076  0.174982  0.174641   0.17249  0.150281  0.170219  0.156154  0.155959  0.155438  0.163427   0.15824  0.161621  0.140817  0.138981  0.127641    0.1198  0.132552 0.0993869  0.113668  0.130549  0.111011 0.0980752         0  0.106568  0.117216  0.128208  0.121691   0.13621  0.153209  0.152088  0.147638
 0.128904  0.135436  0.145834  0.154947  0.139553  0.162768  0.166873  0.160386   0.15319  0.146342  0.157821  0.153197  0.146496  0.172181  0.165109  0.154898  0.148619  0.183141  0.156486  0.165547   0.16055   0.15893  0.148733  0.164832  0.148853  0.142578  0.125566  0.125814  0.133165  0.110239  0.122266  0.132116  0.121453  0.111416  0.106568         0 0.0987856  0.125655  0.127782  0.152161  0.144696  0.144405  0.148636
 0.154604  0.135413  0.151618   0.16624   0.13587   0.16885   0.16618  0.159893  0.156028  0.156262  0.168453  0.167083     0.161  0.175577  0.160697  0.170134  0.161092  0.191354  0.157358  0.174506  0.170549  0.166634  0.165034  0.173877  0.162558  0.159366  0.150412  0.139975   0.14414  0.120731  0.135262  0.138104  0.129596  0.124836  0.117216 0.0987856         0  0.128172  0.133524  0.162926  0.152182  0.163336  0.150178
 0.134521  0.136571  0.154505  0.165393  0.156215   0.17455  0.164456  0.158195  0.149085  0.145057  0.162771  0.162857  0.154955  0.189303   0.17006   0.16103   0.13523  0.173811   0.14717   0.16156  0.166362  0.174638  0.162605  0.164266  0.158097  0.147856  0.135118  0.128327  0.134753  0.112001   0.11975  0.126587  0.122031  0.110491  0.128208  0.125655  0.128172         0  0.105711  0.133435  0.149544   0.14239  0.138669
 0.127969  0.128867  0.149987   0.16546  0.146495   0.15941  0.166811  0.152394  0.153188   0.14541  0.166235  0.157892   0.15303  0.162641  0.154726  0.154024  0.138363  0.169854  0.145752   0.15549   0.16757  0.162351  0.159031  0.162813  0.146628  0.140836  0.123388  0.121377  0.130766  0.116174  0.128374  0.128192  0.129076  0.106784  0.121691  0.127782  0.133524  0.105711         0  0.114297  0.134606  0.129739  0.142253
