
Alignment summary:
Didelphis_virginiana: A=551 C=503 G=245 T=513
Equus_caballus: A=556 C=494 G=241 T=521
Rhinoceros_unicornis: ?=1 A=568 C=491 G=232 T=520
Bos_tarus: A=567 C=508 G=230 T=507
Hippopotamus_amphibius: ?=3 A=565 C=501 G=237 T=506
Balaenoptera_physalus: A=578 C=486 G=234 T=514
Physeter_macrocephalus: A=553 C=510 G=231 T=518
Ursus_americanus: A=571 C=502 G=235 T=504
Canis_familiaris: A=563 C=496 G=237 T=516
Felis_catus: A=559 C=494 G=239 T=520
Homo_sapiens: A=553 C=504 G=247 T=508
Pan_troglodytes: A=556 C=512 G=246 T=498
Gorilla_gorilla: A=560 C=489 G=237 T=526
Pongo_pygmaeus: A=550 C=514 G=243 T=505
Macaca_mulatta: A=543 C=528 G=240 T=501
Callithrix_jacchus: A=547 C=504 G=244 T=517
Loris_tardigradus: A=552 C=518 G=239 T=503
Galago_crassicaudatus: ?=1 A=530 C=517 G=236 T=528
Daubentonia_madagascariensis: A=538 C=522 G=236 T=516
Varecia_variegata: A=554 C=525 G=239 T=494
Eulemur_mongoz: ?=2 A=537 C=516 G=236 T=521
Lemur_catta: A=557 C=505 G=236 T=514
Hapalemur_griseus: A=534 C=522 G=245 T=511
Propithecus_tattersalli: A=540 C=516 G=248 T=508
Lepilemur_edwardsi: A=550 C=525 G=234 T=503
Cheirogaleus_medius: A=539 C=531 G=250 T=492
Mirza_coquereli: A=529 C=539 G=241 T=503
Microcebus_murinus: -=1 A=546 C=553 G=235 T=477
Microcebus_griseorufus: A=553 C=537 G=238 T=484
Microcebus_myoxinus: A=551 C=542 G=242 T=477
Microcebus_berthae: A=560 C=520 G=234 T=498
Microcebus_rufus_1: A=550 C=523 G=241 T=498
Microcebus_tavaratra: A=538 C=540 G=246 T=488
Microcebus_rufus_2: A=555 C=520 G=228 T=509
Microcebus_sambiranensis: A=545 C=532 G=238 T=497
Microcebus_ravelobensis: ?=5 A=545 C=504 G=246 T=512

Seed = 1379049835
Jukes-Cantor Distance Matrix:

       0 0.194899 0.192877 0.205711 0.235789  0.23533 0.262242 0.266955 0.281271 0.282879 0.276468 0.293414 0.303271 0.312423  0.31662  0.32679 0.327643  0.33044  0.33021 0.306586 0.308671  0.32679 0.318305 0.307417 0.302445 0.305756 0.309916 0.266344 0.268532  0.25368  0.24598 0.243685 0.220375 0.207893 0.193469 0.171485
0.194899        0  0.16622 0.194184 0.209751 0.228563 0.247513 0.251361  0.24598 0.252906 0.276468 0.283684 0.313261 0.315779 0.325085 0.317462 0.321688 0.314314 0.325937 0.311586 0.312851 0.315779 0.309916 0.295866 0.305756 0.313261 0.312423  0.29198 0.283684 0.274874 0.266955 0.244449 0.233821 0.220375 0.204261 0.180582
0.192877  0.16622        0 0.167599 0.184703 0.197174 0.228711 0.236996 0.226467 0.249213 0.253072 0.281459 0.297707 0.300999 0.310128 0.303478 0.309293 0.317899 0.321909 0.318524 0.301409 0.318524 0.315155 0.310128 0.320215 0.313475 0.300999 0.281648 0.287916 0.279854 0.260069 0.261633 0.255397 0.226467 0.222742 0.203587
0.205711 0.194184 0.167599        0 0.156825 0.194899  0.20209 0.225575 0.233821  0.23533 0.256005 0.278866 0.290156  0.29423 0.313261 0.321688 0.303271 0.321062 0.311586 0.311586 0.309505 0.315779 0.322536 0.301619 0.292598 0.298326 0.300795 0.286297 0.292598 0.281271 0.274079 0.267743 0.255229 0.240636  0.24598 0.220341
0.235789 0.209751 0.184703 0.156825        0 0.168499 0.211215 0.199584 0.223774 0.223774 0.235789 0.259631 0.280229 0.289117 0.303892 0.312227 0.289117 0.309929 0.304721 0.302235 0.313496 0.318118 0.315588 0.318118 0.306383 0.312227 0.320657 0.298314 0.285064 0.284256 0.283449 0.277823 0.261979 0.233521 0.238823 0.227494
 0.23533 0.228563 0.197174 0.194899 0.168499        0 0.189196 0.205711 0.218157 0.230812 0.226321 0.256782 0.266955 0.278866 0.296685 0.289344 0.296685 0.296066 0.309082 0.297505 0.302857 0.327643 0.331068 0.314099 0.314099 0.308249 0.304099 0.284681 0.271696 0.280468 0.275671 0.281271 0.264595 0.242921 0.236086 0.234581
0.262242 0.247513 0.228711  0.20209 0.211215 0.189196        0  0.18636 0.206438 0.218895 0.221115 0.247513 0.268532 0.277267 0.286105 0.292598 0.300795 0.293612 0.320841 0.299971 0.298731 0.315779 0.318305 0.313261 0.290969 0.296685 0.327643 0.288727 0.287723 0.296685 0.285297 0.297505 0.273284 0.279667 0.274874 0.246017
0.266955 0.251361 0.236996 0.225575 0.199584 0.205711  0.18636        0 0.170261  0.20935 0.202813 0.223342 0.248281  0.25059 0.264595 0.299971 0.273284 0.297707 0.300795 0.276468 0.297909 0.314099 0.323384 0.311586 0.299971 0.331927 0.323384 0.298529 0.296685 0.281271 0.274874 0.286913 0.267743 0.270904 0.269322 0.262326
0.281271  0.24598 0.226467 0.233821 0.223774 0.218157 0.206438 0.170261        0 0.191329 0.208621 0.231563 0.241397 0.258338 0.268532 0.280468 0.282074 0.292796 0.293414 0.290156 0.298731 0.314938 0.338831 0.322536 0.297505 0.321688 0.325937 0.327016 0.295866 0.289344 0.292598 0.270112 0.278866 0.278866 0.285297 0.269426
0.282879 0.252906 0.249213  0.23533 0.223774 0.230812 0.218895  0.20935 0.191329        0 0.184946 0.218895 0.229312 0.242159 0.256782 0.271696 0.277267 0.290352 0.306586 0.296685 0.281648 0.318305 0.320841 0.299148 0.304927 0.325937 0.323384 0.312637 0.295048 0.309082 0.311586 0.286913 0.296685 0.286105 0.277267 0.273399
0.276468 0.276468 0.253072 0.256005 0.235789 0.226321 0.221115 0.202813 0.208621 0.184946        0 0.205711 0.210811 0.221115 0.243685 0.259898 0.258338  0.25773 0.275671 0.276468 0.284872 0.297505 0.301619 0.298326 0.300795 0.308249 0.307417 0.298529 0.287723 0.286913 0.293414 0.286105 0.278866 0.276468  0.27249 0.274197
0.293414 0.283684 0.281459 0.278866 0.259631 0.256782 0.247513 0.223342 0.231563 0.218895 0.205711        0 0.184241 0.204986 0.228563 0.252133  0.26381 0.273466  0.28449 0.296685 0.292994 0.311586 0.322536 0.304099  0.29423 0.314099 0.309916 0.305965 0.290969 0.279667 0.298326 0.295866 0.288533 0.290156  0.27249  0.28141
0.303271 0.313261 0.297707 0.290156 0.280229 0.266955 0.268532 0.248281 0.241397 0.229312 0.210811 0.184241        0 0.177218 0.204986 0.218895 0.232315 0.267132 0.287723 0.274874 0.281648 0.301619 0.309082 0.303271 0.303271 0.314938 0.314938 0.296886 0.304927 0.297505 0.304099 0.315779 0.302445 0.303271 0.300795 0.303477
0.312423 0.315779 0.300999  0.29423 0.289117 0.278866 0.277267  0.25059 0.258338 0.242159 0.221115 0.204986 0.177218        0 0.177917 0.213741 0.223342  0.26085 0.266167 0.266167 0.283258 0.297505 0.322536  0.31662 0.312423 0.327643 0.307417 0.314314 0.319995 0.303271 0.314938 0.321688 0.315779 0.308249 0.305756 0.309305
 0.31662 0.325085 0.310128 0.313261 0.303892 0.296685 0.286105 0.264595 0.268532 0.256782 0.243685 0.228563 0.204986 0.177917        0 0.194899 0.225575 0.252299  0.25368  0.25756 0.271265  0.28449 0.303271 0.300795 0.296685 0.320841  0.31662 0.315996 0.319995 0.313261 0.306586  0.31662  0.32679 0.318305 0.323384 0.320251
 0.32679 0.317462 0.303478 0.321688 0.312227 0.289344 0.292598 0.299971 0.280468 0.271696 0.259898 0.252133 0.218895 0.213741 0.194899        0 0.192755 0.233219 0.244449 0.265381 0.271265 0.297505 0.313261 0.295866 0.314938 0.338831 0.314938 0.315996 0.321688 0.317462 0.314099 0.311586 0.310751 0.337965  0.33021 0.324504
0.327643 0.321688 0.309293 0.303271 0.289117 0.296685 0.300795 0.273284 0.282074 0.277267 0.258338  0.26381 0.232315 0.223342 0.225575 0.192755        0 0.185062 0.207165  0.21521 0.240188 0.266167 0.282879 0.295048 0.296685 0.319995 0.314938 0.305965 0.317462  0.31915 0.321688 0.311586 0.297505 0.305756 0.309916 0.315179
 0.33044 0.314314 0.317899 0.321062 0.309929 0.296066 0.293612 0.297707 0.292796 0.290352  0.25773 0.273466 0.267132  0.26085 0.252299 0.233219 0.185062        0 0.175233  0.20439 0.221542 0.237754 0.254622 0.281459 0.301825 0.295247 0.321909 0.311176   0.3118 0.322758 0.321062 0.324458   0.3118 0.306796 0.320215 0.307846
 0.33021 0.325937 0.321909 0.311586 0.304721 0.309082 0.320841 0.300795 0.293414 0.306586 0.275671  0.28449 0.287723 0.266167  0.25368 0.244449 0.207165 0.175233        0 0.172341 0.212546 0.236086  0.25368 0.275671 0.293414 0.309082 0.290969 0.302651 0.302445 0.299971 0.309916 0.319995 0.307417 0.301619 0.314938 0.318557
0.306586 0.311586 0.318524 0.311586 0.302235 0.297505 0.299971 0.276468 0.290156 0.296685 0.276468 0.296685 0.274874 0.266167  0.25756 0.265381  0.21521  0.20439 0.172341        0 0.182355 0.218157 0.243685 0.256782 0.262242 0.287723 0.286913 0.290352 0.297505 0.300795 0.303271 0.314938 0.314938 0.311586 0.307417 0.299341
0.308671 0.312851 0.301409 0.309505 0.313496 0.302857 0.298731 0.297909 0.298731 0.281648 0.284872 0.292994 0.281648 0.283258 0.271265 0.271265 0.240188 0.221542 0.212546 0.182355        0 0.190857 0.212546 0.237909  0.26968 0.268098  0.31034 0.291559 0.297909 0.292178 0.302857 0.324683 0.311176  0.31453 0.316213 0.298923
 0.32679 0.315779 0.318524 0.315779 0.318118 0.327643 0.315779 0.314099 0.314938 0.318305 0.297505 0.311586 0.301619 0.297505  0.28449 0.297505 0.266167 0.237754 0.236086 0.218157 0.190857        0 0.187068 0.230812 0.247513 0.258338 0.303271 0.287106 0.299148 0.299148 0.306586 0.324234 0.322536 0.319995 0.325085 0.320251
0.318305 0.309916 0.315155 0.322536 0.315588 0.331068 0.318305 0.323384 0.338831 0.320841 0.301619 0.322536 0.309082 0.322536 0.303271 0.313261 0.282879 0.254622  0.25368 0.243685 0.212546 0.187068        0 0.202813 0.225575 0.243685 0.295866 0.292796  0.29423 0.304927 0.286913 0.313261 0.309916 0.303271 0.291783 0.298516
0.307417 0.295866 0.310128 0.301619 0.318118 0.314099 0.313261 0.311586 0.322536 0.299148 0.298326 0.304099 0.303271  0.31662 0.300795 0.295866 0.295048 0.281459 0.275671 0.256782 0.237909 0.230812 0.202813        0 0.200646 0.232315 0.254454 0.260069 0.281271 0.291783 0.297505 0.304927 0.292598 0.305756 0.295048 0.295228
0.302445 0.305756 0.320215 0.292598 0.306383 0.314099 0.290969 0.299971 0.297505 0.304927 0.300795  0.29423 0.303271 0.312423 0.296685 0.314938 0.296685 0.301825 0.293414 0.262242  0.26968 0.247513 0.225575 0.200646        0 0.208621 0.246746  0.24614  0.26146 0.270904 0.278866 0.292598 0.289344 0.290969 0.286913 0.273399
0.305756 0.313261 0.313475 0.298326 0.312227 0.308249 0.296685 0.331927 0.321688 0.325937 0.308249 0.314099 0.314938 0.327643 0.320841 0.338831 0.319995 0.295247 0.309082 0.287723 0.268098 0.258338 0.243685 0.232315 0.208621        0 0.240636 0.240793 0.252133 0.280468 0.300795 0.300795 0.307417 0.308249 0.309916 0.302648
0.309916 0.312423 0.300999 0.300795 0.320657 0.304099 0.327643 0.323384 0.325937 0.323384 0.307417 0.309916 0.314938 0.307417  0.31662 0.314938 0.314938 0.321909 0.290969 0.286913  0.31034 0.303271 0.295866 0.254454 0.246746 0.240636        0 0.230211 0.242159  0.28449  0.27249 0.299148  0.28449 0.301619 0.287723 0.298516
0.266344  0.29198 0.281648 0.286297 0.298314 0.284681 0.288727 0.298529 0.327016 0.312637 0.298529 0.305965 0.296886 0.314314 0.315996 0.315996 0.305965 0.311176 0.302651 0.290352 0.291559 0.287106 0.292796 0.260069  0.24614 0.240793 0.230211        0 0.199331 0.234727 0.252299  0.26792 0.256951 0.274261 0.260069 0.250805
0.268532 0.283684 0.287916 0.292598 0.285064 0.271696 0.287723 0.296685 0.295866 0.295048 0.287723 0.290969 0.304927 0.319995 0.319995 0.321688 0.317462   0.3118 0.302445 0.297505 0.297909 0.299148  0.29423 0.281271  0.26146 0.252133 0.242159 0.199331        0 0.192755 0.213741 0.239876 0.255229 0.267743 0.255229 0.246017
 0.25368 0.274874 0.279854 0.281271 0.284256 0.280468 0.296685 0.281271 0.289344 0.309082 0.286913 0.279667 0.297505 0.303271 0.313261 0.317462  0.31915 0.322758 0.299971 0.300795 0.292178 0.299148 0.304927 0.291783 0.270904 0.280468  0.28449 0.234727 0.192755        0 0.189906 0.223342 0.243685  0.23533 0.234575 0.223317
 0.24598 0.266955 0.260069 0.274079 0.283449 0.275671 0.285297 0.274874 0.292598 0.311586 0.293414 0.298326 0.304099 0.314938 0.306586 0.314099 0.321688 0.321062 0.309916 0.303271 0.302857 0.306586 0.286913 0.297505 0.278866 0.300795  0.27249 0.252299 0.213741 0.189906        0 0.177917 0.219635 0.232315 0.224086 0.237613
0.243685 0.244449 0.261633 0.267743 0.277823 0.281271 0.297505 0.286913 0.270112 0.286913 0.286105 0.295866 0.315779 0.321688  0.31662 0.311586 0.311586 0.324458 0.319995 0.314938 0.324683 0.324234 0.313261 0.304927 0.292598 0.300795 0.299148  0.26792 0.239876 0.223342 0.177917        0 0.180721 0.210811 0.206438 0.212954
0.220375 0.233821 0.255397 0.255229 0.261979 0.264595 0.273284 0.267743 0.278866 0.296685 0.278866 0.288533 0.302445 0.315779  0.32679 0.310751 0.297505   0.3118 0.307417 0.314938 0.311176 0.322536 0.309916 0.292598 0.289344 0.307417  0.28449 0.256951 0.255229 0.243685 0.219635 0.180721        0 0.187068 0.194899 0.190505
0.207893 0.220375 0.226467 0.240636 0.233521 0.242921 0.279667 0.270904 0.278866 0.286105 0.276468 0.290156 0.303271 0.308249 0.318305 0.337965 0.305756 0.306796 0.301619 0.311586  0.31453 0.319995 0.303271 0.305756 0.290969 0.308249 0.301619 0.274261 0.267743  0.23533 0.232315 0.210811 0.187068        0 0.156537 0.172877
0.193469 0.204261 0.222742  0.24598 0.238823 0.236086 0.274874 0.269322 0.285297 0.277267  0.27249  0.27249 0.300795 0.305756 0.323384  0.33021 0.309916 0.320215 0.314938 0.307417 0.316213 0.325085 0.291783 0.295048 0.286913 0.309916 0.287723 0.260069 0.255229 0.234575 0.224086 0.206438 0.194899 0.156537        0 0.152258
0.171485 0.180582 0.203587 0.220341 0.227494 0.234581 0.246017 0.262326 0.269426 0.273399 0.274197  0.28141 0.303477 0.309305 0.320251 0.324504 0.315179 0.307846 0.318557 0.299341 0.298923 0.320251 0.298516 0.295228 0.273399 0.302648 0.298516 0.250805 0.246017 0.223317 0.237613 0.212954 0.190505 0.172877 0.152258        0


JC Tree topology:
(1,((((2,3),(4,5)),(6,(7,((8,9),(10,(11,(12,(((13,(14,15)),(16,17)),(((18,19),20),(21,(22,23))))))))))),(((((24,25),26),27),(28,29)),(30,(31,32)))),(33,((34,35),36)));

Putting MLE Branch Lengths
p: 0.304252
0.284319
0.131955
0.279474
s:  0.222109
 0.150928
 0.154256
0.0352589
   0.4113
0.0261474
Q: -0.866542  0.365009  0.248032  0.253501
 0.390599  -1.17591 0.0620059  0.723306
 0.571892  0.133602  -0.80457 0.0990768
 0.275977  0.735846 0.0467798   -1.0586
(((17:0.1077788,16:0.0896094):0.0657026,((14:0.0724055,15:0.1087430):0.0288511,13:0.0971026):0.0078272):0.0435417,12:0.0881023,((((8:0.0808703,9:0.0941647):0.0283931,7:0.1109778):0.0146367,(((5:0.0716036,4:0.0900790):0.0216229,6:0.0981188):0.0176722,((((36:0.0694313,(35:0.0692604,34:0.0891169):0.0278117):0.0217748,1:0.1017808):0.0139522,((((28:0.0977708,29:0.1054769):0.0332801,(27:0.1245454,((26:0.1119191,25:0.1003163):0.0246350,24:0.1198086):0.0388413):0.0234424):0.0275860,(((18:0.1022758,19:0.0777296):0.0366875,20:0.0805767):0.0271331,(21:0.0862061,(23:0.1067470,22:0.0840544):0.0417221):0.0256914):0.0978148):0.0600317,(33:0.1033854,(30:0.1240730,(32:0.0936536,31:0.0888565):0.0206449):0.0290787):0.0235082):0.0394327):0.0339091,(2:0.0899348,3:0.0804249):0.0269769):0.0452868):0.0503513):0.0446117,(11:0.0916212,10:0.1016712):0.0168668):0.0479847);
stationary acceptance: 0.176871
symmetric acceptance: 0.0996729
branch length acceptance: 0.843723
avgP: 0.226029 0.221761 0.183954 0.368256
sP: 4.05095e-05 2.99361e-05  6.5382e-05 7.43999e-05
avgS:  0.174312  0.169923 0.0954295 0.0200686  0.526198 0.0140687
sS:   1.678e-05 4.68832e-05 1.48759e-05 5.78511e-06 7.54499e-05 5.89433e-06
0.226029 0.221761 0.183954 0.368256
 0.174312  0.169923 0.0954295 0.0200686  0.526198 0.0140687

-0.972584  0.385597  0.375887    0.2111
 0.393019  -1.62468 0.0452484   1.18641
 0.461862  0.054548  -0.55465 0.0382398
  0.12957  0.714446 0.0191018 -0.863117

GTR Distance Matrix:

       0 0.186986 0.186819 0.200532 0.229315  0.23354 0.259272 0.263734 0.280194 0.281115 0.276336 0.293187 0.304063 0.312603 0.316516 0.330067 0.329049 0.335918 0.333217 0.308715 0.310109  0.32927 0.316258 0.306892 0.301527 0.305054 0.307171 0.259714 0.263973 0.249412  0.24042 0.237804 0.213034  0.19964 0.184147 0.164339
0.186986        0 0.158726 0.185727 0.201491 0.224307 0.243074 0.245894 0.242392 0.249575 0.273911  0.28249 0.311228 0.314213 0.321982 0.319347 0.321405 0.318038 0.327719 0.312701 0.312166 0.317275 0.309056 0.296138 0.304867 0.313311   0.3102 0.286294 0.282793 0.272138  0.26104 0.239911 0.227248 0.211322 0.196186 0.174371
0.186819 0.158726        0 0.160197 0.178307 0.193991 0.224357 0.232602 0.223182 0.246743 0.251938 0.281053 0.297505 0.301026  0.30729 0.305278 0.309277 0.320963 0.325726 0.318333 0.300023 0.321657 0.313609 0.311366 0.318816 0.312567 0.297806 0.274728 0.285063 0.276261  0.25447 0.257596 0.248008 0.218612 0.214545 0.197618
0.200532 0.185727 0.160197        0 0.148782 0.186992 0.196375 0.218148  0.22743 0.231361 0.250758  0.27479 0.286118 0.290326 0.306422 0.318367 0.300372 0.320554 0.312869 0.311091 0.306165 0.315985  0.32116  0.30148 0.290999 0.296338  0.30007 0.278452 0.290297 0.278524 0.266734 0.263374 0.248177 0.231704 0.236903  0.21407
0.229315 0.201491 0.178307 0.148782        0 0.162091 0.204389 0.192843  0.21758 0.217768 0.232352  0.25688 0.277616  0.28605 0.300793 0.311631 0.288091 0.310794 0.306036 0.301854 0.312014 0.319969 0.315319 0.317284 0.305544 0.311482  0.31663 0.292955 0.283361 0.282259  0.27887 0.273608 0.254276 0.226276 0.231618 0.221939
 0.23354 0.224307 0.193991 0.186992 0.162091        0 0.183093 0.198381 0.213728 0.226484 0.222539 0.254789 0.266188 0.277296  0.29416 0.290439 0.294565 0.297714 0.312352 0.298576  0.30347 0.333264 0.333894   0.3177 0.317125 0.309902 0.304682 0.281028 0.272268 0.281086 0.272889 0.281102   0.2609  0.23797  0.23039 0.231635
0.259272 0.243074 0.224357 0.196375 0.204389 0.183093        0 0.179621 0.199414 0.212346 0.215475 0.242413 0.264456 0.271269 0.281214 0.290885 0.296095 0.292044 0.321059 0.298453 0.295901 0.316261 0.317593 0.312652 0.289544 0.295822 0.327098 0.282271 0.285849 0.295128 0.280869 0.296001 0.267424 0.272527 0.266527 0.242658
0.263734 0.245894 0.232602 0.218148 0.192843 0.198381 0.179621        0 0.163295 0.202156 0.197278 0.218198 0.242417 0.246457 0.259402 0.298314 0.269394  0.29713 0.301693 0.275218 0.295315 0.315693 0.324513 0.313047 0.301214 0.331534 0.323514 0.292749 0.293841 0.277588 0.268513 0.284023 0.261353  0.26509 0.261063 0.258044
0.280194 0.242392 0.223182  0.22743  0.21758 0.213728 0.199414 0.163295        0 0.184982 0.202869 0.224882  0.23534 0.254384 0.264106 0.280093  0.27769 0.294047 0.295444 0.288936 0.297473 0.316343  0.33892 0.326562 0.299079  0.32329 0.327468 0.321975 0.295415 0.288153  0.28832 0.269867 0.274898 0.274711 0.278203 0.266253
0.281115 0.249575 0.246743 0.231361 0.217768 0.226484 0.212346 0.202156 0.184982        0  0.17851 0.211459 0.222198 0.234752  0.24922 0.267754 0.273218  0.29023 0.306786 0.294684 0.278683  0.31704 0.319191 0.299762  0.30484 0.327014  0.32246 0.307127 0.295427 0.308304  0.30826 0.285139 0.292596 0.281733 0.271083 0.272058
0.276336 0.273911 0.251938 0.250758 0.232352 0.222539 0.215475 0.197278 0.202869  0.17851        0 0.197066 0.204514 0.214404 0.236754 0.256944 0.253769  0.25662 0.277351 0.276481 0.282561 0.300333 0.301313 0.298396 0.299482 0.307298 0.304824 0.292958 0.288781 0.287925 0.291389 0.286064 0.276373 0.273687 0.267116 0.271453
0.293187  0.28249 0.281053  0.27479  0.25688 0.254789 0.242413 0.218198 0.224882 0.211459 0.197066        0 0.176851 0.194847 0.220772 0.246621 0.256754 0.269692 0.283452 0.292189 0.289887  0.31215 0.321009 0.305531 0.293206 0.314495 0.307825 0.300537 0.289602 0.278855 0.296703 0.296041 0.285876 0.287239 0.267403 0.279314
0.304063 0.311228 0.297505 0.286118 0.277616 0.266188 0.264456 0.242417  0.23534 0.222198 0.204514 0.176851        0  0.16878 0.196379  0.21432 0.226829 0.263001 0.287321    0.271  0.27944 0.303741 0.309419 0.304588 0.303645 0.314889 0.314848  0.29367 0.305971 0.300219 0.304268 0.316978 0.301786 0.301792 0.296472 0.303838
0.312603 0.314213 0.301026 0.290326  0.28605 0.277296 0.271269 0.246457 0.254384 0.234752 0.214404 0.194847  0.16878        0 0.168793 0.206962 0.217333 0.255855  0.26287 0.262979 0.280359 0.297512 0.320252  0.31424 0.309529 0.326051 0.305899 0.310152  0.31705 0.302147 0.313851 0.322844 0.312603 0.305673 0.300263 0.308286
0.316516 0.321982  0.30729 0.306422 0.300793  0.29416 0.281214 0.259402 0.264106  0.24922 0.236754 0.220772 0.196379 0.168793        0 0.187059 0.217336 0.245964  0.24874 0.253424 0.266812 0.282176 0.298415 0.297811 0.292649 0.317793 0.313989 0.309839 0.317834 0.313733 0.304489  0.31687 0.322823 0.315307 0.316864 0.318355
0.330067 0.319347 0.305278 0.318367 0.311631 0.290439 0.290885 0.298314 0.280093 0.267754 0.256944 0.246621  0.21432 0.206962 0.187059        0 0.185566 0.227814 0.240336 0.261866 0.268239 0.295833 0.312367 0.294485 0.314418 0.339032 0.315957 0.313226 0.323542 0.322254 0.316151 0.316333 0.309916 0.337616 0.326985 0.326386
0.329049 0.321405 0.309277 0.300372 0.288091 0.294565 0.296095 0.269394  0.27769 0.273218 0.253769 0.256754 0.226829 0.217333 0.217336 0.185566        0 0.176642 0.200554 0.208497 0.234003 0.262107  0.27865 0.292945 0.295179 0.315925 0.311612 0.301305 0.315869  0.32157 0.319787 0.311912 0.294327 0.303549 0.306547 0.314505
0.335918 0.318038 0.320963 0.320554 0.310794 0.297714 0.292044  0.29713 0.294047  0.29023  0.25662 0.269692 0.263001 0.255855 0.245964 0.227814 0.176642        0 0.167708 0.197131 0.215376 0.233195 0.251641 0.279626 0.299125 0.293606 0.321638 0.307435 0.315299 0.328393 0.321972 0.330218 0.312262 0.308053 0.320027 0.312341
0.333217 0.327719 0.325726 0.312869 0.306036 0.312352 0.321059 0.301693 0.295444 0.306786 0.277351 0.283452 0.287321  0.26287  0.24874 0.240336 0.200554 0.167708        0 0.164683 0.205093 0.229468 0.247809 0.269662 0.289198  0.30386 0.288381 0.299081 0.303299 0.302653 0.307319  0.32065 0.306168 0.301691 0.313962   0.3218
0.308715 0.312701 0.318333 0.311091 0.301854 0.298576 0.298453 0.275218 0.288936 0.294684 0.276481 0.292189    0.271 0.262979 0.253424 0.261866 0.208497 0.197131 0.164683        0 0.174279 0.210372 0.237556 0.250475 0.256578 0.280569  0.28128  0.28531 0.294916 0.299918 0.299753 0.313973  0.31141 0.308006  0.30444 0.299546
0.310109 0.312166 0.300023 0.306165 0.312014  0.30347 0.295901 0.295315 0.297473 0.278683 0.282561 0.289887  0.27944 0.280359 0.266812 0.268239 0.234003 0.215376 0.205093 0.174279        0 0.183156 0.205765 0.231185 0.261766 0.262877   0.3059 0.284915 0.299063 0.291786 0.301103 0.324077 0.307254 0.310096 0.311137 0.298333
 0.32927 0.317275 0.321657 0.315985 0.319969 0.333264 0.316261 0.315693 0.316343  0.31704 0.300333  0.31215 0.303741 0.297512 0.282176 0.295833 0.262107 0.233195 0.229468 0.210372 0.183156        0 0.178518 0.224682 0.238859 0.251633 0.299784 0.283766 0.299733 0.299564 0.305408 0.323258 0.318628 0.318272 0.322125 0.321355
0.316258 0.309056 0.313609  0.32116 0.315319 0.333894 0.317593 0.324513  0.33892 0.319191 0.301313 0.321009 0.309419 0.320252 0.298415 0.312367  0.27865 0.251641 0.247809 0.237556 0.205765 0.178518        0 0.194274 0.215462 0.234957 0.288674 0.286094  0.29179 0.303243  0.28385 0.310996 0.304549 0.299078 0.286058 0.296331
0.306892 0.296138 0.311366  0.30148 0.317284   0.3177 0.312652 0.313047 0.326562 0.299762 0.298396 0.305531 0.304588  0.31424 0.297811 0.294485 0.292945 0.279626 0.269662 0.250475 0.231185 0.224682 0.194274        0  0.19352 0.223422 0.246998 0.252306 0.276929 0.288924 0.293037 0.301345 0.286789 0.301178 0.290328 0.293175
0.301527 0.304867 0.318816 0.290999 0.305544 0.317125 0.289544 0.301214 0.299079  0.30484 0.299482 0.293206 0.303645 0.309529 0.292649 0.314418 0.295179 0.299125 0.289198 0.256578 0.261766 0.238859 0.215462  0.19352        0 0.197514 0.239753 0.238395 0.258418 0.268327 0.274339 0.291369 0.285668 0.287876 0.282906 0.271268
0.305054 0.313311 0.312567 0.296338 0.311482 0.309902 0.295822 0.331534  0.32329 0.327014 0.307298 0.314495 0.314889 0.326051 0.317793 0.339032 0.315925 0.293606  0.30386 0.280569 0.262877 0.251633 0.234957 0.223422 0.197514        0 0.229632 0.229983 0.246319 0.275825 0.295835 0.298461 0.302384 0.303392 0.304526 0.299416
0.307171   0.3102 0.297806  0.30007  0.31663 0.304682 0.327098 0.323514 0.327468  0.32246 0.304824 0.307825 0.314848 0.305899 0.313989 0.315957 0.311612 0.321638 0.288381  0.28128   0.3059 0.299784 0.288674 0.246998 0.239753 0.229632        0 0.218575 0.232224 0.276721 0.266384 0.291686 0.277791 0.293429 0.280587 0.293303
0.259714 0.286294 0.274728 0.278452 0.292955 0.281028 0.282271 0.292749 0.321975 0.307127 0.292958 0.300537  0.29367 0.310152 0.309839 0.313226 0.301305 0.307435 0.299081  0.28531 0.284915 0.283766 0.286094 0.252306 0.238395 0.229983 0.218575        0 0.189467 0.224303 0.243052 0.258073 0.247151  0.26421 0.250273 0.243166
0.263973 0.282793 0.285063 0.290297 0.283361 0.272268 0.285849 0.293841 0.295415 0.295427 0.288781 0.289602 0.305971  0.31705 0.317834 0.323542 0.315869 0.315299 0.303299 0.294916 0.299063 0.299733  0.29179 0.276929 0.258418 0.246319 0.232224 0.189467        0 0.184178 0.205899 0.232632 0.248115  0.25922 0.245919 0.239857
0.249412 0.272138 0.276261 0.278524 0.282259 0.281086 0.295128 0.277588 0.288153 0.308304 0.287925 0.278855 0.300219 0.302147 0.313733 0.322254  0.32157 0.328393 0.302653 0.299918 0.291786 0.299564 0.303243 0.288924 0.268327 0.275825 0.276721 0.224303 0.184178        0 0.180234 0.214417 0.235791 0.227773 0.227074 0.218847
 0.24042  0.26104  0.25447 0.266734  0.27887 0.272889 0.280869 0.268513  0.28832  0.30826 0.291389 0.296703 0.304268 0.313851 0.304489 0.316151 0.319787 0.321972 0.307319 0.299753 0.301103 0.305408  0.28385 0.293037 0.274339 0.295835 0.266384 0.243052 0.205899 0.180234        0 0.169125 0.209026  0.22212 0.214697 0.230097
0.237804 0.239911 0.257596 0.263374 0.273608 0.281102 0.296001 0.284023 0.269867 0.285139 0.286064 0.296041 0.316978 0.322844  0.31687 0.316333 0.311912 0.330218  0.32065 0.313973 0.324077 0.323258 0.310996 0.301345 0.291369 0.298461 0.291686 0.258073 0.232632 0.214417 0.169125        0 0.172013 0.201499 0.197602 0.206737
0.213034 0.227248 0.248008 0.248177 0.254276   0.2609 0.267424 0.261353 0.274898 0.292596 0.276373 0.285876 0.301786 0.312603 0.322823 0.309916 0.294327 0.312262 0.306168  0.31141 0.307254 0.318628 0.304549 0.286789 0.285668 0.302384 0.277791 0.247151 0.248115 0.235791 0.209026 0.172013        0 0.176735 0.184583 0.183676
 0.19964 0.211322 0.218612 0.231704 0.226276  0.23797 0.272527  0.26509 0.274711 0.281733 0.273687 0.287239 0.301792 0.305673 0.315307 0.337616 0.303549 0.308053 0.301691 0.308006 0.310096 0.318272 0.299078 0.301178 0.287876 0.303392 0.293429  0.26421  0.25922 0.227773  0.22212 0.201499 0.176735        0 0.147633 0.164632
0.184147 0.196186 0.214545 0.236903 0.231618  0.23039 0.266527 0.261063 0.278203 0.271083 0.267116 0.267403 0.296472 0.300263 0.316864 0.326985 0.306547 0.320027 0.313962  0.30444 0.311137 0.322125 0.286058 0.290328 0.282906 0.304526 0.280587 0.250273 0.245919 0.227074 0.214697 0.197602 0.184583 0.147633        0   0.1449
0.164339 0.174371 0.197618  0.21407 0.221939 0.231635 0.242658 0.258044 0.266253 0.272058 0.271453 0.279314 0.303838 0.308286 0.318355 0.326386 0.314505 0.312341   0.3218 0.299546 0.298333 0.321355 0.296331 0.293175 0.271268 0.299416 0.293303 0.243166 0.239857 0.218847 0.230097 0.206737 0.183676 0.164632   0.1449        0

Seed = 772814992
Seeds per core: 
     2622134222
      801325584
      411379914
      989598000
     3574683952
       54654040
     2418747917
     1083089899
      620506591
     3466750743
     4282733681
     2375280404
      125528993
      627975365
     1624412119
      117345241
ESS = 245.24, or 24.52 percent.
Times: 
MCMC: 2844 seconds
Bootstrap: 0 seconds
Estimate ccdprobs from bootstrap: 0 seconds
Importance sampling: 3202 seconds
