Pi: 0.213184 0.251257  0.29557 0.239989
S: 0.0832995  0.149114 0.0649075  0.251494  0.345766  0.105419
