Pi: 0.241703 0.256221 0.187508 0.314569
S:  0.361685  0.160148  0.112602 0.0365849  0.304506 0.0244736
