
Alignment summary:
Cassowary: -=63 A=2729 C=2847 G=1916 R=1647 T=2973 Y=2015
Emu: -=6 A=2724 C=2859 G=1940 R=1640 T=2999 Y=2022
EasternMoa: -=15 A=2703 C=2870 G=1952 R=1625 T=2989 Y=2036
lbmoa: -=62 A=2670 C=2858 G=1959 R=1585 T=2979 Y=2077
Dinornis: -=52 A=2691 C=2841 G=1951 R=1597 T=2993 Y=2065
gskiwi: -=37 A=2714 C=2876 G=1917 R=1609 T=2985 Y=2052
BrownKiwi: -=21 A=2721 C=2851 G=1939 R=1602 T=2997 Y=2059
LSKiwi: -=23 A=2744 C=2870 G=1933 R=1601 T=2960 Y=2059
GreatRhea: -=23 A=2724 C=2852 G=1941 N=1 R=1608 T=2990 Y=2051
LesserRhea: -=40 A=2725 C=2873 G=1920 R=1588 T=2985 Y=2059
Ostrich: -=79 A=2725 C=2856 G=1914 N=1 R=1606 T=2971 Y=2038
BrushTurkey: -=79 A=2740 C=2861 G=1899 R=1612 T=2967 Y=2032
Chicken: -=62 A=2740 C=2896 G=1929 R=1578 T=2961 Y=2024
magpiegoose: -=65 A=2716 C=2903 G=1939 R=1574 T=2966 Y=2027
duck: -=62 A=2691 C=2865 G=1919 R=1603 T=2997 Y=2053
oystercatcher: -=22 A=2741 C=2878 G=1914 R=1614 T=2973 Y=2048
turnstone: -=2 A=2727 C=2852 G=1949 R=1592 T=2998 Y=2070
LBPenguin: -=1 A=2693 C=2870 G=1961 R=1611 T=3003 Y=2051
GaviaStellata: -=7 A=2743 C=2862 G=1944 R=1598 T=2973 Y=2063
Alligator: -=9 A=2715 C=2899 G=1952 R=1583 T=2953 Y=2079
Caiman: -=22 A=2744 C=2849 G=1927 R=1610 T=2987 Y=2051
Gtinamou: -=20 A=2722 C=2872 G=1963 R=1614 T=2954 Y=2045
ECtinamou: -=51 A=2680 C=2871 G=1943 R=1602 T=2985 Y=2058
Crypturellus: -=67 A=2727 C=2863 G=1922 R=1628 T=2950 Y=2033

Seed = 1125011501
Jukes-Cantor Distance Matrix:

        0 0.0808816  0.105771  0.109625  0.119906  0.120845  0.123009  0.116284  0.117514  0.121946  0.122983  0.124217  0.127183  0.128229   0.12756  0.124616  0.125712  0.123893  0.118675  0.123771  0.116897   0.11083  0.101961 0.0805258
0.0808816         0 0.0792213  0.100845  0.113967   0.11734  0.117035  0.115157  0.113826  0.116761  0.114419  0.121118  0.127896  0.128261  0.128162  0.122646  0.124634  0.117695  0.118312  0.120356  0.119611  0.112893  0.108726  0.103078
 0.105771 0.0792213         0   0.07935  0.107524   0.11621  0.119027  0.116475  0.116141  0.117861  0.115071  0.117405  0.122606  0.129045  0.131225  0.127138  0.125524   0.12058  0.117964  0.122695  0.121949  0.119102  0.113915  0.112112
 0.109625  0.100845   0.07935         0 0.0828575  0.108322  0.114139  0.113148  0.116495  0.118111  0.115421  0.120132  0.124796  0.128556    0.1312  0.126188   0.12683   0.12467  0.123043  0.123194  0.124703  0.119695  0.114929  0.112447
 0.119906  0.113967  0.107524 0.0828575         0 0.0852188  0.103188  0.112809  0.113019  0.115529  0.115301  0.118768   0.12444  0.128082  0.131519  0.126962  0.125681  0.128835  0.126638  0.126903   0.12831  0.125877  0.119969  0.117368
 0.120845   0.11734   0.11621  0.108322 0.0852188         0 0.0843829  0.106103  0.112068  0.119012  0.113547  0.117673  0.124122  0.128548  0.131185  0.127883  0.127617  0.127716  0.124398  0.128615  0.128889  0.127363  0.120557  0.119532
 0.123009  0.117035  0.119027  0.114139  0.103188 0.0843829         0 0.0832061  0.102642  0.110922  0.108564  0.114796  0.120555  0.125966  0.127442  0.127557  0.128647  0.127617  0.121836  0.128288  0.127091   0.12591   0.12002   0.12022
 0.116284  0.115157  0.116475  0.113148  0.112809  0.106103 0.0832061         0 0.0804503 0.0984401 0.0994277  0.107888  0.119116  0.122159  0.121581  0.119138  0.122807  0.123804  0.120058  0.122447  0.125187  0.119524  0.115223  0.115761
 0.117514  0.113826  0.116141  0.116495  0.113019  0.112068  0.102642 0.0804503         0 0.0759292 0.0985944  0.109546  0.118112  0.123281  0.121694  0.119586  0.120456   0.11955  0.117269  0.123232   0.12654  0.125022  0.117456  0.118223
 0.121946  0.116761  0.117861  0.118111  0.115529  0.119012  0.110922 0.0984401 0.0759292         0  0.076137 0.0988431  0.113382  0.116403  0.119608  0.118964  0.119165  0.120269  0.118098  0.125308  0.127949  0.123161  0.119185  0.121533
 0.122983  0.114419  0.115071  0.115421  0.115301  0.113547  0.108564 0.0994277 0.0985944  0.076137         0 0.0737663 0.0979674  0.107083  0.112553  0.113159  0.114928  0.115028  0.114642  0.119596  0.119745  0.118237  0.112806  0.120646
 0.124217  0.121118  0.117405  0.120132  0.118768  0.117673  0.114796  0.107888  0.109546 0.0988431 0.0737663         0  0.079246 0.0986311  0.110313   0.10904  0.115251  0.114459  0.114741   0.12228  0.119733  0.119795  0.116149  0.120069
 0.127183  0.127896  0.122606  0.124796   0.12444  0.124122  0.120555  0.119116  0.118112  0.113382 0.0979674  0.079246         0 0.0783712  0.106555  0.113569  0.120108  0.118203  0.115708  0.120865  0.122807  0.122196  0.120581  0.125864
 0.128229  0.128261  0.129045  0.128556  0.128082  0.128548  0.125966  0.122159  0.123281  0.116403  0.107083 0.0986311 0.0783712         0  0.082939  0.108293  0.116239  0.115562  0.118399  0.122344  0.126092  0.124128  0.121615  0.125778
  0.12756  0.128162  0.131225    0.1312  0.131519  0.131185  0.127442  0.121581  0.121694  0.119608  0.112553  0.110313  0.106555  0.082939         0 0.0838387  0.106775  0.114623  0.116242  0.121655  0.125077  0.124912   0.12465    0.1276
 0.124616  0.122646  0.127138  0.126188  0.126962  0.127883  0.127557  0.119138  0.119586  0.118964  0.113159   0.10904  0.113569  0.108293 0.0838387         0   0.08063  0.103983  0.113283  0.118767  0.120817  0.119089  0.121393  0.123751
 0.125712  0.124634  0.125524   0.12683  0.125681  0.127617  0.128647  0.122807  0.120456  0.119165  0.114928  0.115251  0.120108  0.116239  0.106775   0.08063         0 0.0845881  0.109302  0.117521  0.122582  0.121524  0.120917  0.124622
 0.123893  0.117695   0.12058   0.12467  0.128835  0.127716  0.127617  0.123804   0.11955  0.120269  0.115028  0.114459  0.118203  0.115562  0.114623  0.103983 0.0845881         0 0.0812335  0.104719  0.117543  0.120952  0.121914  0.121118
 0.118675  0.118312  0.117964  0.123043  0.126638  0.124398  0.121836  0.120058  0.117269  0.118098  0.114642  0.114741  0.115708  0.118399  0.116242  0.113283  0.109302 0.0812335         0 0.0806387  0.105339  0.115887  0.112477  0.115135
 0.123771  0.120356  0.122695  0.123194  0.126903  0.128615  0.128288  0.122447  0.123232  0.125308  0.119596   0.12228  0.120865  0.122344  0.121655  0.118767  0.117521  0.104719 0.0806387         0   0.08331  0.109725  0.113955  0.116734
 0.116897  0.119611  0.121949  0.124703   0.12831  0.128889  0.127091  0.125187   0.12654  0.127949  0.119745  0.119733  0.122807  0.126092  0.125077  0.120817  0.122582  0.117543  0.105339   0.08331         0 0.0834808  0.104484  0.114732
  0.11083  0.112893  0.119102  0.119695  0.125877  0.127363   0.12591  0.119524  0.125022  0.123161  0.118237  0.119795  0.122196  0.124128  0.124912  0.119089  0.121524  0.120952  0.115887  0.109725 0.0834808         0 0.0815044  0.103634
 0.101961  0.108726  0.113915  0.114929  0.119969  0.120557   0.12002  0.115223  0.117456  0.119185  0.112806  0.116149  0.120581  0.121615   0.12465  0.121393  0.120917  0.121914  0.112477  0.113955  0.104484 0.0815044         0 0.0813742
0.0805258  0.103078  0.112112  0.112447  0.117368  0.119532   0.12022  0.115761  0.118223  0.121533  0.120646  0.120069  0.125864  0.125778    0.1276  0.123751  0.124622  0.121118  0.115135  0.116734  0.114732  0.103634 0.0813742         0


JC Tree topology:
(1,((2,(3,4)),((((5,6),(7,8)),((9,10),(11,12))),(((((13,14),15),(16,17)),(18,19)),((20,21),(22,23))))),24);

Putting MLE Branch Lengths
p: 0.258951
 0.27302
0.184317
0.283712
s:  0.156725
 0.226076
  0.11542
 0.046115
 0.412473
0.0431917
Q: -0.961997  0.302614  0.436522  0.222861
 0.287021  -1.12686 0.0844534  0.755388
 0.613281  0.125097 -0.855545  0.117167
 0.203411  0.726922 0.0761189  -1.00645
(19:0.0564568,18:0.0658760,(((((13:0.0528401,14:0.0620504):0.0276294,(12:0.0521221,11:0.0638207):0.0290080):0.0166711,(15:0.0731498,(17:0.0740382,16:0.0527008):0.0270590):0.0221937):0.0151230,(((5:0.0831931,(6:0.0610875,7:0.0665865):0.0248524):0.0233167,((9:0.0531492,10:0.0663807):0.0303067,8:0.0722107):0.0215146):0.0168175,(((3:0.0581299,4:0.0747320):0.0261007,2:0.0762551):0.0232302,((1:0.0674599,24:0.0602316):0.0264388,(23:0.0560876,22:0.0750162):0.0334981):0.0183115):0.0143322):0.0180993):0.0233448,(20:0.0555777,21:0.0710097):0.0332471):0.0273610);
stationary acceptance: 0.296555
symmetric acceptance: 0.320318
branch length acceptance: 0.666261
avgP: 0.241571 0.257202 0.187143 0.314085
sP: 1.57497e-05 9.81445e-06  1.5476e-05 1.19337e-05
avgS:  0.362401  0.158767   0.11114 0.0374763  0.305708 0.0245074
sS: 0.000155349 1.07926e-05 2.29127e-05 1.53993e-05 4.10937e-05 3.30029e-06
0.241571 0.257202 0.187143 0.314085
 0.362401  0.158767   0.11114 0.0374763  0.305708 0.0245074

 -1.30874  0.750092  0.328614  0.230036
 0.704508  -1.37166  0.072854  0.594296
 0.424187  0.100128 -0.589793 0.0654779
 0.176927  0.486665  0.039014 -0.702606

GTR Distance Matrix:

        0 0.0800189  0.105287  0.109467  0.119493  0.120642  0.123025  0.115664  0.117205  0.121347  0.122477  0.123628  0.126559   0.12799  0.127506  0.124243  0.125498  0.123495  0.118318    0.1236  0.116828  0.110451  0.101317 0.0794968
0.0800189         0 0.0784414   0.10061  0.113817   0.11752  0.117069  0.114785   0.11372  0.116454  0.113972  0.120678  0.127394   0.12831   0.12812  0.122505  0.124498  0.117452  0.118059  0.120419   0.11999  0.112919  0.108347  0.102347
 0.105287 0.0784414         0 0.0786751  0.107222  0.116215  0.119056  0.116107  0.115984   0.11739  0.114631  0.116993  0.122205  0.129133  0.131312  0.127235  0.125574  0.120529  0.117846  0.122496  0.122277  0.119214  0.113604  0.111623
 0.109467   0.10061 0.0786751         0   0.08238  0.108353  0.114332  0.113099  0.116731  0.117988  0.115164  0.119947  0.124552  0.128819  0.131669  0.126561  0.127188  0.125056  0.123371  0.123235  0.125276  0.120035  0.114867  0.112301
 0.119493  0.113817  0.107222   0.08238         0 0.0847443  0.103185  0.112489  0.112906  0.115327  0.114893  0.118317  0.124029  0.128203  0.131799  0.126998  0.125784  0.129031    0.1267  0.127032  0.128662  0.126073  0.119788  0.117078
 0.120642   0.11752  0.116215  0.108353 0.0847443         0 0.0836663  0.105676  0.111791  0.118724  0.113058  0.117192  0.123776  0.128649  0.131429  0.127846  0.127663  0.127906  0.124745  0.129086  0.129538  0.127863  0.120698  0.119412
 0.123025  0.117069  0.119056  0.114332  0.103185 0.0836663         0    0.0825  0.102351  0.110439  0.108044  0.114416  0.120192  0.125938  0.127634  0.127596  0.128731   0.12794  0.122109  0.128835  0.127711  0.126402  0.119978   0.12004
 0.115664  0.114785  0.116107  0.113099  0.112489  0.105676    0.0825         0 0.0794971 0.0976658 0.0985209  0.107062   0.11819  0.121714  0.121302  0.118796   0.12245  0.123533  0.119858  0.122507   0.12537  0.119587  0.114904   0.11514
 0.117205   0.11372  0.115984  0.116731  0.112906  0.111791  0.102351 0.0794971         0 0.0751828 0.0978724  0.108794  0.117349  0.122927  0.121537  0.119255  0.120282  0.119493  0.117225  0.123463  0.126876  0.125245  0.117262  0.117961
 0.121347  0.116454   0.11739  0.117988  0.115327  0.118724  0.110439 0.0976658 0.0751828         0 0.0751511 0.0979522  0.112389  0.115906  0.119252  0.118524   0.11878  0.119927  0.117772  0.125211  0.127944  0.122982  0.118742  0.121005
 0.122477  0.113972  0.114631  0.115164  0.114893  0.113058  0.108044 0.0985209 0.0978724 0.0751511         0 0.0726751 0.0969733  0.106551  0.112154  0.112627  0.114438  0.114641  0.114334  0.119318  0.119767  0.118116  0.112463   0.12006
 0.123628  0.120678  0.116993  0.119947  0.118317  0.117192  0.114416  0.107062  0.108794 0.0979522 0.0726751         0 0.0780667 0.0980084  0.109821  0.108434  0.114637  0.113821  0.114229  0.121904  0.119526  0.119689  0.115777  0.119455
 0.126559  0.127394  0.122205  0.124552  0.124029  0.123776  0.120192   0.11819  0.117349  0.112389 0.0969733 0.0780667         0 0.0775525   0.10594  0.112714  0.119393  0.117484  0.115108  0.120446  0.122484  0.121808  0.120095  0.125139
  0.12799   0.12831  0.129133  0.128819  0.128203  0.128649  0.125938  0.121714  0.122927  0.115906  0.106551 0.0980084 0.0775525         0 0.0820552  0.107688  0.115731   0.11508  0.118025  0.122101  0.126015  0.123948  0.121515  0.125589
 0.127506   0.12812  0.131312  0.131669  0.131799  0.131429  0.127634  0.121302  0.121537  0.119252  0.112154  0.109821   0.10594 0.0820552         0 0.0829338  0.106325  0.114112  0.116007  0.121547  0.125163  0.124976   0.12468  0.127479
 0.124243  0.122505  0.127235  0.126561  0.126998  0.127846  0.127596  0.118796  0.119255  0.118524  0.112627  0.108434  0.112714  0.107688 0.0829338         0 0.0796675  0.103211  0.112834   0.11857  0.120713  0.119043  0.121157  0.123135
 0.125498  0.124498  0.125574  0.127188  0.125784  0.127663  0.128731   0.12245  0.120282   0.11878  0.114438  0.114637  0.119393  0.115731  0.106325 0.0796675         0 0.0838328   0.10884  0.117425  0.122557  0.121573  0.120952  0.124443
 0.123495  0.117452  0.120529  0.125056  0.129031  0.127906   0.12794  0.123533  0.119493  0.119927  0.114641  0.113821  0.117484   0.11508  0.114112  0.103211 0.0838328         0 0.0806269  0.104383  0.117454  0.120855  0.121888   0.12084
 0.118318  0.118059  0.117846  0.123371    0.1267  0.124745  0.122109  0.119858  0.117225  0.117772  0.114334  0.114229  0.115108  0.118025  0.116007  0.112834   0.10884 0.0806269         0 0.0797433  0.105196   0.11583   0.11211  0.114644
   0.1236  0.120419  0.122496  0.123235  0.127032  0.129086  0.128835  0.122507  0.123463  0.125211  0.119318  0.121904  0.120446  0.122101  0.121547   0.11857  0.117425  0.104383 0.0797433         0 0.0825826  0.109678  0.113822  0.116312
 0.116828   0.11999  0.122277  0.125276  0.128662  0.129538  0.127711   0.12537  0.126876  0.127944  0.119767  0.119526  0.122484  0.126015  0.125163  0.120713  0.122557  0.117454  0.105196 0.0825826         0 0.0828515  0.104309  0.114197
 0.110451  0.112919  0.119214  0.120035  0.126073  0.127863  0.126402  0.119587  0.125245  0.122982  0.118116  0.119689  0.121808  0.123948  0.124976  0.119043  0.121573  0.120855   0.11583  0.109678 0.0828515         0 0.0810214  0.103227
 0.101317  0.108347  0.113604  0.114867  0.119788  0.120698  0.119978  0.114904  0.117262  0.118742  0.112463  0.115777  0.120095  0.121515   0.12468  0.121157  0.120952  0.121888   0.11211  0.113822  0.104309 0.0810214         0 0.0805934
0.0794968  0.102347  0.111623  0.112301  0.117078  0.119412   0.12004   0.11514  0.117961  0.121005   0.12006  0.119455  0.125139  0.125589  0.127479  0.123135  0.124443   0.12084  0.114644  0.116312  0.114197  0.103227 0.0805934         0

Seed = 2139261570
Seeds per core: 
     2457018781
     1256274085
     3708020364
     1706494082
     1038462267
      450613626
     4189993766
      663277723
     3518169079
     1175714762
     1820067571
     1223657430
     3903151347
     2810328053
     3030821486
     4232308003
ESS = 70.18, or 7.02 percent.
Times: 
MCMC: 9458 seconds
Bootstrap: 0 seconds
Estimate ccdprobs from bootstrap: 0 seconds
Importance sampling: 10644 seconds
