Pi: 0.268859 0.215693 0.270673 0.244775
S: 0.0836078  0.241841  0.144376 0.0771715  0.334992  0.118011
