Pi: 0.214896 0.254647 0.290551 0.239906
S: 0.0854082  0.147958 0.0666083  0.252116  0.341246  0.106664
