Pi: 0.274024 0.211905 0.271765 0.242305
S: 0.0862208  0.246149  0.142148 0.0787073  0.327715   0.11906
