Pi: 0.232182 0.223193 0.177155  0.36747
S:  0.183984   0.15877  0.116266  0.026135  0.494589 0.0202559
