Pi: 0.273813 0.211939 0.271945 0.242303
S: 0.0857624  0.244329  0.143641 0.0799126  0.328423  0.117932
