Pi: 0.269202 0.216788  0.26863  0.24538
S:  0.085352  0.240065  0.144402 0.0771149  0.335206   0.11786
