
Alignment summary:
Cassowary: -=63 A=2729 C=2847 G=1916 R=1647 T=2973 Y=2015
Emu: -=6 A=2724 C=2859 G=1940 R=1640 T=2999 Y=2022
EasternMoa: -=15 A=2703 C=2870 G=1952 R=1625 T=2989 Y=2036
lbmoa: -=62 A=2670 C=2858 G=1959 R=1585 T=2979 Y=2077
Dinornis: -=52 A=2691 C=2841 G=1951 R=1597 T=2993 Y=2065
gskiwi: -=37 A=2714 C=2876 G=1917 R=1609 T=2985 Y=2052
BrownKiwi: -=21 A=2721 C=2851 G=1939 R=1602 T=2997 Y=2059
LSKiwi: -=23 A=2744 C=2870 G=1933 R=1601 T=2960 Y=2059
GreatRhea: -=23 A=2724 C=2852 G=1941 N=1 R=1608 T=2990 Y=2051
LesserRhea: -=40 A=2725 C=2873 G=1920 R=1588 T=2985 Y=2059
Ostrich: -=79 A=2725 C=2856 G=1914 N=1 R=1606 T=2971 Y=2038
BrushTurkey: -=79 A=2740 C=2861 G=1899 R=1612 T=2967 Y=2032
Chicken: -=62 A=2740 C=2896 G=1929 R=1578 T=2961 Y=2024
magpiegoose: -=65 A=2716 C=2903 G=1939 R=1574 T=2966 Y=2027
duck: -=62 A=2691 C=2865 G=1919 R=1603 T=2997 Y=2053
oystercatcher: -=22 A=2741 C=2878 G=1914 R=1614 T=2973 Y=2048
turnstone: -=2 A=2727 C=2852 G=1949 R=1592 T=2998 Y=2070
LBPenguin: -=1 A=2693 C=2870 G=1961 R=1611 T=3003 Y=2051
GaviaStellata: -=7 A=2743 C=2862 G=1944 R=1598 T=2973 Y=2063
Alligator: -=9 A=2715 C=2899 G=1952 R=1583 T=2953 Y=2079
Caiman: -=22 A=2744 C=2849 G=1927 R=1610 T=2987 Y=2051
Gtinamou: -=20 A=2722 C=2872 G=1963 R=1614 T=2954 Y=2045
ECtinamou: -=51 A=2680 C=2871 G=1943 R=1602 T=2985 Y=2058
Crypturellus: -=67 A=2727 C=2863 G=1922 R=1628 T=2950 Y=2033

Seed = 524821035

Jukes-Cantor Distance Matrix:

        0 0.0808816  0.105771  0.109625  0.119906  0.120845  0.123009  0.116284  0.117514  0.121946  0.122983  0.124217  0.127183  0.128229   0.12756  0.124616  0.125712  0.123893  0.118675  0.123771  0.116897   0.11083  0.101961 0.0805258
0.0808816         0 0.0792213  0.100845  0.113967   0.11734  0.117035  0.115157  0.113826  0.116761  0.114419  0.121118  0.127896  0.128261  0.128162  0.122646  0.124634  0.117695  0.118312  0.120356  0.119611  0.112893  0.108726  0.103078
 0.105771 0.0792213         0   0.07935  0.107524   0.11621  0.119027  0.116475  0.116141  0.117861  0.115071  0.117405  0.122606  0.129045  0.131225  0.127138  0.125524   0.12058  0.117964  0.122695  0.121949  0.119102  0.113915  0.112112
 0.109625  0.100845   0.07935         0 0.0828575  0.108322  0.114139  0.113148  0.116495  0.118111  0.115421  0.120132  0.124796  0.128556    0.1312  0.126188   0.12683   0.12467  0.123043  0.123194  0.124703  0.119695  0.114929  0.112447
 0.119906  0.113967  0.107524 0.0828575         0 0.0852188  0.103188  0.112809  0.113019  0.115529  0.115301  0.118768   0.12444  0.128082  0.131519  0.126962  0.125681  0.128835  0.126638  0.126903   0.12831  0.125877  0.119969  0.117368
 0.120845   0.11734   0.11621  0.108322 0.0852188         0 0.0843829  0.106103  0.112068  0.119012  0.113547  0.117673  0.124122  0.128548  0.131185  0.127883  0.127617  0.127716  0.124398  0.128615  0.128889  0.127363  0.120557  0.119532
 0.123009  0.117035  0.119027  0.114139  0.103188 0.0843829         0 0.0832061  0.102642  0.110922  0.108564  0.114796  0.120555  0.125966  0.127442  0.127557  0.128647  0.127617  0.121836  0.128288  0.127091   0.12591   0.12002   0.12022
 0.116284  0.115157  0.116475  0.113148  0.112809  0.106103 0.0832061         0 0.0804503 0.0984401 0.0994277  0.107888  0.119116  0.122159  0.121581  0.119138  0.122807  0.123804  0.120058  0.122447  0.125187  0.119524  0.115223  0.115761
 0.117514  0.113826  0.116141  0.116495  0.113019  0.112068  0.102642 0.0804503         0 0.0759292 0.0985944  0.109546  0.118112  0.123281  0.121694  0.119586  0.120456   0.11955  0.117269  0.123232   0.12654  0.125022  0.117456  0.118223
 0.121946  0.116761  0.117861  0.118111  0.115529  0.119012  0.110922 0.0984401 0.0759292         0  0.076137 0.0988431  0.113382  0.116403  0.119608  0.118964  0.119165  0.120269  0.118098  0.125308  0.127949  0.123161  0.119185  0.121533
 0.122983  0.114419  0.115071  0.115421  0.115301  0.113547  0.108564 0.0994277 0.0985944  0.076137         0 0.0737663 0.0979674  0.107083  0.112553  0.113159  0.114928  0.115028  0.114642  0.119596  0.119745  0.118237  0.112806  0.120646
 0.124217  0.121118  0.117405  0.120132  0.118768  0.117673  0.114796  0.107888  0.109546 0.0988431 0.0737663         0  0.079246 0.0986311  0.110313   0.10904  0.115251  0.114459  0.114741   0.12228  0.119733  0.119795  0.116149  0.120069
 0.127183  0.127896  0.122606  0.124796   0.12444  0.124122  0.120555  0.119116  0.118112  0.113382 0.0979674  0.079246         0 0.0783712  0.106555  0.113569  0.120108  0.118203  0.115708  0.120865  0.122807  0.122196  0.120581  0.125864
 0.128229  0.128261  0.129045  0.128556  0.128082  0.128548  0.125966  0.122159  0.123281  0.116403  0.107083 0.0986311 0.0783712         0  0.082939  0.108293  0.116239  0.115562  0.118399  0.122344  0.126092  0.124128  0.121615  0.125778
  0.12756  0.128162  0.131225    0.1312  0.131519  0.131185  0.127442  0.121581  0.121694  0.119608  0.112553  0.110313  0.106555  0.082939         0 0.0838387  0.106775  0.114623  0.116242  0.121655  0.125077  0.124912   0.12465    0.1276
 0.124616  0.122646  0.127138  0.126188  0.126962  0.127883  0.127557  0.119138  0.119586  0.118964  0.113159   0.10904  0.113569  0.108293 0.0838387         0   0.08063  0.103983  0.113283  0.118767  0.120817  0.119089  0.121393  0.123751
 0.125712  0.124634  0.125524   0.12683  0.125681  0.127617  0.128647  0.122807  0.120456  0.119165  0.114928  0.115251  0.120108  0.116239  0.106775   0.08063         0 0.0845881  0.109302  0.117521  0.122582  0.121524  0.120917  0.124622
 0.123893  0.117695   0.12058   0.12467  0.128835  0.127716  0.127617  0.123804   0.11955  0.120269  0.115028  0.114459  0.118203  0.115562  0.114623  0.103983 0.0845881         0 0.0812335  0.104719  0.117543  0.120952  0.121914  0.121118
 0.118675  0.118312  0.117964  0.123043  0.126638  0.124398  0.121836  0.120058  0.117269  0.118098  0.114642  0.114741  0.115708  0.118399  0.116242  0.113283  0.109302 0.0812335         0 0.0806387  0.105339  0.115887  0.112477  0.115135
 0.123771  0.120356  0.122695  0.123194  0.126903  0.128615  0.128288  0.122447  0.123232  0.125308  0.119596   0.12228  0.120865  0.122344  0.121655  0.118767  0.117521  0.104719 0.0806387         0   0.08331  0.109725  0.113955  0.116734
 0.116897  0.119611  0.121949  0.124703   0.12831  0.128889  0.127091  0.125187   0.12654  0.127949  0.119745  0.119733  0.122807  0.126092  0.125077  0.120817  0.122582  0.117543  0.105339   0.08331         0 0.0834808  0.104484  0.114732
  0.11083  0.112893  0.119102  0.119695  0.125877  0.127363   0.12591  0.119524  0.125022  0.123161  0.118237  0.119795  0.122196  0.124128  0.124912  0.119089  0.121524  0.120952  0.115887  0.109725 0.0834808         0 0.0815044  0.103634
 0.101961  0.108726  0.113915  0.114929  0.119969  0.120557   0.12002  0.115223  0.117456  0.119185  0.112806  0.116149  0.120581  0.121615   0.12465  0.121393  0.120917  0.121914  0.112477  0.113955  0.104484 0.0815044         0 0.0813742
0.0805258  0.103078  0.112112  0.112447  0.117368  0.119532   0.12022  0.115761  0.118223  0.121533  0.120646  0.120069  0.125864  0.125778    0.1276  0.123751  0.124622  0.121118  0.115135  0.116734  0.114732  0.103634 0.0813742         0


JC Tree topology:
(1,((2,(3,4)),((((5,6),(7,8)),((9,10),(11,12))),(((((13,14),15),(16,17)),(18,19)),((20,21),(22,23))))),24);

Putting MLE Branch Lengths
p: 0.258951  0.27302 0.184317 0.283712
s:  0.156725  0.226076   0.11542  0.046115  0.412473 0.0431917
Q: 
-0.961997  0.302614  0.436522  0.222861
 0.287021  -1.12686 0.0844534  0.755388
 0.613281  0.125097 -0.855545  0.117167
 0.203411  0.726922 0.0761189  -1.00645

(15:0.0685305,((17:0.0686628,16:0.0580414):0.0289764,((19:0.0639689,18:0.0583937):0.0349067,(((20:0.0662974,21:0.0602602):0.0328574,(22:0.0637193,23:0.0673542):0.0323496):0.0155818,(((2:0.0722556,(3:0.0573238,4:0.0755611):0.0282211):0.0196638,(24:0.0666165,1:0.0613574):0.0351704):0.0178689,(((10:0.0531010,9:0.0666947):0.0293464,(11:0.0508264,12:0.0654429):0.0298593):0.0198192,((5:0.0709679,6:0.0598451):0.0349504,(8:0.0669895,7:0.0614136):0.0269102):0.0173707):0.0183719):0.0160162):0.0142583):0.0146197):0.0242039,(13:0.0672186,14:0.0476989):0.0313371);
Seed = 2987977307
Seeds per chain: 
     3005133279
     3363594690
     3407620067
     1928078973
stationary acceptance: 0.0151479
symmetric acceptance: 0.010628
branch length acceptance: 0.00854732
avgP: 0.241459 0.256463 0.187252 0.314826
sP: 1.04699e-05 1.14667e-05 1.16539e-05 1.38072e-05
avgS:  0.359963  0.159837  0.111674  0.037074  0.306368 0.0250835
sS:  0.00046114 4.34355e-05 2.22756e-05 1.76225e-05 8.14485e-05 1.15533e-05
0.241459 0.256463 0.187252 0.314826
 0.359963  0.159837  0.111674  0.037074  0.306368 0.0250835

 -1.30762  0.745392  0.330982   0.23125
 0.701783  -1.37136 0.0722795  0.597295
 0.426797 0.0989951  -0.59277  0.066978
 0.177359  0.486567  0.039837 -0.703763

stationary acceptance: 0.254574
symmetric acceptance: 0.262307
branch length acceptance: 0.440921
avgP: 0.241505  0.25646 0.187266 0.314769
sP: 1.02185e-05 1.09242e-05 1.13607e-05 1.33741e-05
avgS:  0.360102  0.159889  0.111708 0.0370348  0.306214 0.0250528
sS: 0.000447684 4.17743e-05 2.15246e-05 1.72336e-05 8.11234e-05 1.09132e-05
0.241505  0.25646 0.187266 0.314769
 0.360102  0.159889  0.111708 0.0370348  0.306214 0.0250528

 -1.30784  0.745536  0.331026  0.231275
 0.702062  -1.37127  0.072204  0.597001
 0.426903  0.098883 -0.592677 0.0668911
 0.177445   0.48641 0.0397956  -0.70365

stationary acceptance: 0.0140397
symmetric acceptance: 0.0153543
branch length acceptance: 0.0129967
avgP: 0.241519 0.256436 0.187269 0.314777
sP: 9.93135e-06 1.12502e-05 1.13423e-05 1.34201e-05
avgS:  0.360113  0.159882  0.111721  0.037029  0.306206 0.0250487
sS: 0.000442167 4.09652e-05 2.19205e-05 1.69798e-05 8.13184e-05 1.06241e-05
0.241519 0.256436 0.187269 0.314777
 0.360113  0.159882  0.111721  0.037029  0.306206 0.0250487

  -1.3078  0.745518  0.330993  0.231289
 0.702149  -1.37139 0.0721993  0.597042
 0.426878  0.098866 -0.592624  0.066879
 0.177461  0.486387 0.0397881 -0.703636

stationary acceptance: 0.0124094
symmetric acceptance: 0.0161067
branch length acceptance: 0.0119269
avgP: 0.241513 0.256447 0.187259 0.314781
sP: 9.88913e-06 1.14693e-05 1.14709e-05 1.31329e-05
avgS:  0.360144  0.159873  0.111723 0.0370343  0.306169 0.0250566
sS: 0.000435916 4.10832e-05 2.19568e-05 1.69933e-05 7.66784e-05 1.08891e-05
0.241513 0.256447 0.187259 0.314781
 0.360144  0.159873  0.111723 0.0370343  0.306169 0.0250566

 -1.30788  0.745599  0.330983  0.231298
 0.702182  -1.37133 0.0722066  0.596944
 0.426878 0.0988851 -0.592666 0.0669035
 0.177461   0.48632    0.0398 -0.703582

stationary acceptance: 0.248834
symmetric acceptance: 0.274705
branch length acceptance: 0.468425
avgP: 0.241892 0.256828  0.18618   0.3151
sP: 6.06449e-06 7.95395e-06 7.82623e-06  1.0049e-05
avgS:  0.363045  0.159295  0.111997 0.0361378  0.305069 0.0244562
sS: 2.18545e-05 9.30181e-06 1.32894e-05 3.60516e-06 1.25065e-05 1.84844e-06
0.241892 0.256828  0.18618   0.3151
 0.363045  0.159295  0.111997 0.0361378  0.305069 0.0244562

  -1.3112  0.750429  0.329268  0.231502
 0.706788  -1.37106 0.0703542  0.593917
 0.427797 0.0970506 -0.590526 0.0656789
 0.177716  0.484083 0.0388071 -0.700606

stationary acceptance: 0.00116111
symmetric acceptance: 0.00280139
branch length acceptance: 0.00174293
avgP: 0.241888  0.25683 0.186183 0.315099
sP: 6.06611e-06 7.94118e-06 7.81609e-06 1.00494e-05
avgS:  0.363036  0.159303  0.112002 0.0361357  0.305065 0.0244588
sS: 2.18735e-05  9.2753e-06 1.32557e-05 3.60671e-06 1.24846e-05 1.84686e-06
0.241888  0.25683 0.186183 0.315099
 0.363036  0.159303  0.112002 0.0361357  0.305065 0.0244588

 -1.31123  0.750421   0.32929  0.231517
 0.706764  -1.37102 0.0703495  0.593905
 0.427811 0.0970433 -0.590539 0.0656848
 0.177725  0.484078 0.0388113 -0.700615

stationary acceptance: 0.00401343
symmetric acceptance: 0.00103207
branch length acceptance: 0.00212394
avgP: 0.241902 0.256831 0.186173 0.315093
sP: 5.95667e-06  7.7394e-06 7.67215e-06 9.75796e-06
avgS:  0.363039  0.159297  0.112002 0.0361436  0.305061 0.0244577
sS: 2.14552e-05 8.92381e-06 1.28872e-05 3.52328e-06 1.21645e-05 1.81288e-06
0.241902 0.256831 0.186173 0.315093
 0.363039  0.159297  0.112002 0.0361436  0.305061 0.0244577

 -1.31114  0.750383  0.329259  0.231503
 0.706766  -1.37102 0.0703646  0.593894
 0.427819 0.0970698 -0.590574 0.0656853
 0.177729   0.48408 0.0388103 -0.700619

stationary acceptance: 0.0011373
symmetric acceptance: 0.00150422
branch length acceptance: 0.00113831
avgP: 0.241894 0.256825 0.186175 0.315106
sP: 5.92347e-06 7.72767e-06 7.67859e-06  9.7853e-06
avgS:  0.363047  0.159293  0.112001 0.0361422  0.305064 0.0244533
sS: 2.11878e-05 9.01607e-06 1.28926e-05 3.48183e-06 1.21071e-05 1.80277e-06
0.241894 0.256825 0.186175 0.315106
 0.363047  0.159293  0.112001 0.0361422  0.305064 0.0244533

  -1.3112  0.750426  0.329262  0.231509
 0.706798  -1.37108 0.0703634  0.593915
 0.427803 0.0970648  -0.59054 0.0656726
  0.17772  0.484066 0.0388017 -0.700588

stationary acceptance: 0.000114063
symmetric acceptance: 0.002
branch length acceptance: 0.000584829
avgP: 0.242726 0.257503 0.185155 0.314616
sP: 7.61819e-06 7.01488e-06 6.79532e-06 1.17413e-05
avgS:  0.365984  0.158703  0.110273 0.0354482  0.305325 0.0242672
sS: 2.03898e-05 6.89495e-06 1.16808e-05 3.59268e-06 1.55175e-05 1.87236e-06
0.242726 0.257503 0.185155 0.314616
 0.365984  0.158703  0.110273 0.0354482  0.305325 0.0242672

 -1.30797  0.753902  0.326917  0.227155
  0.71064  -1.37233 0.0688306  0.592857
 0.428569 0.0957259 -0.589827 0.0655323
  0.17525  0.485234 0.0385664 -0.699051

stationary acceptance: 0.00102315
symmetric acceptance: 0.00102874
branch length acceptance: 0.000784852
avgP: 0.242738 0.257475 0.185176 0.314611
sP: 7.52145e-06 6.91106e-06 6.62648e-06 1.16912e-05
avgS:   0.36596  0.158704  0.110304 0.0354578  0.305309 0.0242649
sS: 1.97578e-05 6.83455e-06 1.16583e-05   3.589e-06 1.53866e-05 1.87167e-06
0.242738 0.257475 0.185176 0.314611
  0.36596  0.158704  0.110304 0.0354578  0.305309 0.0242649

 -1.30793  0.753818  0.326904  0.227208
 0.710671  -1.37242 0.0688569  0.592891
 0.428522  0.095741 -0.589782 0.0655186
 0.175302  0.485216 0.0385633 -0.699082

stationary acceptance: 0.260517
symmetric acceptance: 0.257058
branch length acceptance: 0.464352
avgP: 0.242717 0.257504  0.18517 0.314609
sP: 7.45368e-06 6.99242e-06 6.65746e-06 1.16126e-05
avgS:  0.365932  0.158716  0.110307 0.0354662  0.305332  0.024247
sS: 1.97917e-05 6.83233e-06 1.15545e-05 3.59259e-06 1.51984e-05 1.84387e-06
0.242717 0.257504  0.18517 0.314609
 0.365932  0.158716  0.110307 0.0354662  0.305332  0.024247

 -1.30801  0.753824  0.326957  0.227234
 0.710535  -1.37227 0.0688652  0.592868
 0.428568 0.0957665 -0.589807 0.0654723
 0.175308  0.485257 0.0385352 -0.699101

stationary acceptance: 0.0011028
symmetric acceptance: 0.00104577
branch length acceptance: 0.000634928
avgP: 0.242723 0.257502  0.18516 0.314615
sP:   7.405e-06 6.96451e-06 6.60363e-06 1.15674e-05
avgS:  0.365915  0.158707  0.110307 0.0354741  0.305343 0.0242544
sS: 1.98064e-05 6.76629e-06 1.14619e-05  3.5649e-06  1.5155e-05 1.83109e-06
0.242723 0.257502  0.18516 0.314615
 0.365915  0.158707  0.110307 0.0354741  0.305343 0.0242544

 -1.30793   0.75377   0.32693  0.227227
  0.71051  -1.37229 0.0688813  0.592896
 0.428566 0.0957929 -0.589854 0.0654957
 0.175304  0.485265 0.0385462 -0.699116

stationary acceptance: 0.00302067
symmetric acceptance: 0.00219587
branch length acceptance: 0.00472118
avgP: 0.242641 0.256683 0.186476 0.314201
sP:   5.243e-06 6.31769e-06 8.83832e-06 9.42322e-06
avgS:  0.364575   0.15876  0.111448 0.0360238  0.304806 0.0243863
sS: 1.32628e-05 7.82665e-06 1.17114e-05 3.65647e-06 1.25053e-05 1.18683e-06
0.242641 0.256683 0.186476 0.314201
 0.364575   0.15876  0.111448 0.0360238  0.304806 0.0243863

 -1.30807  0.751264  0.327151  0.229656
 0.710167  -1.37408 0.0701719  0.593741
 0.425687 0.0965913 -0.587666 0.0653875
 0.177352   0.48505  0.038807 -0.701209

stationary acceptance: 0.00122001
symmetric acceptance: 0.00264118
branch length acceptance: 0.00317366
avgP: 0.242643  0.25668 0.186481 0.314195
sP: 5.21675e-06 6.29938e-06 8.84652e-06 9.31699e-06
avgS:  0.364582  0.158769  0.111426 0.0360302  0.304797 0.0243949
sS: 1.32769e-05 7.80244e-06 1.16974e-05 3.67315e-06  1.2514e-05 1.17969e-06
0.242643  0.25668 0.186481 0.314195
 0.364582  0.158769  0.111426 0.0360302  0.304797 0.0243949

 -1.30805  0.751272  0.327166  0.229609
 0.710187   -1.3741 0.0701849  0.593729
 0.425698 0.0966054 -0.587711 0.0654084
  0.17732  0.485044 0.0388212 -0.701186

stationary acceptance: 0.274646
symmetric acceptance: 0.280251
branch length acceptance: 0.47231
avgP: 0.242639 0.256689 0.186476 0.314196
sP: 5.24688e-06   6.315e-06 8.87275e-06 9.32513e-06
avgS:   0.36458  0.158769   0.11143 0.0360251    0.3048 0.0243949
sS: 1.32068e-05 7.81706e-06 1.16675e-05 3.62862e-06 1.24101e-05  1.1891e-06
0.242639 0.256689 0.186476 0.314196
  0.36458  0.158769   0.11143 0.0360251    0.3048 0.0243949

 -1.30808  0.751282  0.327172  0.229622
 0.710158  -1.37404 0.0701725  0.593714
 0.425709 0.0965943 -0.587714 0.0654103
 0.177326  0.485048 0.0388212 -0.701196

stationary acceptance: 0.0117176
symmetric acceptance: 0.0150276
branch length acceptance: 0.0173561
avgP: 0.242651 0.256684 0.186476 0.314188
sP: 5.21322e-06 6.19084e-06 8.68298e-06 9.13877e-06
avgS:  0.364588  0.158761  0.111416 0.0360412  0.304791 0.0244018
sS: 1.29497e-05 7.64981e-06 1.14546e-05 3.58571e-06 1.22326e-05 1.15149e-06
0.242651 0.256684 0.186476 0.314188
 0.364588  0.158761  0.111416 0.0360412  0.304791 0.0244018

 -1.30798   0.75126  0.327139  0.229581
 0.710188   -1.3741 0.0702052  0.593708
 0.425687 0.0966373 -0.587753 0.0654287
 0.177309  0.485046 0.0388332 -0.701188

stationary acceptance: 0.0155427
symmetric acceptance: 0.0137031
branch length acceptance: 0.0272221
avgP:  0.24253 0.257112 0.186166 0.314193
sP: 7.28232e-06 7.87369e-06 8.82366e-06 1.37391e-05
avgS:  0.365272   0.15896  0.110965 0.0356794  0.304909 0.0242144
sS: 2.28991e-05 7.69562e-06 9.11625e-06 3.66122e-06 1.49931e-05 1.70954e-06
 0.24253 0.257112 0.186166 0.314193
 0.365272   0.15896  0.110965 0.0356794  0.304909 0.0242144

 -1.30952  0.753045  0.327713  0.228766
 0.710336  -1.37267  0.069385  0.592951
 0.426932 0.0958269 -0.587793 0.0650345
 0.176587  0.485227 0.0385343 -0.700348

stationary acceptance: 0.000482303
symmetric acceptance: 0.0022165
branch length acceptance: 0.00228149
avgP: 0.242533 0.257077 0.186175 0.314215
sP: 7.29055e-06 7.88624e-06 8.76612e-06 1.34705e-05
avgS:  0.365271  0.158984  0.110967 0.0356963  0.304869 0.0242124
sS: 2.29246e-05 7.67209e-06 9.01481e-06 3.63249e-06 1.50803e-05 1.70927e-06
0.242533 0.257077 0.186175 0.314215
 0.365271  0.158984  0.110967 0.0356963  0.304869 0.0242124

 -1.30956  0.753035  0.327758  0.228767
 0.710431  -1.37281 0.0694273  0.592953
 0.426975 0.0958675 -0.587868 0.0650258
 0.176578  0.485128 0.0385284 -0.700234

stationary acceptance: 0.00136491
symmetric acceptance: 0.00204867
branch length acceptance: 0.00204376
avgP: 0.242527 0.257107 0.186167 0.314199
sP: 7.23764e-06 7.83944e-06 8.76288e-06 1.35228e-05
avgS:  0.365243  0.158979  0.110968 0.0357037  0.304893 0.0242131
sS: 2.25028e-05 7.61374e-06 9.01051e-06 3.63588e-06 1.50594e-05 1.69828e-06
0.242527 0.257107 0.186167 0.314199
 0.365243  0.158979  0.110968 0.0357037  0.304893 0.0242131

 -1.30952  0.752994  0.327755  0.228774
 0.710295  -1.37266 0.0694337   0.59293
 0.426981 0.0958919 -0.587904 0.0650308
 0.176588   0.48519 0.0385315  -0.70031

stationary acceptance: 0.262803
symmetric acceptance: 0.246453
branch length acceptance: 0.432154
avgP: 0.242531 0.257104 0.186164 0.314201
sP: 7.20908e-06 7.79768e-06 8.72635e-06 1.34436e-05
avgS:  0.365249   0.15897  0.110976 0.0356979  0.304892 0.0242145
sS: 2.26152e-05 7.60678e-06 8.98519e-06 3.62042e-06 1.49413e-05 1.69022e-06
0.242531 0.257104 0.186164 0.314201
 0.365249   0.15897  0.110976 0.0356979  0.304892 0.0242145

 -1.30951  0.752994  0.327732  0.228788
 0.710315  -1.37267 0.0694233  0.592936
 0.426962 0.0958775 -0.587875 0.0650352
 0.176601  0.485186 0.0385335 -0.700321

stationary acceptance: 0.00753643
symmetric acceptance: 0.0137162
branch length acceptance: 0.0119029
avgP: 0.243115 0.256507 0.186083 0.314295
sP: 7.13278e-06 7.35073e-06 8.57489e-06 1.16222e-05
avgS:  0.364397  0.159446  0.111397 0.0355944  0.304882  0.024284
sS: 2.15197e-05 9.85573e-06 1.35704e-05 3.38356e-06 1.46158e-05 1.37921e-06
0.243115 0.256507 0.186083 0.314295
 0.364397  0.159446  0.111397 0.0355944  0.304882  0.024284

 -1.30646  0.749432  0.327923  0.229103
 0.710305  -1.37398 0.0693828  0.594295
 0.428427 0.0956413 -0.589319 0.0652504
 0.177217  0.485026 0.0386325 -0.700876

stationary acceptance: 0.260856
symmetric acceptance: 0.277387
branch length acceptance: 0.471438
avgP: 0.243118 0.256504 0.186078   0.3143
sP: 7.11844e-06 7.35038e-06 8.52874e-06 1.16445e-05
avgS:  0.364386  0.159438    0.1114 0.0355987  0.304896 0.0242819
sS: 2.14586e-05 9.88659e-06 1.35488e-05 3.36392e-06 1.47505e-05 1.37386e-06
0.243118 0.256504 0.186078   0.3143
 0.364386  0.159438    0.1114 0.0355987  0.304896 0.0242819

 -1.30641  0.749401  0.327903  0.229106
 0.710292  -1.37401 0.0693921  0.594329
 0.428418 0.0956555  -0.58932 0.0652465
 0.177219  0.485039 0.0386285 -0.700887

stationary acceptance: 0.00120862
symmetric acceptance: 0.00103172
branch length acceptance: 0.00290256
avgP: 0.243123 0.256503 0.186074   0.3143
sP:  7.0652e-06  7.2858e-06 8.33565e-06 1.14936e-05
avgS:  0.364379  0.159432  0.111405 0.0355987  0.304897 0.0242879
sS: 2.12238e-05 9.72377e-06 1.33033e-05 3.32233e-06 1.43204e-05 1.34331e-06
0.243123 0.256503 0.186074   0.3143
 0.364379  0.159432  0.111405 0.0355987  0.304897 0.0242879

 -1.30637  0.749372  0.327883  0.229112
 0.710283  -1.37401 0.0693925  0.594336
 0.428409 0.0956572  -0.58933 0.0652639
 0.177227  0.485042 0.0386381 -0.700907

stationary acceptance: 0.00103527
symmetric acceptance: 0.00152392
branch length acceptance: 0.00303441
avgP: 0.243115 0.256515 0.186081 0.314289
sP: 7.01644e-06 7.21616e-06 8.38401e-06  1.1451e-05
avgS:  0.364376  0.159442  0.111406 0.0355953  0.304902 0.0242791
sS: 2.11443e-05 9.77383e-06 1.33801e-05 3.32942e-06 1.45349e-05 1.36107e-06
0.243115 0.256515 0.186081 0.314289
 0.364376  0.159442  0.111406 0.0355953  0.304902 0.0242791

 -1.30643  0.749392  0.327915  0.229121
 0.710242  -1.37394 0.0693825  0.594315
 0.428421 0.0956449 -0.589304 0.0652382
 0.177234  0.485066 0.0386255 -0.700926

GTR Distance Matrix:

        0 0.0800758  0.105375  0.109562  0.119598  0.120751  0.123141  0.115762   0.11731  0.121451  0.122589  0.123738  0.126674   0.12811  0.127629   0.12436  0.125611  0.123601  0.118426  0.123718  0.116938  0.110548  0.101394 0.0795474
0.0800758         0 0.0784921  0.100696  0.113921  0.117637  0.117184  0.114891  0.113825   0.11656  0.114073   0.12079  0.127513  0.128441  0.128242  0.122623   0.12461   0.11755  0.118164  0.120536  0.120118  0.113035  0.108438   0.10243
 0.105375 0.0784921         0 0.0787314  0.107318  0.116326   0.11917  0.116212  0.116096  0.117498  0.114735  0.117104  0.122322  0.129267  0.131444  0.127366  0.125688  0.120641   0.11796  0.122618  0.122411  0.119339  0.113702  0.111717
 0.109562  0.100696 0.0787314         0 0.0824424  0.108452   0.11444  0.113204  0.116847  0.118101  0.115268  0.120062  0.124664  0.128954  0.131807   0.12669   0.12731  0.125177  0.123497  0.123356  0.125417  0.120158  0.114961  0.112396
 0.119598  0.113921  0.107318 0.0824424         0 0.0848108  0.103283  0.112596  0.113009  0.115434  0.114992  0.118424  0.124144  0.128335  0.131935  0.127122  0.125901  0.129155  0.126826  0.127162  0.128804  0.126206  0.119895  0.117183
 0.120751  0.117637  0.116326  0.108452 0.0848108         0 0.0837313  0.105771  0.111889  0.118836  0.113157  0.117299  0.123895  0.128783  0.131565  0.127972  0.127781  0.128029  0.124877  0.129227  0.129688  0.128007  0.120813  0.119522
 0.123141  0.117184   0.11917   0.11444  0.103283 0.0837313         0 0.0825613  0.102436  0.110534  0.108134  0.114517  0.120302  0.126058  0.127759  0.127722  0.128852  0.128064  0.122232  0.128974  0.127852  0.126533  0.120081  0.120146
 0.115762  0.114891  0.116212  0.113204  0.112596  0.105771 0.0825613         0 0.0795524 0.0977461  0.098596  0.107151  0.118293   0.12183  0.121419  0.118911  0.122562  0.123646  0.119974   0.12263  0.125504  0.119712  0.115004  0.115238
  0.11731  0.113825  0.116096  0.116847  0.113009  0.111889  0.102436 0.0795524         0 0.0752386  0.097949  0.108883  0.117452  0.123048  0.121659  0.119368  0.120394  0.119602  0.117339  0.123591  0.127013  0.125375  0.117364  0.118071
 0.121451   0.11656  0.117498  0.118101  0.115434  0.118836  0.110534 0.0977461 0.0752386         0 0.0752029   0.09803  0.112484  0.116014  0.119367  0.118636  0.118883  0.120035  0.117881  0.125339  0.128084  0.123102  0.118845  0.121116
 0.122589  0.114073  0.114735  0.115268  0.114992  0.113157  0.108134  0.098596  0.097949 0.0752029         0 0.0727223 0.0970519  0.106647  0.112259   0.11273  0.114534  0.114741  0.114443  0.119437  0.119892  0.118237  0.112563  0.120166
 0.123738   0.12079  0.117104  0.120062  0.118424  0.117299  0.114517  0.107151  0.108883   0.09803 0.0727223         0 0.0781205 0.0980944  0.109925  0.108533  0.114734  0.113914  0.114334  0.122025  0.119653  0.119814   0.11588  0.119561
 0.126674  0.127513  0.122322  0.124664  0.124144  0.123895  0.120302  0.118293  0.117452  0.112484 0.0970519 0.0781205         0 0.0776138   0.10604  0.112813  0.119497  0.117586  0.115215  0.120565  0.122612  0.121932  0.120202   0.12525
  0.12811  0.128441  0.129267  0.128954  0.128335  0.128783  0.126058   0.12183  0.123048  0.116014  0.106647 0.0980944 0.0776138         0 0.0821188  0.107789  0.115836  0.115186  0.118141   0.12223  0.126152  0.124072  0.121631  0.125713
 0.127629  0.128242  0.131444  0.131807  0.131935  0.131565  0.127759  0.121419  0.121659  0.119367  0.112259  0.109925   0.10604 0.0821188         0 0.0829981  0.106418  0.114212  0.116115  0.121669  0.125297  0.125106    0.1248  0.127604
  0.12436  0.122623  0.127366   0.12669  0.127122  0.127972  0.127722  0.118911  0.119368  0.118636   0.11273  0.108533  0.112813  0.107789 0.0829981         0 0.0797203  0.103298  0.112943   0.11869  0.120839  0.119168  0.121271  0.123247
 0.125611   0.12461  0.125688   0.12731  0.125901  0.127781  0.128852  0.122562  0.120394  0.118883  0.114534  0.114734  0.119497  0.115836  0.106418 0.0797203         0 0.0838914   0.10893  0.117536  0.122681  0.121691  0.121064  0.124561
 0.123601   0.11755  0.120641  0.125177  0.129155  0.128029  0.128064  0.123646  0.119602  0.120035  0.114741  0.113914  0.117586  0.115186  0.114212  0.103298 0.0838914         0  0.080686  0.104477  0.117575  0.120975     0.122  0.120947
 0.118426  0.118164   0.11796  0.123497  0.126826  0.124877  0.122232  0.119974  0.117339  0.117881  0.114443  0.114334  0.115215  0.118141  0.116115  0.112943   0.10893  0.080686         0 0.0798034  0.105307   0.11595  0.112207  0.114744
 0.123718  0.120536  0.122618  0.123356  0.127162  0.129227  0.128974   0.12263  0.123591  0.125339  0.119437  0.122025  0.120565   0.12223  0.121669   0.11869  0.117536  0.104477 0.0798034         0 0.0826502  0.109791   0.11393   0.11642
 0.116938  0.120118  0.122411  0.125417  0.128804  0.129688  0.127852  0.125504  0.127013  0.128084  0.119892  0.119653  0.122612  0.126152  0.125297  0.120839  0.122681  0.117575  0.105307 0.0826502         0 0.0829186  0.104408  0.114298
 0.110548  0.113035  0.119339  0.120158  0.126206  0.128007  0.126533  0.119712  0.125375  0.123102  0.118237  0.119814  0.121932  0.124072  0.125106  0.119168  0.121691  0.120975   0.11595  0.109791 0.0829186         0 0.0810875  0.103327
 0.101394  0.108438  0.113702  0.114961  0.119895  0.120813  0.120081  0.115004  0.117364  0.118845  0.112563   0.11588  0.120202  0.121631    0.1248  0.121271  0.121064     0.122  0.112207   0.11393  0.104408 0.0810875         0 0.0806538
0.0795474   0.10243  0.111717  0.112396  0.117183  0.119522  0.120146  0.115238  0.118071  0.121116  0.120166  0.119561   0.12525  0.125713  0.127604  0.123247  0.124561  0.120947  0.114744   0.11642  0.114298  0.103327 0.0806538         0

meanTree = (1:0.0403265,(((2:0.0397359,(3:0.0392522,4:0.0397053):0.00513757):0.00225754,(((5:0.0426938,(6:0.042336,7:0.0416862):0.0050578):0.00194744,(8:0.0411519,(9:0.0378313,10:0.0377266):0.0080174):0.00271962):0.000924543,((((11:0.0361254,12:0.0370575):0.00592597,(13:0.0391349,14:0.039489):0.00653574):0.00190028,(15:0.0436592,(16:0.0390345,17:0.0411519):0.00727958):0.00174952):0.000531097,((18:0.0424191,19:0.0385153):0.0046771,(20:0.041235,21:0.0416793):0.00557099):0.00180514):0.000554999):0.000666588):0.00140225,(22:0.0414583,23:0.0399781):0.00429947):0.00631391,24:0.0396529);
(1,((2,3),((4,(5,6)),(((7,8),(9,10)),(((11,12),(13,14)),(((15,16),(17,18)),((19,20),(21,(22,23)))))))),24); 0.0366028
(1,((2,3),(((((4,5),6),(7,8)),(((9,10),(11,12)),(((13,14),15),(16,17)))),(((18,19),20),((21,22),23)))),24); 0.0344676
(1,2,(((((3,4),(5,6)),((7,8),(9,10))),(((((11,12),(13,14)),(15,(16,17))),(18,19)),((20,21),22))),(23,24))); 0.0319981
(1,(((2,3),((((4,5),(6,7)),((8,(9,10)),(11,12))),((((13,14),15),(16,17)),((18,19),(20,21))))),(22,23)),24); 0.027726
(1,2,((((3,4),((((5,6),7),(8,(9,10))),(((11,12),(((13,14),15),(16,17))),((18,19),(20,21))))),(22,23)),24)); 0.0283672
(1,((2,(3,4)),((((((5,6),7),(8,(9,10))),(11,(12,13))),(((14,15),(16,17)),(18,19))),((20,21),(22,23)))),24); 0.0299117
(1,2,((((((3,4),(5,(6,7))),(8,(9,10))),(((11,12),(13,14)),((15,(16,17)),(18,(19,20))))),(21,22)),(23,24))); 0.0343702
(1,(((((2,3),4),((5,6),(7,8))),(((((9,10),11),(12,13)),((14,15),(16,17))),((18,19),(20,21)))),(22,23)),24); 0.0317985
(1,2,(((((((3,4),(5,6)),((7,8),(9,10))),(((11,12),(13,14)),(15,(16,17)))),((18,19),(20,21))),(22,23)),24)); 0.0296967
(1,(((((2,3),(4,5)),(((6,7),(8,9)),((10,11),(12,(13,14))))),(((15,16),(17,18)),(19,20))),((21,22),23)),24); 0.0390734
(1,(((2,3),((((4,5),(6,7)),(8,(9,10))),(((11,12),(13,14)),(((15,16),(17,18)),(19,20))))),((21,22),23)),24); 0.0346499
(1,2,((3,(4,5)),(((((6,7),8),((9,10),(11,12))),(((13,14),(15,16)),((17,18),(19,20)))),((21,22),(23,24))))); 0.0392731
(1,(2,((((((3,4),5),(6,7)),(8,(9,10))),(((11,12),(13,(14,15))),((16,17),(18,19)))),((20,21),(22,23)))),24); 0.0310508
(1,2,((3,4),(((5,(6,7)),(8,(9,10))),(((((11,12),(13,14)),(15,16)),((17,18),19)),(((20,21),22),(23,24)))))); 0.0335703
(1,2,((((((3,4),(5,6)),((7,8),(9,10))),(((11,12),(13,14)),(((15,16),17),((18,19),(20,21))))),(22,23)),24)); 0.0342787
(1,((2,(3,4)),((((5,(6,7)),(8,(9,10))),((((11,12),(13,14)),(15,(16,17))),((18,19),20))),((21,22),23))),24); 0.0274342
(1,((((2,3),(4,5)),(((6,7),(8,(9,10))),(((11,12),(13,(14,15))),(((16,17),18),(19,20))))),((21,22),23)),24); 0.0346977
(1,2,((((((3,4),5),(((6,7),8),((9,10),(11,12)))),(((13,14),(15,16)),((17,18),(19,20)))),(21,(22,23))),24)); 0.036026
(1,((2,3),((((((4,5),(6,7)),(8,(9,10))),((11,12),((13,14),(15,16)))),((17,18),(19,20))),((21,22),23))),24); 0.0370398
(1,2,((3,4),((5,(6,7)),(((((8,9),(10,11)),(12,(13,14))),(((15,16),(17,18)),(19,20))),((21,22),(23,24)))))); 0.0401867
(1,(((2,(3,4)),(((5,(6,7)),(8,(9,10))),(((11,12),(13,14)),(((15,16),(17,18)),(19,20))))),((21,22),23)),24); 0.0332343
(1,((((2,3),(4,5)),(((((6,7),(8,(9,10))),(11,12)),(((13,14),15),(16,17))),((18,19),(20,21)))),(22,23)),24); 0.0282772
(1,2,((3,4),(((((5,6),(7,8)),((9,10),(11,12))),((((13,14),15),16),((17,18),(19,20)))),((21,22),(23,24))))); 0.0417768
(1,((((2,3),(4,5)),(((6,7),8),((((9,10),11),(12,13)),(((14,15),(16,17)),((18,19),(20,21)))))),(22,23)),24); 0.0334557
(1,(((2,(3,4)),(((5,(6,7)),(8,(9,10))),((((11,(12,13)),(14,15)),((16,17),18)),((19,20),(21,22))))),23),24); 0.0373994
(1,2,((3,4),(((5,6),((7,8),(9,10))),((((11,(12,13)),(14,15)),(((16,17),18),(19,20))),((21,22),(23,24)))))); 0.0399803
(1,((((2,(3,4)),((((5,6),7),(((8,9),10),((11,12),(13,14)))),(((15,16),(17,18)),(19,20)))),(21,22)),23),24); 0.0385914
(1,(((2,(3,4)),((((5,6),(7,8)),(9,10)),(((11,12),(13,14)),(((15,16),17),((18,19),(20,21)))))),(22,23)),24); 0.029821
(1,(((((2,(3,4)),((5,(6,7)),(8,(9,10)))),((((11,12),(13,14)),(15,(16,17))),(18,(19,20)))),(21,22)),23),24); 0.0287928
(1,((((2,3),(4,5)),(((((6,7),8),(9,10)),((11,12),(13,(14,15)))),(((16,17),(18,19)),(20,21)))),(22,23)),24); 0.0311607
(1,(((2,(3,4)),((((5,6),(7,8)),((9,10),(11,(12,13)))),(((14,15),((16,17),18)),((19,20),21)))),(22,23)),24); 0.0363268
(1,(2,((3,4),((((5,6),((7,8),(9,10))),(((11,12),(13,14)),((15,(16,17)),(18,(19,20))))),((21,22),23)))),24); 0.0337093
(1,2,(((3,4),5),((((((6,7),8),(9,10)),((11,12),(13,(14,15)))),(((16,17),18),(19,20))),((21,22),(23,24))))); 0.0374097
(1,2,((3,4),((((((5,6),(7,8)),(9,10)),((11,12),(13,(14,15)))),((16,17),((18,19),(20,21)))),((22,23),24)))); 0.0347842
(1,2,((3,4),(((((5,6),(7,8)),((9,10),(11,12))),((((13,14),15),(16,17)),(18,(19,20)))),((21,22),(23,24))))); 0.037473
(1,(((((2,3),(4,5)),((6,7),(8,(9,10)))),((((11,12),(13,14)),(15,(16,17))),(18,(19,20)))),(21,22)),(23,24)); 0.0356452
(1,(((2,3),(4,5)),(((((6,7),(8,(9,10))),((11,12),(13,14))),(((15,16),17),(18,19))),((20,21),(22,23)))),24); 0.0314811
(1,(((2,(3,4)),((5,(6,7)),((((8,9),(10,11)),(12,(13,14))),(((15,16),(17,18)),(19,20))))),((21,22),23)),24); 0.0408015
(1,((((2,3),(4,5)),(((((6,7),8),(9,10)),((11,12),(13,(14,15)))),((16,(17,18)),((19,20),21)))),(22,23)),24); 0.0359429
(1,(((((2,(3,4)),(5,6)),((((7,8),9),(10,11)),((12,(13,14)),((15,(16,17)),(18,(19,20)))))),(21,22)),23),24); 0.0383336
(1,2,((((3,4),(5,6)),(((7,8),(9,10)),((((11,12),(13,14)),((15,16),(17,18))),((19,20),(21,(22,23)))))),24)); 0.0372602
(1,(((2,(3,4)),((((5,6),(7,8)),((9,10),(11,12))),((((13,14),15),(16,17)),((18,19),(20,21))))),(22,23)),24); 0.0270629
(1,((((2,3),(4,5)),(((6,7),(8,(9,10))),((((11,12),(13,14)),(15,(16,17))),(18,(19,20))))),((21,22),23)),24); 0.0323043
(1,(((2,3),(((((4,5),(6,7)),(8,(9,10))),((11,(12,13)),((14,15),(16,17)))),((18,19),(20,21)))),(22,23)),24); 0.033783
(1,((((((2,3),(4,5)),(6,7)),((8,(9,10)),(11,(12,13)))),(((14,15),(16,17)),((18,19),(20,21)))),(22,23)),24); 0.0316122
(1,((((2,3),(4,5)),((((6,7),8),((9,10),11)),(((12,13),(14,15)),(((16,17),18),(19,20))))),((21,22),23)),24); 0.0379909
(1,2,((3,4),((((5,6),((7,8),(9,10))),(((11,12),(13,14)),(((15,16),17),(18,(19,20))))),((21,22),(23,24))))); 0.036379
(1,(((2,(3,4)),(((5,(6,7)),(8,(9,10))),(((11,12),(13,14)),(((15,16),(17,18)),(19,20))))),((21,22),23)),24); 0.0318166
(1,(((((((2,3),4),(((5,6),7),(8,9))),((((10,11),12),(13,14)),((15,16),(17,18)))),(19,20)),(21,22)),23),24); 0.0394255
(1,((2,(3,4)),((((((5,6),(7,8)),(9,10)),(11,(12,13))),((14,15),((16,17),(18,19)))),((20,21),(22,23)))),24); 0.0339456
(1,2,((3,4),(((((5,6),7),(8,(9,10))),(((11,12),((13,14),15)),((16,17),(18,(19,20))))),((21,22),(23,24))))); 0.0327103
(1,(2,((3,4),(((((5,6),(7,8)),((9,10),(11,12))),(((13,14),(15,16)),((17,18),(19,20)))),((21,22),23)))),24); 0.0338881
(1,2,(((((3,4),(5,(6,7))),(((8,(9,10)),(11,12)),((((13,14),15),(16,17)),((18,19),(20,21))))),(22,23)),24)); 0.0280367
(1,2,(((((3,4),(5,6)),((7,8),(9,10))),((((11,12),(13,14)),((15,16),(17,18))),((19,20),(21,22)))),(23,24))); 0.0394062
(1,2,((3,4),((((5,(6,7)),(8,(9,10))),(((11,12),((13,14),15)),(((16,17),18),(19,20)))),((21,22),(23,24))))); 0.0316899
(1,(((2,(3,4)),((((5,6),(7,8)),((9,10),(11,12))),((((13,14),15),(16,17)),((18,19),(20,21))))),(22,23)),24); 0.0261647
(1,((((2,3),(4,5)),((((6,7),(8,(9,10))),(11,(12,13))),(((14,15),(16,17)),(18,(19,20))))),((21,22),23)),24); 0.0366787
(1,(2,(((3,4),(5,6)),(((7,8),(9,10)),((((11,12),(13,14)),((15,16),(17,18))),((19,(20,21)),(22,23)))))),24); 0.0346707
(1,(((2,(3,4)),(((((5,6),(7,8)),(9,10)),(((11,12),(13,14)),((15,16),(17,18)))),((19,20),(21,22)))),23),24); 0.0360983
(1,(((((((2,3),4),(5,6)),((7,8),(9,10))),((11,(12,13)),((14,15),(16,17)))),((18,19),(20,21))),(22,23)),24); 0.0338131
(1,2,(((3,(4,5)),(((6,7),((8,9),(10,11))),(((12,13),(14,15)),((16,17),((18,19),(20,21)))))),((22,23),24))); 0.0358788
(1,((((2,(3,4)),(((((5,6),7),(8,9)),((10,11),(12,13))),(((14,15),(16,17)),(18,(19,20))))),(21,22)),23),24); 0.0366376
(1,(((2,(3,4)),(((5,(6,7)),(8,(9,10))),(((11,12),(13,14)),(((15,16),(17,18)),(19,20))))),((21,22),23)),24); 0.0328006
(1,((((2,3),(4,5)),((((6,7),8),((9,10),11)),((((12,13),(14,15)),(16,17)),((18,19),(20,(21,22)))))),23),24); 0.0363966
(1,2,(((3,4),((((5,6),(7,8)),((9,10),(11,(12,13)))),(((14,15),((16,17),18)),((19,20),(21,22))))),(23,24))); 0.0400783
(1,2,((3,4),((((5,6),((7,8),9)),((((10,11),(12,13)),((14,15),(16,17))),((18,19),(20,21)))),((22,23),24)))); 0.0375515
(1,((((2,3),(4,5)),((((6,7),8),(9,10)),(((11,12),(13,14)),(((15,16),(17,18)),(19,(20,21)))))),(22,23)),24); 0.0305525
(1,2,((3,4),(((((5,6),(7,8)),(9,10)),((((11,12),(13,14)),(15,(16,17))),(18,(19,20)))),((21,22),(23,24))))); 0.0344188
(1,((2,(3,4)),((((5,6),((7,8),(9,10))),(((11,12),(13,14)),(((15,16),(17,18)),(19,20)))),((21,22),23))),24); 0.0380837
(1,((((2,3),4),((((5,6),(7,8)),(9,10)),(((11,12),((13,14),(15,16))),((17,18),(19,(20,21)))))),(22,23)),24); 0.0346676
(1,(((((2,3),(4,5)),((6,7),(8,(9,10)))),(((11,(12,13)),((14,15),(16,17))),((18,19),(20,21)))),(22,23)),24); 0.0337897
(1,((((2,3),(4,(5,6))),((((7,8),(9,10)),(11,(12,13))),(((14,15),(16,17)),((18,19),(20,21))))),(22,23)),24); 0.0345287
(1,((2,3),((((4,5),(6,7)),(8,(9,10))),((((11,12),(13,14)),(((15,16),17),(18,19))),((20,21),(22,23))))),24); 0.030252
(1,((2,(3,4)),((((5,6),7),((8,9),(10,11))),((((12,13),(14,15)),((16,17),(18,19))),((20,21),(22,23))))),24); 0.0348376
(1,(((((((2,3),4),((5,6),(7,8))),(((9,10),11),((12,13),(14,15)))),(((16,17),18),(19,20))),(21,22)),23),24); 0.0399461
(1,((2,3),((((4,5),(6,7)),(8,(9,10))),(((((11,12),(13,14)),(15,(16,17))),(18,(19,20))),(21,(22,23))))),24); 0.0306265
(1,2,((3,4),((5,(6,7)),(((((8,9),10),(11,12)),(((13,14),15),((16,17),(18,(19,20))))),((21,22),(23,24)))))); 0.0332243
(1,2,((((3,4),(5,6)),(((((7,8),(9,10)),(11,(12,13))),(((14,15),(16,17)),(18,19))),((20,21),(22,23)))),24)); 0.0347054
(1,((2,3),((((4,5),(6,7)),((8,(9,10)),((11,(12,13)),(((14,15),16),((17,18),19))))),((20,21),(22,23)))),24); 0.0357164
(1,2,((3,4),(((((5,(6,7)),(8,(9,10))),(11,(12,13))),(((14,15),(16,17)),((18,19),(20,21)))),((22,23),24)))); 0.0310642
(1,((2,3),((((((4,5),(6,7)),((8,9),(10,11))),((12,13),((14,15),(16,17)))),((18,19),20)),((21,22),23))),24); 0.0382507
(1,(((2,(3,4)),((((5,6),(7,8)),(9,10)),(((11,12),(13,14)),(((15,16),17),((18,19),(20,21)))))),(22,23)),24); 0.0293014
(1,((2,(3,4)),((((((5,6),(7,8)),(9,10)),((11,(12,13)),(14,15))),(((16,17),18),(19,20))),((21,22),23))),24); 0.0367676
(1,2,((((((3,4),(5,6)),((7,8),((9,10),11))),(((12,13),(14,15)),((16,17),(18,19)))),(20,(21,22))),(23,24))); 0.0368024
(1,2,((((((3,4),(5,(6,7))),((8,(9,10)),(11,(12,13)))),(((14,15),(16,17)),((18,19),(20,21)))),(22,23)),24)); 0.0334254
(1,((((2,(3,4)),((((5,6),7),(8,(9,10))),(((11,12),(13,14)),((15,(16,17)),(18,(19,20)))))),(21,22)),23),24); 0.0312849
(1,((2,3),(((4,5),6),((((7,8),(9,10)),(11,(12,13))),((((14,15),(16,17)),(18,19)),((20,21),(22,23)))))),24); 0.0348559
(1,2,((3,4),(((((5,6),(7,8)),((9,10),(11,12))),((((13,14),15),(16,17)),(18,(19,20)))),((21,22),(23,24))))); 0.03393
(1,2,(((((3,(4,5)),((6,7),((8,9),(10,11)))),((((12,13),(14,15)),(16,(17,18))),(19,(20,21)))),(22,23)),24)); 0.0416634
(1,2,((3,4),(((((5,6),(7,8)),((9,10),(11,12))),((((13,14),15),(16,17)),((18,19),20))),((21,22),(23,24))))); 0.0327015
(1,(((2,3),(((4,5),(6,7)),((8,(9,10)),(((11,12),(13,(14,15))),(((16,17),18),(19,20)))))),((21,22),23)),24); 0.0377373
(1,(((((2,3),(4,5)),(((6,7),(8,(9,10))),((11,(12,(13,14))),((15,16),(17,18))))),((19,20),(21,22))),23),24); 0.0387289
(1,2,((3,4),(((5,(6,7)),(8,(9,10))),((((11,12),((13,14),15)),(((16,17),18),(19,20))),((21,22),(23,24)))))); 0.0335165
