Pi:  0.23075 0.225002 0.183647 0.360601
S:  0.172783  0.170535 0.0946648 0.0208494  0.527311 0.0138569
