Pi: 0.280328 0.196239 0.246664 0.276769
S:  0.110908  0.201464  0.148507 0.0966391  0.302631  0.139852
