Pi: 0.242363 0.256568 0.187491 0.313578
S:  0.365762  0.159714  0.109918 0.0369869  0.303522 0.0240977
