
Alignment summary:
Oryctolagus_cuniculus: -=318 A=372 C=441 G=443 U=375
Homo_sapiens: -=337 A=375 C=420 G=446 U=371
Rattus_norvegicus: -=292 A=390 C=421 G=465 U=381
Mus_musculus: -=348 A=371 C=406 G=438 U=386
Gallus_gallus: -=304 A=371 C=419 G=482 U=373
Turdus_migratorius: -=321 A=380 C=417 G=464 U=367
Alligator_mississippiensis: -=333 A=357 C=428 G=459 U=372
Sceloporus_undulatus: -=371 A=377 C=393 G=440 U=368
Heterodon_platyrhinos: -=385 A=367 C=393 G=441 U=363
Trachemys_scripta: -=457 A=357 C=378 G=407 U=350
Typhlonectes_natans: -=390 A=367 C=408 G=425 U=359
Hypogeophis_rostratus: -=436 A=353 C=388 G=417 U=355
Grandisonia_alternans: -=417 A=359 C=393 G=424 U=356
Ichthyophis_bannanicus: -=419 A=348 C=404 G=430 U=348
Plethodon_yonhalossee: -=360 A=379 C=407 G=440 U=363
Ambystoma_mexicanum: -=423 A=347 C=401 G=431 U=347
Amphiuma_tridactylum: -=430 A=363 C=397 G=413 U=346
Siren_intermedia: -=535 A=348 C=355 G=394 U=317
Gastrophryne_carolinensis: -=538 A=338 C=363 G=396 U=314
Hyla_cinerea: -=533 A=330 C=358 G=389 U=339
Bufo_valliceps: -=438 A=357 C=380 G=427 U=347
Eleutherodactylus_cuneatus: -=467 A=352 C=385 G=421 U=324
Nesomantis_thomasseti: -=391 A=368 C=406 G=438 U=346
Scaphiopus_holbrooki: -=431 A=365 C=379 G=441 U=333
Xenopus_laevis: -=367 A=369 C=406 G=449 U=358
Discoglossus_pictus: -=404 A=354 C=397 G=429 U=365
Latimeria_chalumnae: -=301 A=390 C=407 G=473 U=378

Seed = 1991218810

Jukes-Cantor Distance Matrix:

        0 0.0253738 0.0306641 0.0340494 0.0319197 0.0396251 0.0380647 0.0479279 0.0412849 0.0428044 0.0498641 0.0451877 0.0459176 0.0434051 0.0415404 0.0468216 0.0500677 0.0342561 0.0474842 0.0590574 0.0481409 0.0402481 0.0443408 0.0395417 0.0373931 0.0325195  0.018814
0.0253738         0 0.0270604 0.0240341 0.0279578 0.0368984 0.0409032 0.0459144 0.0393416 0.0446582 0.0470219 0.0470942 0.0506429  0.048276 0.0473955 0.0448867 0.0509534 0.0341497 0.0482481 0.0511826 0.0504582 0.0380696 0.0378721 0.0333472  0.037817 0.0307552 0.0205211
0.0306641 0.0270604         0 0.0234656 0.0248123 0.0317435 0.0389066  0.049198 0.0394828 0.0440009 0.0459434 0.0426518 0.0500912 0.0457991 0.0472816 0.0463468 0.0508054 0.0410425 0.0585778 0.0599058 0.0489821 0.0434691 0.0509029 0.0429323 0.0445991 0.0315082 0.0272335
0.0340494 0.0240341 0.0234656         0 0.0222538 0.0258764 0.0314731 0.0463881 0.0443408 0.0462797 0.0541853  0.049305 0.0554458 0.0514073 0.0538251 0.0548453 0.0583952 0.0519051 0.0558769 0.0717243 0.0594594 0.0475631 0.0497379 0.0396333 0.0432143 0.0351235 0.0311033
0.0319197 0.0279578 0.0248123 0.0222538         0 0.0239637  0.028364 0.0473615 0.0377347 0.0418304 0.0451426 0.0376463 0.0520526 0.0471321 0.0516333 0.0493408 0.0572485 0.0469625 0.0609234 0.0639188 0.0514025 0.0471359 0.0551957 0.0502688 0.0515193 0.0412881  0.032138
0.0396251 0.0368984 0.0317435 0.0258764 0.0239637         0 0.0308474 0.0372879 0.0367244 0.0406114  0.048556 0.0450248 0.0526004  0.052286 0.0553348  0.056164 0.0610737 0.0542646 0.0648923  0.072611 0.0604041 0.0519786 0.0582009 0.0675118 0.0575895 0.0550979 0.0449172
0.0380647 0.0409032 0.0389066 0.0314731  0.028364 0.0308474         0 0.0338324 0.0311733 0.0376396 0.0460135 0.0407407   0.05264 0.0476587 0.0531588 0.0556786 0.0613049 0.0561009 0.0704105 0.0709189 0.0568661  0.054656 0.0588982 0.0655132 0.0588391 0.0519367 0.0427162
0.0479279 0.0459144  0.049198 0.0463881 0.0473615 0.0372879 0.0338324         0 0.0231923 0.0245193 0.0421214 0.0354048 0.0492726 0.0516285 0.0572545 0.0662026 0.0632676 0.0496313 0.0638326 0.0743871   0.06273 0.0555362 0.0561225  0.070426  0.066916  0.062568 0.0481566
0.0412849 0.0393416 0.0394828 0.0443408 0.0377347 0.0367244 0.0311733 0.0231923         0 0.0158927 0.0223532 0.0284083 0.0350685 0.0375631 0.0447576   0.05306 0.0542047  0.039544 0.0545695 0.0583672 0.0500314 0.0459765 0.0465382 0.0439456 0.0508026 0.0471758 0.0379284
0.0428044 0.0446582 0.0440009 0.0462797 0.0418304 0.0406114 0.0376396 0.0245193 0.0158927         0 0.0223789 0.0259157  0.034532  0.038441 0.0418304 0.0485727 0.0498777 0.0389293 0.0511468 0.0585546 0.0534117 0.0475595 0.0474374 0.0472341 0.0548691 0.0485906  0.042996
0.0498641 0.0470219 0.0459434 0.0541853 0.0451426  0.048556 0.0460135 0.0421214 0.0223532 0.0223789         0 0.0183022 0.0262562  0.023523 0.0360239 0.0383956 0.0449193 0.0296528 0.0426274 0.0502806   0.04052 0.0382443 0.0442606 0.0381568 0.0498201 0.0437593    0.0486
0.0451877 0.0470942 0.0426518  0.049305 0.0376463 0.0450248 0.0407407 0.0354048 0.0284083 0.0259157 0.0183022         0 0.0271224 0.0241784    0.0339 0.0370537 0.0417811 0.0312545 0.0444886  0.047571 0.0382966 0.0365345 0.0404472 0.0374785 0.0463826 0.0391852 0.0388745
0.0459176 0.0506429 0.0500912 0.0554458 0.0520526 0.0526004   0.05264 0.0492726 0.0350685  0.034532 0.0262562 0.0271224         0 0.0186034  0.025062 0.0379545  0.042422 0.0343969 0.0475159 0.0473498 0.0424715 0.0356288 0.0361516 0.0391427 0.0507496 0.0427053 0.0474034
0.0434051  0.048276 0.0457991 0.0514073 0.0471321  0.052286 0.0476587 0.0516285 0.0375631  0.038441  0.023523 0.0241784 0.0186034         0 0.0126853 0.0223951  0.030706 0.0235498 0.0353006 0.0420523 0.0321104 0.0317221 0.0315836 0.0311248 0.0420814 0.0322308 0.0408066
0.0415404 0.0473955 0.0472816 0.0538251 0.0516333 0.0553348 0.0531588 0.0572545 0.0447576 0.0418304 0.0360239    0.0339  0.025062 0.0126853         0 0.0219511 0.0316214 0.0250974  0.040247 0.0427023 0.0423676 0.0332649 0.0382847 0.0397792  0.046583 0.0369442 0.0409634
0.0468216 0.0448867 0.0463468 0.0548453 0.0493408  0.056164 0.0556786 0.0662026   0.05306 0.0485727 0.0383956 0.0370537 0.0379545 0.0223951 0.0219511         0 0.0251521  0.018667 0.0331546 0.0422978 0.0398091 0.0351685 0.0380111 0.0361326  0.040642 0.0387471 0.0414953
0.0500677 0.0509534 0.0508054 0.0583952 0.0572485 0.0610737 0.0613049 0.0632676 0.0542047 0.0498777 0.0449193 0.0417811  0.042422  0.030706 0.0316214 0.0251521         0  0.017766 0.0352159  0.043233 0.0398765 0.0329471 0.0422442 0.0425646 0.0488598  0.045434 0.0436487
0.0342561 0.0341497 0.0410425 0.0519051 0.0469625 0.0542646 0.0561009 0.0496313  0.039544 0.0389293 0.0296528 0.0312545 0.0343969 0.0235498 0.0250974  0.018667  0.017766         0 0.0181777 0.0263691 0.0244244 0.0265514 0.0286203 0.0301044 0.0308318 0.0298106 0.0285015
0.0474842 0.0482481 0.0585778 0.0558769 0.0609234 0.0648923 0.0704105 0.0638326 0.0545695 0.0511468 0.0426274 0.0444886 0.0475159 0.0353006  0.040247 0.0331546 0.0352159 0.0181777         0 0.0391467  0.035615 0.0422978 0.0386419  0.037305 0.0451573 0.0402444 0.0447191
0.0590574 0.0511826 0.0599058 0.0717243 0.0639188  0.072611 0.0709189 0.0743871 0.0583672 0.0585546 0.0502806  0.047571 0.0473498 0.0420523 0.0427023 0.0422978  0.043233 0.0263691 0.0391467         0 0.0313299 0.0353878 0.0412662 0.0493655 0.0502348  0.047571 0.0513764
0.0481409 0.0504582 0.0489821 0.0594594 0.0514025 0.0604041 0.0568661   0.06273 0.0500314 0.0534117   0.04052 0.0382966 0.0424715 0.0321104 0.0423676 0.0398091 0.0398765 0.0244244  0.035615 0.0313299         0 0.0251932 0.0301142 0.0326717 0.0400196 0.0406879 0.0407768
0.0402481 0.0380696 0.0434691 0.0475631 0.0471359 0.0519786  0.054656 0.0555362 0.0459765 0.0475595 0.0382443 0.0365345 0.0356288 0.0317221 0.0332649 0.0351685 0.0329471 0.0265514 0.0422978 0.0353878 0.0251932         0  0.023624 0.0195696 0.0320905 0.0296528 0.0354048
0.0443408 0.0378721 0.0509029 0.0497379 0.0551957 0.0582009 0.0588982 0.0561225 0.0465382 0.0474374 0.0442606 0.0404472 0.0361516 0.0315836 0.0382847 0.0380111 0.0422442 0.0286203 0.0386419 0.0412662 0.0301142  0.023624         0 0.0245741 0.0336724 0.0322308 0.0366184
0.0395417 0.0333472 0.0429323 0.0396333 0.0502688 0.0675118 0.0655132  0.070426 0.0439456 0.0472341 0.0381568 0.0374785 0.0391427 0.0311248 0.0397792 0.0361326 0.0425646 0.0301044  0.037305 0.0493655 0.0326717 0.0195696 0.0245741         0 0.0339458 0.0308856 0.0351455
0.0373931  0.037817 0.0445991 0.0432143 0.0515193 0.0575895 0.0588391  0.066916 0.0508026 0.0548691 0.0498201 0.0463826 0.0507496 0.0420814  0.046583  0.040642 0.0488598 0.0308318 0.0451573 0.0502348 0.0400196 0.0320905 0.0336724 0.0339458         0 0.0301116 0.0384788
0.0325195 0.0307552 0.0315082 0.0351235 0.0412881 0.0550979 0.0519367  0.062568 0.0471758 0.0485906 0.0437593 0.0391852 0.0427053 0.0322308 0.0369442 0.0387471  0.045434 0.0298106 0.0402444  0.047571 0.0406879 0.0296528 0.0322308 0.0308856 0.0301116         0 0.0362356
 0.018814 0.0205211 0.0272335 0.0311033  0.032138 0.0449172 0.0427162 0.0481566 0.0379284  0.042996    0.0486 0.0388745 0.0474034 0.0408066 0.0409634 0.0414953 0.0436487 0.0285015 0.0447191 0.0513764 0.0407768 0.0354048 0.0366184 0.0351455 0.0384788 0.0362356         0


JC Tree topology:
(1,(2,((3,((4,(5,6)),7)),(((((((((((8,9),10),11),12),13),(14,15)),((16,17),(18,19))),(20,21)),((22,24),23)),25),26))),27);

Putting MLE Branch Lengths
p: 0.234114 0.256704 0.279915 0.229267
s:  0.102007  0.183877 0.0610378  0.192236  0.364097 0.0967453
Q: 
-0.740925  0.217858  0.392708  0.130359
 0.198686  -1.28229  0.374431  0.709176
 0.328452  0.343383 -0.844646  0.172812
 0.133115  0.794047  0.210989  -1.13815

(25:0.0194117,26:0.0142337,(((2:0.0105877,(3:0.0116818,(((6:0.0145095,5:0.0095199):0.0035299,4:0.0128492):0.0000100,7:0.0230407):0.0062837):0.0079089):0.0037924,(27:0.0145421,1:0.0083624):0.0057654):0.0141250,(((22:0.0138461,24:0.0115029):0.0039217,23:0.0142122):0.0094208,((((15:0.0117284,14:0.0016187):0.0043023,13:0.0146897):0.0045454,(((9:0.0077250,8:0.0225216):0.0039330,10:0.0081117):0.0144443,(12:0.0110477,11:0.0096934):0.0011892):0.0112843):0.0111491,(((18:0.0008562,19:0.0192654):0.0041658,(17:0.0141135,16:0.0128747):0.0050140):0.0054084,(20:0.0197603,21:0.0153570):0.0103446):0.0033842):0.0072227):0.0068182):0.0096682);
stationary acceptance: 0.363725
symmetric acceptance: 0.490976
branch length acceptance: 0.868399
avgP: 0.212694 0.250866 0.295641   0.2408
sP:   6.955e-05 6.23182e-05 8.17908e-05 6.19599e-05
avgS: 0.0839599  0.146854 0.0667257  0.251415  0.344801  0.106244
sS: 0.000118957 0.000170359  7.0278e-05 0.000271059 0.000299778 0.000104126
0.212694 0.250866 0.295641   0.2408
0.0839599  0.146854 0.0667257  0.251415  0.344801  0.106244

-0.699455  0.197372  0.345224  0.156858
  0.16734  -1.35566  0.501095  0.687223
 0.248366  0.425204 -0.853254  0.179684
  0.13855  0.715951  0.220606  -1.07511

GTR Distance Matrix:

        0 0.0253218 0.0308106 0.0341027  0.031952 0.0397675 0.0379327 0.0480242 0.0414439  0.043072 0.0499159 0.0452414 0.0460064 0.0434312 0.0419267 0.0469866 0.0503688 0.0345999 0.0479137 0.0593385  0.048581  0.040604 0.0445463  0.039981 0.0376031 0.0326666 0.0189383
0.0253218         0 0.0271131 0.0240971 0.0279603 0.0371358 0.0408341 0.0462809   0.03949 0.0448878 0.0472506 0.0472137 0.0508558 0.0483643 0.0477117 0.0449125 0.0512507 0.0344473 0.0484596 0.0512751 0.0506844 0.0382183 0.0379106  0.033645 0.0379835 0.0308898 0.0206365
0.0308106 0.0271131         0 0.0235262 0.0249082 0.0319617 0.0388635 0.0496338 0.0398445 0.0444339 0.0462865 0.0428803 0.0504707 0.0459144 0.0478226 0.0466245 0.0512979 0.0416487 0.0593543 0.0604021 0.0494465  0.043867 0.0512325 0.0435796 0.0449724 0.0317139 0.0275185
0.0341027 0.0240971 0.0235262         0 0.0222714 0.0260599 0.0314892   0.04683 0.0446038 0.0466407 0.0545851 0.0496148 0.0558324 0.0515361 0.0541933 0.0550075 0.0588272 0.0524938 0.0562821 0.0721871 0.0599498   0.04785  0.050038 0.0401196 0.0435556 0.0353879 0.0313706
 0.031952 0.0279603 0.0249082 0.0222714         0 0.0240632 0.0283274 0.0477397 0.0380038 0.0420832 0.0453576 0.0377679 0.0522802 0.0471378 0.0520794 0.0493724 0.0576086 0.0473874 0.0614326 0.0641696 0.0518184 0.0474135 0.0554798 0.0510728 0.0520492 0.0415141 0.0325256
0.0397675 0.0371358 0.0319617 0.0260599 0.0240632         0 0.0308887 0.0376752 0.0371259 0.0409248 0.0489684  0.045326 0.0530238 0.0525424 0.0559122 0.0564649 0.0617625 0.0549613 0.0654734 0.0732301 0.0610119 0.0523516 0.0586604 0.0686037 0.0582831 0.0557406 0.0454861
0.0379327 0.0408341 0.0388635 0.0314892 0.0283274 0.0308887         0 0.0339558 0.0312689 0.0378538 0.0460563 0.0407636 0.0526745 0.0474715 0.0532519 0.0554997 0.0613017  0.056413 0.0705304 0.0709196 0.0569925 0.0546517 0.0588605 0.0660207 0.0591457 0.0520657 0.0428635
0.0480242 0.0462809 0.0496338   0.04683 0.0477397 0.0376752 0.0339558         0 0.0234178 0.0247203 0.0424515 0.0356845 0.0497792 0.0519657 0.0578888  0.066769 0.0638591 0.0501887 0.0644309 0.0748046 0.0635354 0.0561102 0.0567846 0.0717391 0.0678193 0.0632285 0.0486957
0.0414439   0.03949 0.0398445 0.0446038 0.0380038 0.0371259 0.0312689 0.0234178         0 0.0160374 0.0225086 0.0286136 0.0353589 0.0377233 0.0451521  0.053351 0.0546146  0.040046  0.055106 0.0586913 0.0505793 0.0463995 0.0469506 0.0444688 0.0513974 0.0476308 0.0382556
 0.043072 0.0448878 0.0444339 0.0466407 0.0420832 0.0409248 0.0378538 0.0247203 0.0160374         0 0.0225728 0.0261932 0.0348171 0.0387531 0.0422423 0.0489449 0.0503437 0.0393831 0.0515233 0.0590636 0.0541117 0.0478616 0.0479312 0.0479545 0.0555892 0.0491975  0.043548
0.0499159 0.0472506 0.0462865 0.0545851 0.0453576 0.0489684 0.0460563 0.0424515 0.0225086 0.0225728         0 0.0183562 0.0264099 0.0235386 0.0362654 0.0384808 0.0451675 0.0299972 0.0428517 0.0505744 0.0408101 0.0385089 0.0446219 0.0385739 0.0503258 0.0441369 0.0491268
0.0452414 0.0472137 0.0428803 0.0496148 0.0377679  0.045326 0.0407636 0.0356845 0.0286136 0.0261932 0.0183562         0 0.0272387  0.024188 0.0341394 0.0371986 0.0420014 0.0315624  0.044712  0.047828 0.0384929 0.0366509 0.0405785 0.0377977 0.0467705 0.0394342 0.0392094
0.0460064 0.0508558 0.0504707 0.0558324 0.0522802 0.0530238 0.0526745 0.0497792 0.0353589 0.0348171 0.0264099 0.0272387         0 0.0186028 0.0251774 0.0380707 0.0427076 0.0347598 0.0478068 0.0475144 0.0429237  0.035864 0.0363586 0.0396425 0.0513646 0.0430566 0.0478562
0.0434312 0.0483643 0.0459144 0.0515361 0.0471378 0.0525424 0.0474715 0.0519657 0.0377233 0.0387531 0.0235386  0.024188 0.0186028         0 0.0127019 0.0223768 0.0308038 0.0237651 0.0354149 0.0421515 0.0322667 0.0318286 0.0316333 0.0313711 0.0423466 0.0324063 0.0411261
0.0419267 0.0477117 0.0478226 0.0541933 0.0520794 0.0559122 0.0532519 0.0578888 0.0451521 0.0422423 0.0362654 0.0341394 0.0251774 0.0127019         0 0.0220459 0.0318466 0.0254235 0.0407146 0.0429332 0.0428931 0.0336048 0.0387141 0.0404689  0.047231 0.0373728 0.0415542
0.0469866 0.0449125 0.0466245 0.0550075 0.0493724 0.0564649 0.0554997  0.066769  0.053351 0.0489449 0.0384808 0.0371986 0.0380707 0.0223768 0.0220459         0 0.0252494 0.0188281 0.0333292 0.0423622 0.0399989 0.0352975 0.0381642 0.0364941 0.0409498 0.0390273 0.0418553
0.0503688 0.0512507 0.0512979 0.0588272 0.0576086 0.0617625 0.0613017 0.0638591 0.0546146 0.0503437 0.0451675 0.0420014 0.0427076 0.0308038 0.0318466 0.0252494         0 0.0179836 0.0355402 0.0435214 0.0401897 0.0332412 0.0425579 0.0431407 0.0493943 0.0459227  0.044168
0.0345999 0.0344473 0.0416487 0.0524938 0.0473874 0.0549613  0.056413 0.0501887  0.040046 0.0393831 0.0299972 0.0315624 0.0347598 0.0237651 0.0254235 0.0188281 0.0179836         0 0.0184296 0.0265912  0.024668 0.0268675 0.0289385 0.0306347 0.0312109 0.0302129 0.0289108
0.0479137 0.0484596 0.0593543 0.0562821 0.0614326 0.0654734 0.0705304 0.0644309  0.055106 0.0515233 0.0428517  0.044712 0.0478068 0.0354149 0.0407146 0.0333292 0.0355402 0.0184296         0 0.0393182 0.0359863 0.0426415 0.0390268 0.0378129 0.0457667 0.0406704 0.0454884
0.0593385 0.0512751 0.0604021 0.0721871 0.0641696 0.0732301 0.0709196 0.0748046 0.0586913 0.0590636 0.0505744  0.047828 0.0475144 0.0421515 0.0429332 0.0423622 0.0435214 0.0265912 0.0393182         0 0.0315921  0.035602  0.041536 0.0500165 0.0506144 0.0480018 0.0519976
 0.048581 0.0506844 0.0494465 0.0599498 0.0518184 0.0610119 0.0569925 0.0635354 0.0505793 0.0541117 0.0408101 0.0384929 0.0429237 0.0322667 0.0428931 0.0399989 0.0401897  0.024668 0.0359863 0.0315921         0 0.0254286 0.0303834 0.0331711 0.0404866 0.0411361 0.0413198
 0.040604 0.0382183  0.043867   0.04785 0.0474135 0.0523516 0.0546517 0.0561102 0.0463995 0.0478616 0.0385089 0.0366509  0.035864 0.0318286 0.0336048 0.0352975 0.0332412 0.0268675 0.0426415  0.035602 0.0254286         0 0.0238147 0.0197659  0.032392 0.0299676 0.0358759
0.0445463 0.0379106 0.0512325  0.050038 0.0554798 0.0586604 0.0588605 0.0567846 0.0469506 0.0479312 0.0446219 0.0405785 0.0363586 0.0316333 0.0387141 0.0381642 0.0425579 0.0289385 0.0390268  0.041536 0.0303834 0.0238147         0 0.0248171 0.0338597   0.03243 0.0369385
 0.039981  0.033645 0.0435796 0.0401196 0.0510728 0.0686037 0.0660207 0.0717391 0.0444688 0.0479545 0.0385739 0.0377977 0.0396425 0.0313711 0.0404689 0.0364941 0.0431407 0.0306347 0.0378129 0.0500165 0.0331711 0.0197659 0.0248171         0 0.0344675 0.0313396 0.0357993
0.0376031 0.0379835 0.0449724 0.0435556 0.0520492 0.0582831 0.0591457 0.0678193 0.0513974 0.0555892 0.0503258 0.0467705 0.0513646 0.0423466  0.047231 0.0409498 0.0493943 0.0312109 0.0457667 0.0506144 0.0404866  0.032392 0.0338597 0.0344675         0 0.0302786 0.0389698
0.0326666 0.0308898 0.0317139 0.0353879 0.0415141 0.0557406 0.0520657 0.0632285 0.0476308 0.0491975 0.0441369 0.0394342 0.0430566 0.0324063 0.0373728 0.0390273 0.0459227 0.0302129 0.0406704 0.0480018 0.0411361 0.0299676   0.03243 0.0313396 0.0302786         0 0.0366253
0.0189383 0.0206365 0.0275185 0.0313706 0.0325256 0.0454861 0.0428635 0.0486957 0.0382556  0.043548 0.0491268 0.0392094 0.0478562 0.0411261 0.0415542 0.0418553  0.044168 0.0289108 0.0454884 0.0519976 0.0413198 0.0358759 0.0369385 0.0357993 0.0389698 0.0366253         0

Seed = 885794478
Seeds per core: 
     4084766534
     3770619916
      894982117
     3121487127
     4056328574
       60682241
       37145084
     1183678034
     3594717310
     3646676514
      880279327
     2599772317
     1117561629
      317716622
     2722038370
     2392238623
     2662428645
      439059690
     2590793669
      151566204
     1372077519
      646054464
      256185227
     1571404201
ESS = 38.92, or 3.89 percent.
Times: 
MCMC: 292 seconds
Bootstrap: 0 seconds
Estimate ccdprobs from bootstrap: 0 seconds
Importance sampling: 521 seconds
Total time: 13 minutes, 34 seconds.
