Pi: 0.242788 0.256868 0.186394 0.313951
S:  0.364941  0.159708   0.11059 0.0356572  0.304613 0.0244902
