Pi: 0.229784  0.22074  0.17984 0.369635
S:  0.183827  0.159742   0.11558 0.0258607  0.495088  0.019903
