Pi: 0.242614 0.256609 0.186045 0.314733
S:  0.364899   0.15928  0.110721 0.0356464  0.304748 0.0247058
