Pi:  0.21203 0.253504 0.294696  0.23977
S: 0.0827919  0.144566 0.0656778  0.256479  0.342815  0.107671
