Pi: 0.211815 0.250617 0.296398  0.24117
S: 0.0829283  0.145975 0.0641079  0.254991  0.343014  0.108983
