
Alignment summary:
Oryctolagus_cuniculus: -=318 A=372 C=441 G=443 U=375
Homo_sapiens: -=337 A=375 C=420 G=446 U=371
Rattus_norvegicus: -=292 A=390 C=421 G=465 U=381
Mus_musculus: -=348 A=371 C=406 G=438 U=386
Gallus_gallus: -=304 A=371 C=419 G=482 U=373
Turdus_migratorius: -=321 A=380 C=417 G=464 U=367
Alligator_mississippiensis: -=333 A=357 C=428 G=459 U=372
Sceloporus_undulatus: -=371 A=377 C=393 G=440 U=368
Heterodon_platyrhinos: -=385 A=367 C=393 G=441 U=363
Trachemys_scripta: -=457 A=357 C=378 G=407 U=350
Typhlonectes_natans: -=390 A=367 C=408 G=425 U=359
Hypogeophis_rostratus: -=436 A=353 C=388 G=417 U=355
Grandisonia_alternans: -=417 A=359 C=393 G=424 U=356
Ichthyophis_bannanicus: -=419 A=348 C=404 G=430 U=348
Plethodon_yonhalossee: -=360 A=379 C=407 G=440 U=363
Ambystoma_mexicanum: -=423 A=347 C=401 G=431 U=347
Amphiuma_tridactylum: -=430 A=363 C=397 G=413 U=346
Siren_intermedia: -=535 A=348 C=355 G=394 U=317
Gastrophryne_carolinensis: -=538 A=338 C=363 G=396 U=314
Hyla_cinerea: -=533 A=330 C=358 G=389 U=339
Bufo_valliceps: -=438 A=357 C=380 G=427 U=347
Eleutherodactylus_cuneatus: -=467 A=352 C=385 G=421 U=324
Nesomantis_thomasseti: -=391 A=368 C=406 G=438 U=346
Scaphiopus_holbrooki: -=431 A=365 C=379 G=441 U=333
Xenopus_laevis: -=367 A=369 C=406 G=449 U=358
Discoglossus_pictus: -=404 A=354 C=397 G=429 U=365
Latimeria_chalumnae: -=301 A=390 C=407 G=473 U=378

Seed = 1042492268

Jukes-Cantor Distance Matrix:

        0 0.0253738 0.0306641 0.0340494 0.0319197 0.0396251 0.0380647 0.0479279 0.0412849 0.0428044 0.0498641 0.0451877 0.0459176 0.0434051 0.0415404 0.0468216 0.0500677 0.0342561 0.0474842 0.0590574 0.0481409 0.0402481 0.0443408 0.0395417 0.0373931 0.0325195  0.018814
0.0253738         0 0.0270604 0.0240341 0.0279578 0.0368984 0.0409032 0.0459144 0.0393416 0.0446582 0.0470219 0.0470942 0.0506429  0.048276 0.0473955 0.0448867 0.0509534 0.0341497 0.0482481 0.0511826 0.0504582 0.0380696 0.0378721 0.0333472  0.037817 0.0307552 0.0205211
0.0306641 0.0270604         0 0.0234656 0.0248123 0.0317435 0.0389066  0.049198 0.0394828 0.0440009 0.0459434 0.0426518 0.0500912 0.0457991 0.0472816 0.0463468 0.0508054 0.0410425 0.0585778 0.0599058 0.0489821 0.0434691 0.0509029 0.0429323 0.0445991 0.0315082 0.0272335
0.0340494 0.0240341 0.0234656         0 0.0222538 0.0258764 0.0314731 0.0463881 0.0443408 0.0462797 0.0541853  0.049305 0.0554458 0.0514073 0.0538251 0.0548453 0.0583952 0.0519051 0.0558769 0.0717243 0.0594594 0.0475631 0.0497379 0.0396333 0.0432143 0.0351235 0.0311033
0.0319197 0.0279578 0.0248123 0.0222538         0 0.0239637  0.028364 0.0473615 0.0377347 0.0418304 0.0451426 0.0376463 0.0520526 0.0471321 0.0516333 0.0493408 0.0572485 0.0469625 0.0609234 0.0639188 0.0514025 0.0471359 0.0551957 0.0502688 0.0515193 0.0412881  0.032138
0.0396251 0.0368984 0.0317435 0.0258764 0.0239637         0 0.0308474 0.0372879 0.0367244 0.0406114  0.048556 0.0450248 0.0526004  0.052286 0.0553348  0.056164 0.0610737 0.0542646 0.0648923  0.072611 0.0604041 0.0519786 0.0582009 0.0675118 0.0575895 0.0550979 0.0449172
0.0380647 0.0409032 0.0389066 0.0314731  0.028364 0.0308474         0 0.0338324 0.0311733 0.0376396 0.0460135 0.0407407   0.05264 0.0476587 0.0531588 0.0556786 0.0613049 0.0561009 0.0704105 0.0709189 0.0568661  0.054656 0.0588982 0.0655132 0.0588391 0.0519367 0.0427162
0.0479279 0.0459144  0.049198 0.0463881 0.0473615 0.0372879 0.0338324         0 0.0231923 0.0245193 0.0421214 0.0354048 0.0492726 0.0516285 0.0572545 0.0662026 0.0632676 0.0496313 0.0638326 0.0743871   0.06273 0.0555362 0.0561225  0.070426  0.066916  0.062568 0.0481566
0.0412849 0.0393416 0.0394828 0.0443408 0.0377347 0.0367244 0.0311733 0.0231923         0 0.0158927 0.0223532 0.0284083 0.0350685 0.0375631 0.0447576   0.05306 0.0542047  0.039544 0.0545695 0.0583672 0.0500314 0.0459765 0.0465382 0.0439456 0.0508026 0.0471758 0.0379284
0.0428044 0.0446582 0.0440009 0.0462797 0.0418304 0.0406114 0.0376396 0.0245193 0.0158927         0 0.0223789 0.0259157  0.034532  0.038441 0.0418304 0.0485727 0.0498777 0.0389293 0.0511468 0.0585546 0.0534117 0.0475595 0.0474374 0.0472341 0.0548691 0.0485906  0.042996
0.0498641 0.0470219 0.0459434 0.0541853 0.0451426  0.048556 0.0460135 0.0421214 0.0223532 0.0223789         0 0.0183022 0.0262562  0.023523 0.0360239 0.0383956 0.0449193 0.0296528 0.0426274 0.0502806   0.04052 0.0382443 0.0442606 0.0381568 0.0498201 0.0437593    0.0486
0.0451877 0.0470942 0.0426518  0.049305 0.0376463 0.0450248 0.0407407 0.0354048 0.0284083 0.0259157 0.0183022         0 0.0271224 0.0241784    0.0339 0.0370537 0.0417811 0.0312545 0.0444886  0.047571 0.0382966 0.0365345 0.0404472 0.0374785 0.0463826 0.0391852 0.0388745
0.0459176 0.0506429 0.0500912 0.0554458 0.0520526 0.0526004   0.05264 0.0492726 0.0350685  0.034532 0.0262562 0.0271224         0 0.0186034  0.025062 0.0379545  0.042422 0.0343969 0.0475159 0.0473498 0.0424715 0.0356288 0.0361516 0.0391427 0.0507496 0.0427053 0.0474034
0.0434051  0.048276 0.0457991 0.0514073 0.0471321  0.052286 0.0476587 0.0516285 0.0375631  0.038441  0.023523 0.0241784 0.0186034         0 0.0126853 0.0223951  0.030706 0.0235498 0.0353006 0.0420523 0.0321104 0.0317221 0.0315836 0.0311248 0.0420814 0.0322308 0.0408066
0.0415404 0.0473955 0.0472816 0.0538251 0.0516333 0.0553348 0.0531588 0.0572545 0.0447576 0.0418304 0.0360239    0.0339  0.025062 0.0126853         0 0.0219511 0.0316214 0.0250974  0.040247 0.0427023 0.0423676 0.0332649 0.0382847 0.0397792  0.046583 0.0369442 0.0409634
0.0468216 0.0448867 0.0463468 0.0548453 0.0493408  0.056164 0.0556786 0.0662026   0.05306 0.0485727 0.0383956 0.0370537 0.0379545 0.0223951 0.0219511         0 0.0251521  0.018667 0.0331546 0.0422978 0.0398091 0.0351685 0.0380111 0.0361326  0.040642 0.0387471 0.0414953
0.0500677 0.0509534 0.0508054 0.0583952 0.0572485 0.0610737 0.0613049 0.0632676 0.0542047 0.0498777 0.0449193 0.0417811  0.042422  0.030706 0.0316214 0.0251521         0  0.017766 0.0352159  0.043233 0.0398765 0.0329471 0.0422442 0.0425646 0.0488598  0.045434 0.0436487
0.0342561 0.0341497 0.0410425 0.0519051 0.0469625 0.0542646 0.0561009 0.0496313  0.039544 0.0389293 0.0296528 0.0312545 0.0343969 0.0235498 0.0250974  0.018667  0.017766         0 0.0181777 0.0263691 0.0244244 0.0265514 0.0286203 0.0301044 0.0308318 0.0298106 0.0285015
0.0474842 0.0482481 0.0585778 0.0558769 0.0609234 0.0648923 0.0704105 0.0638326 0.0545695 0.0511468 0.0426274 0.0444886 0.0475159 0.0353006  0.040247 0.0331546 0.0352159 0.0181777         0 0.0391467  0.035615 0.0422978 0.0386419  0.037305 0.0451573 0.0402444 0.0447191
0.0590574 0.0511826 0.0599058 0.0717243 0.0639188  0.072611 0.0709189 0.0743871 0.0583672 0.0585546 0.0502806  0.047571 0.0473498 0.0420523 0.0427023 0.0422978  0.043233 0.0263691 0.0391467         0 0.0313299 0.0353878 0.0412662 0.0493655 0.0502348  0.047571 0.0513764
0.0481409 0.0504582 0.0489821 0.0594594 0.0514025 0.0604041 0.0568661   0.06273 0.0500314 0.0534117   0.04052 0.0382966 0.0424715 0.0321104 0.0423676 0.0398091 0.0398765 0.0244244  0.035615 0.0313299         0 0.0251932 0.0301142 0.0326717 0.0400196 0.0406879 0.0407768
0.0402481 0.0380696 0.0434691 0.0475631 0.0471359 0.0519786  0.054656 0.0555362 0.0459765 0.0475595 0.0382443 0.0365345 0.0356288 0.0317221 0.0332649 0.0351685 0.0329471 0.0265514 0.0422978 0.0353878 0.0251932         0  0.023624 0.0195696 0.0320905 0.0296528 0.0354048
0.0443408 0.0378721 0.0509029 0.0497379 0.0551957 0.0582009 0.0588982 0.0561225 0.0465382 0.0474374 0.0442606 0.0404472 0.0361516 0.0315836 0.0382847 0.0380111 0.0422442 0.0286203 0.0386419 0.0412662 0.0301142  0.023624         0 0.0245741 0.0336724 0.0322308 0.0366184
0.0395417 0.0333472 0.0429323 0.0396333 0.0502688 0.0675118 0.0655132  0.070426 0.0439456 0.0472341 0.0381568 0.0374785 0.0391427 0.0311248 0.0397792 0.0361326 0.0425646 0.0301044  0.037305 0.0493655 0.0326717 0.0195696 0.0245741         0 0.0339458 0.0308856 0.0351455
0.0373931  0.037817 0.0445991 0.0432143 0.0515193 0.0575895 0.0588391  0.066916 0.0508026 0.0548691 0.0498201 0.0463826 0.0507496 0.0420814  0.046583  0.040642 0.0488598 0.0308318 0.0451573 0.0502348 0.0400196 0.0320905 0.0336724 0.0339458         0 0.0301116 0.0384788
0.0325195 0.0307552 0.0315082 0.0351235 0.0412881 0.0550979 0.0519367  0.062568 0.0471758 0.0485906 0.0437593 0.0391852 0.0427053 0.0322308 0.0369442 0.0387471  0.045434 0.0298106 0.0402444  0.047571 0.0406879 0.0296528 0.0322308 0.0308856 0.0301116         0 0.0362356
 0.018814 0.0205211 0.0272335 0.0311033  0.032138 0.0449172 0.0427162 0.0481566 0.0379284  0.042996    0.0486 0.0388745 0.0474034 0.0408066 0.0409634 0.0414953 0.0436487 0.0285015 0.0447191 0.0513764 0.0407768 0.0354048 0.0366184 0.0351455 0.0384788 0.0362356         0


JC Tree topology:
(1,(2,((3,((4,(5,6)),7)),(((((((((((8,9),10),11),12),13),(14,15)),((16,17),(18,19))),(20,21)),((22,24),23)),25),26))),27);

Putting MLE Branch Lengths
p: 0.234114 0.256704 0.279915 0.229267
s:  0.102007  0.183877 0.0610378  0.192236  0.364097 0.0967453
Q: 
-0.740925  0.217858  0.392708  0.130359
 0.198686  -1.28229  0.374431  0.709176
 0.328452  0.343383 -0.844646  0.172812
 0.133115  0.794047  0.210989  -1.13815

(((((((22:0.0135386,24:0.0116803):0.0048988,23:0.0139241):0.0064321,((((((11:0.0069084,((8:0.0226554,9:0.0075099):0.0040066,10:0.0083665):0.0129145):0.0054398,12:0.0096257):0.0078127,13:0.0116768):0.0062322,(14:0.0017050,15:0.0118261):0.0043204):0.0127934,((16:0.0137294,17:0.0137346):0.0042283,(19:0.0189274,18:0.0008480):0.0047001):0.0064081):0.0041641,(20:0.0206809,21:0.0145382):0.0100387):0.0074504):0.0083863,25:0.0205889):0.0046917,26:0.0161200):0.0177366,((((6:0.0144915,5:0.0095594):0.0034704,4:0.0129619):0.0000100,7:0.0229684):0.0068295,3:0.0112608):0.0098131):0.0000100,2:0.0113274,(1:0.0081980,27:0.0143283):0.0083296);
Seed = 2557456416
Seeds per chain: 
     3500843991
      288167272
     2161613141
     4273863782
stationary acceptance: 0.354189
symmetric acceptance: 0.426202
branch length acceptance: 0.736414
avgP: 0.215317 0.252997  0.29167 0.240016
sP: 9.14088e-05 9.82779e-05 0.000102745  9.6633e-05
avgS: 0.0856603  0.146989 0.0673139   0.24885  0.342769  0.108418
sS: 9.64784e-05 0.000185588 9.84631e-05  0.00028183 0.000338364 0.000154813
0.215317 0.252997  0.29167 0.240016
0.0856603  0.146989 0.0673139   0.24885  0.342769  0.108418

-0.696564  0.198917  0.341333  0.156314
 0.169291  -1.33851  0.491804  0.677416
 0.251979  0.426594  -0.86443  0.185857
 0.140228  0.714053  0.225856  -1.08014

stationary acceptance: 0.350445
symmetric acceptance: 0.425054
branch length acceptance: 0.724467
avgP:  0.21511 0.252999 0.291608 0.240284
sP: 9.59044e-05   9.595e-05 0.000105142 9.67107e-05
avgS: 0.0855357  0.146855 0.0674535  0.249037  0.342839   0.10828
sS:  9.6806e-05  0.00018275 9.79566e-05   0.0002831 0.000329166  0.00015601
 0.21511 0.252999 0.291608 0.240284
0.0855357  0.146855 0.0674535  0.249037  0.342839   0.10828

-0.696956  0.198819  0.341349  0.156788
 0.169044  -1.33876  0.492171   0.67755
 0.251802  0.427007  -0.86447  0.185661
 0.140362  0.713404  0.225317  -1.07908

stationary acceptance: 0.33505
symmetric acceptance: 0.413226
branch length acceptance: 0.707672
avgP: 0.215075 0.252915 0.291786 0.240224
sP: 9.39552e-05 9.77591e-05 0.000101061 9.44566e-05
avgS: 0.0855063  0.146876 0.0673729  0.249005   0.34295   0.10829
sS: 9.90195e-05 0.000182032 9.94866e-05 0.000281756 0.000333609 0.000151729
0.215075 0.252915 0.291786 0.240224
0.0855063  0.146876 0.0673729  0.249005   0.34295   0.10829

-0.696864  0.198783  0.341454  0.156627
 0.169042  -1.33931   0.49227  0.677994
 0.251685  0.426691  -0.86394  0.185564
 0.140229  0.713811  0.225394  -1.07943

stationary acceptance: 0.340228
symmetric acceptance: 0.407356
branch length acceptance: 0.703653
avgP: 0.215155 0.252956 0.291747 0.240142
sP: 9.38306e-05 9.46339e-05 0.000102914 9.39057e-05
avgS: 0.0855855  0.146923 0.0673773  0.249004  0.342834  0.108276
sS: 9.99995e-05 0.000182061 9.78483e-05 0.000287207  0.00033011 0.000152378
0.215155 0.252956 0.291747 0.240142
0.0855855  0.146923 0.0673773  0.249004  0.342834  0.108276

-0.696907  0.198893  0.341436  0.156578
 0.169171  -1.33902   0.49219  0.677656
 0.251799  0.426746  -0.86411  0.185565
 0.140286  0.713814  0.225442  -1.07954

GTR Distance Matrix:

        0 0.0253394 0.0308253 0.0341216 0.0319691 0.0397865 0.0379589 0.0480522 0.0414612 0.0430914 0.0499499  0.045265  0.046035 0.0434564 0.0419464 0.0470089 0.0503956  0.034615 0.0479375 0.0593673 0.0486007 0.0406206 0.0445725 0.0399955 0.0376249 0.0326849 0.0189487
0.0253394         0 0.0271273 0.0241109 0.0279753  0.037152  0.040858 0.0462981 0.0395043 0.0449091 0.0472732 0.0472346 0.0508766 0.0483853 0.0477316 0.0449333 0.0512743 0.0344612  0.048486 0.0513021 0.0507057  0.038237  0.037935  0.033655 0.0380021  0.030905 0.0206473
0.0308253 0.0271273         0 0.0235401 0.0249188 0.0319765 0.0388856 0.0496495 0.0398535 0.0444458 0.0463069 0.0428965 0.0504904 0.0459361 0.0478376 0.0466424 0.0513194 0.0416598 0.0593687 0.0604169 0.0494636 0.0438831  0.051258 0.0435858   0.04499 0.0317276 0.0275274
0.0341216 0.0241109 0.0235401         0 0.0222828 0.0260717 0.0315047 0.0468408 0.0446161 0.0466562 0.0546044 0.0496309 0.0558484 0.0515584 0.0542154 0.0550294  0.058852 0.0525054 0.0563059 0.0722093 0.0599672 0.0478716  0.050061 0.0401324 0.0435736 0.0354034 0.0313851
0.0319691 0.0279753 0.0249188 0.0222828         0 0.0240734 0.0283388 0.0477464 0.0380123 0.0420969 0.0453755 0.0377811 0.0522972 0.0471549 0.0520913  0.049393 0.0576307 0.0474004 0.0614496 0.0641883 0.0518286 0.0474293 0.0555002 0.0510666 0.0520546 0.0415258 0.0325287
0.0397865  0.037152 0.0319765 0.0260717 0.0240734         0 0.0309017 0.0376843 0.0371345 0.0409419 0.0489898 0.0453424 0.0530398 0.0525591 0.0559324 0.0564868 0.0617831 0.0549762 0.0654994 0.0732498 0.0610279 0.0523716 0.0586873 0.0686023 0.0582921  0.055749 0.0454936
0.0379589  0.040858 0.0388856 0.0315047 0.0283388 0.0309017         0 0.0339706 0.0312821 0.0378685 0.0460831 0.0407842 0.0527015    0.0475 0.0532818 0.0555335 0.0613395 0.0564388 0.0705676 0.0709536 0.0570194 0.0546782 0.0588955 0.0660372 0.0591623 0.0520871 0.0428798
0.0480522 0.0462981 0.0496495 0.0468408 0.0477464 0.0376843 0.0339706         0  0.023426 0.0247319 0.0424738 0.0356986 0.0497959 0.0519829 0.0579059 0.0667851 0.0638883 0.0502082 0.0644561 0.0748328 0.0635435 0.0561292 0.0568028 0.0717406  0.067826 0.0632422  0.048705
0.0414612 0.0395043 0.0398535 0.0446161 0.0380123 0.0371345 0.0312821  0.023426         0 0.0160437 0.0225203 0.0286226 0.0353722 0.0377366 0.0451643 0.0533635 0.0546362 0.0400559 0.0551194   0.05871 0.0505885 0.0464127 0.0469679 0.0444804 0.0514086 0.0476408 0.0382669
0.0430914 0.0449091 0.0444458 0.0466562 0.0420969 0.0409419 0.0378685 0.0247319 0.0160437         0 0.0225863 0.0262015  0.034834 0.0387679 0.0422574 0.0489588 0.0503652 0.0393949 0.0515479  0.059083 0.0541215 0.0478847 0.0479508 0.0479647  0.055601 0.0492079  0.043559
0.0499499 0.0472732 0.0463069 0.0546044 0.0453755 0.0489898 0.0460831 0.0424738 0.0225203 0.0225863         0 0.0183682 0.0264262 0.0235547 0.0362879 0.0385023 0.0451983 0.0300123 0.0428791 0.0505988 0.0408297 0.0385309 0.0446441 0.0385914 0.0503439 0.0441565  0.049145
 0.045265 0.0472346 0.0428965 0.0496309 0.0377811 0.0453424 0.0407842 0.0356986 0.0286226 0.0262015 0.0183682         0 0.0272522 0.0242016 0.0341534 0.0372125 0.0420233 0.0315739 0.0447309 0.0478468 0.0385096 0.0366709 0.0406013 0.0378157 0.0467858 0.0394497 0.0392223
 0.046035 0.0508766 0.0504904 0.0558484 0.0522972 0.0530398 0.0527015 0.0497959 0.0353722  0.034834 0.0264262 0.0272522         0 0.0186154 0.0251944  0.038091 0.0427313 0.0347745 0.0478352 0.0475413 0.0429366 0.0358839 0.0363787 0.0396543 0.0513794  0.043073 0.0478691
0.0434564 0.0483853 0.0459361 0.0515584 0.0471549 0.0525591    0.0475 0.0519829 0.0377366 0.0387679 0.0235547 0.0242016 0.0186154         0 0.0127107 0.0223891  0.030822 0.0237727 0.0354362 0.0421725   0.03228 0.0318447 0.0316553 0.0313853 0.0423632 0.0324206 0.0411392
0.0419464 0.0477316 0.0478376 0.0542154 0.0520913 0.0559324 0.0532818 0.0579059 0.0451643 0.0422574 0.0362879 0.0341534 0.0251944 0.0127107         0 0.0220576 0.0318685 0.0254324   0.04073 0.0429548 0.0429052 0.0336212 0.0387315 0.0404766 0.0472426 0.0373851 0.0415653
0.0470089 0.0449333 0.0466424 0.0550294  0.049393 0.0564868 0.0555335 0.0667851 0.0533635 0.0489588 0.0385023 0.0372125  0.038091 0.0223891 0.0220576         0 0.0252658 0.0188367 0.0333465 0.0423818 0.0400155 0.0353143 0.0381858 0.0365067 0.0409668 0.0390419 0.0418717
0.0503956 0.0512743 0.0513194  0.058852 0.0576307 0.0617831 0.0613395 0.0638883 0.0546362 0.0503652 0.0451983 0.0420233 0.0427313  0.030822 0.0318685 0.0252658         0 0.0179922 0.0355599 0.0435422 0.0402117 0.0332591  0.042585 0.0431582 0.0494155 0.0459411 0.0441859
 0.034615 0.0344612 0.0416598 0.0525054 0.0474004 0.0549762 0.0564388 0.0502082 0.0400559 0.0393949 0.0300123 0.0315739 0.0347745 0.0237727 0.0254324 0.0188367 0.0179922         0 0.0184385 0.0266032 0.0246773 0.0268781 0.0289538 0.0306412 0.0312257 0.0302241 0.0289225
0.0479375  0.048486 0.0593687 0.0563059 0.0614496 0.0654994 0.0705676 0.0644561 0.0551194 0.0515479 0.0428791 0.0447309 0.0478352 0.0354362   0.04073 0.0333465 0.0355599 0.0184385         0 0.0393402 0.0359998 0.0426614  0.039048 0.0378268 0.0457803 0.0406863 0.0454997
0.0593673 0.0513021 0.0604169 0.0722093 0.0641883 0.0732498 0.0709536 0.0748328   0.05871  0.059083 0.0505988 0.0478468 0.0475413 0.0421725 0.0429548 0.0423818 0.0435422 0.0266032 0.0393402         0 0.0316039 0.0356188  0.041554 0.0500262 0.0506344 0.0480178  0.052011
0.0486007 0.0507057 0.0494636 0.0599672 0.0518286 0.0610279 0.0570194 0.0635435 0.0505885 0.0541215 0.0408297 0.0385096 0.0429366   0.03228 0.0429052 0.0400155 0.0402117 0.0246773 0.0359998 0.0316039         0 0.0254389 0.0303967 0.0331797 0.0405021 0.0411472  0.041333
0.0406206  0.038237 0.0438831 0.0478716 0.0474293 0.0523716 0.0546782 0.0561292 0.0464127 0.0478847 0.0385309 0.0366709 0.0358839 0.0318447 0.0336212 0.0353143 0.0332591 0.0268781 0.0426614 0.0356188 0.0254389         0 0.0238269 0.0197748 0.0324063 0.0299777 0.0358875
0.0445725  0.037935  0.051258  0.050061 0.0555002 0.0586873 0.0588955 0.0568028 0.0469679 0.0479508 0.0446441 0.0406013 0.0363787 0.0316553 0.0387315 0.0381858  0.042585 0.0289538  0.039048  0.041554 0.0303967 0.0238269         0 0.0248277 0.0338807 0.0324474 0.0369567
0.0399955  0.033655 0.0435858 0.0401324 0.0510666 0.0686023 0.0660372 0.0717406 0.0444804 0.0479647 0.0385914 0.0378157 0.0396543 0.0313853 0.0404766 0.0365067 0.0431582 0.0306412 0.0378268 0.0500262 0.0331797 0.0197748 0.0248277         0 0.0344738  0.031344  0.035801
0.0376249 0.0380021   0.04499 0.0435736 0.0520546 0.0582921 0.0591623  0.067826 0.0514086  0.055601 0.0503439 0.0467858 0.0513794 0.0423632 0.0472426 0.0409668 0.0494155 0.0312257 0.0457803 0.0506344 0.0405021 0.0324063 0.0338807 0.0344738         0 0.0302938 0.0389794
0.0326849  0.030905 0.0317276 0.0354034 0.0415258  0.055749 0.0520871 0.0632422 0.0476408 0.0492079 0.0441565 0.0394497  0.043073 0.0324206 0.0373851 0.0390419 0.0459411 0.0302241 0.0406863 0.0480178 0.0411472 0.0299777 0.0324474  0.031344 0.0302938         0 0.0366347
0.0189487 0.0206473 0.0275274 0.0313851 0.0325287 0.0454936 0.0428798  0.048705 0.0382669  0.043559  0.049145 0.0392223 0.0478691 0.0411392 0.0415653 0.0418717 0.0441859 0.0289225 0.0454997  0.052011  0.041333 0.0358875 0.0369567  0.035801 0.0389794 0.0366347         0

meanTree = (1:0.0109354,((2:0.0104497,(3:0.0113314,((4:0.0107652,(5:0.00903062,6:0.0139319):0.00089053):0.00108948,7:0.0153941):0.00255056):0.00214484):0.000723281,(((((((8:0.0163432,10:0.00734391):0.000859618,9:0.00625735):0.0057564,(11:0.00902527,12:0.00815808):0.00146746):0.00290941,(13:0.0127266,(14:0.00389063,15:0.00858324):0.00228703):0.00172189):0.00195338,(((16:0.0106179,17:0.014246):0.00172283,(18:0.00214732,19:0.015604):0.0010498):0.00162222,(20:0.0192229,21:0.0122594):0.0028664):0.00077546):0.00101592,((22:0.00816358,24:0.0111384):0.00141906,23:0.0121281):0.0010714):0.00176815,(25:0.0166749,26:0.012378):0.00151284):0.0041566):0.00201724,27:0.00786351);
(1,(2,(3,((4,5),6))),(((((7,8),9),10),(((11,12),(13,(14,15))),((((16,17),(18,19)),(20,21)),(((22,24),23),(25,26))))),27)); 0.0214263
(1,(2,(3,((4,(5,6)),7))),((((((((((((8,10),9),11),12),13),14),(15,16)),(17,18)),((19,(20,21)),((22,24),23))),25),26),27)); 0.0188574
(1,((2,(3,((4,5),(6,7)))),(((((((8,9),10),11),12),13),(((14,15),(16,(17,18))),(((19,20),21),((22,24),23)))),(25,26))),27); 0.0205504
(1,((2,((3,4),((5,6),(7,8)))),(((((((((9,10),11),12),13),14),(15,16)),((17,18),(19,20))),(21,(22,(23,24)))),(25,26))),27); 0.0271455
(1,((2,(3,(4,(5,(6,7))))),(((((((((((8,10),9),11),12),((13,14),15)),16),((17,18),19)),(((20,21),22),23)),24),25),26)),27); 0.0210709
(1,(2,27),((3,((4,(5,6)),7)),((((((((8,(9,10)),12),11),13),(14,15)),((16,17),((18,20),19))),((21,(22,24)),23)),(25,26)))); 0.0162055
(1,(2,((3,((4,(5,6)),7)),(((((((((((8,10),9),11),12),13),(14,15)),16),((17,18),19)),(20,21)),(22,(23,24))),(25,26)))),27); 0.0170433
(1,((2,(3,(((4,6),5),7))),((((((((8,9),10),11),12),(13,(14,15))),((16,17),(18,(19,(20,21))))),((22,24),23)),(25,26))),27); 0.0180268
(1,(((2,(4,(5,(6,7)))),3),((((((((((((8,9),10),11),12),13),14),(15,16)),((17,18),20)),19),23),((21,22),24)),(25,26))),27); 0.0158341
(1,((2,(3,((4,6),5))),((((((((((((((7,8),9),10),11),12),13),14),15),16),17),(18,(20,(21,22)))),19),(23,24)),(25,26))),27); 0.0241603
(1,(2,((3,((4,(6,7)),5)),(((((((((((8,9),10),11),12),13),(14,15)),(((16,17),18),19)),((20,22),21)),(23,24)),25),26))),27); 0.0167871
(1,((2,3),(((4,5),6),7)),((((((((((8,9),10),(11,12)),13),(14,15)),((16,17),(18,(19,20)))),(22,24)),((21,23),25)),26),27)); 0.0159064
(1,((2,27),(((((7,((8,10),9)),(11,12)),(13,(14,15))),(((((16,17),18),19),(20,21)),(22,(23,24)))),(25,26))),(3,(4,(5,6)))); 0.0206807
(1,(2,27),(((3,(4,5)),((6,(7,8)),(9,10))),(((((((((11,12),13),(14,15)),16),(17,18)),19),(20,21)),((22,24),23)),(25,26)))); 0.0242647
(1,(2,(((3,(4,(5,6))),7),(((((((((8,9),10),11),12),(13,(14,15))),((((16,17),18),19),(20,21))),(22,(23,24))),25),26))),27); 0.0150585
(1,((2,((((((((((((8,9),10),11),12),13),(14,15)),16),((17,18),19)),20),(21,22)),(23,24)),(25,26))),(3,(((4,6),7),5))),27); 0.0188282
(1,(2,((3,4),(5,6))),((((((((((7,8),9),10),(11,12)),((13,15),14)),((((16,17),18),19),(20,21))),(22,23)),24),(25,26)),27)); 0.0296354
(1,(2,27),(((3,4),(5,(6,7))),((((((((((8,10),9),11),12),13),(14,15)),(((16,17),(18,20)),19)),21),((22,24),23)),(25,26)))); 0.0170978
(1,(2,((3,((4,(6,7)),5)),(((((((8,10),9),11),12),(((((13,14),15),16),((17,18),19)),((20,21),((22,24),23)))),25),26))),27); 0.0209287
(1,((2,(3,(((4,6),7),5))),(((((((((8,9),10),11),12),(13,(14,15))),((((16,17),18),19),(20,21))),((22,24),23)),25),26)),27); 0.0173888
(1,(2,(((3,(4,5)),((6,7),((8,10),9))),((((((11,12),((13,14),15)),(16,17)),((18,(19,(20,21))),((22,24),23))),26),25))),27); 0.0259229
(1,(2,((3,((((4,6),5),(7,8)),(9,10))),((((11,12),(13,(14,15))),(((16,17),(18,19)),(20,21))),((22,(23,24)),(25,26))))),27); 0.0232087
(1,(2,((3,(4,(5,(6,7)))),((((((((((8,10),9),11),12),13),(14,15)),((16,17),((18,19),(20,21)))),((22,24),23)),25),26))),27); 0.0177911
(1,((2,(3,(((4,6),5),7))),(((((((((8,10),9),11),12),(13,(14,15))),(((16,17),(18,19)),(20,21))),((22,24),23)),25),26)),27); 0.0201943
(1,((2,27),((((((((((8,9),10),12),11),((13,14),15)),16),((17,18),(19,(20,21)))),((22,24),23)),25),26)),(3,((4,(5,6)),7))); 0.0184965
(1,((2,(3,(4,(5,6)))),(((((((((7,8),9),10),(11,12)),13),(14,15)),((16,((17,18),19)),(20,21))),((22,24),23)),(25,26))),27); 0.0229501
(1,(2,(3,((4,5),6))),(((((((((7,8),9),10),(11,12)),13),(((14,15),(16,17)),(18,(19,(20,21))))),((22,24),23)),(25,26)),27)); 0.022285
(1,((2,(3,((4,6),5))),((((((((7,((8,10),9)),(11,12)),13),(14,15)),(((16,17),(18,(19,20))),21)),((22,24),23)),26),25)),27); 0.0234734
(1,2,(((3,(((4,6),5),7)),(((((((((8,10),9),11),12),(13,(14,15))),((16,17),(18,(19,20)))),((21,23),(22,24))),25),26)),27)); 0.0176601
(1,((2,(3,(((4,6),5),7))),(((((((((8,9),10),11),12),13),(((14,15),16),(((17,18),19),20))),((21,23),(22,24))),26),25)),27); 0.0185729
(1,(2,((3,((4,5),6)),(((7,8),(9,10)),((11,12),((13,(14,15)),(((16,17),(18,19)),(20,((21,(22,24)),(23,(25,26)))))))))),27); 0.0252278
(1,((2,(3,(4,((5,6),7)))),((((((((((((8,10),9),11),12),13),14),(15,16)),(17,(18,19))),(20,21)),23),(22,24)),(25,26))),27); 0.0212901
(1,2,((3,(((4,6),5),7)),((((((((((8,10),9),11),12),(13,(14,15))),(16,17)),(18,(19,(20,21)))),((22,24),23)),(25,26)),27))); 0.0199122
(1,(2,((3,(4,(5,(6,7)))),(((((((((8,10),9),12),11),13),(14,15)),(((16,17),(18,19)),(20,21))),(22,(23,24))),(25,26)))),27); 0.0200191
(1,((2,(3,(4,5))),((((((((((((((6,8),7),9),10),(11,12)),13),14),15),16),17),((18,19),(20,21))),((22,24),23)),25),26)),27); 0.0254034
(1,2,(((3,4),(5,6)),((((((7,8),9),10),(11,12)),(((((13,14),15),(((16,17),18),(19,(20,21)))),((22,23),24)),(25,26))),27))); 0.0207152
(1,(2,(3,(4,(5,6)))),((((((((((((7,8),9),10),11),12),(13,(14,15))),(((16,(17,18)),19),(20,21))),(23,24)),22),25),26),27)); 0.0222762
(1,((2,(3,(4,(5,6)))),(((((((((((((7,8),9),10),11),12),((13,15),14)),(16,17)),((18,19),20)),21),22),(23,24)),25),26)),27); 0.021406
(1,(((2,((4,6),5)),3),((((((((((((7,8),9),10),12),11),(13,(14,15))),16),(17,18)),(20,21)),19),((22,24),23)),(25,26))),27); 0.0219864
(1,(2,(3,(4,(5,6)))),((((((((7,(((8,10),9),11)),12),(13,(14,15))),(16,17)),((18,19),(20,21))),(((22,24),23),25)),26),27)); 0.0202803
(1,((2,(3,4)),27),(((5,6),(7,(8,(9,10)))),(((((((((11,12),13),14),15),(((16,17),(18,20)),19)),(21,22)),(23,24)),26),25))); 0.0211374
(1,((2,((3,(4,6)),5)),((7,((8,9),10)),((((((11,12),13),(14,15)),(((16,17),(18,19)),(20,21))),((22,24),23)),(25,26)))),27); 0.0208377
(1,((2,(3,((4,6),(5,7)))),(((((((8,10),9),11),12),(((13,14),15),(16,(17,(18,19))))),(((20,21),23),(22,24))),(25,26))),27); 0.0217554
(1,(((2,((4,5),((6,7),8))),3),((((((((9,10),11),12),((13,15),14)),(((16,17),18),19)),((20,21),22)),(23,(24,25))),26)),27); 0.0218189
(1,((2,(3,(4,((5,6),7)))),((((((((8,9),10),11),12),(13,(14,15))),(((16,17),(18,19)),(20,21))),((22,24),23)),(25,26))),27); 0.0179737
(1,(2,((((3,(4,6)),5),(7,((8,9),10))),(((11,12),13),((((14,15),16),((17,18),19)),((20,21),(22,(((23,24),25),26))))))),27); 0.022622
(1,(((2,(((4,6),5),7)),3),((((((((((8,10),9),11),12),((13,15),14)),((16,(17,18)),19)),(20,21)),((22,24),23)),25),26)),27); 0.0188715
(1,((2,(3,(((4,6),5),7))),((((((8,9),10),11),12),(((((13,15),14),(16,17)),((18,19),(20,21))),((22,23),24))),(25,26))),27); 0.0215734
(1,((2,(3,((4,7),(5,6)))),27),((((((((((8,9),10),11),12),((13,15),14)),((16,17),(18,19))),(20,21)),((22,24),23)),25),26)); 0.0175953
(1,((2,3),((((((4,(5,6)),7),8),9),10),((11,12),((13,(14,15)),(((16,((17,18),19)),(20,21)),((((22,24),23),26),25)))))),27); 0.0213056
(1,(2,(3,(4,(5,6)))),((((((((7,8),9),10),(11,12)),(13,(14,15))),((((16,17),18),19),(20,21))),((((22,24),23),25),26)),27)); 0.0227877
(1,((((2,4),(5,(6,(7,(((8,10),9),((11,12),13)))))),3),((((((14,15),16),17),(18,19)),((((20,21),22),23),24)),(25,26))),27); 0.0222274
(1,(2,(3,(4,5))),((((((((((((6,8),7),9),(10,11)),12),(13,14)),15),(16,((17,19),18))),(20,21)),(((22,24),25),23)),26),27)); 0.0209461
(1,((2,27),(3,((4,5),(6,(7,8))))),(((((((9,10),11),12),(13,(14,15))),(((16,17),18),((20,21),22))),(19,(23,24))),(25,26))); 0.0258267
(1,((((2,4),3),((5,6),7)),(((((((8,10),9),11),12),(((((13,15),14),16),17),((18,19),(20,21)))),((22,24),23)),(25,26))),27); 0.0185313
(1,((2,27),(3,(4,(5,(6,7))))),((((((((((8,10),9),11),12),13),(14,15)),(((16,17),18),19)),(20,21)),(22,(23,24))),(25,26))); 0.0183834
(1,((2,(3,(((4,6),5),7))),(((((((8,9),10),(11,12)),(13,(14,15))),((((16,17),18),(19,20)),21)),((22,24),23)),(25,26))),27); 0.0197003
(1,(((2,((4,5),(6,7))),3),(((((((((8,10),9),11),12),(13,(14,15))),(((16,17),19),(18,20))),21),((22,24),23)),(25,26))),27); 0.0154756
(1,2,(((3,((4,(6,7)),5)),(((8,10),9),((11,12),((13,(14,15)),(((((16,17),18),19),(20,21)),((22,24),(23,(25,26)))))))),27)); 0.0191262
(1,((2,(3,(4,(5,(6,7))))),((((((((8,(9,10)),11),12),(13,14)),((15,16),17)),(18,(19,(20,21)))),((22,(23,24)),25)),26)),27); 0.0164823
(1,(2,((3,4),(5,(6,7)))),((((((((((((8,(9,10)),11),12),13),(14,15)),(((16,17),18),19)),23),(20,21)),(22,24)),25),26),27)); 0.0186085
(1,((2,(3,(((4,6),5),((7,8),(9,10))))),((((11,12),13),(((((14,15),16),17),(18,19)),(20,21))),((((22,24),23),25),26))),27); 0.023646
(1,(2,((3,(((4,6),5),7)),(((((((((8,10),9),11),12),(13,14)),((15,16),(17,(18,19)))),(20,21)),((22,24),23)),(25,26)))),27); 0.0177118
(1,(2,((((3,(4,6)),5),7),((((((((((8,10),9),11),12),13),(14,15)),((16,17),(18,19))),(((20,21),22),(23,24))),25),26))),27); 0.0177765
(1,((2,(3,(((4,6),5),7))),((((((((((8,10),9),11),12),13),(14,15)),((16,17),18)),(20,21)),19),(((22,26),(23,24)),25))),27); 0.0212534
(1,(((2,((((4,6),5),7),((8,10),9))),3),(((((11,12),13),(((14,15),((16,17),18)),19)),((20,(21,22)),((23,24),25))),26)),27); 0.0265228
(1,(2,((3,(4,(5,(6,7)))),((((((8,(9,10)),11),12),13),(((((14,15),(16,17)),(18,19)),(20,21)),((22,24),23))),(25,26)))),27); 0.020846
(1,(2,((((3,4),(5,6)),(7,((8,10),9))),(((((((((11,12),13),(14,15)),16),17),(18,19)),((20,21),22)),(23,24)),(25,26)))),27); 0.0223904
(1,((2,(3,(4,((5,6),7)))),(((((((((8,9),10),11),12),13),((14,15),(16,17))),(18,19)),(((20,22),21),(23,24))),(25,26))),27); 0.0210322
(1,((2,(3,(((4,6),5),7))),(((((((((((8,9),10),11),12),13),(14,15)),23),(22,24)),((((16,17),18),19),(20,21))),25),26)),27); 0.0189182
(1,((2,((((((((((((8,10),9),11),12),13),(14,15)),((((16,17),18),19),20)),21),23),(22,24)),25),26)),(3,(((4,6),7),5))),27); 0.0140882
(1,((2,(3,((4,6),5))),((7,((8,10),9)),((((((((11,12),13),(14,15)),(16,17)),(18,((19,20),21))),((22,24),23)),25),26))),27); 0.0250934
(1,(2,((3,(((4,6),5),7)),(((((((8,10),9),(11,12)),13),(14,15)),(((((16,17),18),(20,21)),19),(((22,24),23),25))),26))),27); 0.0167291
(1,(2,((3,(4,((5,6),7))),((((((((8,10),9),(11,12)),((13,14),15)),(((16,17),(18,19)),(20,21))),(22,(23,24))),26),25))),27); 0.0182436
(1,(2,27),((3,(((4,(5,6)),7),((8,10),9))),(((((11,12),(13,(14,15))),((((16,17),18),19),(20,21))),((22,24),23)),(25,26)))); 0.0223623
(1,(((2,(4,(5,6))),3),((((((((((7,8),9),10),11),12),((13,14),15)),((((16,17),18),19),(20,21))),((22,24),23)),25),26)),27); 0.0267092
(1,(2,(((3,(4,5)),((6,8),7)),(((((9,(10,11)),12),13),(14,15)),((((((16,17),18),19),(20,21)),(((22,23),24),25)),26)))),27); 0.0249695
(1,((2,(3,(4,(5,(6,7))))),(((((((((8,10),9),11),12),(13,14)),(15,16)),(17,((18,19),20))),(21,(22,(23,24)))),(25,26))),27); 0.0218988
(1,((2,27),((((8,9),10),(11,12)),((((13,14),15),((16,17),(18,19))),((((20,21),23),(22,24)),(25,26))))),((((3,4),5),6),7)); 0.0175361
(1,((2,(3,(4,(5,(6,7))))),((((((((((((8,10),9),11),12),(13,(14,15))),(16,17)),(18,19)),(20,21)),23),(22,24)),25),26)),27); 0.0153731
(1,(2,(3,((4,(5,6)),7))),((((((((((((8,9),10),11),12),13),14),15),((16,(17,18)),19)),20),((21,22),(23,24))),(25,26)),27)); 0.0171997
(1,((2,(3,(4,(5,6)))),(((((((((((7,((8,9),10)),11),12),13),(14,15)),((16,17),(18,19))),(20,21)),22),23),24),(25,26))),27); 0.0247116
(1,(2,((3,(((4,6),7),5)),((((((((8,9),10),11),12),((13,14),15)),((16,(17,18)),19)),(((20,21),22),(23,24))),(25,26)))),27); 0.0174833
(1,(2,((3,27),(((8,10),9),((11,12),((13,(14,15)),((16,(17,(18,19))),((20,21),(((22,24),(23,25)),26)))))))),((4,(5,6)),7)); 0.018882
(1,(((2,((3,4),(5,6))),(7,((8,10),9))),((11,12),(((13,14),(15,(16,17))),(((18,19),(20,21)),((((22,24),26),25),23))))),27); 0.0208577
(1,((2,(3,(4,((5,6),7)))),27),((((((((8,10),9),11),12),(13,14)),(((15,(16,17)),(18,20)),19)),(((21,22),23),24)),(25,26))); 0.0217581
(1,(2,((3,(((4,6),5),7)),(((((((8,9),10),11),12),(13,14)),(((15,16),17),(18,19))),((((((20,21),22),23),24),25),26)))),27); 0.0195582
(1,(2,(3,((4,6),5))),(((((((((7,8),(9,10)),(11,12)),13),((14,15),16)),(17,18)),19),(((((20,21),22),23),(24,25)),26)),27)); 0.0220767
(1,((2,((3,4),(5,6))),((7,((8,10),9)),((11,12),(((13,14),15),(((((16,17),18),19),(20,21)),(((22,24),23),(25,26))))))),27); 0.0193298
(1,((2,(3,((4,6),5))),((((((((((7,8),(9,10)),12),11),13),14),((15,16),(17,(18,19)))),20),(21,((22,24),23))),(25,26))),27); 0.0252677
(1,((2,(3,(((4,6),5),7))),(((((((((8,9),10),11),12),((13,(14,15)),(16,17))),(((18,19),(20,21)),23)),(22,24)),26),25)),27); 0.0182657
(1,((2,27),(3,((4,(5,6)),7))),(((((((((8,10),9),11),12),(13,(14,15))),(((16,17),19),(18,(20,21)))),(22,(23,24))),25),26)); 0.0156425
(1,(2,27),((3,((4,(5,6)),7)),((((((((8,10),9),(11,12)),((13,14),15)),(16,((17,18),19))),(((20,21),22),(23,24))),25),26))); 0.0162894
(1,((2,((3,(4,5)),(6,(7,8)))),(((((((((9,10),12),11),(13,(14,15))),((16,((17,18),19)),(20,21))),23),(22,24)),25),26)),27); 0.0197963
(1,(2,(3,(((4,6),5),7))),((((((((((8,10),9),11),12),13),(((14,15),16),(17,(18,(19,(20,21)))))),((22,24),23)),25),26),27)); 0.0212354
(1,((2,((3,4),(5,6))),(((7,((8,9),10)),(11,12)),(((13,(14,15)),((16,17),(18,19))),(((20,21),22),((23,24),(25,26)))))),27); 0.0225657
(1,(2,((3,(((4,6),7),5)),(((8,9),10),((11,12),(13,((14,15),((((16,17),18),(19,(20,21))),((22,(23,24)),(25,26))))))))),27); 0.0170513
(1,(2,(3,(((((4,6),5),7),((8,10),9)),(((11,12),(13,(14,15))),(((((16,17),18),19),((20,21),((22,24),23))),(25,26)))))),27); 0.021008
(1,((2,(3,((4,5),(6,7)))),(((8,10),9),((((11,12),13),(14,15)),((16,(17,(18,19))),((((20,21),23),(22,24)),(25,26)))))),27); 0.0177321
(1,(((2,(3,((4,6),5))),(7,(8,(9,10)))),(((11,12),(((13,(14,(15,16))),17),(((18,(20,21)),19),((22,24),23)))),(25,26))),27); 0.023591
(1,(2,((3,(4,(5,6))),(((7,(((8,10),9),(11,12))),((((13,(14,15)),(16,((17,18),19))),(((20,21),(22,23)),24)),25)),26))),27); 0.024418
(1,(2,(((3,4),((5,6),7)),((((((((8,10),9),11),12),(13,(14,15))),(16,17)),((((18,19),20),21),((22,24),23))),(25,26)))),27); 0.0212097
(1,((2,((3,((4,6),5)),7)),(((((((((8,10),9),11),12),13),(14,15)),(16,(17,(18,19)))),((20,21),((22,24),23))),(25,26))),27); 0.0171203
(1,(2,(((3,4),((5,6),7)),((((((((((8,10),9),(11,12)),(13,(14,15))),16),((17,18),19)),((20,22),21)),(23,24)),25),26))),27); 0.0214845
(1,((2,((((((7,8),(9,10)),(11,12)),(13,(14,15))),((((16,17),19),18),(20,21))),(((22,24),23),(25,26)))),(((3,4),6),5)),27); 0.0222289
(1,(2,27),((3,(((4,6),5),(7,8))),(((((((((9,10),(11,12)),((13,14),15)),16),(17,18)),((20,21),22)),(19,(23,24))),25),26))); 0.0258418
(1,((2,(3,(((4,6),5),7))),((((8,10),9),(11,12)),(((((13,(14,15)),(16,((17,18),19))),((20,(21,22)),23)),24),(25,26)))),27); 0.0170656
(1,(((2,4),3),(((((((((((((5,6),7),((8,10),9)),(11,12)),13),14),15),(16,17)),(18,19)),(20,(21,22))),(23,24)),25),26)),27); 0.0227916
(1,((2,((3,4),((5,6),7))),(((((((8,(9,10)),11),12),(13,(14,15))),((((16,17),18),19),(20,21))),(22,(23,24))),(25,26))),27); 0.0185273
(1,2,(((3,(4,(5,6))),((((((((7,((8,10),9)),(11,12)),13),(14,15)),((16,17),18)),((19,24),((20,21),(22,23)))),25),26)),27)); 0.0220176
(1,((2,(3,((4,6),5))),((((((((7,8),9),10),(11,12)),(13,(14,15))),((16,17),(18,(19,(20,21))))),((22,24),23)),(25,26))),27); 0.0233633
(1,(((2,(((4,6),5),7)),3),((((((((((8,9),10),11),12),(13,(14,15))),((((16,17),18),19),(20,21))),23),(22,24)),25),26)),27); 0.0188824
(1,(2,27),(((3,4),((5,6),7)),(((((((8,9),10),11),12),(13,(14,15))),(((16,17),(18,19)),(((20,21),23),(22,24)))),(25,26)))); 0.0177603
(1,2,((3,((4,(5,6)),7)),(((((((((((8,10),9),11),12),13),(14,15)),(16,(17,18))),((19,21),20)),((22,(23,24)),25)),26),27))); 0.0187509
(1,(2,27),((3,(4,(5,6))),(((((((((((7,8),9),10),((11,12),13)),(14,15)),((16,(17,18)),19)),(20,21)),22),(23,24)),25),26))); 0.026801
(1,((2,(3,(((4,5),(6,(7,8))),(9,10)))),(((((((11,12),13),((14,15),16)),(((17,18),20),19)),(21,22)),(23,24)),(25,26))),27); 0.0234769
(1,((2,(3,((4,(6,7)),5))),(((((((((((8,9),10),11),12),(13,(14,15))),((16,(17,18)),19)),(20,21)),(23,24)),22),25),26)),27); 0.0153235
(1,(2,((((3,4),5),((6,7),((8,9),10))),(((11,12),13),((((14,15),16),17),((((18,19),(20,21)),(23,(25,26))),(22,24)))))),27); 0.0259338
(1,((2,(3,(4,((5,6),7)))),(((((((((8,10),9),11),12),13),(14,15)),26),(((16,17),(18,(19,20))),(21,((22,24),23)))),25)),27); 0.0158907
(1,(2,((3,((4,(5,6)),7)),((((((((((8,10),9),11),12),13),(14,15)),((((16,17),18),19),(20,21))),(22,(23,24))),25),26))),27); 0.0179165
(1,((2,(3,((4,6),5))),((((((((7,(((8,10),9),(11,12))),(13,(14,15))),(16,17)),((18,19),(20,21))),23),(22,24)),25),26)),27); 0.0244599
(1,(2,(3,(4,(5,6)))),(((((7,(((8,9),10),11)),12),(13,(14,15))),((((((16,17),19),18),20),(21,22)),((23,24),(25,26)))),27)); 0.0220994
(1,(((2,4),27),(3,5)),((((6,8),(9,10)),7),(((11,12),(13,(14,15))),((((16,17),(18,(19,(20,21)))),(((22,24),23),25)),26)))); 0.022224
(1,((2,(3,((4,(5,6)),7))),((((((((((8,9),10),(11,12)),13),(14,15)),(16,((17,18),19))),(20,21)),(22,(23,24))),25),26)),27); 0.016369
(1,(2,((3,(4,(5,6))),((7,((8,10),9)),(((11,12),(13,(14,15))),(((((16,17),18),19),(((20,21),22),(23,24))),(25,26)))))),27); 0.0222384
(1,(2,((3,((4,6),5)),(((((((((7,8),10),9),(11,12)),(13,(14,15))),(((16,17),(18,19)),(20,21))),(22,(23,24))),25),26))),27); 0.0224666
(1,(2,((3,(((4,6),5),7)),(((((((((((8,9),10),11),12),13),(14,15)),((16,17),(18,19))),(20,21)),(22,(23,24))),25),26))),27); 0.0178437
(1,(2,((3,((4,(6,7)),5)),((((((((((8,10),9),12),11),13),(14,15)),((16,19),(17,18))),(((20,21),22),(23,24))),25),26))),27); 0.0195751
(1,((((2,4),3),(5,(6,7))),((((((((((8,10),9),11),12),((((13,14),15),16),17)),(18,19)),((20,21),22)),(23,24)),25),26)),27); 0.0178426
(1,(2,27),(((((3,5),4),6),(7,(8,(9,10)))),(((((((11,12),13),(14,15)),16),23),((17,(18,(19,20))),(21,(22,24)))),(25,26)))); 0.0222295
(1,(2,(((3,(4,(5,6))),(7,((8,10),9))),((((11,12),13),(14,15)),((((16,17),18),19),(((20,21),((22,24),23)),(25,26)))))),27); 0.0215997
(1,((2,((4,6),5)),3),(((((((((((7,8),9),10),11),12),(13,(14,15))),(((16,17),(18,19)),(20,21))),(22,(23,24))),26),25),27)); 0.0235324
(1,((2,(3,(4,((5,6),7)))),(((((((((((8,10),9),11),12),13),(14,15)),((16,17),(18,19))),(20,21)),(22,(23,24))),25),26)),27); 0.0171527
(1,2,((3,((((4,6),5),7),((8,10),9))),(((((11,12),(13,(14,15))),(16,17)),(((((18,19),(20,21)),23),(22,24)),(25,26))),27))); 0.0197527
(1,((2,(3,((4,6),5))),((7,((8,9),10)),((11,12),((13,(14,15)),((16,((17,18),19)),(((20,21),((22,24),23)),(25,26))))))),27); 0.0254509
(1,(2,((3,(((4,6),5),7)),((((((((8,10),9),(11,12)),(13,(14,15))),(((16,17),(18,19)),(20,21))),((22,24),23)),25),26))),27); 0.0181012
(1,(2,((3,(((4,6),5),7)),((((((((8,9),10),12),11),((13,14),15)),(((16,17),(18,19)),(20,21))),((22,24),(23,25))),26))),27); 0.0169737
(1,2,((((3,(4,(5,6))),7),((((8,10),9),(11,12)),((13,(14,15)),((((16,(17,18)),19),(20,21)),(((22,24),23),(25,26)))))),27)); 0.0162955
(1,2,((3,((4,(5,6)),7)),(((((((((8,9),10),11),12),((13,(14,15)),(16,17))),(((18,19),(20,21)),23)),(22,24)),(25,26)),27))); 0.0181088
(1,((2,(3,(4,((5,6),7)))),((((((8,10),9),11),13),12),((((14,15),16),((17,18),19)),(((20,21),((22,24),25)),(23,26))))),27); 0.0184461
(1,(2,((3,(((4,6),5),7)),(((8,10),9),((((11,12),13),(14,15)),(((16,(17,(18,19))),(20,21)),(((22,24),26),(23,25))))))),27); 0.0210353
(1,((2,(3,(4,(5,(6,7))))),27),(((((((((8,9),10),11),12),(13,(14,15))),((16,17),((18,19),(20,21)))),((22,24),23)),25),26)); 0.0173299
(1,((2,((3,4),((5,6),7))),((((((((((8,10),9),11),12),13),(22,24)),((14,15),((16,17),(18,19)))),((20,21),23)),26),25)),27); 0.019467
(1,(2,((3,(4,(5,(6,7)))),(((((((((((8,9),10),11),12),((13,15),14)),((16,17),(18,19))),(20,21)),22),(23,24)),25),26))),27); 0.0179717
(1,((2,(3,(((4,7),6),5))),((((((((8,10),9),(11,12)),(13,(14,15))),((16,17),(18,19))),((20,21),(22,23))),24),(25,26))),27); 0.0196418
(1,((2,(3,((4,(6,7)),5))),((((((((((8,10),9),12),11),13),(14,15)),(((16,17),18),((19,21),20))),(22,(23,24))),25),26)),27); 0.0198398
(1,(2,((3,(((4,6),7),5)),((((((((8,10),9),11),12),(13,(14,15))),((((16,17),18),19),(20,21))),((22,24),23)),(25,26)))),27); 0.0162621
(1,(2,((3,(((4,6),5),7)),((((((((((8,10),9),12),11),13),(14,15)),(((16,17),(18,19)),(20,21))),((22,24),23)),26),25))),27); 0.0154659
