        0  0.142996  0.149234  0.151696  0.160039  0.148499  0.120463  0.152617  0.136968  0.153237   0.15286  0.151169  0.135554  0.145252   0.13728  0.125341  0.127342  0.169349  0.150969  0.147542  0.160338  0.151605  0.133121  0.121603  0.152701  0.134089  0.155259  0.114546  0.152494  0.178795  0.135183  0.143481  0.136579   0.14791  0.147328  0.169783  0.151394  0.135413  0.141076  0.165348  0.142396  0.133562  0.141485  0.142373  0.154407  0.149691   0.13597  0.165169  0.158525  0.113838  0.134344  0.153611  0.166428  0.139702  0.141808  0.153861  0.157402  0.152062  0.132632  0.149958  0.143459  0.129139  0.158126  0.141566  0.142102  0.170542  0.148419  0.109524  0.142488  0.142934   0.11853  0.156503  0.151909  0.136182  0.139833    0.1455  0.114636  0.149754  0.153039  0.171611  0.143423  0.131947  0.155962  0.138215  0.112068  0.146181  0.173054  0.148749  0.164249  0.146245  0.132417   0.15517  0.134148  0.137535   0.12648  0.149846  0.150582  0.141145  0.151379  0.103203
 0.142996         0  0.126402  0.176643  0.161918  0.139259  0.147216  0.147097  0.118506   0.14394  0.146513  0.120835  0.141031   0.15667  0.145196  0.145062  0.140088    0.1377  0.138838  0.164348  0.142937  0.105311   0.13349  0.125759  0.151997  0.123902  0.142247  0.133913  0.137126  0.159458  0.149363  0.135493  0.168112  0.148676  0.129034  0.169393  0.144462  0.131344  0.162331  0.104348  0.161603  0.130861   0.12756  0.163486  0.134583  0.151173  0.157245  0.176347  0.160116  0.153055  0.126973  0.163845  0.160024  0.131848  0.160931  0.148802  0.151755  0.139884  0.132032  0.138912  0.144377  0.133369  0.176705  0.139912  0.120989  0.156588  0.140327  0.145869  0.143745  0.143305  0.143181   0.14755  0.146097  0.163141  0.125632  0.127442  0.144969    0.1603   0.18047  0.157185  0.171465  0.136173  0.171882  0.139571  0.142542  0.156238  0.151074  0.149212  0.146488  0.166448  0.159202  0.137343  0.132243  0.140117  0.123404  0.179878  0.121882  0.147698   0.11615  0.103366
 0.149234  0.126402         0  0.177731  0.161362  0.143578  0.137005   0.14888  0.147155  0.137691  0.143269  0.145508  0.136214  0.150363  0.157709  0.154309  0.159571  0.150971  0.151975  0.164547  0.161784   0.12856  0.141555   0.12186  0.156931   0.10432  0.126347  0.144302  0.145417  0.171432  0.143105  0.130144  0.166952  0.139621  0.111288  0.167526  0.136575  0.122204  0.161128  0.148477  0.165944  0.116628  0.127924  0.148381  0.135714  0.152284  0.150662  0.190812  0.168208  0.151456  0.113575  0.170172  0.168888  0.120564  0.162171  0.147993  0.148314  0.122933  0.108661    0.1338  0.141662  0.140981  0.179062  0.117171  0.140423  0.168251  0.159877  0.146948  0.145435  0.148767  0.150438  0.155216  0.131662  0.165808   0.10302  0.157687  0.162848  0.157048  0.186449  0.170211   0.17382  0.142566  0.172043  0.152497  0.149605  0.155039  0.158944  0.157293  0.142559  0.172686  0.162448  0.168622  0.133234  0.160708  0.120525  0.168181  0.140895  0.127821  0.139233  0.104613
 0.151696  0.176643  0.177731         0  0.182343  0.184179  0.165347  0.174351  0.147616   0.19523  0.191223  0.167016  0.178158  0.174692  0.150254  0.156176  0.134483  0.193025  0.164677  0.170324   0.17976  0.167978  0.166376  0.160608  0.184481  0.170848  0.183683  0.138099  0.171283  0.166835  0.171005  0.183926  0.160625    0.1714  0.184547  0.184844  0.177356  0.173401  0.174108  0.178899  0.151774  0.168374  0.168747  0.175777  0.170799  0.174488   0.16426  0.183829  0.173831  0.167305  0.164379  0.185094  0.158221  0.182705  0.177331  0.184321   0.18442  0.182333  0.173447  0.178993  0.167538  0.152947  0.177808   0.17826  0.161529  0.175258  0.162091  0.160116  0.158375  0.181551  0.143899  0.181303  0.184168  0.155618  0.183045  0.166067  0.148789  0.150896  0.187734  0.158901  0.167217  0.152351   0.15727  0.140556  0.159469  0.138144  0.157601  0.178959  0.187434  0.174007  0.167609  0.186723  0.172906  0.175581  0.167813  0.180358  0.162343   0.17228  0.168708  0.136649
 0.160039  0.161918  0.161362  0.182343         0  0.144508  0.158917  0.160124  0.160457  0.168495  0.151275  0.163553  0.174899  0.182391  0.147801  0.155961  0.154303   0.16334  0.142473  0.157119  0.156195  0.175117   0.16535   0.15878  0.170095  0.160591   0.13801  0.146487  0.159948   0.17669  0.118291    0.1593  0.160628    0.1442  0.144837  0.187665  0.169849  0.157893  0.137173  0.174599  0.167906  0.160612  0.161635  0.169874  0.168139  0.117221  0.134165  0.184956  0.179066  0.161653  0.155021  0.157064   0.18161  0.157371  0.132003  0.166355  0.161706  0.132868  0.159751  0.152157  0.168393  0.164065  0.200421  0.134821  0.163275  0.125113  0.148133  0.158713  0.163497  0.175382  0.164111   0.16227  0.154376  0.159755  0.151893  0.161193  0.153053  0.149527  0.175249  0.169921  0.164191  0.133747  0.152107  0.147743    0.1478  0.173718  0.185517  0.173125   0.15626  0.151027  0.135819  0.173904  0.157611  0.170619  0.169461  0.157559  0.167005  0.154149  0.160426  0.122912
 0.148499  0.139259  0.143578  0.184179  0.144508         0  0.157865  0.124948  0.164318  0.146464  0.139987  0.149179   0.14199  0.155412  0.160113  0.143967  0.170733  0.139482  0.143769  0.141362  0.138429  0.142185  0.131041   0.12868  0.126479  0.128032  0.122515   0.15237  0.153102  0.156908  0.126965  0.125912  0.163591  0.122247  0.116951  0.162719  0.145356  0.135045  0.141471   0.15568  0.164826  0.140593  0.133122  0.136479  0.142309  0.148028  0.142232  0.177675  0.161741   0.15331  0.135075  0.149067  0.163372  0.130532  0.130298  0.122231  0.130496   0.13241  0.140641  0.119922  0.130003  0.156112  0.174231  0.111382  0.136766  0.148168  0.149889  0.154886  0.132494  0.139949  0.162716  0.123949  0.113834  0.158211  0.117363  0.151431  0.158512  0.159151  0.161658  0.155572  0.165735  0.149017  0.156545  0.157588  0.152884  0.158216  0.152515   0.14462  0.119536  0.129459  0.124771  0.159764  0.131059  0.169238  0.129876  0.167651  0.149529  0.145628  0.138126   0.10466
 0.120463  0.147216  0.137005  0.165347  0.158917  0.157865         0  0.157372  0.136596  0.162433  0.170201  0.146215   0.14918  0.158182  0.146799  0.132852  0.151908  0.162343  0.147453  0.162895  0.162273   0.14298  0.146058  0.125388  0.160466  0.139892  0.148987  0.126739  0.137502  0.190427  0.139475  0.148626  0.159359  0.137873  0.141605  0.182103  0.147942  0.143508   0.13995  0.162209  0.151747  0.138191  0.138185  0.133892  0.163158   0.14514  0.131067  0.186555  0.175127  0.118963  0.135044  0.148098  0.183069  0.145703  0.144328  0.159337   0.16196  0.143478  0.129294  0.156824  0.135288  0.127611  0.167511  0.143794  0.153587    0.1641  0.144899  0.127702  0.139164  0.172568  0.122705   0.15881  0.154058  0.148675  0.144301  0.150574  0.125992  0.152747  0.173277  0.184535  0.161349  0.138744  0.165104  0.136962  0.128012   0.15844  0.169461  0.151243  0.154089  0.154613  0.144902  0.174314  0.133773  0.167083  0.139415  0.165081  0.148726  0.143401  0.156474  0.109632
 0.152617  0.147097   0.14888  0.174351  0.160124  0.124948  0.157372         0  0.153507  0.156615   0.13924  0.152296  0.144168  0.149611  0.151126  0.142372  0.159168  0.148548  0.145455  0.136185  0.133386  0.137827  0.135249  0.138241  0.114478  0.134547  0.143294  0.149616  0.147918  0.166286  0.147905  0.132293  0.159449  0.106722  0.125832  0.149059  0.154098  0.137159  0.158644  0.152152  0.173809  0.139817  0.132521  0.132854    0.1529   0.15653  0.156024  0.179745  0.150114  0.155152  0.137915  0.144953  0.153462  0.140454  0.138367  0.114297 0.0992708  0.145026  0.144036  0.133116  0.135698  0.142848  0.154885  0.133516  0.128218  0.160298  0.152226  0.153869  0.134052  0.156153  0.148811  0.121244  0.131525  0.152085  0.127427  0.156772  0.148858  0.162437  0.177364  0.136621  0.142309  0.160711  0.158278  0.153153  0.152486  0.140518  0.152603  0.142378  0.132182  0.149349    0.1549  0.152348  0.136313  0.168108  0.138908  0.175714  0.147456  0.148309  0.142954  0.107376
 0.136968  0.118506  0.147155  0.147616  0.160457  0.164318  0.136596  0.153507         0  0.170302  0.166447  0.141027  0.153164  0.164803  0.127504  0.143655  0.121256  0.160584  0.130551  0.162394  0.161246  0.130705  0.147051  0.124869  0.159365  0.141696  0.159015  0.109779  0.143041  0.183986  0.148159  0.147852   0.16637  0.151586  0.152147  0.183856  0.169686  0.148631  0.146302  0.136616  0.144722  0.140571  0.133937  0.165364  0.164211  0.147484  0.148926  0.177928   0.17435  0.148619  0.148194  0.151338  0.177031  0.154388  0.159642  0.168569  0.160967  0.153652  0.144342  0.167055    0.1498  0.121824  0.174468  0.142539  0.138735  0.155084  0.137574  0.137813  0.150718  0.173153  0.122069  0.162665  0.164524  0.140336  0.151975  0.128051  0.137858  0.151699  0.188412  0.172782  0.159495  0.122438   0.16934  0.104906  0.124449  0.154038   0.16901  0.168119  0.164287  0.163016  0.152121  0.166744  0.154383  0.155812  0.154976  0.174107   0.12701  0.142356  0.145918   0.11184
 0.153237   0.14394  0.137691   0.19523  0.168495  0.146464  0.162433  0.156615  0.170302         0  0.162389  0.144911  0.127186  0.159122  0.169762  0.154942  0.173705  0.151973  0.172253  0.155062  0.172843  0.142516   0.14414  0.139754     0.169  0.119293  0.143988  0.158005  0.167448  0.179513  0.155956  0.112071  0.181676  0.154312  0.138124  0.164224  0.146008  0.135868  0.174734  0.154176  0.174466  0.129969  0.149554  0.152408  0.153713  0.178086  0.160013  0.185126  0.159103  0.162132  0.128173  0.171845   0.17123   0.14199  0.164142  0.152322  0.152986  0.156363   0.14184  0.151094  0.165829  0.150549   0.15843  0.152824  0.156894  0.170714  0.171813  0.153699  0.154228  0.134334  0.163226  0.158256  0.143919  0.158412  0.132658  0.167456  0.164211  0.172987  0.184153  0.180455  0.185809  0.150434   0.18287  0.173442  0.145949   0.16494  0.163201  0.145836  0.147417  0.174328  0.173583  0.156818  0.140057  0.162081  0.126018  0.172651  0.169306  0.138157  0.148708   0.11997
  0.15286  0.146513  0.143269  0.191223  0.151275  0.139987  0.170201   0.13924  0.166447  0.162389         0  0.147769  0.152999  0.154831  0.147294  0.166195  0.157931  0.152131  0.149321  0.156297  0.148165  0.152416  0.152095  0.160195  0.139112  0.125842  0.141179  0.162261  0.158233  0.161644   0.14152  0.151506  0.162618  0.149259  0.120922  0.164203  0.155779   0.13839  0.164331  0.162258   0.17096  0.137797  0.146283  0.151491   0.15799  0.148157  0.159813  0.180163  0.169658  0.166904  0.148262  0.176448  0.166282  0.134973  0.154375  0.139961  0.143419  0.115406  0.144364  0.138785  0.160408  0.160143   0.18256  0.130964  0.144305  0.165933  0.153196  0.159101  0.156228  0.138471  0.170654  0.144557  0.118242  0.174254  0.126171  0.158683  0.171459  0.165248  0.180578  0.154849  0.156832  0.158177  0.176202  0.162917  0.152391  0.173297  0.174964  0.165679  0.147403    0.1677  0.156455  0.149721  0.146987  0.150887  0.156129  0.175181  0.150421  0.163024  0.140384  0.118472
 0.151169  0.120835  0.145508  0.167016  0.163553  0.149179  0.146215  0.152296  0.141027  0.144911  0.147769         0  0.135597  0.164068  0.143616  0.154309  0.157641  0.140008  0.143209  0.165389  0.139579  0.123667  0.144662  0.137806  0.164362  0.132859  0.157028  0.142796  0.146247  0.170497  0.149645  0.147995  0.181705  0.157919  0.136678  0.170635  0.152428  0.130625  0.164643  0.124194  0.160759   0.14799  0.135784  0.135308  0.154164  0.158818  0.158294  0.163487  0.173261   0.16431  0.133834  0.174586  0.158498  0.147869  0.164549  0.154541    0.1483  0.149065  0.142565  0.160817  0.148915  0.135964  0.163752   0.15756  0.138529  0.153646  0.139187  0.153541  0.149969  0.160847  0.148591  0.147335  0.148589  0.156155  0.148154  0.131344  0.150263  0.177567  0.187453   0.16894   0.17681  0.138153  0.183816  0.129126  0.144429  0.169412  0.157239  0.137001  0.149298  0.171893  0.169064  0.140305  0.140187  0.158919   0.13214  0.177267   0.13538  0.152001  0.131094  0.115029
 0.135554  0.141031  0.136214  0.178158  0.174899   0.14199   0.14918  0.144168  0.153164  0.127186  0.152999  0.135597         0  0.151636  0.163158  0.147163  0.160529  0.142251  0.151964  0.163603  0.147255  0.127647  0.131781  0.117292  0.153157  0.113301  0.156576   0.14901  0.136545  0.167759  0.153446  0.127522  0.168357  0.151041  0.126265  0.162058   0.12526  0.113492  0.163977  0.147762  0.173047  0.128436  0.129839    0.1346  0.147954  0.167244  0.157895  0.169984  0.159718   0.15366   0.12015  0.166263  0.166106  0.125241  0.164651  0.148958  0.139674  0.160559   0.12491  0.152441  0.139333  0.135291  0.151791   0.14502  0.135276  0.179586  0.159138   0.13442   0.15022  0.145394   0.14543  0.136041  0.129458  0.153014  0.124597  0.142253  0.151021  0.168636  0.175853  0.175347  0.179696  0.137137   0.17996  0.144306   0.14083  0.154719  0.162609  0.136094  0.145306  0.159166  0.167505  0.153761  0.147937  0.156625  0.119302  0.171754  0.148819  0.128331  0.130396  0.111001
 0.145252   0.15667  0.150363  0.174692  0.182391  0.155412  0.158182  0.149611  0.164803  0.159122  0.154831  0.164068  0.151636         0  0.154296  0.154761  0.160887  0.160684  0.151765   0.15152  0.154297    0.1382  0.134278  0.145336  0.121426  0.131162  0.154592  0.160109   0.16488  0.170626  0.166684  0.141491  0.168565  0.142023  0.141163  0.169801  0.153883  0.149809  0.172941  0.171922  0.148435  0.129266  0.123975  0.147021  0.155024  0.172682  0.172253  0.152524  0.147682  0.168286  0.132297   0.17038  0.150588  0.135423  0.167496  0.147521  0.152065  0.152836  0.141689  0.156484  0.143525   0.15041    0.1187  0.147748  0.132346  0.185989   0.16332   0.15189  0.134613  0.149325  0.158024  0.148054  0.147462  0.167145  0.143487  0.162543  0.165936    0.1704   0.15358  0.161197  0.168988  0.161457  0.189605  0.162105  0.159735  0.153996  0.169296  0.155855  0.158513  0.174184  0.167185  0.156209  0.151892  0.157182  0.135365  0.145518  0.140469  0.151232  0.142898  0.115134
  0.13728  0.145196  0.157709  0.150254  0.147801  0.160113  0.146799  0.151126  0.127504  0.169762  0.147294  0.143616  0.163158  0.154296         0  0.131609  0.141157  0.165803  0.140638  0.155631  0.159255  0.155279  0.138514  0.142914  0.152606  0.138694  0.152465  0.130336  0.156743  0.178552  0.135101  0.147866   0.16852  0.148378  0.151116  0.178963  0.163977  0.153563   0.14152  0.161538  0.133279  0.142209  0.144551  0.151259  0.170034  0.137031   0.14424  0.177454  0.175562  0.151526  0.149191  0.158817  0.168318  0.151622  0.145427  0.156231  0.151131  0.141926  0.153086  0.158261  0.154139   0.13571  0.170119  0.141992  0.142866  0.155336  0.120764  0.139219  0.131219  0.163292  0.129557  0.157456  0.162759   0.13773  0.160246  0.145629   0.13066  0.151974  0.178682  0.161338  0.142969   0.11874  0.166069   0.12306     0.128  0.149596   0.16629  0.165997  0.165865   0.16615  0.143835  0.161536  0.156356   0.15601  0.149537  0.163162   0.14066  0.147571  0.143465  0.110839
 0.125341  0.145062  0.154309  0.156176  0.155961  0.143967  0.132852  0.142372  0.143655  0.154942  0.166195  0.154309  0.147163  0.154761  0.131609         0   0.14952  0.164221  0.140069  0.148923  0.152944  0.143554  0.112045  0.122311  0.149633  0.144538  0.150134  0.116195  0.150252  0.175163  0.142444  0.134458  0.156708  0.122161  0.140449  0.166726  0.158368  0.141223  0.143437  0.154887  0.131185  0.130021  0.136219  0.155833  0.151756  0.145849  0.136048   0.18195  0.162979  0.120968  0.143637  0.129626  0.163483  0.144809  0.138623  0.135483  0.143344  0.153758  0.144672  0.150134  0.138136  0.137999  0.164639  0.137745  0.133142  0.150956  0.125532   0.12365  0.123314  0.163858   0.11438   0.15646  0.148561  0.129847  0.150383  0.139108  0.106747   0.14779   0.16422  0.170144  0.150266  0.128258  0.147004  0.142063  0.121803  0.140461  0.157881  0.151809  0.157371  0.142569  0.136566  0.167459  0.136965  0.163568  0.140715  0.169896  0.144228  0.139203   0.14005  0.102859
 0.127342  0.140088  0.159571  0.134483  0.154303  0.170733  0.151908  0.159168  0.121256  0.173705  0.157931  0.157641  0.160529  0.160887  0.141157   0.14952         0  0.168309  0.148125  0.156824  0.163365  0.153862  0.157288  0.153973  0.171216  0.151566  0.164818  0.125557  0.156443  0.151829  0.154141  0.168772  0.126276  0.160166  0.161827  0.154571  0.171201  0.160837  0.154349  0.156039  0.154941  0.145528  0.153588  0.166107  0.165106  0.150741  0.154384  0.165075  0.143004  0.140587  0.154636  0.162443  0.158504  0.161631  0.165974   0.16706  0.172925  0.155265  0.155727  0.155315  0.164681  0.140015  0.176339  0.151693  0.145556  0.158592  0.148347  0.130705  0.153395  0.163331  0.138455  0.169753  0.161931  0.159196  0.151426  0.146913  0.138856  0.127279  0.176269  0.150468  0.141763  0.126363  0.147396  0.125188  0.134201  0.132089  0.153899  0.171667  0.174065  0.161151  0.154372  0.150826  0.153799  0.140169  0.161002  0.169482  0.142216  0.156527  0.149718  0.116178
 0.169349    0.1377  0.150971  0.193025   0.16334  0.139482  0.162343  0.148548  0.160584  0.151973  0.152131  0.140008  0.142251  0.160684  0.165803  0.164221  0.168309         0  0.139539  0.157795  0.138063  0.129674  0.158359  0.154422  0.153387  0.146055  0.140059  0.162284  0.145221   0.14997  0.160202   0.13428  0.175523  0.149617   0.13041  0.176222  0.159411  0.143438  0.165422    0.1513  0.172926  0.151728  0.142412  0.158725  0.162322  0.166915  0.159778   0.16658  0.166241  0.172207  0.146913  0.148243  0.169012   0.14202  0.154782  0.147553  0.154732  0.134076  0.160241  0.163295  0.161184  0.149513   0.17782  0.144822  0.151978  0.147064   0.15534   0.16408   0.16035  0.168464  0.170224  0.124141  0.136688  0.158548  0.134479  0.129883  0.166703  0.172921  0.188015  0.162729  0.175676  0.150913  0.188915  0.153837  0.163425  0.179679  0.164065  0.156042  0.145546  0.157793  0.163474  0.131532  0.156636  0.174673  0.150236  0.179217  0.149353  0.151694   0.12935  0.121807
 0.150969  0.138838  0.151975  0.164677  0.142473  0.143769  0.147453  0.145455  0.130551  0.172253  0.149321  0.143209  0.151964  0.151765  0.140638  0.140069  0.148125  0.139539         0  0.152663  0.114053  0.137788  0.147711  0.136951   0.14325  0.141259  0.139447  0.142171  0.139218  0.171389  0.143338  0.143963  0.161317   0.12551  0.136591   0.17602  0.162233  0.143717   0.14026  0.151646   0.15434  0.137102  0.128366   0.16254  0.157796  0.145024  0.138289  0.165954  0.169875  0.159677  0.147239  0.144653  0.161718  0.140694  0.145368   0.14675  0.146177  0.131875  0.142645  0.157903  0.149558  0.141645  0.179011  0.131829  0.135859  0.133408  0.125789  0.149714  0.143501  0.172183  0.147263  0.135745  0.142578  0.153044  0.144851  0.105896  0.149582  0.151868  0.170274  0.154379  0.159136   0.13998  0.170292  0.125068  0.135578  0.160701  0.166606  0.163425    0.1464  0.152033  0.142777  0.156168  0.148192  0.168092  0.158964  0.169244  0.125172  0.140142  0.141203  0.106004
 0.147542  0.164348  0.164547  0.170324  0.157119  0.141362  0.162895  0.136185  0.162394  0.155062  0.156297  0.165389  0.163603   0.15152  0.155631  0.148923  0.156824  0.157795  0.152663         0  0.159764  0.156043  0.140569  0.144815   0.14653  0.147583  0.136899  0.155971   0.15048  0.151388  0.150471  0.134799  0.159081  0.122008  0.153849    0.1415  0.153041  0.150857  0.154061  0.171863  0.166184  0.145034  0.147629  0.141321  0.156052  0.159902   0.15372  0.160285   0.13998  0.165633  0.147149  0.145293  0.157031  0.151557  0.123971  0.150281  0.131439  0.148199  0.156197  0.151785   0.15658   0.15449  0.164199   0.14321  0.140412  0.152982  0.159647  0.155485   0.14264  0.144902  0.152504   0.13036  0.153953  0.134185   0.14779    0.1516  0.155062  0.166388  0.178001  0.147148  0.131317  0.154984  0.159062  0.161002  0.160258  0.147496  0.161603  0.152669  0.129216  0.141281  0.149994  0.141478  0.147965  0.142269  0.149983  0.169333  0.151508  0.149071  0.148095  0.108571
 0.160338  0.142937  0.161784   0.17976  0.156195  0.138429  0.162273  0.133386  0.161246  0.172843  0.148165  0.139579  0.147255  0.154297  0.159255  0.152944  0.163365  0.138063  0.114053  0.159764         0  0.132213  0.156922  0.149122  0.141433  0.145569  0.150678  0.155371  0.146737  0.163357  0.150155  0.156304  0.165703   0.12199  0.134568   0.17683  0.159938  0.147085  0.156353  0.158499  0.165893   0.15001    0.1336  0.155586   0.15634  0.159007  0.150979  0.159434  0.172032  0.180485  0.147047  0.165247   0.16327   0.14539  0.150035  0.145395  0.127993  0.147229  0.159054  0.157162  0.151264  0.157957  0.180376  0.148162   0.14176  0.150386  0.132306  0.155698  0.150498  0.170574  0.162786  0.126821  0.145813  0.168788  0.147117  0.141663  0.156592  0.169716  0.176564  0.140072  0.160038   0.15592  0.172127  0.137559  0.154834  0.173558  0.173953  0.151713  0.139749  0.171003  0.154629  0.141281  0.153361  0.171646  0.155502  0.171799  0.141494  0.158358  0.142685  0.118749
 0.151605  0.105311   0.12856  0.167978  0.175117  0.142185   0.14298  0.137827  0.130705  0.142516  0.152416  0.123667  0.127647    0.1382  0.155279  0.143554  0.153862  0.129674  0.137788  0.156043  0.132213         0   0.12936  0.128975  0.149998  0.112896  0.139492  0.145241  0.129833  0.160104  0.157781  0.128761  0.174513    0.1304  0.125084  0.170511   0.13722   0.12214   0.17085  0.125787  0.165233  0.125709  0.110968  0.143497  0.142407  0.165033  0.159618  0.176841  0.157013  0.165113  0.122637  0.162407  0.161144  0.126572  0.162843  0.141997  0.139521  0.141647  0.137456  0.147399  0.129162  0.124295  0.162711  0.141019  0.115266  0.162265  0.149994  0.146606  0.130904  0.155105  0.140284  0.141084  0.139512  0.162952  0.129114  0.128944  0.154467  0.161749  0.186551  0.164875  0.174655  0.146121  0.180266  0.129112  0.139507  0.146143  0.149113  0.136969  0.141875   0.17201  0.163007  0.141983  0.135926  0.156359  0.117172  0.184957  0.125537  0.133999  0.122153  0.104829
 0.133121   0.13349  0.141555  0.166376   0.16535  0.131041  0.146058  0.135249  0.147051   0.14414  0.152095  0.144662  0.131781  0.134278  0.138514  0.112045  0.157288  0.158359  0.147711  0.140569  0.156922   0.12936         0  0.102394  0.135486   0.12134    0.1458  0.137999  0.144237  0.169155  0.145716   0.11114  0.171285  0.122296  0.134637  0.158269  0.134275  0.118402   0.15785  0.142345  0.149987  0.118957  0.112404  0.135125  0.144156  0.160694  0.154133  0.178783   0.15215   0.14206  0.123589  0.146978  0.148089  0.124175  0.147791  0.136579  0.129165  0.153792  0.133316  0.138566  0.123068  0.125218   0.15422  0.133951  0.101269  0.167909  0.141325  0.138237  0.113874  0.143261  0.121536  0.146556  0.134876  0.137916  0.135203  0.133181  0.136949  0.166974  0.163004  0.170936  0.157558  0.139391  0.169266  0.147153  0.144453  0.129384  0.153563  0.144222  0.143132  0.151898  0.159935   0.15975   0.13424  0.146148  0.108804  0.171896  0.125262  0.122513  0.123596 0.0949367
 0.121603  0.125759   0.12186  0.160608   0.15878   0.12868  0.125388  0.138241  0.124869  0.139754  0.160195  0.137806  0.117292  0.145336  0.142914  0.122311  0.153973  0.154422  0.136951  0.144815  0.149122  0.128975  0.102394         0  0.143886  0.107551  0.137052   0.12285  0.125536  0.171596  0.131847  0.118496  0.165428  0.128022  0.128001  0.172607  0.130245  0.112063  0.136207  0.137131  0.145835   0.10852  0.116704  0.134351  0.128388  0.142078  0.136746  0.172713  0.157169  0.131875  0.104658   0.14875  0.150038  0.120313  0.145264  0.148354  0.130659  0.146909  0.109627  0.139109  0.118123  0.125552  0.163801  0.126751  0.115861  0.153995  0.143098  0.124916  0.125927  0.136412  0.114827  0.139909  0.140002  0.130023  0.120223  0.132464  0.126015  0.157992  0.165138  0.168351  0.166285   0.12915    0.1593  0.134049  0.127106  0.135441   0.15186  0.149452  0.136947  0.150866  0.145402   0.15818  0.127348  0.144338 0.0925185  0.153522  0.130126  0.110187  0.129148 0.0850091
 0.152701  0.151997  0.156931  0.184481  0.170095  0.126479  0.160466  0.114478  0.159365     0.169  0.139112  0.164362  0.153157  0.121426  0.152606  0.149633  0.171216  0.153387   0.14325   0.14653  0.141433  0.149998  0.135486  0.143886         0  0.144278  0.151185  0.162522  0.167147   0.17214  0.154163  0.136481  0.166095  0.129917  0.138955  0.164039  0.160154  0.156904  0.172682  0.164955  0.159601  0.142342  0.143399  0.149218  0.158616  0.167843  0.166128  0.170806  0.144886  0.166863  0.148609  0.150714  0.155736  0.145463  0.143856  0.123531  0.131103  0.147432  0.150643    0.1485  0.149026  0.161122  0.135577   0.13404  0.141821  0.172934  0.154643  0.160994  0.144486  0.157892  0.159403  0.124873  0.134559  0.157858  0.136056  0.157201  0.162146   0.16429  0.151429  0.149091  0.159338  0.166684  0.180147  0.164674  0.162383  0.156737  0.164189  0.155085  0.144096  0.153282   0.15952   0.16438  0.149707   0.16806  0.152325  0.162211  0.144844   0.15603  0.145992  0.114735
 0.134089  0.123902   0.10432  0.170848  0.160591  0.128032  0.139892  0.134547  0.141696  0.119293  0.125842  0.132859  0.113301  0.131162  0.138694  0.144538  0.151566  0.146055  0.141259  0.147583  0.145569  0.112896   0.12134  0.107551  0.144278         0  0.130426   0.13771  0.131851  0.165717  0.137431  0.114278  0.165532  0.131383  0.107835  0.160838  0.116221  0.105755  0.157355  0.136511  0.165435 0.0994493  0.112593  0.132628  0.132205   0.15433  0.148081  0.173037  0.154193  0.153172 0.0990659  0.164089  0.162649 0.0998527  0.150411  0.132192   0.12228   0.12798  0.108113  0.137394  0.127994  0.128383  0.158725  0.126287  0.127773  0.159999  0.152032  0.130173  0.123344  0.116732    0.1339  0.139303  0.123837  0.151087  0.108387  0.140035  0.151144  0.158172   0.18048  0.160941  0.168872  0.131137  0.168487  0.136645  0.125888  0.132371   0.15266  0.135086  0.133548  0.172019  0.157142  0.141178  0.124334  0.139682  0.103113  0.169174  0.127511  0.122827  0.127134 0.0916288
 0.155259  0.142247  0.126347  0.183683   0.13801  0.122515  0.148987  0.143294  0.159015  0.143988  0.141179  0.157028  0.156576  0.154592  0.152465  0.150134  0.164818  0.140059  0.139447  0.136899  0.150678  0.139492    0.1458  0.137052  0.151185  0.130426         0  0.154187  0.144507  0.161903  0.129433  0.127003   0.15861    0.1171  0.116512   0.16878  0.133505  0.136334  0.136015  0.154616  0.159978  0.122208  0.140345  0.154674   0.14695  0.131408  0.130135  0.183829  0.162595  0.147263  0.124182  0.155352  0.168614  0.131447  0.134171  0.147012  0.137927  0.118483  0.139036  0.124119  0.152702  0.145215  0.186449  0.113944  0.139753   0.13554  0.152854  0.156493  0.140984  0.155289  0.152765  0.134311  0.126585  0.158512  0.123717  0.154877  0.157578  0.148104  0.161279  0.162201    0.1646  0.141076  0.158831  0.157504  0.149874  0.160135  0.160088  0.158694  0.126977  0.143564  0.137576  0.159071  0.145486  0.166156  0.134435  0.159856   0.15264  0.125605  0.141488  0.100985
 0.114546  0.133913  0.144302  0.138099  0.146487   0.15237  0.126739  0.149616  0.109779  0.158005  0.162261  0.142796   0.14901  0.160109  0.130336  0.116195  0.125557  0.162284  0.142171  0.155971  0.155371  0.145241  0.137999   0.12285  0.162522   0.13771  0.154187         0  0.138793  0.175247  0.124854  0.152636  0.156524  0.144173   0.14938  0.178445  0.160382  0.140414  0.134616  0.152544  0.128727  0.139257  0.142034  0.156583  0.158562  0.133154  0.129586  0.169154  0.170636  0.129149  0.139059  0.143062   0.17104  0.148602  0.145773  0.156929  0.158587   0.14857  0.138661  0.155426    0.1486  0.132884  0.172524  0.141317  0.142936  0.146756  0.138466   0.11016  0.140841  0.163285  0.119448  0.160104  0.156748  0.121875  0.146561  0.139576    0.1133  0.140957  0.168808  0.174215  0.147344  0.107923  0.147557  0.118199  0.114755   0.14965  0.166721   0.15402  0.158876  0.150705  0.134477  0.164505  0.139992  0.148461  0.139999  0.155329  0.132034  0.141056   0.14242  0.104284
 0.152494  0.137126  0.145417  0.171283  0.159948  0.153102  0.137502  0.147918  0.143041  0.167448  0.158233  0.146247  0.136545   0.16488  0.156743  0.150252  0.156443  0.145221  0.139218   0.15048  0.146737  0.129833  0.144237  0.125536  0.167147  0.131851  0.144507  0.138793         0  0.160368  0.154817  0.147883   0.17139  0.141601  0.138846   0.18901  0.133715  0.113679  0.148261  0.140844  0.170293    0.1388  0.134974  0.145597  0.154368   0.15299  0.143112  0.171848  0.170576  0.145284  0.130869  0.158154  0.169423  0.138066  0.157957  0.166112  0.147382  0.134147  0.143364  0.156881  0.136772  0.141722   0.17138  0.142922  0.134161  0.145699  0.148107  0.142713  0.136041  0.156196  0.141565  0.142071  0.145497  0.142579  0.135017  0.130355  0.152339  0.163215  0.185702  0.169186  0.170814  0.133179  0.169287  0.140077  0.152724  0.154009  0.170553  0.144647  0.143118  0.159202  0.155909  0.145714  0.155844  0.143628  0.136074  0.174751  0.129062  0.135379  0.119608  0.106219
 0.178795  0.159458  0.171432  0.166835   0.17669  0.156908  0.190427  0.166286  0.183986  0.179513  0.161644  0.170497  0.167759  0.170626  0.178552  0.175163  0.151829   0.14997  0.171389  0.151388  0.163357  0.160104  0.169155  0.171596   0.17214  0.165717  0.161903  0.175247  0.160368         0   0.17692  0.167474  0.160955  0.170376  0.166557   0.16653  0.165578  0.162109  0.188555   0.16349  0.182105   0.16884  0.163146  0.175625  0.158624  0.179795  0.175212  0.166216  0.148599  0.187504  0.155176  0.184479  0.149035  0.169883  0.172367  0.166749  0.169202  0.165702  0.172743  0.151347  0.170143   0.17723  0.186825   0.16699  0.150684  0.170946  0.173953  0.176914   0.16766  0.164556  0.184456   0.15611  0.160041  0.174583   0.16208  0.161656  0.176444  0.155912   0.19322  0.134505  0.186108  0.172042  0.162125  0.180267  0.187812   0.16262  0.126453  0.172462  0.161225  0.170194  0.176242  0.152584  0.168078  0.162792  0.166026  0.191946   0.16003  0.173938  0.133032  0.134814
 0.135183  0.149363  0.143105  0.171005  0.118291  0.126965  0.139475  0.147905  0.148159  0.155956   0.14152  0.149645  0.153446  0.166684  0.135101  0.142444  0.154141  0.160202  0.143338  0.150471  0.150155  0.157781  0.145716  0.131847  0.154163  0.137431  0.129433  0.124854  0.154817   0.17692         0  0.145639  0.151134  0.137029  0.127603  0.173981   0.15706  0.145133  0.120598  0.160162   0.14659  0.143214  0.146369   0.14604  0.150276  0.104236  0.114861  0.182006  0.176711  0.141084   0.14147  0.150844  0.174931  0.145626  0.127278  0.152452  0.143524  0.130578  0.142008  0.133112  0.147361  0.139553  0.186757  0.110322  0.146042  0.142206  0.138779  0.135413  0.146098  0.161507  0.140017  0.150137  0.142403  0.139611  0.132462  0.159077  0.133294  0.135625  0.145932  0.169904  0.144954  0.128078  0.140757  0.137985  0.126396   0.16675  0.171721  0.159802  0.146855  0.136537  0.116949  0.167183  0.145415  0.161605  0.144983  0.144842  0.152698  0.145868    0.1499  0.101939
 0.143481  0.135493  0.130144  0.183926    0.1593  0.125912  0.148626  0.132293  0.147852  0.112071  0.151506  0.147995  0.127522  0.141491  0.147866  0.134458  0.168772   0.13428  0.143963  0.134799  0.156304  0.128761   0.11114  0.118496  0.136481  0.114278  0.127003  0.152636  0.147883  0.167474  0.145639         0  0.173526  0.122235  0.121745  0.163193  0.140116   0.11585  0.155622  0.139007  0.157619  0.119953  0.125021  0.140862  0.141571  0.163134  0.149377  0.179154  0.153509  0.153089  0.120356  0.141071  0.164808  0.116751  0.137249  0.139761    0.1303  0.142793  0.133428  0.138199  0.143801  0.127359  0.155524  0.130093  0.121379  0.160542  0.152786  0.146492  0.134917  0.138265  0.135788  0.135005  0.125825  0.138236  0.123053  0.137736  0.150851  0.163604  0.174276  0.169017  0.172678  0.137366   0.17429   0.15681  0.141752   0.14858  0.157625   0.14596  0.128899  0.153736  0.153244  0.143462  0.132541   0.15627  0.115388  0.171212  0.136775  0.113143  0.121227 0.0995178
 0.136579  0.168112  0.166952  0.160625  0.160628  0.163591  0.159359  0.159449   0.16637  0.181676  0.162618  0.181705  0.168357  0.168565   0.16852  0.156708  0.126276  0.175523  0.161317  0.159081  0.165703  0.174513  0.171285  0.165428  0.166095  0.165532   0.15861  0.156524   0.17139  0.160955  0.151134  0.173526         0  0.153404  0.155637  0.146269  0.181132  0.168278  0.144433  0.181166  0.159724  0.149453  0.169359  0.169218  0.163272  0.154816  0.145238  0.186635   0.14815  0.150384  0.168887  0.169068  0.159589  0.170562   0.14429  0.169102  0.170576  0.158214  0.173754  0.150413  0.173879  0.155162  0.191227  0.146124  0.166464  0.173797  0.165725  0.150408  0.173718  0.169546   0.15843   0.16439  0.155273  0.167065  0.158301  0.171337  0.155206  0.112501  0.160182  0.148299  0.146743  0.166404  0.111869  0.168041  0.148791  0.162166   0.16489   0.18335  0.180124  0.142521  0.147211  0.169757  0.165548  0.168524  0.177187   0.17001  0.177529  0.167236  0.171502  0.129459
  0.14791  0.148676  0.139621    0.1714    0.1442  0.122247  0.137873  0.106722  0.151586  0.154312  0.149259  0.157919  0.151041  0.142023  0.148378  0.122161  0.160166  0.149617   0.12551  0.122008   0.12199    0.1304  0.122296  0.128022  0.129917  0.131383    0.1171  0.144173  0.141601  0.170376  0.137029  0.122235  0.153404         0  0.121096   0.15415  0.146416  0.131793  0.136183  0.158235  0.154308  0.123812  0.121141  0.136382  0.146602  0.144585  0.131287  0.184438  0.154479   0.14599   0.12762  0.136393  0.162778  0.129457  0.123195  0.127146  0.111268  0.133376  0.136939  0.133211  0.132749  0.133627  0.171351  0.122395  0.129882  0.145429  0.140055  0.141627  0.125687   0.16351  0.136134  0.130547  0.125386  0.148081  0.130185  0.141844  0.140722  0.149357  0.163677  0.146877  0.133953  0.147322  0.145314  0.140394  0.139609  0.142598   0.16188  0.153124  0.124769  0.141869  0.132058  0.161101  0.127766  0.166172  0.131676  0.158914  0.140563   0.13144   0.14601 0.0955772
 0.147328  0.129034  0.111288  0.184547  0.144837  0.116951  0.141605  0.125832  0.152147  0.138124  0.120922  0.136678  0.126265  0.141163  0.151116  0.140449  0.161827   0.13041  0.136591  0.153849  0.134568  0.125084  0.134637  0.128001  0.138955  0.107835  0.116512   0.14938  0.138846  0.166557  0.127603  0.121745  0.155637  0.121096         0  0.162934  0.136181  0.118398  0.146596  0.146948  0.158478  0.112108  0.113016   0.13717  0.140287  0.133017  0.138537  0.181417  0.165943  0.148307  0.125048  0.149839  0.161351   0.11268  0.151294  0.127212  0.128983  0.112737  0.115795  0.130934  0.137145  0.133078   0.16879  0.107808  0.128843  0.154056  0.141939  0.140737  0.137442  0.143322  0.149776  0.135024  0.109192  0.156145  0.104032  0.145112  0.150627    0.1548  0.167185  0.156907  0.163099  0.139137  0.166756  0.146196  0.136106   0.16131  0.162347  0.143341  0.132758  0.158745  0.145509  0.141967  0.131435    0.1598  0.123502  0.159139  0.139746  0.135211    0.1364 0.0966479
 0.169783  0.169393  0.167526  0.184844  0.187665  0.162719  0.182103  0.149059  0.183856  0.164224  0.164203  0.170635  0.162058  0.169801  0.178963  0.166726  0.154571  0.176222   0.17602    0.1415   0.17683  0.170511  0.158269  0.172607  0.164039  0.160838   0.16878  0.178445   0.18901   0.16653  0.173981  0.163193  0.146269   0.15415  0.162934         0    0.1729    0.1725  0.184456  0.171406  0.193065  0.160322  0.168978  0.154998  0.164236  0.174676  0.180108  0.184554   0.13766  0.179207  0.168674  0.179484  0.157582  0.174402  0.167759  0.145737  0.155296  0.173773  0.169663   0.15012   0.17153  0.167313  0.167416  0.163574  0.159161  0.185398  0.182517  0.169156  0.172921  0.169927  0.170832  0.168933  0.150347  0.179925  0.161052  0.178528  0.170302  0.166105  0.178851  0.158732  0.154052  0.183881  0.160977  0.180823  0.175912  0.157862  0.154105  0.164883  0.162449  0.163619  0.184437  0.175864  0.154057  0.177591  0.170277   0.18855  0.178152  0.174794  0.164331   0.13862
 0.151394  0.144462  0.136575  0.177356  0.169849  0.145356  0.147942  0.154098  0.169686  0.146008  0.155779  0.152428   0.12526  0.153883  0.163977  0.158368  0.171201  0.159411  0.162233  0.153041  0.159938   0.13722  0.134275  0.130245  0.160154  0.116221  0.133505  0.160382  0.133715  0.165578   0.15706  0.140116  0.181132  0.146416  0.136181    0.1729         0  0.124149   0.16484  0.158533  0.180042  0.133195  0.122463   0.13694   0.14113  0.168067  0.156917  0.179023  0.165984  0.163139   0.10173   0.17299  0.173031  0.122318  0.160357  0.159201   0.14112  0.160259  0.127961  0.151734  0.138644  0.158025  0.168589  0.146723  0.131275  0.176015  0.166378  0.153174  0.128135  0.138372  0.145816  0.144193  0.147866  0.164609  0.134583     0.161  0.157941  0.176094  0.180921  0.171948  0.185754  0.150372  0.181668  0.160576  0.160565  0.145336  0.157255  0.138489  0.131123  0.169733  0.168361  0.165165  0.148652    0.1593  0.117047  0.175974  0.150611  0.133322  0.135834  0.115416
 0.135413  0.131344  0.122204  0.173401  0.157893  0.135045  0.143508  0.137159  0.148631  0.135868   0.13839  0.130625  0.113492  0.149809  0.153563  0.141223  0.160837  0.143438  0.143717  0.150857  0.147085   0.12214  0.118402  0.112063  0.156904  0.105755  0.136334  0.140414  0.113679  0.162109  0.145133   0.11585  0.168278  0.131793  0.118398    0.1725  0.124149         0  0.144913  0.125588  0.165686  0.118436  0.114275  0.129503  0.130542     0.151  0.137598   0.17119  0.162721  0.147669   0.10431   0.16707  0.152515  0.108014  0.154765  0.150486   0.12594  0.140747  0.117579    0.1385  0.127813  0.127164  0.170589  0.140833  0.123153  0.157918  0.153341  0.137181  0.128154  0.123949  0.132184  0.142553  0.129386  0.149261  0.119278  0.130218   0.14729  0.167915  0.178991  0.168729  0.170791  0.123777  0.166252  0.138471  0.131663  0.154007   0.16335  0.141599  0.134898  0.157457  0.153325  0.141477  0.136431  0.132173  0.100277  0.165964  0.135169  0.116361  0.118717 0.0964695
 0.141076  0.162331  0.161128  0.174108  0.137173  0.141471   0.13995  0.158644  0.146302  0.174734  0.164331  0.164643  0.163977  0.172941   0.14152  0.143437  0.154349  0.165422   0.14026  0.154061  0.156353   0.17085   0.15785  0.136207  0.172682  0.157355  0.136015  0.134616  0.148261  0.188555  0.120598  0.155622  0.144433  0.136183  0.146596  0.184456   0.16484  0.144913         0  0.172675  0.141165  0.151275  0.151176  0.150115  0.169289  0.115588   0.10512  0.183859  0.184578  0.143019  0.149604  0.151621  0.183639  0.152332   0.12415  0.174173  0.153108  0.139982  0.147981   0.15549  0.159599   0.14523  0.196492  0.132138  0.155458    0.1483  0.143359  0.140735  0.154274  0.171003  0.138176  0.155668  0.155448  0.142628  0.154014  0.150076  0.132272  0.147724  0.167821  0.178673  0.142397  0.126728  0.135307  0.144296  0.134682  0.176941  0.182132  0.174657  0.150105  0.133926  0.105467  0.175955   0.16891  0.173731  0.156893  0.158078  0.162797  0.147915    0.1588  0.118167
 0.165348  0.104348  0.148477  0.178899  0.174599   0.15568  0.162209  0.152152  0.136616  0.154176  0.162258  0.124194  0.147762  0.171922  0.161538  0.154887  0.156039    0.1513  0.151646  0.171863  0.158499  0.125787  0.142345  0.137131  0.164955  0.136511  0.154616  0.152544  0.140844   0.16349  0.160162  0.139007  0.181166  0.158235  0.146948  0.171406  0.158533  0.125588  0.172675         0   0.17158  0.143356  0.147125  0.164944  0.142838  0.163875  0.162069  0.182124  0.165824  0.161871  0.129556  0.176565  0.154894  0.152794  0.173593  0.164192  0.153034  0.158432  0.149344  0.145146    0.1483  0.133558  0.179889  0.160441  0.130631  0.155986   0.15734  0.156702  0.159377  0.161406  0.148894  0.149327  0.147674  0.166792  0.147706  0.139903  0.154883  0.173113   0.18273  0.163894   0.19042  0.146109  0.176226  0.153163  0.155835   0.16881  0.154797   0.16058  0.148916  0.165184  0.178191  0.148453   0.15126  0.145131  0.134059  0.190584   0.13315  0.157766  0.107465  0.118621
