
Alignment summary:
Oryctolagus_cuniculus: -=318 A=372 C=441 G=443 U=375
Homo_sapiens: -=337 A=375 C=420 G=446 U=371
Rattus_norvegicus: -=292 A=390 C=421 G=465 U=381
Mus_musculus: -=348 A=371 C=406 G=438 U=386
Gallus_gallus: -=304 A=371 C=419 G=482 U=373
Turdus_migratorius: -=321 A=380 C=417 G=464 U=367
Alligator_mississippiensis: -=333 A=357 C=428 G=459 U=372
Sceloporus_undulatus: -=371 A=377 C=393 G=440 U=368
Heterodon_platyrhinos: -=385 A=367 C=393 G=441 U=363
Trachemys_scripta: -=457 A=357 C=378 G=407 U=350
Typhlonectes_natans: -=390 A=367 C=408 G=425 U=359
Hypogeophis_rostratus: -=436 A=353 C=388 G=417 U=355
Grandisonia_alternans: -=417 A=359 C=393 G=424 U=356
Ichthyophis_bannanicus: -=419 A=348 C=404 G=430 U=348
Plethodon_yonhalossee: -=360 A=379 C=407 G=440 U=363
Ambystoma_mexicanum: -=423 A=347 C=401 G=431 U=347
Amphiuma_tridactylum: -=430 A=363 C=397 G=413 U=346
Siren_intermedia: -=535 A=348 C=355 G=394 U=317
Gastrophryne_carolinensis: -=538 A=338 C=363 G=396 U=314
Hyla_cinerea: -=533 A=330 C=358 G=389 U=339
Bufo_valliceps: -=438 A=357 C=380 G=427 U=347
Eleutherodactylus_cuneatus: -=467 A=352 C=385 G=421 U=324
Nesomantis_thomasseti: -=391 A=368 C=406 G=438 U=346
Scaphiopus_holbrooki: -=431 A=365 C=379 G=441 U=333
Xenopus_laevis: -=367 A=369 C=406 G=449 U=358
Discoglossus_pictus: -=404 A=354 C=397 G=429 U=365
Latimeria_chalumnae: -=301 A=390 C=407 G=473 U=378

Seed = 206632381

Jukes-Cantor Distance Matrix:

        0 0.0253738 0.0306641 0.0340494 0.0319197 0.0396251 0.0380647 0.0479279 0.0412849 0.0428044 0.0498641 0.0451877 0.0459176 0.0434051 0.0415404 0.0468216 0.0500677 0.0342561 0.0474842 0.0590574 0.0481409 0.0402481 0.0443408 0.0395417 0.0373931 0.0325195  0.018814
0.0253738         0 0.0270604 0.0240341 0.0279578 0.0368984 0.0409032 0.0459144 0.0393416 0.0446582 0.0470219 0.0470942 0.0506429  0.048276 0.0473955 0.0448867 0.0509534 0.0341497 0.0482481 0.0511826 0.0504582 0.0380696 0.0378721 0.0333472  0.037817 0.0307552 0.0205211
0.0306641 0.0270604         0 0.0234656 0.0248123 0.0317435 0.0389066  0.049198 0.0394828 0.0440009 0.0459434 0.0426518 0.0500912 0.0457991 0.0472816 0.0463468 0.0508054 0.0410425 0.0585778 0.0599058 0.0489821 0.0434691 0.0509029 0.0429323 0.0445991 0.0315082 0.0272335
0.0340494 0.0240341 0.0234656         0 0.0222538 0.0258764 0.0314731 0.0463881 0.0443408 0.0462797 0.0541853  0.049305 0.0554458 0.0514073 0.0538251 0.0548453 0.0583952 0.0519051 0.0558769 0.0717243 0.0594594 0.0475631 0.0497379 0.0396333 0.0432143 0.0351235 0.0311033
0.0319197 0.0279578 0.0248123 0.0222538         0 0.0239637  0.028364 0.0473615 0.0377347 0.0418304 0.0451426 0.0376463 0.0520526 0.0471321 0.0516333 0.0493408 0.0572485 0.0469625 0.0609234 0.0639188 0.0514025 0.0471359 0.0551957 0.0502688 0.0515193 0.0412881  0.032138
0.0396251 0.0368984 0.0317435 0.0258764 0.0239637         0 0.0308474 0.0372879 0.0367244 0.0406114  0.048556 0.0450248 0.0526004  0.052286 0.0553348  0.056164 0.0610737 0.0542646 0.0648923  0.072611 0.0604041 0.0519786 0.0582009 0.0675118 0.0575895 0.0550979 0.0449172
0.0380647 0.0409032 0.0389066 0.0314731  0.028364 0.0308474         0 0.0338324 0.0311733 0.0376396 0.0460135 0.0407407   0.05264 0.0476587 0.0531588 0.0556786 0.0613049 0.0561009 0.0704105 0.0709189 0.0568661  0.054656 0.0588982 0.0655132 0.0588391 0.0519367 0.0427162
0.0479279 0.0459144  0.049198 0.0463881 0.0473615 0.0372879 0.0338324         0 0.0231923 0.0245193 0.0421214 0.0354048 0.0492726 0.0516285 0.0572545 0.0662026 0.0632676 0.0496313 0.0638326 0.0743871   0.06273 0.0555362 0.0561225  0.070426  0.066916  0.062568 0.0481566
0.0412849 0.0393416 0.0394828 0.0443408 0.0377347 0.0367244 0.0311733 0.0231923         0 0.0158927 0.0223532 0.0284083 0.0350685 0.0375631 0.0447576   0.05306 0.0542047  0.039544 0.0545695 0.0583672 0.0500314 0.0459765 0.0465382 0.0439456 0.0508026 0.0471758 0.0379284
0.0428044 0.0446582 0.0440009 0.0462797 0.0418304 0.0406114 0.0376396 0.0245193 0.0158927         0 0.0223789 0.0259157  0.034532  0.038441 0.0418304 0.0485727 0.0498777 0.0389293 0.0511468 0.0585546 0.0534117 0.0475595 0.0474374 0.0472341 0.0548691 0.0485906  0.042996
0.0498641 0.0470219 0.0459434 0.0541853 0.0451426  0.048556 0.0460135 0.0421214 0.0223532 0.0223789         0 0.0183022 0.0262562  0.023523 0.0360239 0.0383956 0.0449193 0.0296528 0.0426274 0.0502806   0.04052 0.0382443 0.0442606 0.0381568 0.0498201 0.0437593    0.0486
0.0451877 0.0470942 0.0426518  0.049305 0.0376463 0.0450248 0.0407407 0.0354048 0.0284083 0.0259157 0.0183022         0 0.0271224 0.0241784    0.0339 0.0370537 0.0417811 0.0312545 0.0444886  0.047571 0.0382966 0.0365345 0.0404472 0.0374785 0.0463826 0.0391852 0.0388745
0.0459176 0.0506429 0.0500912 0.0554458 0.0520526 0.0526004   0.05264 0.0492726 0.0350685  0.034532 0.0262562 0.0271224         0 0.0186034  0.025062 0.0379545  0.042422 0.0343969 0.0475159 0.0473498 0.0424715 0.0356288 0.0361516 0.0391427 0.0507496 0.0427053 0.0474034
0.0434051  0.048276 0.0457991 0.0514073 0.0471321  0.052286 0.0476587 0.0516285 0.0375631  0.038441  0.023523 0.0241784 0.0186034         0 0.0126853 0.0223951  0.030706 0.0235498 0.0353006 0.0420523 0.0321104 0.0317221 0.0315836 0.0311248 0.0420814 0.0322308 0.0408066
0.0415404 0.0473955 0.0472816 0.0538251 0.0516333 0.0553348 0.0531588 0.0572545 0.0447576 0.0418304 0.0360239    0.0339  0.025062 0.0126853         0 0.0219511 0.0316214 0.0250974  0.040247 0.0427023 0.0423676 0.0332649 0.0382847 0.0397792  0.046583 0.0369442 0.0409634
0.0468216 0.0448867 0.0463468 0.0548453 0.0493408  0.056164 0.0556786 0.0662026   0.05306 0.0485727 0.0383956 0.0370537 0.0379545 0.0223951 0.0219511         0 0.0251521  0.018667 0.0331546 0.0422978 0.0398091 0.0351685 0.0380111 0.0361326  0.040642 0.0387471 0.0414953
0.0500677 0.0509534 0.0508054 0.0583952 0.0572485 0.0610737 0.0613049 0.0632676 0.0542047 0.0498777 0.0449193 0.0417811  0.042422  0.030706 0.0316214 0.0251521         0  0.017766 0.0352159  0.043233 0.0398765 0.0329471 0.0422442 0.0425646 0.0488598  0.045434 0.0436487
0.0342561 0.0341497 0.0410425 0.0519051 0.0469625 0.0542646 0.0561009 0.0496313  0.039544 0.0389293 0.0296528 0.0312545 0.0343969 0.0235498 0.0250974  0.018667  0.017766         0 0.0181777 0.0263691 0.0244244 0.0265514 0.0286203 0.0301044 0.0308318 0.0298106 0.0285015
0.0474842 0.0482481 0.0585778 0.0558769 0.0609234 0.0648923 0.0704105 0.0638326 0.0545695 0.0511468 0.0426274 0.0444886 0.0475159 0.0353006  0.040247 0.0331546 0.0352159 0.0181777         0 0.0391467  0.035615 0.0422978 0.0386419  0.037305 0.0451573 0.0402444 0.0447191
0.0590574 0.0511826 0.0599058 0.0717243 0.0639188  0.072611 0.0709189 0.0743871 0.0583672 0.0585546 0.0502806  0.047571 0.0473498 0.0420523 0.0427023 0.0422978  0.043233 0.0263691 0.0391467         0 0.0313299 0.0353878 0.0412662 0.0493655 0.0502348  0.047571 0.0513764
0.0481409 0.0504582 0.0489821 0.0594594 0.0514025 0.0604041 0.0568661   0.06273 0.0500314 0.0534117   0.04052 0.0382966 0.0424715 0.0321104 0.0423676 0.0398091 0.0398765 0.0244244  0.035615 0.0313299         0 0.0251932 0.0301142 0.0326717 0.0400196 0.0406879 0.0407768
0.0402481 0.0380696 0.0434691 0.0475631 0.0471359 0.0519786  0.054656 0.0555362 0.0459765 0.0475595 0.0382443 0.0365345 0.0356288 0.0317221 0.0332649 0.0351685 0.0329471 0.0265514 0.0422978 0.0353878 0.0251932         0  0.023624 0.0195696 0.0320905 0.0296528 0.0354048
0.0443408 0.0378721 0.0509029 0.0497379 0.0551957 0.0582009 0.0588982 0.0561225 0.0465382 0.0474374 0.0442606 0.0404472 0.0361516 0.0315836 0.0382847 0.0380111 0.0422442 0.0286203 0.0386419 0.0412662 0.0301142  0.023624         0 0.0245741 0.0336724 0.0322308 0.0366184
0.0395417 0.0333472 0.0429323 0.0396333 0.0502688 0.0675118 0.0655132  0.070426 0.0439456 0.0472341 0.0381568 0.0374785 0.0391427 0.0311248 0.0397792 0.0361326 0.0425646 0.0301044  0.037305 0.0493655 0.0326717 0.0195696 0.0245741         0 0.0339458 0.0308856 0.0351455
0.0373931  0.037817 0.0445991 0.0432143 0.0515193 0.0575895 0.0588391  0.066916 0.0508026 0.0548691 0.0498201 0.0463826 0.0507496 0.0420814  0.046583  0.040642 0.0488598 0.0308318 0.0451573 0.0502348 0.0400196 0.0320905 0.0336724 0.0339458         0 0.0301116 0.0384788
0.0325195 0.0307552 0.0315082 0.0351235 0.0412881 0.0550979 0.0519367  0.062568 0.0471758 0.0485906 0.0437593 0.0391852 0.0427053 0.0322308 0.0369442 0.0387471  0.045434 0.0298106 0.0402444  0.047571 0.0406879 0.0296528 0.0322308 0.0308856 0.0301116         0 0.0362356
 0.018814 0.0205211 0.0272335 0.0311033  0.032138 0.0449172 0.0427162 0.0481566 0.0379284  0.042996    0.0486 0.0388745 0.0474034 0.0408066 0.0409634 0.0414953 0.0436487 0.0285015 0.0447191 0.0513764 0.0407768 0.0354048 0.0366184 0.0351455 0.0384788 0.0362356         0


JC Tree topology:
(1,(2,((3,((4,(5,6)),7)),(((((((((((8,9),10),11),12),13),(14,15)),((16,17),(18,19))),(20,21)),((22,24),23)),25),26))),27);

Putting MLE Branch Lengths
p: 0.234114 0.256704 0.279915 0.229267
s:  0.102007  0.183877 0.0610378  0.192236  0.364097 0.0967453
Q: 
-0.740925  0.217858  0.392708  0.130359
 0.198686  -1.28229  0.374431  0.709176
 0.328452  0.343383 -0.844646  0.172812
 0.133115  0.794047  0.210989  -1.13815

((((27:0.0145391,1:0.0083608):0.0057655,((3:0.0116807,((4:0.0128531,(5:0.0095201,6:0.0145094):0.0035269):0.0000100,7:0.0230369):0.0062849):0.0079079,2:0.0105884):0.0037925):0.0141268,(((22:0.0138457,24:0.0114880):0.0039255,23:0.0142125):0.0094200,(((20:0.0197686,21:0.0153631):0.0103313,((16:0.0128689,17:0.0141093):0.0050147,(19:0.0192579,18:0.0008545):0.0041715):0.0054076):0.0033849,((13:0.0146905,(14:0.0016199,15:0.0117307):0.0042975):0.0045480,((11:0.0096925,12:0.0110523):0.0011884,((8:0.0225250,9:0.0077205):0.0039363,10:0.0081146):0.0144373):0.0112890):0.0111460):0.0072228):0.0068188):0.0096682,26:0.0142309,25:0.0194148);
Seed = 3416154737
Seeds per chain: 
     2019147236
     1596476175
     1255505398
     3586516550
stationary acceptance: 0.344042
symmetric acceptance: 0.415754
branch length acceptance: nan
avgP: 0.213027 0.252316 0.293809 0.240848
sP: 0.000100287 9.05384e-05 0.000113431 9.19065e-05
avgS: 0.0841302   0.14676 0.0641969  0.251682   0.34663    0.1066
sS: 0.000100755 0.000170127  8.4491e-05 0.000309325 0.000338429  0.00013404
0.213027 0.252316 0.293809 0.240848
0.0841302   0.14676 0.0641969  0.251682   0.34663    0.1066

-0.692606  0.197464  0.344464  0.150678
 0.166716  -1.35235  0.498744  0.686895
 0.249754  0.428309 -0.859474  0.181411
 0.133273  0.719604  0.221303  -1.07418

stationary acceptance: 0.339692
symmetric acceptance: 0.399041
branch length acceptance: 0.704873
avgP: 0.213062 0.252134 0.293965 0.240839
sP: 9.98179e-05 9.11757e-05 0.000112735 9.05534e-05
avgS:  0.084183   0.14679 0.0641368  0.251885  0.346447  0.106558
sS: 0.000101471 0.000169161 8.58101e-05 0.000315368 0.000343949 0.000133915
0.213062 0.252134 0.293965 0.240839
 0.084183   0.14679 0.0641368  0.251885  0.346447  0.106558

-0.692545  0.197555  0.344478  0.150512
 0.166941  -1.35348  0.499506   0.68703
 0.249673  0.428427 -0.859342  0.181242
 0.133153  0.719251  0.221222  -1.07363

stationary acceptance: 0.32553
symmetric acceptance: 0.413795
branch length acceptance: nan
avgP: 0.213034 0.252235 0.293989 0.240742
sP:  9.8367e-05 8.83698e-05 0.000111171 9.09976e-05
avgS: 0.0842968  0.146669 0.0642459   0.25177   0.34655  0.106468
sS: 0.000104401 0.000173601 8.41464e-05 0.000303695 0.000339946 0.000136358
0.213034 0.252235 0.293989 0.240742
0.0842968  0.146669 0.0642459   0.25177   0.34655  0.106468

-0.692876  0.197849   0.34424  0.150788
   0.1671  -1.35314  0.499078  0.686958
 0.249447  0.428197 -0.858719  0.181075
 0.133433  0.719753  0.221124  -1.07431

stationary acceptance: 0.341673
symmetric acceptance: 0.398479
branch length acceptance: 0.696885
avgP: 0.212923 0.252209 0.293991 0.240876
sP: 9.96841e-05 8.71512e-05 0.000112121 9.04779e-05
avgS:   0.08416    0.1466 0.0641904  0.251707  0.346703  0.106639
sS: 9.98642e-05 0.000174567 8.39664e-05 0.000306885 0.000340054 0.000136592
0.212923 0.252209 0.293991 0.240876
  0.08416    0.1466 0.0641904  0.251707  0.346703  0.106639

-0.692621   0.19763  0.344256  0.150736
 0.166846  -1.35319  0.499005  0.687334
 0.249327  0.428085 -0.858777  0.181364
 0.133244  0.719671  0.221357  -1.07427

GTR Distance Matrix:

        0 0.0253327  0.030823 0.0341206 0.0319643 0.0397857 0.0379489  0.048049 0.0414644 0.0430896 0.0499478 0.0452643 0.0460303 0.0434502 0.0419508 0.0470104 0.0503936 0.0346177 0.0479434  0.059375 0.0486086 0.0406237 0.0445719 0.0400028 0.0376223 0.0326839 0.0189483
0.0253327         0 0.0271248 0.0241107 0.0279719 0.0371559 0.0408511 0.0463046 0.0395069 0.0449066 0.0472755 0.0472365 0.0508814 0.0483862 0.0477395 0.0449319 0.0512759 0.0344654 0.0484919 0.0513028 0.0507088 0.0382348 0.0379282 0.0336589 0.0380014 0.0309056 0.0206466
 0.030823 0.0271248         0 0.0235387 0.0249189 0.0319786 0.0388807  0.049661 0.0398613 0.0444503 0.0463128 0.0429016  0.050498 0.0459341 0.0478492 0.0466458 0.0513259 0.0416721 0.0593914 0.0604332 0.0494754 0.0438869 0.0512617 0.0435995 0.0449916 0.0317296 0.0275319
0.0341206 0.0241107 0.0235387         0 0.0222822 0.0260735 0.0315039 0.0468555 0.0446287 0.0466654 0.0546183 0.0496451 0.0558628 0.0515617 0.0542272 0.0550367 0.0588622 0.0525259 0.0563196  0.072237 0.0599899 0.0478757  0.050069 0.0401426 0.0435824 0.0354087 0.0313914
0.0319643 0.0279719 0.0249189 0.0222822         0 0.0240734 0.0283362   0.04776 0.0380193 0.0420993 0.0453797 0.0377833 0.0523032 0.0471508 0.0521038 0.0493878 0.0576344  0.047409 0.0614657 0.0641974 0.0518387 0.0474317 0.0555024 0.0510899 0.0520668 0.0415318 0.0325384
0.0397857 0.0371559 0.0319786 0.0260735 0.0240734         0 0.0309001 0.0376944 0.0371451 0.0409441 0.0489997 0.0453511 0.0530501 0.0525632 0.0559441 0.0564915 0.0617947 0.0549936 0.0655187 0.0732745  0.061049 0.0523755 0.0586947 0.0686386 0.0583088 0.0557681 0.0455106
0.0379489 0.0408511 0.0388807 0.0315039 0.0283362 0.0309001         0 0.0339714 0.0312804 0.0378704 0.0460802 0.0407832 0.0527013 0.0474908 0.0532796 0.0555237  0.061332 0.0564437 0.0705699  0.070959 0.0570192 0.0546739 0.0588881 0.0660478 0.0591699 0.0520931 0.0428843
 0.048049 0.0463046  0.049661 0.0468555   0.04776 0.0376944 0.0339714         0 0.0234307 0.0247334   0.04248 0.0357026 0.0498097 0.0519922 0.0579254 0.0668073 0.0639004 0.0502188 0.0644739 0.0748475 0.0635734  0.056141 0.0568186 0.0717799 0.0678515 0.0632664 0.0487198
0.0414644 0.0395069 0.0398613 0.0446287 0.0380193 0.0371451 0.0312804 0.0234307         0 0.0160447  0.022521 0.0286268 0.0353792 0.0377402 0.0451771 0.0533741 0.0546439 0.0400676 0.0551373 0.0587199 0.0506062 0.0464223 0.0469791 0.0444946 0.0514252 0.0476569 0.0382762
0.0430896 0.0449066 0.0444503 0.0466654 0.0420993 0.0409441 0.0378704 0.0247334 0.0160447         0 0.0225858 0.0262042 0.0348352 0.0387706 0.0422651 0.0489664 0.0503686 0.0394023 0.0515542 0.0590962 0.0541394 0.0478837 0.0479593 0.0479791 0.0556141 0.0492219 0.0435684
0.0499478 0.0472755 0.0463128 0.0546183 0.0453797 0.0489997 0.0460802   0.04248  0.022521 0.0225858         0 0.0183659 0.0264265 0.0235491 0.0362891  0.038499 0.0451971 0.0300162 0.0428803 0.0506017 0.0408338  0.038531 0.0446525 0.0385994 0.0503564 0.0441659 0.0491615
0.0452643 0.0472365 0.0429016 0.0496451 0.0377833 0.0453511 0.0407832 0.0357026 0.0286268 0.0262042 0.0183659         0 0.0272521 0.0241983 0.0341574 0.0372152  0.042023 0.0315795 0.0447346 0.0478475 0.0385117 0.0366666 0.0406006 0.0378183 0.0467938 0.0394557  0.039232
0.0460303 0.0508814  0.050498 0.0558628 0.0523032 0.0530501 0.0527013 0.0498097 0.0353792 0.0348352 0.0264265 0.0272521         0 0.0186114 0.0251922 0.0380942 0.0427315 0.0347791 0.0478404 0.0475427 0.0429458 0.0358824 0.0363805 0.0396633 0.0513939 0.0430794 0.0478801
0.0434502 0.0483862 0.0459341 0.0515617 0.0471508 0.0525632 0.0474908 0.0519922 0.0377402 0.0387706 0.0235491 0.0241983 0.0186114         0 0.0127076  0.022385 0.0308164 0.0237757  0.035432 0.0421699 0.0322805  0.031841   0.03165  0.031385 0.0423656 0.0324205 0.0411465
0.0419508 0.0477395 0.0478492 0.0542272 0.0521038 0.0559441 0.0532796 0.0579254 0.0451771 0.0422651 0.0362891 0.0341574 0.0251922 0.0127076         0 0.0220584 0.0318662 0.0254386 0.0407434 0.0429604 0.0429162 0.0336223 0.0387392 0.0404919 0.0472582 0.0373929 0.0415806
0.0470104 0.0449319 0.0466458 0.0550367 0.0493878 0.0564915 0.0555237 0.0668073 0.0533741 0.0489664  0.038499 0.0372152 0.0380942  0.022385 0.0220584         0  0.025262 0.0188375 0.0333452 0.0423803 0.0400183 0.0353145 0.0381861 0.0365146 0.0409706 0.0390472 0.0418807
0.0503936 0.0512759 0.0513259 0.0588622 0.0576344 0.0617947  0.061332 0.0639004 0.0546439 0.0503686 0.0451971  0.042023 0.0427315 0.0308164 0.0318662  0.025262         0 0.0179928 0.0355627 0.0435448 0.0402126 0.0332595 0.0425834 0.0431639 0.0494186 0.0459462 0.0441949
0.0346177 0.0344654 0.0416721 0.0525259  0.047409 0.0549936 0.0564437 0.0502188 0.0400676 0.0394023 0.0300162 0.0315795 0.0347791 0.0237757 0.0254386 0.0188375 0.0179928         0 0.0184425 0.0266049 0.0246805  0.026881  0.028957 0.0306509 0.0312279 0.0302292 0.0289286
0.0479434 0.0484919 0.0593914 0.0563196 0.0614657 0.0655187 0.0705699 0.0644739 0.0551373 0.0515542 0.0428803 0.0447346 0.0478404  0.035432 0.0407434 0.0333452 0.0355627 0.0184425         0 0.0393389 0.0360057 0.0426661 0.0390535 0.0378351 0.0457916 0.0406943 0.0455251
 0.059375 0.0513028 0.0604332  0.072237 0.0641974 0.0732745  0.070959 0.0748475 0.0587199 0.0590962 0.0506017 0.0478475 0.0475427 0.0421699 0.0429604 0.0423803 0.0435448 0.0266049 0.0393389         0 0.0316049 0.0356188 0.0415588 0.0500427 0.0506421 0.0480283 0.0520292
0.0486086 0.0507088 0.0494754 0.0599899 0.0518387  0.061049 0.0570192 0.0635734 0.0506062 0.0541394 0.0408338 0.0385117 0.0429458 0.0322805 0.0429162 0.0400183 0.0402126 0.0246805 0.0360057 0.0316049         0 0.0254406 0.0303982 0.0331878 0.0405077 0.0411575 0.0413464
0.0406237 0.0382348 0.0438869 0.0478757 0.0474317 0.0523755 0.0546739  0.056141 0.0464223 0.0478837  0.038531 0.0366666 0.0358824  0.031841 0.0336223 0.0353145 0.0332595  0.026881 0.0426661 0.0356188 0.0254406         0 0.0238254 0.0197747 0.0324078 0.0299808 0.0358965
0.0445719 0.0379282 0.0512617  0.050069 0.0555024 0.0586947 0.0588881 0.0568186 0.0469791 0.0479593 0.0446525 0.0406006 0.0363805   0.03165 0.0387392 0.0381861 0.0425834  0.028957 0.0390535 0.0415588 0.0303982 0.0238254         0 0.0248283 0.0338785 0.0324487  0.036962
0.0400028 0.0336589 0.0435995 0.0401426 0.0510899 0.0686386 0.0660478 0.0717799 0.0444946 0.0479791 0.0385994 0.0378183 0.0396633  0.031385 0.0404919 0.0365146 0.0431639 0.0306509 0.0378351 0.0500427 0.0331878 0.0197747 0.0248283         0 0.0344859 0.0313522 0.0358183
0.0376223 0.0380014 0.0449916 0.0435824 0.0520668 0.0583088 0.0591699 0.0678515 0.0514252 0.0556141 0.0503564 0.0467938 0.0513939 0.0423656 0.0472582 0.0409706 0.0494186 0.0312279 0.0457916 0.0506421 0.0405077 0.0324078 0.0338785 0.0344859         0 0.0302948 0.0389892
0.0326839 0.0309056 0.0317296 0.0354087 0.0415318 0.0557681 0.0520931 0.0632664 0.0476569 0.0492219 0.0441659 0.0394557 0.0430794 0.0324205 0.0373929 0.0390472 0.0459462 0.0302292 0.0406943 0.0480283 0.0411575 0.0299808 0.0324487 0.0313522 0.0302948         0 0.0366446
0.0189483 0.0206466 0.0275319 0.0313914 0.0325384 0.0455106 0.0428843 0.0487198 0.0382762 0.0435684 0.0491615  0.039232 0.0478801 0.0411465 0.0415806 0.0418807 0.0441949 0.0289286 0.0455251 0.0520292 0.0413464 0.0358965  0.036962 0.0358183 0.0389892 0.0366446         0

Seed = 826586304
Seeds per core: 
     1841647280
     2410324799
     3007444628
     3333606711
     2765021038
     1384556478
     1604972850
     1481454258
     1325171449
     4141481214
     1885987857
     4254466552
     4049459143
     1043902910
     4017096532
     1615395144
     1103484882
      461053748
      996984434
     4179532271
      960870102
     3236205313
     2589335723
      754796607
     1168137816
     1839894376
      819849438
     1561402722
      679165407
       33879541
     1658393095
      592257702
      752298764
     3212551454
      651028709
     2908305523
     1435974091
     2082513645
     3681870397
     2439845465
     1312192021
     3001313043
      435466548
     3267745534
     3100773723
      164340185
     1865724284
     2963598992
ESS = 45.40, or 4.54 percent.
Times: 
MCMC: 569 seconds
Bootstrap: 0 seconds
Estimate ccdprobs from bootstrap: 0 seconds
Importance sampling: 289 seconds
Total time: 14 minutes, 19 seconds.
