Pi:  0.22569 0.220511  0.18431 0.369489
S:  0.174626  0.170288 0.0953469 0.0203904  0.526124 0.0132248
