
Alignment summary:
Cassowary: -=63 A=2729 C=2847 G=1916 R=1647 T=2973 Y=2015
Emu: -=6 A=2724 C=2859 G=1940 R=1640 T=2999 Y=2022
EasternMoa: -=15 A=2703 C=2870 G=1952 R=1625 T=2989 Y=2036
lbmoa: -=62 A=2670 C=2858 G=1959 R=1585 T=2979 Y=2077
Dinornis: -=52 A=2691 C=2841 G=1951 R=1597 T=2993 Y=2065
gskiwi: -=37 A=2714 C=2876 G=1917 R=1609 T=2985 Y=2052
BrownKiwi: -=21 A=2721 C=2851 G=1939 R=1602 T=2997 Y=2059
LSKiwi: -=23 A=2744 C=2870 G=1933 R=1601 T=2960 Y=2059
GreatRhea: -=23 A=2724 C=2852 G=1941 N=1 R=1608 T=2990 Y=2051
LesserRhea: -=40 A=2725 C=2873 G=1920 R=1588 T=2985 Y=2059
Ostrich: -=79 A=2725 C=2856 G=1914 N=1 R=1606 T=2971 Y=2038
BrushTurkey: -=79 A=2740 C=2861 G=1899 R=1612 T=2967 Y=2032
Chicken: -=62 A=2740 C=2896 G=1929 R=1578 T=2961 Y=2024
magpiegoose: -=65 A=2716 C=2903 G=1939 R=1574 T=2966 Y=2027
duck: -=62 A=2691 C=2865 G=1919 R=1603 T=2997 Y=2053
oystercatcher: -=22 A=2741 C=2878 G=1914 R=1614 T=2973 Y=2048
turnstone: -=2 A=2727 C=2852 G=1949 R=1592 T=2998 Y=2070
LBPenguin: -=1 A=2693 C=2870 G=1961 R=1611 T=3003 Y=2051
GaviaStellata: -=7 A=2743 C=2862 G=1944 R=1598 T=2973 Y=2063
Alligator: -=9 A=2715 C=2899 G=1952 R=1583 T=2953 Y=2079
Caiman: -=22 A=2744 C=2849 G=1927 R=1610 T=2987 Y=2051
Gtinamou: -=20 A=2722 C=2872 G=1963 R=1614 T=2954 Y=2045
ECtinamou: -=51 A=2680 C=2871 G=1943 R=1602 T=2985 Y=2058
Crypturellus: -=67 A=2727 C=2863 G=1922 R=1628 T=2950 Y=2033

Seed = 2857882755

Jukes-Cantor Distance Matrix:

        0 0.0808816  0.105771  0.109625  0.119906  0.120845  0.123009  0.116284  0.117514  0.121946  0.122983  0.124217  0.127183  0.128229   0.12756  0.124616  0.125712  0.123893  0.118675  0.123771  0.116897   0.11083  0.101961 0.0805258
0.0808816         0 0.0792213  0.100845  0.113967   0.11734  0.117035  0.115157  0.113826  0.116761  0.114419  0.121118  0.127896  0.128261  0.128162  0.122646  0.124634  0.117695  0.118312  0.120356  0.119611  0.112893  0.108726  0.103078
 0.105771 0.0792213         0   0.07935  0.107524   0.11621  0.119027  0.116475  0.116141  0.117861  0.115071  0.117405  0.122606  0.129045  0.131225  0.127138  0.125524   0.12058  0.117964  0.122695  0.121949  0.119102  0.113915  0.112112
 0.109625  0.100845   0.07935         0 0.0828575  0.108322  0.114139  0.113148  0.116495  0.118111  0.115421  0.120132  0.124796  0.128556    0.1312  0.126188   0.12683   0.12467  0.123043  0.123194  0.124703  0.119695  0.114929  0.112447
 0.119906  0.113967  0.107524 0.0828575         0 0.0852188  0.103188  0.112809  0.113019  0.115529  0.115301  0.118768   0.12444  0.128082  0.131519  0.126962  0.125681  0.128835  0.126638  0.126903   0.12831  0.125877  0.119969  0.117368
 0.120845   0.11734   0.11621  0.108322 0.0852188         0 0.0843829  0.106103  0.112068  0.119012  0.113547  0.117673  0.124122  0.128548  0.131185  0.127883  0.127617  0.127716  0.124398  0.128615  0.128889  0.127363  0.120557  0.119532
 0.123009  0.117035  0.119027  0.114139  0.103188 0.0843829         0 0.0832061  0.102642  0.110922  0.108564  0.114796  0.120555  0.125966  0.127442  0.127557  0.128647  0.127617  0.121836  0.128288  0.127091   0.12591   0.12002   0.12022
 0.116284  0.115157  0.116475  0.113148  0.112809  0.106103 0.0832061         0 0.0804503 0.0984401 0.0994277  0.107888  0.119116  0.122159  0.121581  0.119138  0.122807  0.123804  0.120058  0.122447  0.125187  0.119524  0.115223  0.115761
 0.117514  0.113826  0.116141  0.116495  0.113019  0.112068  0.102642 0.0804503         0 0.0759292 0.0985944  0.109546  0.118112  0.123281  0.121694  0.119586  0.120456   0.11955  0.117269  0.123232   0.12654  0.125022  0.117456  0.118223
 0.121946  0.116761  0.117861  0.118111  0.115529  0.119012  0.110922 0.0984401 0.0759292         0  0.076137 0.0988431  0.113382  0.116403  0.119608  0.118964  0.119165  0.120269  0.118098  0.125308  0.127949  0.123161  0.119185  0.121533
 0.122983  0.114419  0.115071  0.115421  0.115301  0.113547  0.108564 0.0994277 0.0985944  0.076137         0 0.0737663 0.0979674  0.107083  0.112553  0.113159  0.114928  0.115028  0.114642  0.119596  0.119745  0.118237  0.112806  0.120646
 0.124217  0.121118  0.117405  0.120132  0.118768  0.117673  0.114796  0.107888  0.109546 0.0988431 0.0737663         0  0.079246 0.0986311  0.110313   0.10904  0.115251  0.114459  0.114741   0.12228  0.119733  0.119795  0.116149  0.120069
 0.127183  0.127896  0.122606  0.124796   0.12444  0.124122  0.120555  0.119116  0.118112  0.113382 0.0979674  0.079246         0 0.0783712  0.106555  0.113569  0.120108  0.118203  0.115708  0.120865  0.122807  0.122196  0.120581  0.125864
 0.128229  0.128261  0.129045  0.128556  0.128082  0.128548  0.125966  0.122159  0.123281  0.116403  0.107083 0.0986311 0.0783712         0  0.082939  0.108293  0.116239  0.115562  0.118399  0.122344  0.126092  0.124128  0.121615  0.125778
  0.12756  0.128162  0.131225    0.1312  0.131519  0.131185  0.127442  0.121581  0.121694  0.119608  0.112553  0.110313  0.106555  0.082939         0 0.0838387  0.106775  0.114623  0.116242  0.121655  0.125077  0.124912   0.12465    0.1276
 0.124616  0.122646  0.127138  0.126188  0.126962  0.127883  0.127557  0.119138  0.119586  0.118964  0.113159   0.10904  0.113569  0.108293 0.0838387         0   0.08063  0.103983  0.113283  0.118767  0.120817  0.119089  0.121393  0.123751
 0.125712  0.124634  0.125524   0.12683  0.125681  0.127617  0.128647  0.122807  0.120456  0.119165  0.114928  0.115251  0.120108  0.116239  0.106775   0.08063         0 0.0845881  0.109302  0.117521  0.122582  0.121524  0.120917  0.124622
 0.123893  0.117695   0.12058   0.12467  0.128835  0.127716  0.127617  0.123804   0.11955  0.120269  0.115028  0.114459  0.118203  0.115562  0.114623  0.103983 0.0845881         0 0.0812335  0.104719  0.117543  0.120952  0.121914  0.121118
 0.118675  0.118312  0.117964  0.123043  0.126638  0.124398  0.121836  0.120058  0.117269  0.118098  0.114642  0.114741  0.115708  0.118399  0.116242  0.113283  0.109302 0.0812335         0 0.0806387  0.105339  0.115887  0.112477  0.115135
 0.123771  0.120356  0.122695  0.123194  0.126903  0.128615  0.128288  0.122447  0.123232  0.125308  0.119596   0.12228  0.120865  0.122344  0.121655  0.118767  0.117521  0.104719 0.0806387         0   0.08331  0.109725  0.113955  0.116734
 0.116897  0.119611  0.121949  0.124703   0.12831  0.128889  0.127091  0.125187   0.12654  0.127949  0.119745  0.119733  0.122807  0.126092  0.125077  0.120817  0.122582  0.117543  0.105339   0.08331         0 0.0834808  0.104484  0.114732
  0.11083  0.112893  0.119102  0.119695  0.125877  0.127363   0.12591  0.119524  0.125022  0.123161  0.118237  0.119795  0.122196  0.124128  0.124912  0.119089  0.121524  0.120952  0.115887  0.109725 0.0834808         0 0.0815044  0.103634
 0.101961  0.108726  0.113915  0.114929  0.119969  0.120557   0.12002  0.115223  0.117456  0.119185  0.112806  0.116149  0.120581  0.121615   0.12465  0.121393  0.120917  0.121914  0.112477  0.113955  0.104484 0.0815044         0 0.0813742
0.0805258  0.103078  0.112112  0.112447  0.117368  0.119532   0.12022  0.115761  0.118223  0.121533  0.120646  0.120069  0.125864  0.125778    0.1276  0.123751  0.124622  0.121118  0.115135  0.116734  0.114732  0.103634 0.0813742         0


JC Tree topology:
(1,((2,(3,4)),((((5,6),(7,8)),((9,10),(11,12))),(((((13,14),15),(16,17)),(18,19)),((20,21),(22,23))))),24);

Putting MLE Branch Lengths
p: 0.258951  0.27302 0.184317 0.283712
s:  0.156725  0.226076   0.11542  0.046115  0.412473 0.0431917
Q: 
-0.961997  0.302614  0.436522  0.222861
 0.287021  -1.12686 0.0844534  0.755388
 0.613281  0.125097 -0.855545  0.117167
 0.203411  0.726922 0.0761189  -1.00645

((((((21:0.0602537,20:0.0662628):0.0328471,(22:0.0637114,23:0.0673432):0.0323442):0.0155797,((19:0.0639594,18:0.0583896):0.0348958,((17:0.0686584,16:0.0580399):0.0289740,(15:0.0685335,(13:0.0672066,14:0.0477034):0.0313386):0.0242005):0.0146076):0.0142386):0.0160042,(((4:0.0755609,3:0.0573121):0.0282134,2:0.0722494):0.0196551,(1:0.0613437,24:0.0666171):0.0351636):0.0178760):0.0183759,((11:0.0508326,12:0.0654386):0.0298581,(10:0.0530968,9:0.0667010):0.0293538):0.0198147):0.0173745,(5:0.0709618,6:0.0598514):0.0349550,(7:0.0614111,8:0.0669839):0.0269139);
Seed = 1852037999
Seeds per chain: 
     2065396267
     3179090641
     3100592703
     1809711752
stationary acceptance: 0.015436
symmetric acceptance: 0.0167269
branch length acceptance: 0.0166894
avgP:  0.24266 0.256785 0.186201 0.314354
sP: 1.01024e-05 1.30911e-05 7.86439e-06 1.18822e-05
avgS:   0.36193  0.159944  0.111954 0.0358226  0.305713 0.0246362
sS: 0.000361617 4.62768e-05 1.78164e-05 5.35566e-06 6.74546e-05 7.39203e-06
 0.24266 0.256785 0.186201 0.314354
  0.36193  0.159944  0.111954 0.0358226  0.305713 0.0246362

   -1.306  0.745756  0.329564  0.230681
 0.704734  -1.36976 0.0697522  0.595271
 0.429493 0.0961935 -0.591841 0.0661548
  0.17807  0.486255 0.0391853 -0.703511

stationary acceptance: 0.246689
symmetric acceptance: 0.261995
branch length acceptance: 0.437874
avgP: 0.242653 0.256796 0.186199 0.314353
sP:  9.6277e-06 1.33048e-05 7.70664e-06  1.1753e-05
avgS:  0.362091  0.159862   0.11195 0.0358146  0.305664 0.0246191
sS: 0.000341149 4.26385e-05 1.78265e-05 5.35247e-06  6.4725e-05 6.92113e-06
0.242653 0.256796 0.186199 0.314353
 0.362091  0.159862   0.11195 0.0358146  0.305664 0.0246191

 -1.30619  0.746108  0.329404  0.230679
 0.705017   -1.3699 0.0697336   0.59515
 0.429277  0.096173 -0.591559 0.0661096
 0.178064   0.48618 0.0391583 -0.703403

stationary acceptance: 0.0115112
symmetric acceptance: 0.0128416
branch length acceptance: 0.0126379
avgP: 0.242643 0.256785 0.186206 0.314366
sP: 9.33059e-06 1.32772e-05 7.76518e-06 1.13793e-05
avgS:  0.362076  0.159872  0.111937  0.035813  0.305681 0.0246208
sS:  0.00034021 4.30347e-05  1.7337e-05 5.27511e-06 6.63266e-05 6.99952e-06
0.242643 0.256785 0.186206 0.314366
 0.362076  0.159872  0.111937  0.035813  0.305681 0.0246208

 -1.30621  0.746109  0.329438  0.230662
 0.705019  -1.36996 0.0697336  0.595208
 0.429288 0.0961651 -0.591565 0.0661119
 0.178037  0.486186 0.0391595 -0.703382

stationary acceptance: 0.012432
symmetric acceptance: 0.0139689
branch length acceptance: 0.0128985
avgP: 0.242653 0.256802 0.186182 0.314363
sP: 9.54008e-06  1.2976e-05  7.7187e-06 1.17639e-05
avgS:  0.362043  0.159886  0.111945 0.0358219  0.305679 0.0246243
sS: 0.000345364 4.35224e-05 1.73617e-05 5.32487e-06 6.55172e-05 7.08462e-06
0.242653 0.256802 0.186182 0.314363
 0.362043  0.159886  0.111945 0.0358219  0.305679 0.0246243

 -1.30613   0.74601  0.329453  0.230669
 0.704909  -1.36982 0.0697462  0.595166
  0.42938 0.0962011  -0.59171 0.0661294
 0.178051  0.486189 0.0391653 -0.703405

stationary acceptance: 0.00101293
symmetric acceptance: 0.002
branch length acceptance: 0.000668696
avgP: 0.242954 0.257548 0.185672 0.313826
sP: 7.59703e-06 7.58625e-06 7.75944e-06 1.48982e-05
avgS:   0.36581  0.158852  0.110131 0.0357045  0.305163 0.0243397
sS: 1.58831e-05 8.65075e-06 1.21352e-05 2.29678e-06  1.5677e-05 1.30367e-06
0.242954 0.257548 0.185672 0.313826
  0.36581  0.158852  0.110131 0.0357045  0.305163 0.0243397

 -1.30641   0.75284  0.326918   0.22665
  0.71018  -1.37194 0.0693163   0.59244
 0.427774 0.0961492 -0.589468 0.0655447
 0.175464  0.486197 0.0387789 -0.700441

stationary acceptance: 0.232735
symmetric acceptance: 0.243936
branch length acceptance: 0.439466
avgP: 0.242947 0.257552 0.185671  0.31383
sP: 7.66356e-06 7.57651e-06 7.71886e-06 1.48558e-05
avgS:  0.365808  0.158839  0.110136 0.0357133   0.30516 0.0243435
sS: 1.57994e-05 8.66059e-06 1.21039e-05 2.31475e-06 1.56786e-05 1.27686e-06
0.242947 0.257552 0.185671  0.31383
 0.365808  0.158839  0.110136 0.0357133   0.30516 0.0243435

 -1.30642  0.752856    0.3269  0.226667
 0.710164  -1.37192 0.0693323  0.592424
 0.427743 0.0961737 -0.589472 0.0655555
 0.175471  0.486187 0.0387845 -0.700442

stationary acceptance: 0.001
symmetric acceptance: 0.00100164
branch length acceptance: 0.000243825
avgP: 0.242931 0.257534 0.185678 0.313857
sP: 7.64402e-06 7.47314e-06  7.6326e-06 1.47835e-05
avgS:  0.365807  0.158832  0.110131 0.0357093  0.305187 0.0243345
sS: 1.58965e-05 8.66647e-06 1.19611e-05 2.27331e-06  1.5572e-05 1.28213e-06
0.242931 0.257534 0.185678 0.313857
 0.365807  0.158832  0.110131 0.0357093  0.305187 0.0243345

 -1.30648  0.752902  0.326907  0.226672
  0.71021  -1.37206 0.0693293  0.592517
 0.427707 0.0961592 -0.589395 0.0655288
 0.175448  0.486188 0.0387669 -0.700403

stationary acceptance: 0.00512393
symmetric acceptance: 0.00711461
branch length acceptance: 0.0104686
avgP: 0.242928 0.257554 0.185681 0.313837
sP: 7.54956e-06 7.46606e-06 7.61692e-06   1.472e-05
avgS:  0.365811   0.15885  0.110107  0.035701  0.305188 0.0243437
sS: 1.57163e-05 8.52336e-06 1.18895e-05 2.27595e-06 1.54234e-05 1.27381e-06
0.242928 0.257554 0.185681 0.313837
 0.365811   0.15885  0.110107  0.035701  0.305188 0.0243437

 -1.30649   0.75292  0.326948  0.226624
 0.710163  -1.37194 0.0693077  0.592472
  0.42775 0.0961355 -0.589438 0.0655525
  0.17542  0.486221  0.038784 -0.700425

stationary acceptance: 0.00143595
symmetric acceptance: 0.0025178
branch length acceptance: 0.00333879
avgP: 0.242873   0.2565 0.185722 0.314905
sP:  7.9613e-06 7.02829e-06 7.86122e-06  1.1482e-05
avgS:  0.365079  0.158687  0.110857 0.0351096   0.30588 0.0243876
sS: 1.96776e-05 7.16623e-06 1.29846e-05 4.20597e-06 1.12042e-05 1.39352e-06
0.242873   0.2565 0.185722 0.314905
 0.365079  0.158687  0.110857 0.0351096   0.30588 0.0243876

 -1.30649  0.751583  0.326687  0.228221
 0.711655  -1.37635 0.0684397  0.596257
 0.427217 0.0945219 -0.587395 0.0656562
 0.176017  0.485669 0.0387221 -0.700409

stationary acceptance: 0.00380053
symmetric acceptance: 0.00660849
branch length acceptance: 0.0113461
avgP: 0.242866 0.256471 0.185736 0.314926
sP: 7.95561e-06 7.09472e-06 7.79356e-06 1.15784e-05
avgS:   0.36505  0.158716  0.110886 0.0351064  0.305846  0.024396
sS: 1.95497e-05 7.13779e-06  1.2714e-05 4.22449e-06  1.1293e-05 1.37255e-06
0.242866 0.256471 0.185736 0.314926
  0.36505  0.158716  0.110886 0.0351064  0.305846  0.024396

 -1.30659  0.751547  0.326757  0.228286
 0.711679  -1.37638 0.0684411  0.596257
 0.427262 0.0945059 -0.587442 0.0656737
  0.17605  0.485582 0.0387328 -0.700365

stationary acceptance: 0.244013
symmetric acceptance: 0.263653
branch length acceptance: 0.449358
avgP: 0.242858 0.256493 0.185734 0.314915
sP: 7.92895e-06 7.08127e-06 7.80353e-06 1.15037e-05
avgS:  0.365037  0.158707  0.110885 0.0351094  0.305864 0.0243975
sS: 1.94246e-05 7.11985e-06 1.26804e-05 4.20017e-06 1.11508e-05 1.36031e-06
0.242858 0.256493 0.185734 0.314915
 0.365037  0.158707  0.110885 0.0351094  0.305864 0.0243975

 -1.30658  0.751544  0.326748  0.228291
 0.711593  -1.37627 0.0684412  0.596241
 0.427243 0.0945154 -0.587438 0.0656788
 0.176055  0.485629 0.0387367 -0.700422

stationary acceptance: 0.00614538
symmetric acceptance: 0.0079603
branch length acceptance: 0.011805
avgP: 0.242885 0.256501 0.185716 0.314898
sP:  7.4257e-06  6.6229e-06 7.25779e-06 1.08245e-05
avgS:  0.365057    0.1587  0.110872 0.0351045   0.30589 0.0243773
sS: 1.83039e-05 6.67098e-06 1.22053e-05 3.93585e-06 1.05309e-05 1.30197e-06
0.242885 0.256501 0.185716 0.314898
 0.365057    0.1587  0.110872 0.0351045   0.30589 0.0243773

 -1.30644    0.7515  0.326696  0.228239
  0.71161  -1.37632 0.0684296  0.596275
 0.427263  0.094511 -0.587405 0.0656304
 0.176045  0.485697 0.0387066 -0.700448

stationary acceptance: 0.00557134
symmetric acceptance: 0.00464046
branch length acceptance: 0.00632872
avgP: 0.242126 0.256978 0.186497   0.3144
sP: 6.68178e-06 6.13327e-06 9.19333e-06 1.16563e-05
avgS:  0.363816  0.159357  0.110075 0.0365782  0.305328 0.0248457
sS: 1.28956e-05 9.73097e-06 7.33932e-06 2.81064e-06 1.38758e-05 1.42439e-06
0.242126 0.256978 0.186497   0.3144
 0.363816  0.159357  0.110075 0.0365782  0.305328 0.0248457

 -1.30769  0.751296   0.32908   0.22731
 0.707874  -1.37312 0.0711701  0.594074
 0.427238 0.0980665 -0.591916 0.0666116
 0.175056  0.485572  0.039513 -0.700141

stationary acceptance: 0.250453
symmetric acceptance: 0.26455
branch length acceptance: 0.446316
avgP: 0.242133 0.256974 0.186499 0.314393
sP: 6.61907e-06 6.07201e-06 9.11598e-06 1.14714e-05
avgS:  0.363796  0.159352  0.110083 0.0365686  0.305342 0.0248593
sS: 1.29726e-05 9.74998e-06 7.32733e-06 2.79454e-06  1.3883e-05 1.41342e-06
0.242133 0.256974 0.186499 0.314393
 0.363796  0.159352  0.110083 0.0365686  0.305342 0.0248593

 -1.30761  0.751231  0.329057  0.227318
 0.707846  -1.37311 0.0711521  0.594109
 0.427219 0.0980396 -0.591905 0.0666472
 0.175071  0.485604 0.0395353 -0.700211

stationary acceptance: 8.4166e-08
symmetric acceptance: 0.00100037
branch length acceptance: 0.000698966
avgP: 0.242118 0.256981 0.186509 0.314392
sP: 6.42694e-06 6.12154e-06 9.06411e-06 1.14738e-05
avgS:  0.363792   0.15935  0.110079 0.0365725  0.305349 0.0248568
sS: 1.29418e-05 9.69315e-06 7.25325e-06  2.7874e-06 1.38095e-05 1.39985e-06
0.242118 0.256981 0.186509 0.314392
 0.363792   0.15935  0.110079 0.0365725  0.305349 0.0248568

 -1.30767  0.751271  0.329076  0.227326
  0.70782  -1.37308  0.071158  0.594107
 0.427193 0.0980451 -0.591875 0.0666372
 0.175067  0.485617 0.0395316 -0.700215

stationary acceptance: 0.00127009
symmetric acceptance: 0.0014088
branch length acceptance: 0.00122555
avgP: 0.242122 0.256973 0.186507 0.314399
sP: 6.22083e-06 5.86972e-06 8.66845e-06  1.0947e-05
avgS:  0.363788  0.159336  0.110104 0.0365758  0.305341 0.0248559
sS: 1.20914e-05 9.29794e-06 6.93187e-06 2.60131e-06 1.30746e-05 1.33566e-06
0.242122 0.256973 0.186507 0.314399
 0.363788  0.159336  0.110104 0.0365758  0.305341 0.0248559

 -1.30766  0.751251   0.32904  0.227373
 0.707835  -1.37311 0.0711667  0.594112
 0.427156 0.0980546 -0.591846 0.0666353
 0.175102  0.485595 0.0395294 -0.700226

stationary acceptance: 7.9923e-07
symmetric acceptance: 0.000388138
branch length acceptance: 0.000113178
avgP: 0.243106  0.25729 0.185897 0.313708
sP: 6.90952e-06 7.07857e-06 7.18304e-06 8.97458e-06
avgS:  0.365663  0.159126   0.11025 0.0356707  0.305164 0.0241253
sS: 1.95385e-05 7.87789e-06 1.22274e-05 4.23911e-06 1.55524e-05 1.67035e-06
0.243106  0.25729 0.185897 0.313708
 0.365663  0.159126   0.11025 0.0356707  0.305164 0.0241253

  -1.3061  0.752065  0.327277  0.226753
 0.710606  -1.37296 0.0693201  0.593036
 0.427997 0.0959424 -0.588828 0.0648889
 0.175721  0.486383 0.0384518 -0.700556

stationary acceptance: 0.258092
symmetric acceptance: 0.263615
branch length acceptance: 0.442412
avgP: 0.243119 0.257281 0.185906 0.313694
sP:  6.8842e-06 7.00711e-06 7.08989e-06 8.94384e-06
avgS:  0.365639  0.159133   0.11025  0.035679  0.305179 0.0241205
sS: 1.93249e-05 7.84138e-06 1.20992e-05 4.24174e-06 1.53967e-05 1.62846e-06
0.243119 0.257281 0.185906 0.313694
 0.365639  0.159133   0.11025  0.035679  0.305179 0.0241205

 -1.30599  0.751975  0.327274  0.226741
 0.710581    -1.373 0.0693385  0.593084
 0.427994 0.0959599 -0.588826  0.064873
 0.175728  0.486428 0.0384459 -0.700602

stationary acceptance: 8.94413e-06
symmetric acceptance: 6.53999e-05
branch length acceptance: 2.63066e-05
avgP: 0.243109  0.25728 0.185907 0.313704
sP: 6.82563e-06 6.98312e-06 7.04328e-06  8.8831e-06
avgS:  0.365639  0.159136  0.110259 0.0356771  0.305171 0.0241186
sS: 1.92726e-05 7.80046e-06 1.20693e-05 4.21434e-06 1.53709e-05  1.6213e-06
0.243109  0.25728 0.185907 0.313704
 0.365639  0.159136  0.110259 0.0356771  0.305171 0.0241186

 -1.30607  0.752006  0.327293  0.226768
 0.710586  -1.37299 0.0693353  0.593073
 0.427997 0.0959541 -0.588819 0.0648674
 0.175737    0.4864 0.0384416 -0.700578

stationary acceptance: 0.0077998
symmetric acceptance: 0.00517076
branch length acceptance: 0.0111924
avgP: 0.243116 0.257276 0.185903 0.313705
sP:  6.4626e-06 6.49787e-06 6.65379e-06 8.21499e-06
avgS:  0.365633   0.15914  0.110262  0.035667  0.305179 0.0241189
sS: 1.79428e-05 7.16245e-06 1.12509e-05  3.9245e-06 1.44023e-05  1.4954e-06
0.243116 0.257276 0.185903 0.313705
 0.365633   0.15914  0.110262  0.035667  0.305179 0.0241189

 -1.30603  0.751971  0.327292  0.226768
 0.710584    -1.373 0.0693165  0.593097
  0.42802 0.0959292 -0.588819 0.0648698
 0.175742  0.486412  0.038442 -0.700595

stationary acceptance: 0.00116195
symmetric acceptance: 0.000163132
branch length acceptance: 0.00119623
avgP: 0.242779 0.256792  0.18635 0.314078
sP: 8.18594e-06  7.3117e-06 7.30753e-06 9.87044e-06
avgS:  0.364701  0.159391  0.111109 0.0361162  0.303965 0.0247173
sS: 2.59088e-05 8.57649e-06 1.88115e-05 3.50295e-06 1.52854e-05 1.73653e-06
0.242779 0.256792  0.18635 0.314078
 0.364701  0.159391  0.111109 0.0361162  0.303965 0.0247173

 -1.30819  0.751096  0.328264  0.228828
 0.710108  -1.37228 0.0703217   0.59185
 0.427666 0.0969041 -0.590889 0.0663195
 0.176882    0.4839  0.039349 -0.700131

stationary acceptance: 0.0048996
symmetric acceptance: 0.00456164
branch length acceptance: 0.00651163
avgP: 0.242767 0.256806 0.186322 0.314105
sP: 8.26888e-06 7.26552e-06 7.29411e-06 9.92508e-06
avgS:  0.364698  0.159353  0.111096 0.0361256  0.304006 0.0247218
sS:  2.5742e-05 8.41462e-06 1.87456e-05 3.50705e-06 1.51726e-05 1.71748e-06
0.242767 0.256806 0.186322 0.314105
 0.364698  0.159353  0.111096 0.0361256  0.304006 0.0247218

 -1.30814  0.751127  0.328201  0.228812
 0.710064   -1.3723 0.0703364  0.591898
 0.427628 0.0969441 -0.590913 0.0663415
 0.176845  0.483924 0.0393527 -0.700122

stationary acceptance: 0.244285
symmetric acceptance: 0.279095
branch length acceptance: 0.467696
avgP: 0.242768 0.256802 0.186333 0.314098
sP: 8.18609e-06 7.25276e-06 7.26627e-06 9.79163e-06
avgS:  0.364714  0.159368  0.111092   0.03612  0.303989 0.0247172
sS: 2.54652e-05 8.41481e-06  1.8678e-05 3.49727e-06 1.51582e-05 1.71325e-06
0.242768 0.256802 0.186333 0.314098
 0.364714  0.159368  0.111092   0.03612  0.303989 0.0247172

 -1.30819  0.751159  0.328232  0.228803
 0.710108  -1.37231 0.0703267  0.591874
 0.427644 0.0969234 -0.590892 0.0663253
 0.176843  0.483907 0.0393463 -0.700097

stationary acceptance: 0.00202254
symmetric acceptance: 0.00212157
branch length acceptance: 0.00586144
avgP: 0.242757 0.256819  0.18631 0.314115
sP: 7.99835e-06 7.18872e-06 7.27036e-06 9.67215e-06
avgS:  0.364682  0.159361  0.111112 0.0361192  0.304021 0.0247038
sS: 2.53247e-05 8.25931e-06 1.85617e-05 3.34971e-06  1.4941e-05 1.69435e-06
0.242757 0.256819  0.18631 0.314115
 0.364682  0.159361  0.111112 0.0361192  0.304021 0.0247038

 -1.30822  0.751127  0.328233  0.228856
     0.71  -1.37222 0.0703204  0.591898
 0.427678 0.0969329 -0.590908 0.0662976
 0.176866  0.483933  0.039323 -0.700122

stationary acceptance: 0.0121726
symmetric acceptance: 0.0124743
branch length acceptance: 0.0222091
avgP: 0.243104 0.256875 0.186411 0.313611
sP: 6.86245e-06 8.28187e-06 9.48116e-06 1.07347e-05
avgS:  0.364852  0.159778  0.111183 0.0352958  0.304671 0.0242201
sS: 2.36624e-05 8.75301e-06 1.02567e-05 2.95236e-06 1.35847e-05 1.62779e-06
0.243104 0.256875 0.186411 0.313611
 0.364852  0.159778  0.111183 0.0352958  0.304671 0.0242201

  -1.3077  0.750405  0.328622  0.228674
 0.710175  -1.37191 0.0687023  0.593033
 0.428566 0.0946722 -0.588202 0.0649645
 0.177263  0.485746 0.0386149 -0.701624

stationary acceptance: 0.277185
symmetric acceptance: 0.277965
branch length acceptance: 0.477328
avgP:  0.24313 0.256863 0.186419 0.313588
sP: 6.83179e-06 8.31994e-06 9.55858e-06 1.07498e-05
avgS:   0.36487  0.159782  0.111176 0.0353098  0.304621 0.0242418
sS: 2.33549e-05 8.75745e-06 1.01032e-05 2.95335e-06 1.36541e-05 1.63119e-06
 0.24313 0.256863 0.186419 0.313588
  0.36487  0.159782  0.111176 0.0353098  0.304621 0.0242418

 -1.30759  0.750361  0.328593  0.228635
 0.710242  -1.37194 0.0687327  0.592963
 0.428555 0.0947053  -0.58828 0.0650196
 0.177264  0.485702 0.0386523 -0.701619

stationary acceptance: 0.00100923
symmetric acceptance: 0.00103876
branch length acceptance: 0.00136675
avgP: 0.243121 0.256844 0.186417 0.313618
sP: 6.84268e-06 8.32028e-06 9.52348e-06 1.07246e-05
avgS:   0.36487  0.159782  0.111175  0.035315  0.304616 0.0242422
sS: 2.33455e-05 8.67669e-06 1.00568e-05 2.95992e-06 1.36954e-05 1.64075e-06
0.243121 0.256844 0.186417 0.313618
  0.36487  0.159782  0.111175  0.035315  0.304616 0.0242422

 -1.30763  0.750387  0.328606  0.228641
 0.710295  -1.37204  0.068748  0.592998
  0.42856 0.0947202 -0.588301 0.0650213
 0.177246  0.485649 0.0386493 -0.701544

stationary acceptance: 0.00268994
symmetric acceptance: 0.00290179
branch length acceptance: 0.00438601
avgP: 0.243117 0.256846 0.186434 0.313603
sP: 6.75897e-06 8.19491e-06 9.49263e-06 1.05969e-05
avgS: 0.364858 0.159798 0.111181 0.035327 0.304595  0.02424
sS:  2.3101e-05 8.58174e-06  1.0083e-05 2.95674e-06 1.34345e-05 1.62811e-06
0.243117 0.256846 0.186434 0.313603
0.364858 0.159798 0.111181 0.035327 0.304595  0.02424

 -1.30768  0.750375  0.328645  0.228658
 0.710267  -1.37199 0.0687709  0.592954
 0.428565 0.0947439 -0.588318 0.0650095
 0.177264  0.485639 0.0386476 -0.701551

stationary acceptance: 0.00837149
symmetric acceptance: 0.00576849
branch length acceptance: 0.00947861
avgP: 0.242278 0.257072 0.186572 0.314077
sP: 5.91243e-06 6.60352e-06 7.52077e-06 1.04333e-05
avgS:  0.364291  0.160054  0.110465 0.0355995  0.304926 0.0246637
sS: 1.65719e-05 7.29558e-06 1.16402e-05 4.36698e-06 1.28856e-05 1.95182e-06
0.242278 0.257072 0.186572 0.314077
 0.364291  0.160054  0.110465 0.0355995  0.304926 0.0246637

 -1.31009  0.751804   0.33031  0.227972
 0.708538  -1.37085 0.0692401  0.593074
 0.428933 0.0954039 -0.590434 0.0660969
 0.175857  0.485432 0.0392638 -0.700553

stationary acceptance: 0.0605334
symmetric acceptance: 0.0695834
branch length acceptance: 0.108003
avgP: 0.242296 0.257055 0.186579  0.31407
sP: 5.86758e-06 6.55103e-06 7.46559e-06 1.03855e-05
avgS:   0.36432  0.160046  0.110461 0.0356072  0.304909 0.0246562
sS: 1.65572e-05 7.32928e-06 1.16119e-05 4.34729e-06 1.29638e-05 1.94537e-06
0.242296 0.257055 0.186579  0.31407
  0.36432  0.160046  0.110461 0.0356072  0.304909 0.0246562

 -1.31002  0.751807  0.330268  0.227946
 0.708643  -1.37098   0.06926  0.593082
 0.428895 0.0954213 -0.590391 0.0660743
 0.175855  0.485417 0.0392527 -0.700524

stationary acceptance: 0.207702
symmetric acceptance: 0.199271
branch length acceptance: 0.353409
avgP:   0.2423 0.257047 0.186591 0.314062
sP: 5.82747e-06 6.52001e-06  7.4002e-06 1.03447e-05
avgS:  0.364302  0.160052  0.110466 0.0356056  0.304912 0.0246612
sS: 1.65491e-05 7.31337e-06 1.16154e-05 4.32512e-06 1.28953e-05 1.93652e-06
  0.2423 0.257047 0.186591 0.314062
 0.364302  0.160052  0.110466 0.0356056  0.304912 0.0246612

 -1.30999  0.751759  0.330278  0.227953
  0.70863  -1.37099  0.069259  0.593106
 0.428885 0.0954108 -0.590379 0.0660836
 0.175867  0.485433 0.0392618 -0.700562

stationary acceptance: 0.00849358
symmetric acceptance: 0.00359653
branch length acceptance: 0.00591867
avgP: 0.242306 0.257038 0.186591 0.314065
sP: 5.77292e-06 6.50629e-06 7.43672e-06  1.0272e-05
avgS:  0.364293  0.160042  0.110483 0.0355998  0.304916 0.0246654
sS: 1.64942e-05 7.33977e-06 1.15755e-05 4.33376e-06 1.28743e-05 1.93674e-06
0.242306 0.257038 0.186591 0.314065
 0.364293  0.160042  0.110483 0.0355998  0.304916 0.0246654

 -1.30995  0.751722  0.330248  0.227982
 0.708638  -1.37102 0.0692501  0.593135
 0.428858 0.0953953 -0.590349 0.0660949
 0.175891  0.485435  0.039268 -0.700594

stationary acceptance: 0.00724498
symmetric acceptance: 0.00466246
branch length acceptance: 0.0104752
avgP: 0.242504 0.256618 0.186142 0.314736
sP: 7.35829e-06 6.63896e-06 7.37525e-06  8.7686e-06
avgS:   0.36467  0.159367  0.110976 0.0356534  0.304724 0.0246102
sS: 2.20697e-05 9.76848e-06 1.24253e-05 3.39926e-06 1.62659e-05 1.43119e-06
0.242504 0.256618 0.186142 0.314736
  0.36467  0.159367  0.110976 0.0356534  0.304724 0.0246102

 -1.30928  0.751883  0.328586  0.228812
 0.710531  -1.37373 0.0694679  0.593731
 0.428079 0.0957694 -0.589954  0.066106
   0.1763  0.484095 0.0390966 -0.699491

stationary acceptance: 0.237311
symmetric acceptance: 0.263985
branch length acceptance: 0.455819
avgP: 0.242508 0.256627 0.186148 0.314717
sP: 7.30085e-06 6.62268e-06 7.36141e-06  8.8136e-06
avgS:  0.364671  0.159385  0.110974 0.0356499  0.304717 0.0246044
sS: 2.19901e-05 9.86419e-06 1.23727e-05 3.39635e-06 1.62066e-05 1.41352e-06
0.242508 0.256627 0.186148 0.314717
 0.364671  0.159385  0.110974 0.0356499  0.304717 0.0246044

  -1.3093  0.751874  0.328618  0.228804
 0.710507  -1.37366 0.0694587  0.593695
 0.428112 0.0957568 -0.589957 0.0660881
 0.176307  0.484113 0.0390898  -0.69951

stationary acceptance: 0.00130269
symmetric acceptance: 0.000641751
branch length acceptance: 0.0025955
avgP: 0.242479 0.256623 0.186138 0.314759
sP: 7.29551e-06 6.56331e-06 7.40294e-06 8.73923e-06
avgS:  0.364635  0.159371  0.111004 0.0356612  0.304724 0.0246045
sS: 2.18491e-05 9.70436e-06 1.22491e-05  3.3695e-06 1.61553e-05 1.43664e-06
0.242479 0.256623 0.186138 0.314759
 0.364635  0.159371  0.111004 0.0356612  0.304724 0.0246045

 -1.30941  0.751891  0.328629  0.228894
 0.710448  -1.37365 0.0694817  0.593718
 0.428099 0.0957923 -0.589983  0.066092
 0.176331  0.484058 0.0390847 -0.699474

stationary acceptance: 0.00179578
symmetric acceptance: 0.00411458
branch length acceptance: 0.00795178
avgP: 0.242496 0.256629 0.186144 0.314732
sP: 7.27992e-06 6.62394e-06 7.40417e-06 8.79315e-06
avgS:  0.364663   0.15939   0.11098 0.0356519  0.304712 0.0246027
sS: 2.18301e-05 9.78441e-06 1.23613e-05 3.38476e-06 1.60592e-05 1.42535e-06
0.242496 0.256629 0.186144 0.314732
 0.364663   0.15939   0.11098 0.0356519  0.304712 0.0246027

 -1.30937  0.751896  0.328645  0.228828
 0.710488  -1.37363  0.069462  0.593683
 0.428137 0.0957645 -0.589987 0.0660852
 0.176308  0.484083 0.0390852 -0.699477

stationary acceptance: 0.00166371
symmetric acceptance: 0.00427598
branch length acceptance: 0.00448193
avgP: 0.242845 0.257101 0.186579 0.313475
sP: 7.08411e-06 7.45582e-06 1.00886e-05 1.02313e-05
avgS:  0.366009   0.15979  0.109445 0.0354689  0.304858 0.0244284
sS:  1.6971e-05 1.00512e-05 1.22008e-05 4.19178e-06 1.02696e-05 1.10427e-06
0.242845 0.257101 0.186579 0.313475
 0.366009   0.15979  0.109445 0.0354689  0.304858 0.0244284

 -1.30792  0.753586  0.328996   0.22534
   0.7118  -1.37366 0.0689786  0.592877
  0.42821 0.0950506 -0.588724 0.0654638
 0.174568  0.486256 0.0389638 -0.699788

stationary acceptance: 0.272882
symmetric acceptance: 0.268404
branch length acceptance: 0.450099
avgP: 0.242868 0.257133 0.186536 0.313463
sP: 7.11658e-06 7.49001e-06 1.00785e-05 1.01295e-05
avgS:  0.366012    0.1598  0.109439 0.0354606  0.304857  0.024432
sS: 1.67665e-05 9.92292e-06  1.2168e-05 4.15455e-06 1.02459e-05 1.09994e-06
0.242868 0.257133 0.186536 0.313463
 0.366012    0.1598  0.109439 0.0354606  0.304857  0.024432

 -1.30781   0.75352  0.328985  0.225306
 0.711716  -1.37347 0.0689537  0.592799
 0.428336 0.0950504 -0.588875 0.0654889
 0.174565  0.486272 0.0389712 -0.699808

stationary acceptance: 0.0060425
symmetric acceptance: 0.00377436
branch length acceptance: 0.00791418
avgP: 0.242859 0.257123  0.18655 0.313469
sP: 7.06034e-06  7.4556e-06 9.99635e-06 1.01237e-05
avgS:  0.366016  0.159798  0.109442 0.0354595  0.304858 0.0244268
sS: 1.66844e-05 9.87028e-06 1.21585e-05 4.13741e-06 1.02099e-05 1.10593e-06
0.242859 0.257123  0.18655 0.313469
 0.366016  0.159798  0.109442 0.0354595  0.304858 0.0244268

 -1.30787  0.753558  0.328994  0.225321
 0.711753  -1.37353 0.0689545  0.592825
 0.428298 0.0950403 -0.588808 0.0654698
 0.174566  0.486265  0.038962 -0.699793

stationary acceptance: 0.00425157
symmetric acceptance: 0.00358184
branch length acceptance: 0.00603661
avgP:  0.24287 0.257126 0.186531 0.313473
sP: 7.05133e-06 7.37864e-06 9.97388e-06 1.00598e-05
avgS:   0.36604  0.159781  0.109437 0.0354683   0.30484 0.0244338
sS: 1.65464e-05 9.76828e-06 1.21212e-05 4.11155e-06 1.01982e-05 1.10165e-06
 0.24287 0.257126 0.186531 0.313473
  0.36604  0.159781  0.109437 0.0354683   0.30484 0.0244338

 -1.30781  0.753572  0.328943  0.225299
  0.71179  -1.37354 0.0689706  0.592783
 0.428297 0.0950737 -0.588866 0.0654955
 0.174556   0.48623 0.0389728 -0.699758

GTR Distance Matrix:

        0 0.0800889  0.105392   0.10958  0.119617  0.120772  0.123163   0.11578  0.117329  0.121471   0.12261  0.123759  0.126696  0.128133  0.127652  0.124381  0.125632   0.12362  0.118446  0.123738  0.116957  0.110566  0.101411 0.0795591
0.0800889         0 0.0785029  0.100711  0.113939  0.117657  0.117203  0.114908  0.113843  0.116578  0.114091   0.12081  0.127535  0.128465  0.128263  0.122644  0.124628  0.117566  0.118182  0.120556   0.12014  0.113055  0.108455  0.102446
 0.105392 0.0785029         0 0.0787429  0.107335  0.116346   0.11919  0.116229  0.116115  0.117516  0.114753  0.117124  0.122343   0.12929  0.131466  0.127388  0.125707  0.120659  0.117979   0.12264  0.122435  0.119361  0.113721  0.111735
  0.10958  0.100711 0.0787429         0 0.0824548   0.10847  0.114458  0.113221  0.116866   0.11812  0.115286  0.120081  0.124684  0.128977  0.131829  0.126711   0.12733  0.125196  0.123519  0.123376   0.12544  0.120177  0.114977  0.112413
 0.119617  0.113939  0.107335 0.0824548         0 0.0848246  0.103301  0.112614  0.113028  0.115452  0.115009  0.118443  0.124164  0.128358  0.131958  0.127143   0.12592  0.129176  0.126848  0.127184  0.128828  0.126229  0.119915  0.117202
 0.120772  0.117657  0.116346   0.10847 0.0848246         0 0.0837452  0.105789  0.111907  0.118856  0.113175  0.117319  0.123917  0.128808  0.131587  0.127993    0.1278   0.12805    0.1249  0.129251  0.129713  0.128033  0.120835  0.119542
 0.123163  0.117203   0.11919  0.114458  0.103301 0.0837452         0 0.0825744  0.102452  0.110552  0.108152  0.114535  0.120324  0.126079   0.12778  0.127743  0.128872  0.128085  0.122253  0.128998  0.127875  0.126555  0.120101  0.120165
  0.11578  0.114908  0.116229  0.113221  0.112614  0.105789 0.0825744         0 0.0795643 0.0977616 0.0986106  0.107168  0.118312   0.12185  0.121439  0.118929  0.122579  0.123664  0.119994   0.12265  0.125525  0.119732  0.115023  0.115256
 0.117329  0.113843  0.116115  0.116866  0.113028  0.111907  0.102452 0.0795643         0  0.075251 0.0979641  0.108899  0.117471   0.12307  0.121681  0.119388  0.120413  0.119619  0.117358  0.123613  0.127035  0.125397  0.117383  0.118091
 0.121471  0.116578  0.117516   0.11812  0.115452  0.118856  0.110552 0.0977616  0.075251         0 0.0752147 0.0980452  0.112503  0.116034  0.119387  0.118657  0.118901  0.120054    0.1179   0.12536  0.128107  0.123122  0.118864  0.121136
  0.12261  0.114091  0.114753  0.115286  0.115009  0.113175  0.108152 0.0986106 0.0979641 0.0752147         0 0.0727333 0.0970686  0.106666  0.112279   0.11275  0.114552  0.114759  0.114463  0.119458  0.119915  0.118258  0.112582  0.120186
 0.123759   0.12081  0.117124  0.120081  0.118443  0.117319  0.114535  0.107168  0.108899 0.0980452 0.0727333         0 0.0781336 0.0981114  0.109945  0.108553  0.114752   0.11393  0.114353  0.122047  0.119676  0.119835  0.115899   0.11958
 0.126696  0.127535  0.122343  0.124684  0.124164  0.123917  0.120324  0.118312  0.117471  0.112503 0.0970686 0.0781336         0  0.077627   0.10606  0.112833  0.119516  0.117604  0.115235  0.120588  0.122635  0.121954  0.120223  0.125269
 0.128133  0.128465   0.12929  0.128977  0.128358  0.128808  0.126079   0.12185   0.12307  0.116034  0.106666 0.0981114  0.077627         0 0.0821333  0.107809  0.115856  0.115205  0.118162  0.122254  0.126177  0.124094  0.121652  0.125735
 0.127652  0.128263  0.131466  0.131829  0.131958  0.131587   0.12778  0.121439  0.121681  0.119387  0.112279  0.109945   0.10606 0.0821333         0 0.0830119  0.106436  0.114229  0.116133  0.121691  0.125319  0.125128   0.12482  0.127625
 0.124381  0.122644  0.127388  0.126711  0.127143  0.127993  0.127743  0.118929  0.119388  0.118657   0.11275  0.108553  0.112833  0.107809 0.0830119         0 0.0797327  0.103315  0.112963  0.118711   0.12086  0.119189  0.121291  0.123267
 0.125632  0.124628  0.125707   0.12733   0.12592    0.1278  0.128872  0.122579  0.120413  0.118901  0.114552  0.114752  0.119516  0.115856  0.106436 0.0797327         0 0.0839042  0.108946  0.117555  0.122701  0.121711  0.121083  0.124582
  0.12362  0.117566  0.120659  0.125196  0.129176   0.12805  0.128085  0.123664  0.119619  0.120054  0.114759   0.11393  0.117604  0.115205  0.114229  0.103315 0.0839042         0  0.080698  0.104493  0.117596  0.120995  0.122019  0.120966
 0.118446  0.118182  0.117979  0.123519  0.126848    0.1249  0.122253  0.119994  0.117358    0.1179  0.114463  0.114353  0.115235  0.118162  0.116133  0.112963  0.108946  0.080698         0  0.079816  0.105327  0.115971  0.112225  0.114764
 0.123738  0.120556   0.12264  0.123376  0.127184  0.129251  0.128998   0.12265  0.123613   0.12536  0.119458  0.122047  0.120588  0.122254  0.121691  0.118711  0.117555  0.104493  0.079816         0 0.0826646  0.109811  0.113949   0.11644
 0.116957   0.12014  0.122435   0.12544  0.128828  0.129713  0.127875  0.125525  0.127035  0.128107  0.119915  0.119676  0.122635  0.126177  0.125319   0.12086  0.122701  0.117596  0.105327 0.0826646         0 0.0829316  0.104426  0.114317
 0.110566  0.113055  0.119361  0.120177  0.126229  0.128033  0.126555  0.119732  0.125397  0.123122  0.118258  0.119835  0.121954  0.124094  0.125128  0.119189  0.121711  0.120995  0.115971  0.109811 0.0829316         0 0.0811009  0.103346
 0.101411  0.108455  0.113721  0.114977  0.119915  0.120835  0.120101  0.115023  0.117383  0.118864  0.112582  0.115899  0.120223  0.121652   0.12482  0.121291  0.121083  0.122019  0.112225  0.113949  0.104426 0.0811009         0 0.0806666
0.0795591  0.102446  0.111735  0.112413  0.117202  0.119542  0.120165  0.115256  0.118091  0.121136  0.120186   0.11958  0.125269  0.125735  0.127625  0.123267  0.124582  0.120966  0.114764   0.11644  0.114317  0.103346 0.0806666         0

meanTree = (1:0.0402746,((((2:0.0396321,3:0.0391927):0.00436553,(4:0.0398195,5:0.0425747):0.00376978):0.00116913,(((6:0.0423926,7:0.0417774):0.00499896,(8:0.0411028,(9:0.0377416,10:0.037722):0.00831132):0.00265454):0.00093231,(((11:0.0361578,12:0.0371425):0.00611912,(((13:0.0392235,14:0.039483):0.00647671,15:0.0438121):0.0023461,(16:0.0390756,17:0.0409884):0.00732874):0.000990023):0.000546981,((18:0.0422706,19:0.0387413):0.00472085,(20:0.0410891,21:0.0416439):0.00615112):0.0021677):0.000578341):0.000368816):0.00173533,(22:0.0415874,23:0.0397845):0.00472142):0.00651573,24:0.0397275);
(1,((2,(3,4)),((((((5,6),(7,8)),(9,(10,11))),(12,((13,14),15))),((16,17),(18,19))),((20,21),(22,23)))),24); 0.0334157
(1,(((((((2,3),(4,5)),(6,7)),(8,(9,10))),((11,(12,13)),((14,15),(16,(17,18))))),(19,(20,21))),(22,23)),24); 0.0349395
(1,(((((2,3),(4,5)),((6,7),(8,(9,10)))),(((11,(12,13)),((14,15),(16,17))),((18,19),(20,21)))),(22,23)),24); 0.0303191
(1,((2,(3,4)),(((((5,(6,7)),(8,(9,10))),(11,((12,13),(14,15)))),((16,17),(18,19))),((20,21),(22,23)))),24); 0.0313513
(1,(2,((((3,4),5),(((((6,7),8),(9,10)),(11,12)),((((13,14),15),(16,17)),(18,19)))),((20,21),(22,23)))),24); 0.0284925
(1,((((((2,3),4),(5,6)),((7,8),(9,10))),(((11,12),(13,(14,15))),((16,17),((18,19),(20,21))))),(22,23)),24); 0.029783
(1,((2,(3,4)),((((5,(6,7)),(8,(9,10))),((11,12),(13,(14,15)))),((((16,17),18),(19,20)),(21,(22,23))))),24); 0.0328902
(1,((2,(3,4)),((((5,(6,7)),((8,9),(10,11))),(((12,(13,14)),(15,(16,17))),(18,19))),((20,21),(22,23)))),24); 0.0349146
(1,((((2,(3,4)),(((((5,6),(7,8)),(9,10)),((11,12),(13,(14,15)))),((16,17),((18,19),20)))),(21,22)),23),24); 0.0364417
(1,((2,(3,4)),(((((5,6),(7,8)),((9,10),(11,(12,13)))),(((14,15),(16,17)),(18,(19,20)))),((21,22),23))),24); 0.0386249
(1,(((2,3),(((4,5),(6,(7,8))),(((9,10),(11,12)),((((13,14),15),(16,17)),((18,19),(20,21)))))),(22,23)),24); 0.0253511
(1,(((2,3),((((4,5),(6,7)),(8,(9,10))),(((11,12),(13,(14,15))),(((16,17),(18,19)),(20,(21,22)))))),23),24); 0.0311118
