Pi: 0.268563 0.215482 0.271903 0.244053
S: 0.0853139  0.242341  0.142839 0.0779453  0.333373  0.118188
