Pi: 0.275905 0.211055 0.272978 0.240063
S: 0.0859091  0.247477  0.144388 0.0792765  0.326378  0.116571
