Pi: 0.274476 0.212574 0.272351 0.240598
S: 0.0850982  0.246602  0.142103 0.0792678  0.328594  0.118334
