Pi: 0.242659 0.256862 0.186277 0.314202
S:   0.36498  0.158971  0.110798 0.0357803  0.304972 0.0244991
