
Alignment summary:
Oryctolagus_cuniculus: -=318 A=372 C=441 G=443 U=375
Homo_sapiens: -=337 A=375 C=420 G=446 U=371
Rattus_norvegicus: -=292 A=390 C=421 G=465 U=381
Mus_musculus: -=348 A=371 C=406 G=438 U=386
Gallus_gallus: -=304 A=371 C=419 G=482 U=373
Turdus_migratorius: -=321 A=380 C=417 G=464 U=367
Alligator_mississippiensis: -=333 A=357 C=428 G=459 U=372
Sceloporus_undulatus: -=371 A=377 C=393 G=440 U=368
Heterodon_platyrhinos: -=385 A=367 C=393 G=441 U=363
Trachemys_scripta: -=457 A=357 C=378 G=407 U=350
Typhlonectes_natans: -=390 A=367 C=408 G=425 U=359
Hypogeophis_rostratus: -=436 A=353 C=388 G=417 U=355
Grandisonia_alternans: -=417 A=359 C=393 G=424 U=356
Ichthyophis_bannanicus: -=419 A=348 C=404 G=430 U=348
Plethodon_yonhalossee: -=360 A=379 C=407 G=440 U=363
Ambystoma_mexicanum: -=423 A=347 C=401 G=431 U=347
Amphiuma_tridactylum: -=430 A=363 C=397 G=413 U=346
Siren_intermedia: -=535 A=348 C=355 G=394 U=317
Gastrophryne_carolinensis: -=538 A=338 C=363 G=396 U=314
Hyla_cinerea: -=533 A=330 C=358 G=389 U=339
Bufo_valliceps: -=438 A=357 C=380 G=427 U=347
Eleutherodactylus_cuneatus: -=467 A=352 C=385 G=421 U=324
Nesomantis_thomasseti: -=391 A=368 C=406 G=438 U=346
Scaphiopus_holbrooki: -=431 A=365 C=379 G=441 U=333
Xenopus_laevis: -=367 A=369 C=406 G=449 U=358
Discoglossus_pictus: -=404 A=354 C=397 G=429 U=365
Latimeria_chalumnae: -=301 A=390 C=407 G=473 U=378

Seed = 4229597901

Jukes-Cantor Distance Matrix:

        0 0.0253738 0.0306641 0.0340494 0.0319197 0.0396251 0.0380647 0.0479279 0.0412849 0.0428044 0.0498641 0.0451877 0.0459176 0.0434051 0.0415404 0.0468216 0.0500677 0.0342561 0.0474842 0.0590574 0.0481409 0.0402481 0.0443408 0.0395417 0.0373931 0.0325195  0.018814
0.0253738         0 0.0270604 0.0240341 0.0279578 0.0368984 0.0409032 0.0459144 0.0393416 0.0446582 0.0470219 0.0470942 0.0506429  0.048276 0.0473955 0.0448867 0.0509534 0.0341497 0.0482481 0.0511826 0.0504582 0.0380696 0.0378721 0.0333472  0.037817 0.0307552 0.0205211
0.0306641 0.0270604         0 0.0234656 0.0248123 0.0317435 0.0389066  0.049198 0.0394828 0.0440009 0.0459434 0.0426518 0.0500912 0.0457991 0.0472816 0.0463468 0.0508054 0.0410425 0.0585778 0.0599058 0.0489821 0.0434691 0.0509029 0.0429323 0.0445991 0.0315082 0.0272335
0.0340494 0.0240341 0.0234656         0 0.0222538 0.0258764 0.0314731 0.0463881 0.0443408 0.0462797 0.0541853  0.049305 0.0554458 0.0514073 0.0538251 0.0548453 0.0583952 0.0519051 0.0558769 0.0717243 0.0594594 0.0475631 0.0497379 0.0396333 0.0432143 0.0351235 0.0311033
0.0319197 0.0279578 0.0248123 0.0222538         0 0.0239637  0.028364 0.0473615 0.0377347 0.0418304 0.0451426 0.0376463 0.0520526 0.0471321 0.0516333 0.0493408 0.0572485 0.0469625 0.0609234 0.0639188 0.0514025 0.0471359 0.0551957 0.0502688 0.0515193 0.0412881  0.032138
0.0396251 0.0368984 0.0317435 0.0258764 0.0239637         0 0.0308474 0.0372879 0.0367244 0.0406114  0.048556 0.0450248 0.0526004  0.052286 0.0553348  0.056164 0.0610737 0.0542646 0.0648923  0.072611 0.0604041 0.0519786 0.0582009 0.0675118 0.0575895 0.0550979 0.0449172
0.0380647 0.0409032 0.0389066 0.0314731  0.028364 0.0308474         0 0.0338324 0.0311733 0.0376396 0.0460135 0.0407407   0.05264 0.0476587 0.0531588 0.0556786 0.0613049 0.0561009 0.0704105 0.0709189 0.0568661  0.054656 0.0588982 0.0655132 0.0588391 0.0519367 0.0427162
0.0479279 0.0459144  0.049198 0.0463881 0.0473615 0.0372879 0.0338324         0 0.0231923 0.0245193 0.0421214 0.0354048 0.0492726 0.0516285 0.0572545 0.0662026 0.0632676 0.0496313 0.0638326 0.0743871   0.06273 0.0555362 0.0561225  0.070426  0.066916  0.062568 0.0481566
0.0412849 0.0393416 0.0394828 0.0443408 0.0377347 0.0367244 0.0311733 0.0231923         0 0.0158927 0.0223532 0.0284083 0.0350685 0.0375631 0.0447576   0.05306 0.0542047  0.039544 0.0545695 0.0583672 0.0500314 0.0459765 0.0465382 0.0439456 0.0508026 0.0471758 0.0379284
0.0428044 0.0446582 0.0440009 0.0462797 0.0418304 0.0406114 0.0376396 0.0245193 0.0158927         0 0.0223789 0.0259157  0.034532  0.038441 0.0418304 0.0485727 0.0498777 0.0389293 0.0511468 0.0585546 0.0534117 0.0475595 0.0474374 0.0472341 0.0548691 0.0485906  0.042996
0.0498641 0.0470219 0.0459434 0.0541853 0.0451426  0.048556 0.0460135 0.0421214 0.0223532 0.0223789         0 0.0183022 0.0262562  0.023523 0.0360239 0.0383956 0.0449193 0.0296528 0.0426274 0.0502806   0.04052 0.0382443 0.0442606 0.0381568 0.0498201 0.0437593    0.0486
0.0451877 0.0470942 0.0426518  0.049305 0.0376463 0.0450248 0.0407407 0.0354048 0.0284083 0.0259157 0.0183022         0 0.0271224 0.0241784    0.0339 0.0370537 0.0417811 0.0312545 0.0444886  0.047571 0.0382966 0.0365345 0.0404472 0.0374785 0.0463826 0.0391852 0.0388745
0.0459176 0.0506429 0.0500912 0.0554458 0.0520526 0.0526004   0.05264 0.0492726 0.0350685  0.034532 0.0262562 0.0271224         0 0.0186034  0.025062 0.0379545  0.042422 0.0343969 0.0475159 0.0473498 0.0424715 0.0356288 0.0361516 0.0391427 0.0507496 0.0427053 0.0474034
0.0434051  0.048276 0.0457991 0.0514073 0.0471321  0.052286 0.0476587 0.0516285 0.0375631  0.038441  0.023523 0.0241784 0.0186034         0 0.0126853 0.0223951  0.030706 0.0235498 0.0353006 0.0420523 0.0321104 0.0317221 0.0315836 0.0311248 0.0420814 0.0322308 0.0408066
0.0415404 0.0473955 0.0472816 0.0538251 0.0516333 0.0553348 0.0531588 0.0572545 0.0447576 0.0418304 0.0360239    0.0339  0.025062 0.0126853         0 0.0219511 0.0316214 0.0250974  0.040247 0.0427023 0.0423676 0.0332649 0.0382847 0.0397792  0.046583 0.0369442 0.0409634
0.0468216 0.0448867 0.0463468 0.0548453 0.0493408  0.056164 0.0556786 0.0662026   0.05306 0.0485727 0.0383956 0.0370537 0.0379545 0.0223951 0.0219511         0 0.0251521  0.018667 0.0331546 0.0422978 0.0398091 0.0351685 0.0380111 0.0361326  0.040642 0.0387471 0.0414953
0.0500677 0.0509534 0.0508054 0.0583952 0.0572485 0.0610737 0.0613049 0.0632676 0.0542047 0.0498777 0.0449193 0.0417811  0.042422  0.030706 0.0316214 0.0251521         0  0.017766 0.0352159  0.043233 0.0398765 0.0329471 0.0422442 0.0425646 0.0488598  0.045434 0.0436487
0.0342561 0.0341497 0.0410425 0.0519051 0.0469625 0.0542646 0.0561009 0.0496313  0.039544 0.0389293 0.0296528 0.0312545 0.0343969 0.0235498 0.0250974  0.018667  0.017766         0 0.0181777 0.0263691 0.0244244 0.0265514 0.0286203 0.0301044 0.0308318 0.0298106 0.0285015
0.0474842 0.0482481 0.0585778 0.0558769 0.0609234 0.0648923 0.0704105 0.0638326 0.0545695 0.0511468 0.0426274 0.0444886 0.0475159 0.0353006  0.040247 0.0331546 0.0352159 0.0181777         0 0.0391467  0.035615 0.0422978 0.0386419  0.037305 0.0451573 0.0402444 0.0447191
0.0590574 0.0511826 0.0599058 0.0717243 0.0639188  0.072611 0.0709189 0.0743871 0.0583672 0.0585546 0.0502806  0.047571 0.0473498 0.0420523 0.0427023 0.0422978  0.043233 0.0263691 0.0391467         0 0.0313299 0.0353878 0.0412662 0.0493655 0.0502348  0.047571 0.0513764
0.0481409 0.0504582 0.0489821 0.0594594 0.0514025 0.0604041 0.0568661   0.06273 0.0500314 0.0534117   0.04052 0.0382966 0.0424715 0.0321104 0.0423676 0.0398091 0.0398765 0.0244244  0.035615 0.0313299         0 0.0251932 0.0301142 0.0326717 0.0400196 0.0406879 0.0407768
0.0402481 0.0380696 0.0434691 0.0475631 0.0471359 0.0519786  0.054656 0.0555362 0.0459765 0.0475595 0.0382443 0.0365345 0.0356288 0.0317221 0.0332649 0.0351685 0.0329471 0.0265514 0.0422978 0.0353878 0.0251932         0  0.023624 0.0195696 0.0320905 0.0296528 0.0354048
0.0443408 0.0378721 0.0509029 0.0497379 0.0551957 0.0582009 0.0588982 0.0561225 0.0465382 0.0474374 0.0442606 0.0404472 0.0361516 0.0315836 0.0382847 0.0380111 0.0422442 0.0286203 0.0386419 0.0412662 0.0301142  0.023624         0 0.0245741 0.0336724 0.0322308 0.0366184
0.0395417 0.0333472 0.0429323 0.0396333 0.0502688 0.0675118 0.0655132  0.070426 0.0439456 0.0472341 0.0381568 0.0374785 0.0391427 0.0311248 0.0397792 0.0361326 0.0425646 0.0301044  0.037305 0.0493655 0.0326717 0.0195696 0.0245741         0 0.0339458 0.0308856 0.0351455
0.0373931  0.037817 0.0445991 0.0432143 0.0515193 0.0575895 0.0588391  0.066916 0.0508026 0.0548691 0.0498201 0.0463826 0.0507496 0.0420814  0.046583  0.040642 0.0488598 0.0308318 0.0451573 0.0502348 0.0400196 0.0320905 0.0336724 0.0339458         0 0.0301116 0.0384788
0.0325195 0.0307552 0.0315082 0.0351235 0.0412881 0.0550979 0.0519367  0.062568 0.0471758 0.0485906 0.0437593 0.0391852 0.0427053 0.0322308 0.0369442 0.0387471  0.045434 0.0298106 0.0402444  0.047571 0.0406879 0.0296528 0.0322308 0.0308856 0.0301116         0 0.0362356
 0.018814 0.0205211 0.0272335 0.0311033  0.032138 0.0449172 0.0427162 0.0481566 0.0379284  0.042996    0.0486 0.0388745 0.0474034 0.0408066 0.0409634 0.0414953 0.0436487 0.0285015 0.0447191 0.0513764 0.0407768 0.0354048 0.0366184 0.0351455 0.0384788 0.0362356         0


JC Tree topology:
(1,(2,((3,((4,(5,6)),7)),(((((((((((8,9),10),11),12),13),(14,15)),((16,17),(18,19))),(20,21)),((22,24),23)),25),26))),27);

Putting MLE Branch Lengths
p: 0.234114 0.256704 0.279915 0.229267
s:  0.102007  0.183877 0.0610378  0.192236  0.364097 0.0967453
Q: 
-0.740925  0.217858  0.392708  0.130359
 0.198686  -1.28229  0.374431  0.709176
 0.328452  0.343383 -0.844646  0.172812
 0.133115  0.794047  0.210989  -1.13815

((((15:0.0118257,14:0.0017047):0.0043173,(((16:0.0137251,17:0.0137368):0.0042265,(19:0.0189259,18:0.0008471):0.0047010):0.0064069,((((26:0.0161090,(((27:0.0143241,1:0.0081979):0.0083295,2:0.0113267):0.0000100,((((6:0.0144920,5:0.0095587):0.0034712,4:0.0129614):0.0000100,7:0.0229697):0.0068288,3:0.0112602):0.0098120):0.0177388):0.0046937,25:0.0205762):0.0084010,(23:0.0139396,(24:0.0116905,22:0.0135514):0.0049060):0.0064263):0.0074421,(21:0.0145350,20:0.0207035):0.0100259):0.0041654):0.0128103):0.0062304,13:0.0116758):0.0078126,12:0.0096242,(((8:0.0226633,9:0.0075141):0.0040088,10:0.0083696):0.0129133,11:0.0069133):0.0054407);
Seed = 3417644746
Seeds per chain: 
     2265068120
     1225699589
     2258872119
     3759332791
stationary acceptance: 0.367498
symmetric acceptance: 0.4274
branch length acceptance: 0.721302
avgP: 0.214489 0.254308 0.290798 0.240405
sP: 8.34277e-05 9.39461e-05 0.000105038 0.000103251
avgS: 0.0856596  0.146325 0.0667711  0.250781  0.343625  0.106838
sS: 0.000118495 0.000189221 8.61752e-05 0.000250529  0.00037123 0.000151888
0.214489 0.254308 0.290798 0.240405
0.0856596  0.146325 0.0667711  0.250781  0.343625  0.106838

-0.696437  0.199683  0.341103  0.155652
 0.168417  -1.33709  0.493065  0.675608
 0.251593  0.431194 -0.866485  0.183698
 0.138872   0.71468  0.222204  -1.07576

stationary acceptance: 0.353119
symmetric acceptance: 0.407014
branch length acceptance: 0.72494
avgP: 0.214522  0.25432  0.29076 0.240398
sP: 8.36878e-05 9.66074e-05 0.000105054 0.000100654
avgS: 0.0856161  0.146236 0.0668209  0.250809  0.343891  0.106627
sS:   0.0001171 0.000189686 8.63766e-05  0.00025243  0.00037264 0.000151536
0.214522  0.25432  0.29076 0.240398
0.0856161  0.146236 0.0668209  0.250809  0.343891  0.106627

-0.696135  0.199551  0.340841  0.155744
 0.168324  -1.33752  0.493098  0.676099
 0.251472    0.4313 -0.866131  0.183359
  0.13898  0.715253  0.221772  -1.07601

stationary acceptance: 0.344159
symmetric acceptance: 0.408126
branch length acceptance: 0.703414
avgP:   0.2145 0.254269 0.291034 0.240196
sP: 8.38508e-05 9.58218e-05 0.000108659 0.000102467
avgS: 0.0856824  0.146262 0.0667855  0.251019  0.343823  0.106428
sS:  0.00011919 0.000184607 8.61516e-05 0.000250569 0.000367927 0.000150766
  0.2145 0.254269 0.291034 0.240196
0.0856824  0.146262 0.0667855  0.251019  0.343823  0.106428

 -0.69634  0.199726  0.340938  0.155677
 0.168488   -1.3382  0.493609  0.676101
  0.25128  0.431253 -0.865378  0.182845
 0.139023  0.715712  0.221544  -1.07628

stationary acceptance: 0.359349
symmetric acceptance: 0.414155
branch length acceptance: 0.713805
avgP: 0.214549 0.254169 0.290991 0.240291
sP: 8.52241e-05 9.30142e-05 0.000109268 0.000101698
avgS: 0.0856566  0.146232 0.0668463  0.250654  0.343912  0.106699
sS: 0.000114304 0.000186756 8.66681e-05 0.000250937 0.000362663 0.000150802
0.214549 0.254169 0.290991 0.240291
0.0856566  0.146232 0.0668463  0.250654  0.343912  0.106699

-0.696192   0.19962  0.340789  0.155783
 0.168503  -1.33813  0.493086  0.676541
 0.251265  0.430691 -0.865294  0.183338
 0.139095  0.715616  0.222021  -1.07673

stationary acceptance: 0.344523
symmetric acceptance: 0.408792
branch length acceptance: 0.700679
avgP: 0.215065 0.253553 0.290791 0.240591
sP: 8.40322e-05 9.72623e-05 0.000105701 0.000104288
avgS: 0.0861352  0.145963 0.0655277  0.252129  0.344086  0.106159
sS:   0.0001168 0.000181174 7.93549e-05 0.000321376 0.000471351 0.000152605
0.215065 0.253553 0.290791 0.240591
0.0861352  0.145963 0.0655277  0.252129  0.344086  0.106159

-0.691943  0.200254  0.339345  0.152344
 0.169856  -1.34558  0.497191  0.678528
 0.250976  0.433523 -0.867035  0.182536
 0.136181  0.715085  0.220622  -1.07189

stationary acceptance: 0.327094
symmetric acceptance: 0.435627
branch length acceptance: 0.719228
avgP:  0.21493 0.253651 0.290878  0.24054
sP: 8.65805e-05 9.52476e-05 0.000109647 0.000105497
avgS: 0.0861804  0.146195 0.0653875  0.252156  0.343876  0.106206
sS: 0.000119145  0.00018143 7.68812e-05 0.000323118 0.000487664 0.000152705
 0.21493 0.253651 0.290878  0.24054
0.0861804  0.146195 0.0653875  0.252156  0.343876  0.106206

-0.692696  0.200484  0.340098  0.152113
  0.16988  -1.34479  0.497053  0.677852
 0.251299  0.433439 -0.867298   0.18256
 0.135918  0.714798  0.220765  -1.07148

stationary acceptance: 0.328718
symmetric acceptance: 0.400312
branch length acceptance: 0.683657
avgP: 0.214926 0.253906 0.290635 0.240533
sP: 8.50808e-05 9.89261e-05 0.000109186 0.000103232
avgS: 0.0862321  0.145997 0.0654338   0.25195  0.343945  0.106443
sS:  0.00011743 0.000188017 7.84231e-05  0.00032561 0.000464329 0.000151934
0.214926 0.253906 0.290635 0.240533
0.0862321  0.145997 0.0654338   0.25195  0.343945  0.106443

-0.692476  0.200609  0.339644  0.152224
 0.169811  -1.34327  0.496148  0.677309
 0.251168  0.433447 -0.867736  0.183121
 0.136018  0.714964  0.221264  -1.07225

stationary acceptance: 0.355649
symmetric acceptance: 0.426037
branch length acceptance: 0.710315
avgP: 0.214866 0.253995 0.290595 0.240544
sP:  8.6583e-05 9.65435e-05 0.000106378 0.000105337
avgS: 0.0860158  0.146099 0.0655117  0.252339  0.343915   0.10612
sS:  0.00011557 0.000179289  7.6661e-05 0.000321217 0.000469415 0.000150227
0.214866 0.253995 0.290595 0.240544
0.0860158  0.146099 0.0655117  0.252339  0.343915   0.10612

-0.692585  0.200161  0.339976  0.152448
 0.169326  -1.34308  0.496741  0.677012
 0.251379  0.434177 -0.868147   0.18259
 0.136174  0.714868  0.220582  -1.07162

GTR Distance Matrix:

        0 0.0253501 0.0308397 0.0341392 0.0319831 0.0398058 0.0379754 0.0480757 0.0414825 0.0431127 0.0499768 0.0452879 0.0460582 0.0434761 0.0419686 0.0470328 0.0504206 0.0346325  0.047963 0.0594008 0.0486273 0.0406404 0.0445951 0.0400164 0.0376428 0.0327012  0.018958
0.0253501         0 0.0271395 0.0241231 0.0279877 0.0371711 0.0408762 0.0463223 0.0395232 0.0449307 0.0472969 0.0472584 0.0509031 0.0484084 0.0477577 0.0449547 0.0513001 0.0344787 0.0485117 0.0513279 0.0507309 0.0382536 0.0379517 0.0336709 0.0380199 0.0309204 0.0206572
0.0308397 0.0271395         0 0.0235519 0.0249304 0.0319926 0.0389034  0.049677 0.0398741 0.0444685 0.0463324 0.0429194 0.0505185  0.045958 0.0478645 0.0466661 0.0513472 0.0416832 0.0594031 0.0604521 0.0494913 0.0439042 0.0512842 0.0436089 0.0450115 0.0317438 0.0275417
0.0341392 0.0241231 0.0235519         0 0.0222936 0.0260851 0.0315202 0.0468683 0.0446416 0.0466823 0.0546364 0.0496604 0.0558805 0.0515848 0.0542469  0.055059  0.058885 0.0525365 0.0563382 0.0722549 0.0600042 0.0478955 0.0500888 0.0401548 0.0435981 0.0354232 0.0314036
0.0319831 0.0279877 0.0249304 0.0222936         0 0.0240843 0.0283504 0.0477715 0.0380314 0.0421175 0.0453991 0.0377997 0.0523244 0.0471746 0.0521188 0.0494141 0.0576593 0.0474241 0.0614819 0.0642212 0.0518538 0.0474504 0.0555253 0.0510928 0.0520797 0.0415467 0.0325455
0.0398058 0.0371711 0.0319926 0.0260851 0.0240843         0 0.0309154 0.0377044 0.0371548 0.0409628 0.0490178 0.0453673 0.0530686 0.0525844 0.0559635  0.056515 0.0618159 0.0550071 0.0655374 0.0732931 0.0610634 0.0523969 0.0587176 0.0686409 0.0583225 0.0557793 0.0455194
0.0379754 0.0408762 0.0389034 0.0315202 0.0283504 0.0309154         0  0.033987 0.0312961 0.0378879  0.046106 0.0408044 0.0527286 0.0475203 0.0533087 0.0555582 0.0613687 0.0564678 0.0706035 0.0709917  0.057048 0.0547032  0.058923 0.0660697 0.0591917 0.0521145 0.0429015
0.0480757 0.0463223  0.049677 0.0468683 0.0477715 0.0377044  0.033987         0 0.0234385 0.0247446 0.0424976 0.0357172 0.0498246 0.0520097 0.0579408 0.0668237  0.063924 0.0502356  0.064493 0.0748747 0.0635826 0.0561585 0.0568348 0.0717839  0.067864   0.06328 0.0487316
0.0414825 0.0395232 0.0398741 0.0446416 0.0380314 0.0371548 0.0312961 0.0234385         0 0.0160517 0.0225315 0.0286371 0.0353914  0.037755 0.0451899  0.053391 0.0546649 0.0400776 0.0551499 0.0587417 0.0506176 0.0464365 0.0469936 0.0445056 0.0514374 0.0476684 0.0382883
0.0431127 0.0449307 0.0444685 0.0466823 0.0421175 0.0409628 0.0378879 0.0247446 0.0160517         0 0.0225979 0.0262146 0.0348521 0.0387873 0.0422811 0.0489842  0.050391 0.0394158 0.0515758 0.0591171 0.0541528 0.0479078 0.0479776 0.0479921 0.0556313 0.0492362 0.0435837
0.0499768 0.0472969 0.0463324 0.0546364 0.0453991 0.0490178  0.046106 0.0424976 0.0225315 0.0225979         0 0.0183768 0.0264404 0.0235647 0.0363077 0.0385205 0.0452224 0.0300284 0.0429016 0.0506254 0.0408518 0.0385506 0.0446699 0.0386136 0.0503727 0.0441826 0.0491758
0.0452879 0.0472584 0.0429194 0.0496604 0.0377997 0.0453673 0.0408044 0.0357172 0.0286371 0.0262146 0.0183768         0 0.0272656 0.0242123 0.0341715 0.0372308 0.0420441 0.0315906  0.044753 0.0478706 0.0385294 0.0366871 0.0406212 0.0378347 0.0468105 0.0394713 0.0392448
0.0460582 0.0509031 0.0505185 0.0558805 0.0523244 0.0530686 0.0527286 0.0498246 0.0353914 0.0348521 0.0264404 0.0272656         0 0.0186236 0.0252071 0.0381116 0.0427531 0.0347926 0.0478613 0.0475671 0.0429606 0.0359013  0.036398 0.0396761 0.0514087 0.0430971  0.047896
0.0434761 0.0484084  0.045958 0.0515848 0.0471746 0.0525844 0.0475203 0.0520097  0.037755 0.0387873 0.0235647 0.0242123 0.0186236         0 0.0127161 0.0223981 0.0308353 0.0237841 0.0354513 0.0421921 0.0322955 0.0318581 0.0316694 0.0313995 0.0423835 0.0324362 0.0411612
0.0419686 0.0477577 0.0478645 0.0542469 0.0521188 0.0559635 0.0533087 0.0579408 0.0451899 0.0422811 0.0363077 0.0341715 0.0252071 0.0127161         0 0.0220687 0.0318849 0.0254465  0.040754 0.0429792 0.0429292 0.0336374 0.0387529 0.0404996 0.0472691 0.0374059 0.0415904
0.0470328 0.0449547 0.0466661  0.055059 0.0494141  0.056515 0.0555582 0.0668237  0.053391 0.0489842 0.0385205 0.0372308 0.0381116 0.0223981 0.0220687         0 0.0252774 0.0188458 0.0333615 0.0424015 0.0400353 0.0353309 0.0382043 0.0365261 0.0409877 0.0390625 0.0418957
0.0504206 0.0513001 0.0513472  0.058885 0.0576593 0.0618159 0.0613687  0.063924 0.0546649  0.050391 0.0452224 0.0420441 0.0427531 0.0308353 0.0318849 0.0252774         0 0.0180008 0.0355783 0.0435649 0.0402324 0.0332752 0.0426061 0.0431805 0.0494405 0.0459656  0.044211
0.0346325 0.0344787 0.0416832 0.0525365 0.0474241 0.0550071 0.0564678 0.0502356 0.0400776 0.0394158 0.0300284 0.0315906 0.0347926 0.0237841 0.0254465 0.0188458 0.0180008         0 0.0184485 0.0266164 0.0246896 0.0268907 0.0289685 0.0306571  0.031241 0.0302399 0.0289386
 0.047963 0.0485117 0.0594031 0.0563382 0.0614819 0.0655374 0.0706035  0.064493 0.0551499 0.0515758 0.0429016  0.044753 0.0478613 0.0354513  0.040754 0.0333615 0.0355783 0.0184485         0 0.0393592 0.0360178 0.0426822 0.0390686 0.0378462 0.0458037 0.0407079 0.0455294
0.0594008 0.0513279 0.0604521 0.0722549 0.0642212 0.0732931 0.0709917 0.0748747 0.0587417 0.0591171 0.0506254 0.0478706 0.0475671 0.0421921 0.0429792 0.0424015 0.0435649 0.0266164 0.0393592         0 0.0316191  0.035636 0.0415764 0.0500547 0.0506617 0.0480456 0.0520427
0.0486273 0.0507309 0.0494913 0.0600042 0.0518538 0.0610634  0.057048 0.0635826 0.0506176 0.0541528 0.0408518 0.0385294 0.0429606 0.0322955 0.0429292 0.0400353 0.0402324 0.0246896 0.0360178 0.0316191         0 0.0254507 0.0304111 0.0331965 0.0405223 0.0411698 0.0413574
0.0406404 0.0382536 0.0439042 0.0478955 0.0474504 0.0523969 0.0547032 0.0561585 0.0464365 0.0479078 0.0385506 0.0366871 0.0359013 0.0318581 0.0336374 0.0353309 0.0332752 0.0268907 0.0426822  0.035636 0.0254507         0 0.0238371 0.0197835 0.0324214 0.0299922 0.0359069
0.0445951 0.0379517 0.0512842 0.0500888 0.0555253 0.0587176  0.058923 0.0568348 0.0469936 0.0479776 0.0446699 0.0406212  0.036398 0.0316694 0.0387529 0.0382043 0.0426061 0.0289685 0.0390686 0.0415764 0.0304111 0.0238371         0 0.0248386 0.0338964  0.032464 0.0369765
0.0400164 0.0336709 0.0436089 0.0401548 0.0510928 0.0686409 0.0660697 0.0717839 0.0445056 0.0479921 0.0386136 0.0378347 0.0396761 0.0313995 0.0404996 0.0365261 0.0431805 0.0306571 0.0378462 0.0500547 0.0331965 0.0197835 0.0248386         0 0.0344922 0.0313597 0.0358214
0.0376428 0.0380199 0.0450115 0.0435981 0.0520797 0.0583225 0.0591917  0.067864 0.0514374 0.0556313 0.0503727 0.0468105 0.0514087 0.0423835 0.0472691 0.0409877 0.0494405  0.031241 0.0458037 0.0506617 0.0405223 0.0324214 0.0338964 0.0344922         0 0.0303089     0.039
0.0327012 0.0309204 0.0317438 0.0354232 0.0415467 0.0557793 0.0521145   0.06328 0.0476684 0.0492362 0.0441826 0.0394713 0.0430971 0.0324362 0.0374059 0.0390625 0.0459656 0.0302399 0.0407079 0.0480456 0.0411698 0.0299922  0.032464 0.0313597 0.0303089         0 0.0366548
 0.018958 0.0206572 0.0275417 0.0314036 0.0325455 0.0455194 0.0429015 0.0487316 0.0382883 0.0435837 0.0491758 0.0392448  0.047896 0.0411612 0.0415904 0.0418957  0.044211 0.0289386 0.0455294 0.0520427 0.0413574 0.0359069 0.0369765 0.0358214     0.039 0.0366548         0

meanTree = (1:0.0109314,((2:0.010416,(3:0.0112083,((4:0.0106111,(5:0.00901583,6:0.0140031):0.000961532):0.00103343,7:0.0151813):0.00230838):0.00222732):0.000747447,(((((((8:0.0162405,9:0.00619896):0.000895582,10:0.00739793):0.00572367,(11:0.00915009,12:0.00821265):0.00146334):0.00286269,(13:0.0126711,(14:0.00397731,15:0.0086628):0.00223734):0.00181886):0.00190224,(((16:0.0107367,17:0.0143156):0.00172852,(18:0.00218419,19:0.0157774):0.00115909):0.00157069,(20:0.019461,21:0.012185):0.00295481):0.00076808):0.00102178,((22:0.00819718,24:0.0110085):0.00140469,23:0.0119386):0.00112501):0.0016424,(25:0.0167008,26:0.0123764):0.00164598):0.00405585):0.00203,27:0.00783759);
(1,(2,27),(((3,(4,5)),((6,(7,8)),(9,10))),(((((((11,12),13),(14,15)),((16,17),((18,19),(20,21)))),((22,24),23)),25),26))); 0.0278047
(1,((2,(3,(((4,6),7),5))),(((((((((((8,10),9),11),12),13),(14,15)),(((16,17),(18,19)),(20,21))),23),(22,24)),25),26)),27); 0.0217214
(1,(2,((3,(((4,6),7),5)),(((((((((8,9),10),12),11),(13,(14,15))),((((16,19),17),18),(20,21))),((22,24),23)),25),26))),27); 0.0164591
(1,((2,(3,((4,(5,6)),7))),((((((((((8,9),10),11),12),13),(14,15)),((((16,17),18),19),(20,21))),((22,24),23)),25),26)),27); 0.0208976
(1,(((2,(4,(5,6))),3),(((7,8),(9,10)),((11,12),((13,(14,15)),(((16,17),(18,(19,(20,21)))),((22,(24,(25,26))),23)))))),27); 0.0198898
(1,((2,27),((((((9,10),(11,12)),(13,(14,15))),((((16,17),18),19),(20,21))),(22,(23,24))),(25,26))),(3,(4,(5,((6,8),7))))); 0.0252171
(1,(2,(3,((4,6),5))),(((7,((8,9),10)),((((11,13),12),((14,15),(16,(17,(18,19))))),(((20,21),(((22,24),23),25)),26))),27)); 0.0230483
(1,((2,((3,4),(5,6))),((7,((8,10),9)),((((((11,12),(13,(14,15))),16),17),(((18,20),19),21)),((22,24),((23,26),25))))),27); 0.0238779
(1,((2,(4,((5,6),(7,((8,(9,10)),((11,12),((13,(14,15)),(((16,17),(18,19)),((((20,21),22),23),(24,25)))))))))),(3,26)),27); 0.0220634
(1,(((2,3),(((4,6),5),7)),(((((((8,9),10),11),12),13),((((((((14,15),16),17),(18,(19,20))),21),23),(22,24)),25)),26)),27); 0.0242674
(1,((2,(3,(4,(5,(6,7))))),(((((((((((8,9),10),11),12),13),(14,15)),((((16,17),18),19),(20,21))),(22,24)),23),25),26)),27); 0.0184884
(1,(2,(3,(4,(5,6)))),(((((((((((7,8),9),10),(((11,12),13),(14,15))),16),17),(18,19)),(20,21)),((22,24),23)),(25,26)),27)); 0.0232146
(1,(2,27),(((3,(((4,6),5),7)),((8,9),10)),((11,12),(((((13,15),14),(16,(17,(18,19)))),(20,21)),(((22,24),23),(25,26)))))); 0.0196689
(1,((2,(3,(4,((5,6),7)))),(((((((((((8,10),9),11),12),13),(14,15)),16),(17,18)),(19,(20,21))),((22,24),23)),(25,26))),27); 0.0179494
(1,(2,((3,(4,(5,6))),(((((((((7,8),9),10),(11,12)),(13,(14,15))),(((16,17),(18,19)),(20,21))),((22,24),23)),26),25))),27); 0.0220503
(1,(2,((((3,(4,6)),5),7),(((8,10),9),(((11,12),13),((14,15),(((16,17),((18,19),(20,21))),(((22,23),24),(25,26)))))))),27); 0.0190556
(1,(2,(((3,4),((5,6),7)),(((((((((((8,10),9),11),12),13),14),15),(17,(18,(19,20)))),16),((21,23),(22,24))),(25,26)))),27); 0.022263
(1,(2,((3,(4,((5,6),7))),(((((((((8,10),9),(11,12)),13),(14,15)),(((16,17),(18,19)),(20,21))),((22,24),23)),25),26))),27); 0.0178906
(1,((2,((3,4),(5,6))),27),(((((((7,8),9),(10,11)),12),((13,15),14)),(((16,17),(18,19)),(20,21))),(((22,24),23),(25,26)))); 0.0228424
(1,((2,((((8,10),9),(11,12)),((13,(14,15)),(((16,17),18),(((19,20),21),(((22,24),23),(25,26))))))),(3,((4,(5,6)),7))),27); 0.0180962
(1,(2,27),((3,((4,5),(6,7))),(((8,9),10),(((((((11,12),13),14),(15,16)),((17,18),19)),(20,((21,(22,24)),23))),(25,26))))); 0.0197448
(1,((2,(3,((4,(5,6)),(7,8)))),((((((((9,10),11),12),((13,15),14)),(16,17)),((18,(20,21)),19)),(22,(23,24))),(25,26))),27); 0.023637
(1,((2,(3,(4,(5,(6,7))))),((((((((((((8,9),10),11),12),13),(14,15)),(16,((17,18),19))),(20,21)),23),22),24),(25,26))),27); 0.0211413
(1,((2,((3,4),((5,6),7))),((((((((8,10),9),11),12),((13,14),15)),(((16,17),19),18)),((20,21),((22,24),23))),(25,26))),27); 0.0215341
(1,((2,(3,(4,(5,6)))),((((((((((7,8),9),10),(11,12)),((13,14),15)),(16,(17,18))),19),(20,21)),(22,(23,24))),(25,26))),27); 0.0316886
(1,((2,(3,(4,(5,6)))),(((((((((((((7,8),(9,10)),11),12),13),(14,15)),16),17),18),(19,(20,21))),((22,24),23)),25),26)),27); 0.0232517
(1,((2,(3,(4,(5,(6,7))))),((((((((((8,9),10),11),12),13),(14,15)),((((16,17),(18,19)),20),21)),22),(23,24)),(25,26))),27); 0.0151391
(1,((2,(3,(4,(5,6)))),((7,((8,10),9)),((((((((11,12),(13,14)),15),16),(17,(18,19))),(20,21)),((22,24),23)),(25,26)))),27); 0.0229513
(1,(2,(((3,(4,5)),((6,7),((8,9),10))),((((((11,12),((13,14),15)),((16,17),(18,19))),(20,21)),((22,24),23)),(25,26)))),27); 0.0227473
(1,(2,27),((((3,4),(5,6)),(7,8)),(((((((9,10),11),13),12),(14,15)),(((((16,17),18),19),(20,21)),((22,25),(23,24)))),26))); 0.0227504
(1,((2,((3,4),(5,(6,7)))),((((((((8,10),9),11),12),13),((14,15),((16,17),((18,19),(20,21))))),((22,23),24)),(25,26))),27); 0.0221655
(1,((((2,(4,5)),(6,7)),3),(((((((((((((8,9),10),11),12),13),14),15),16),17),(18,(19,20))),(21,22)),(23,24)),(25,26))),27); 0.0196
(1,((2,27),((((((((((8,9),10),11),12),13),(14,15)),((16,17),(18,19))),(((20,21),22),(23,24))),26),25)),(3,(((4,6),5),7))); 0.0181025
(1,(2,((3,((4,(6,7)),5)),((((((((((8,10),9),11),12),((13,14),15)),16),(17,(18,19))),(((20,21),23),(22,24))),25),26))),27); 0.0181099
(1,(2,((3,(4,((5,6),7))),((((((((((8,10),9),11),12),13),(((14,15),16),17)),((18,19),(20,21))),(22,(23,24))),25),26))),27); 0.0197334
(1,(2,((3,(((4,6),7),5)),(((8,10),9),(((11,12),13),(((((14,15),16),17),(18,19)),(((20,21),23),((22,24),(25,26)))))))),27); 0.016646
(1,(2,(((3,((4,6),5)),(7,((8,10),9))),(((11,12),((13,14),15)),((((16,(17,18)),19),(20,21)),(((22,23),24),(25,26)))))),27); 0.0226077
(1,((2,(3,(4,((5,6),7)))),(((((((((8,(9,10)),11),12),13),(14,15)),(((16,17),(18,19)),(20,21))),(22,(23,24))),25),26)),27); 0.0192965
(1,((2,(3,(4,(5,6)))),(((((((((((7,((8,10),9)),12),11),(13,14)),(15,16)),17),(18,(19,20))),21),23),22),(24,(25,26)))),27); 0.0255132
(1,((2,(((8,9),10),((11,12),(((13,14),15),((((16,17),(18,19)),(20,21)),(((22,24),23),(25,26))))))),(3,(4,((5,6),7)))),27); 0.0182407
(1,((2,(3,(((4,6),5),7))),((((((((8,10),9),11),12),(13,(14,15))),(16,17)),(((((18,19),(20,21)),23),22),24)),(25,26))),27); 0.0201638
(1,((2,(3,((4,5),(6,7)))),((((((((8,10),9),11),12),13),((((14,15),16),17),(18,(19,20)))),((21,22),(23,24))),(25,26))),27); 0.0174652
(1,((2,(3,((4,5),(6,7)))),((((((((((8,9),10),11),12),(13,(14,15))),(((16,17),18),19)),(((20,21),22),23)),24),25),26)),27); 0.0192741
(1,(2,3),(((((4,6),5),7),(((((((((8,9),10),11),12),13),(14,15)),(((16,17),(18,(19,20))),21)),((22,24),(23,25))),26)),27)); 0.0188783
(1,((2,(3,((4,7),(5,6)))),((8,(9,10)),((11,12),(13,(((14,15),(16,17)),(((((18,19),20),21),23),((22,24),(25,26)))))))),27); 0.0231268
(1,(2,(((3,(4,(5,6))),7),(((((((8,10),9),11),12),((((13,14),15),16),17)),((18,(19,20)),(21,((22,24),23)))),(25,26)))),27); 0.0164808
(1,((2,((((((((8,9),10),11),12),13),(14,15)),((((16,17),18),19),(20,(21,((22,24),23))))),(25,26))),27),((3,4),((5,6),7))); 0.0205173
(1,((2,((3,5),(4,(6,(7,8))))),(((9,10),(11,12)),((((13,((14,15),16)),((17,(18,19)),(20,21))),(22,(23,(24,25)))),26))),27); 0.0203602
(1,((2,(3,((4,5),(6,7)))),((((((((8,10),9),(11,12)),13),(14,15)),(16,(17,(18,19)))),(((20,23),21),(22,24))),(25,26))),27); 0.0179362
(1,(2,((3,(((4,6),5),7)),(((8,9),10),((11,12),(13,(((14,15),((16,17),(18,19))),(((((20,21),22),23),24),(25,26)))))))),27); 0.0184023
(1,(2,(3,(4,(5,6)))),(((((((7,8),(9,10)),(11,12)),(13,(14,15))),((((16,(17,18)),19),(20,21)),(((22,24),23),25))),26),27)); 0.0210884
(1,(((2,27),((((((11,12),((13,14),15)),(((16,17),(18,19)),(20,21))),((22,24),23)),25),26)),(3,4)),((5,6),(7,((8,10),9)))); 0.0208728
(1,2,((3,(4,(5,6))),(((((((((7,8),(9,10)),(11,12)),(((13,14),15),16)),((17,18),(19,(20,21)))),(22,(23,24))),25),26),27))); 0.025299
(1,((2,(3,((4,6),5))),((7,((8,10),9)),((11,12),((13,(14,15)),(16,((17,18),(19,(20,(21,((22,(24,(25,26))),23)))))))))),27); 0.0213918
(1,(2,((((3,4),(5,6)),(7,(8,(9,10)))),((((((11,12),((13,14),15)),((16,17),(18,19))),(20,21)),((22,24),23)),(25,26)))),27); 0.0236211
(1,2,(((3,((4,(5,6)),7)),((((((((((8,9),10),11),12),13),(14,15)),(16,((17,18),(19,20)))),((21,23),(22,24))),25),26)),27)); 0.0197097
(1,2,((3,(4,((5,6),7))),(((((((8,(9,10)),(11,12)),(13,(14,(15,16)))),((17,18),19)),((((20,21),22),23),24)),(25,26)),27))); 0.0171784
(1,((2,(((3,(5,6)),4),(7,((8,10),9)))),((11,12),(((((13,14),15),16),((17,(18,19)),20)),((21,((22,24),23)),(25,26))))),27); 0.0212904
(1,((2,(3,((4,5),(6,7)))),((((8,9),(10,11)),12),(((((13,(14,15)),(16,17)),((18,19),(20,21))),((22,23),24)),(25,26)))),27); 0.0209055
(1,2,(((((3,(4,6)),5),7),(((8,9),10),((11,((13,(14,15)),((16,(17,18)),((19,(20,21)),(((22,24),(25,26)),23))))),12))),27)); 0.0190588
(1,(2,((3,(4,((5,6),7))),((((((((8,10),9),12),11),(13,(14,15))),((16,((17,18),19)),(20,21))),((22,24),23)),(25,26)))),27); 0.0150442
(1,(2,27),((3,(((4,5),6),7)),(((((((((8,9),10),11),12),(13,(14,15))),(((16,17),(18,19)),(20,21))),(22,(23,24))),26),25))); 0.0172406
(1,((2,((3,4),(5,6))),((((7,8),(9,10)),(11,12)),((((13,14),15),16),((17,18),(19,(20,(21,(22,(23,(24,(25,26))))))))))),27); 0.0295033
(1,((2,(3,(4,(5,(6,7))))),((((((((((8,9),10),(11,12)),(13,14)),15),(16,17)),((18,19),(20,21))),((22,24),23)),25),26)),27); 0.0163937
(1,(2,((3,(4,(5,(6,7)))),27)),(((((((((8,10),9),(11,12)),(13,(14,15))),((16,17),(18,19))),(20,21)),((22,24),23)),25),26)); 0.0184646
(1,((2,(3,(((4,6),5),7))),(((((((8,9),10),11),12),(((((13,14),(15,16)),17),(18,19)),(20,21))),(22,(23,24))),(25,26))),27); 0.0220898
(1,((2,(3,((4,(6,7)),5))),((((((((8,9),10),11),12),13),(14,15)),((((((16,17),18),19),20),21),((22,24),23))),(25,26))),27); 0.0167353
(1,((2,27),((((((((((((8,10),9),11),12),13),((14,15),16)),((17,18),19)),(20,21)),23),(22,24)),25),26)),(3,(((4,6),5),7))); 0.0155583
(1,(2,(3,((((((((((4,5),6),7),(8,9)),(10,11)),(12,13)),(14,15)),((((16,17),18),19),(20,21))),(((22,24),23),25)),26))),27); 0.0240902
(1,(((2,(3,((4,6),5))),((7,8),(9,10))),((11,12),((13,(14,15)),((((16,17),(18,19)),((20,21),((22,24),(23,25)))),26)))),27); 0.0214409
(1,((2,(3,((4,5),6))),(((((((((((7,8),9),10),12),11),13),(14,15)),(((16,((17,18),19)),20),21)),((22,24),23)),25),26)),27); 0.0226665
(1,((2,(3,((4,(5,6)),7))),(((((((((8,9),10),(11,12)),13),((14,15),(16,17))),((18,(20,21)),19)),(22,(23,24))),25),26)),27); 0.0217776
(1,(2,((3,(4,(5,(6,7)))),(((((((((((((8,9),10),12),11),13),14),15),(16,(17,(18,19)))),(20,21)),23),(22,24)),25),26))),27); 0.0199224
(1,((2,27),(3,(4,(5,6)))),(((((((7,8),(9,10)),(11,12)),((13,14),15)),(16,(17,(18,19)))),((20,21),((22,24),23))),(25,26))); 0.0265381
(1,((2,((3,4),((5,6),7))),27),(((((((8,9),10),11),12),((((13,14),15),16),(((17,18),20),19))),(((21,22),24),23)),(25,26))); 0.0184615
(1,(((2,(4,(5,(6,7)))),3),((8,(9,10)),((11,12),((13,14),((15,16),(17,(((18,19),(20,21)),(22,((23,24),(25,26)))))))))),27); 0.0243798
(1,((2,(3,((4,(5,6)),7))),((((((((((8,9),10),11),12),13),(14,15)),(16,17)),((18,19),(20,21))),((22,24),23)),(25,26))),27); 0.0198003
(1,(((2,(4,(5,6))),3),(((((((((((7,8),(9,10)),(11,12)),13),(14,15)),16),(17,(18,19))),(20,21)),22),((23,25),24)),26)),27); 0.0240143
(1,((((2,4),3),(5,6)),((7,((8,10),9)),((11,12),((((13,15),14),((16,(17,18)),19)),((((20,21),(22,24)),23),(25,26)))))),27); 0.0236292
(1,((2,(((((((((8,(9,10)),11),12),13),(14,15)),((((16,17),19),18),(20,21))),((22,23),24)),25),26)),(3,(4,(5,(6,7))))),27); 0.0148252
(1,(2,27),((3,(4,((5,6),7))),((((((((((8,9),10),12),11),13),(14,15)),(16,(17,(18,19)))),(20,21)),((22,24),23)),(25,26)))); 0.0170362
(1,(2,((3,((4,(5,6)),7)),(((((((((8,10),9),11),12),((13,14),15)),(16,((17,19),18))),(((20,21),23),(22,24))),25),26))),27); 0.0191103
(1,((2,(3,((4,(5,7)),(6,8)))),(((((9,10),11),12),(13,(14,15))),((((((16,17),18),20),(21,22)),(25,26)),((19,23),24)))),27); 0.0257387
(1,((2,((3,4),(5,(6,7)))),(((((((((8,9),10),11),12),(13,14)),15),16),(((17,18),19),(20,21))),(((22,24),23),(25,26)))),27); 0.0206062
(1,((2,(3,((4,(6,7)),5))),((((((((8,9),10),11),12),(((13,14),15),(16,(17,(18,19))))),((20,21),(22,23))),24),(25,26))),27); 0.0173507
(1,((2,(3,((4,6),5))),((((((((((7,8),(9,10)),11),12),((13,15),14)),(16,(17,(18,19)))),(20,21)),((22,24),23)),25),26)),27); 0.0237955
(1,((2,((3,4),((5,6),7))),(((((((((((8,10),9),11),12),(((13,14),15),16)),(17,(18,19))),20),(21,22)),23),24),(25,26))),27); 0.0187826
(1,(2,((3,((4,5),6)),((7,((8,9),10)),(((11,12),(13,(14,15))),(((16,(17,(18,19))),(((20,21),(22,23)),24)),(25,26)))))),27); 0.0199025
(1,((2,((3,4),(5,((6,8),7)))),(((((((9,10),11),12),13),(((14,15),16),(17,(18,(19,(20,21)))))),((22,24),23)),(25,26))),27); 0.0241189
(1,((2,(3,(4,(5,6)))),(((7,8),(9,10)),(((11,12),(13,(14,15))),(((((16,17),18),19),(20,21)),(((22,24),(23,25)),26))))),27); 0.0218613
(1,(2,(3,(((((((((8,10),9),11),12),13),(14,15)),(16,(17,((18,19),(20,21))))),((22,24),((23,25),26))),27))),(((4,6),5),7)); 0.0213037
(1,((2,((((((((((8,9),10),11),12),13),(14,15)),(((((16,19),17),18),20),21)),((22,24),23)),25),26)),(3,(((4,6),5),7))),27); 0.0155148
(1,(2,((3,(4,(5,((6,8),7)))),((((((((9,10),11),12),((13,14),15)),(16,(17,(18,19)))),((20,21),22)),((23,25),24)),26))),27); 0.0202357
(1,((2,(3,(4,((5,6),7)))),(((((((((8,10),(9,11)),12),((13,14),15)),((((16,17),18),19),(20,21))),22),(23,24)),25),26)),27); 0.0187349
(1,((2,(3,((4,(5,6)),7))),(((((((((8,10),9),11),12),(13,(14,15))),(((16,(17,18)),19),(20,21))),((22,24),23)),26),25)),27); 0.0185809
(1,(2,((3,(4,((5,7),6))),(((8,10),9),(((11,12),13),((((((14,15),16),17),(18,19)),(20,21)),((22,(23,24)),(25,26))))))),27); 0.0210678
(1,((2,(3,(4,(5,(6,7))))),((((((((((8,(9,10)),11),12),13),(14,15)),((16,17),(18,19))),(20,21)),23),(22,24)),(25,26))),27); 0.0200823
(1,(2,((3,(((4,6),5),(7,8))),(((((((9,10),(11,12)),13),(14,15)),(((16,17),18),(19,20))),((21,22),(23,24))),(25,26)))),27); 0.025851
(1,((2,(3,((4,6),(5,7)))),((((((((((((8,10),9),11),12),((13,14),15)),16),17),((18,19),(20,21))),23),22),24),(25,26))),27); 0.0147002
(1,(2,((3,(4,((5,6),7))),(((((((((((8,9),10),11),12),(13,(14,15))),(16,17)),((18,20),19)),(21,22)),23),24),(25,26)))),27); 0.016014
(1,((2,(3,((4,6),5))),((((7,((8,10),9)),(11,12)),(13,(14,15))),((((16,17),19),(18,20)),((21,22),(23,(24,(25,26))))))),27); 0.0205879
(1,((2,(3,(4,(5,6)))),((((((((((7,8),(9,10)),(11,12)),(13,(14,15))),23),(20,21)),(((16,17),18),19)),(22,24)),25),26)),27); 0.0232193
(1,((2,((3,(4,5)),((6,7),8))),((((((((((((9,10),11),12),13),((14,15),16)),(17,(18,(19,20)))),21),22),24),23),25),26)),27); 0.0243188
(1,(2,27),(((3,4),((5,6),7)),(((((8,10),9),(11,12)),(((13,14),15),((((16,17),18),19),(20,(21,(22,(23,24))))))),(25,26)))); 0.0199497
(1,((2,(3,(4,((5,6),(7,8))))),(((((((((((9,10),11),12),13),14),15),((16,17),(18,19))),(20,21)),(22,(23,24))),25),26)),27); 0.0247639
(1,((2,(3,(4,(5,(6,7))))),((((((((((((((8,10),9),11),12),13),14),15),16),(17,(18,19))),(20,21)),22),(23,24)),26),25)),27); 0.0186671
(1,((2,((3,4),(5,6))),((7,((8,9),10)),(((11,12),(13,(14,15))),(((((16,17),(18,19)),20),21),(22,(23,(24,(25,26)))))))),27); 0.0209011
(1,(2,(3,((4,(5,6)),7))),(((((((((8,9),10),11),12),((13,14),15)),((16,17),(18,(19,20)))),(21,((22,24),23))),(25,26)),27)); 0.0218748
(1,(2,((3,(4,(5,(6,7)))),(((((((((((((8,10),9),12),11),(13,14)),15),16),17),(18,19)),(20,21)),((22,24),23)),25),26))),27); 0.0189249
(1,(2,(((((3,4),6),5),7),(((8,9),10),((((((((11,12),13),(14,15)),16),(17,18)),(19,20)),(21,((22,24),23))),(25,26))))),27); 0.021433
(1,(2,(3,(4,(5,(6,7))))),(((((((((((8,10),9),11),12),13),(14,15)),((16,17),(18,(19,20)))),(21,23)),(22,24)),(25,26)),27)); 0.019217
(1,(2,(3,(((4,6),5),7))),(((((((8,9),10),(11,12)),(13,(14,15))),(((16,(17,18)),(19,(20,21))),((22,24),23))),(25,26)),27)); 0.0189657
(1,(2,((3,(4,((5,6),7))),(((((((((8,9),10),11),12),13),14),15),(((((16,17),18),19),20),((21,25),(22,(23,24))))),26))),27); 0.0204785
(1,(2,27),((3,(((4,6),5),7)),(((((((((8,9),10),12),11),13),(14,15)),((((16,17),18),19),(20,21))),(22,(23,24))),(25,26)))); 0.0196774
(1,((2,(3,((4,(5,6)),7))),(((((((((((8,9),10),11),12),13),((14,15),16)),((17,18),19)),(((20,21),22),23)),24),25),26)),27); 0.0227303
(1,((2,(3,(((4,6),5),7))),((((((((((8,10),9),11),12),(13,(14,15))),((16,17),(18,19))),(20,21)),(22,(23,24))),25),26)),27); 0.0189305
(1,(2,(((3,4),(5,6)),((((7,8),10),9),((11,12),(((13,14),15),(((((16,17),18),19),20),((21,22),((23,24),(25,26))))))))),27); 0.0278034
(1,2,(((3,(4,(5,6))),7),((((((((8,9),10),(11,12)),13),(14,15)),((16,((17,18),19)),((((20,21),22),(23,24)),25))),26),27))); 0.0202387
(1,((2,27),((3,(4,5)),(6,(7,8)))),(((9,10),(11,12)),((13,(14,15)),(((((16,17),18),19),(20,21)),((((22,24),25),26),23))))); 0.0276728
(1,((2,(3,((4,(5,6)),7))),((((((((((8,10),9),11),12),13),14),15),((16,17),((18,19),20))),((21,22),(23,24))),(25,26))),27); 0.0181639
(1,((2,(3,((4,5),(6,7)))),(((8,9),10),((11,((13,14),(((((15,16),17),19),18),((((20,21),23),(25,26)),(22,24))))),12))),27); 0.0218448
(1,((2,(3,((4,5),(6,7)))),(((((((((8,10),9),11),12),(13,(14,15))),(((16,17),18),19)),((20,21),22)),((23,24),25)),26)),27); 0.0171778
(1,((2,(3,(((4,6),7),5))),((((((((((8,9),10),11),12),(13,14)),(15,16)),(((17,18),19),(20,21))),23),(22,24)),(25,26))),27); 0.0199552
(1,2,((((3,(((4,6),5),7)),((8,9),10)),((((11,12),(13,(14,15))),(((16,17),(18,19)),((20,21),(22,(23,24))))),(25,26))),27)); 0.0188855
(1,(2,((3,((4,5),(6,7))),((((((((((((8,9),10),(11,12)),13),14),15),16),(17,18)),(19,(20,21))),((22,23),24)),25),26))),27); 0.0224032
(1,((((2,4),3),(5,(6,7))),((8,(9,10)),((11,12),(((((13,14),15),(16,17)),((18,19),20)),((((21,25),22),(23,24)),26))))),27); 0.0210515
(1,((2,(3,((4,(5,6)),(7,8)))),(((((((((((9,10),(11,12)),13),14),15),16),19),(17,18)),(20,21)),(((22,25),24),23)),26)),27); 0.0250841
(1,((2,27),((((((((((((8,10),9),11),12),((13,14),15)),((16,17),(18,19))),(20,21)),22),23),24),25),26)),((3,(4,(5,6))),7)); 0.01634
(1,((2,((3,(4,(5,6))),7)),((((((((8,10),9),11),12),(13,(14,15))),(((16,17),(18,19)),(20,21))),(22,(23,24))),(25,26))),27); 0.0161706
(1,(((2,(3,4)),(5,(6,7))),((((((((8,10),9),11),12),(13,14)),((15,16),((17,18),(19,20)))),((21,(22,24)),23)),(25,26))),27); 0.0223978
