
Alignment summary:
Caecomyces_communis: -=130 A=413 C=310 G=399 N=1 T=407
Absidia_glauca: -=143 A=417 C=307 G=392 T=401
Rhizopus_oryzae: -=141 A=415 C=308 G=402 T=394
Mucor_hiemalis: -=159 A=418 C=301 G=393 T=389
Mortierella_polycephala: -=182 A=423 C=302 G=373 T=380
Echinosporangium_transversale: -=241 A=390 C=289 G=368 T=372
Mortierella_wolfii: -=214 A=391 C=287 G=387 T=381
Piromyces_communis: -=194 A=403 C=297 G=382 S=1 T=383
Kickxella_alabastrina: -=194 A=418 C=305 G=380 R=1 S=2 T=360
Linderina_pennispora: -=211 A=401 C=293 G=382 T=373
Dipsacomyces_acuminosporus: -=188 A=391 C=300 G=396 S=1 T=384
Entomophthora_muscae: -=160 A=412 C=307 G=400 T=381
Conidiobolus_coronatus: -=176 A=414 C=293 G=391 T=386
Smittium_culisetae: -=183 A=421 C=295 G=385 T=376
Furculomyces_boomerangus: -=182 A=418 C=288 G=377 T=395
Capniomyces_stellatus: -=164 A=429 C=283 G=390 N=1 T=393
Blastocladiella_emersonii: -=211 A=414 C=266 G=371 T=398
Chytridium_confervae: -=216 A=407 C=279 G=362 T=396
Neocallimastix_frontalis: -=219 A=404 C=275 G=376 T=386
Ustilago_hordii: -=217 A=417 C=279 G=376 T=371
Endogone_pisiforme: -=225 A=395 C=277 G=395 T=368
Glomus_mossae: -=240 A=400 C=282 G=371 T=367
Gigaspora_margarita: -=176 A=418 C=296 G=374 T=396
Coprinus_cinereus: -=188 A=417 C=287 G=373 T=395
Boletus_satanas: -=221 A=404 C=270 G=377 R=1 T=387
Morchella_elata: -=237 A=401 C=264 G=377 T=381
Peziza_badia: -=237 A=403 C=272 G=364 T=384
Saccharomyces_cerevisiae: -=202 A=410 C=282 G=367 T=399
Pneumocystis_carinii: -=191 A=423 C=269 G=369 T=408
Eurotium_rubrum: -=195 A=417 C=268 G=372 T=408
Neurospora_crassa: -=190 A=416 C=276 G=368 T=410
Taphrina_deformans: -=189 A=410 C=284 G=381 T=396
Schizosaccharomyces_pombe: -=234 A=403 C=265 G=366 T=392
Caenorhabditis_drosophilae: -=217 A=406 C=278 G=362 T=397
Hydra_littoralis: -=171 A=404 C=296 G=390 T=399
Calanus_pacificus: -=135 A=431 C=300 G=392 T=402
Coleochaete_scutata: -=135 A=426 C=293 G=399 T=407
Physcomitrella_patens: -=131 A=419 C=287 G=410 T=413
Arabidopsis_thaliana: -=125 A=426 C=284 G=405 T=420
Zea_mays: -=131 A=415 C=293 G=411 T=410
Mesostigma_viride: -=127 A=431 C=301 G=398 T=403
Xenopus_laevis: -=125 A=422 C=304 G=409 T=400
Gallus_gallus: -=126 A=417 C=305 G=408 T=404

Seed = 1380040160
Jukes-Cantor Distance Matrix:

        0  0.104722  0.139957  0.153734  0.144155  0.159111  0.158482   0.15166  0.143547  0.146581  0.167659  0.157765  0.146143  0.168049  0.171981   0.16621  0.150699  0.175462  0.143142   0.16325  0.166518  0.176431  0.166886  0.176829  0.164362  0.144155  0.136101  0.136741  0.142271  0.136741  0.142782  0.142782  0.137923  0.130565  0.138175   0.12783   0.15346  0.133556  0.127553  0.153009  0.151609  0.142007  0.120085
 0.104722         0  0.107557   0.14297  0.125384  0.149666  0.143847  0.146752  0.143586  0.138117  0.165367  0.149477  0.143908  0.170365  0.158604  0.160058  0.142619  0.166425  0.139208  0.147851  0.173494  0.160525  0.161292  0.170023   0.16024  0.159624   0.13449  0.138952  0.142706  0.123078  0.129083   0.13093  0.132652  0.132743  0.140767  0.134634  0.134931  0.135536  0.128481  0.149908  0.155537  0.129179  0.129086
 0.139957  0.107557         0  0.124677  0.124108  0.147331  0.146069  0.141135  0.144655  0.135266  0.162545  0.147533  0.154705   0.16649  0.172719  0.173179  0.159234  0.189249  0.158482  0.166465  0.170664  0.172391  0.164983  0.168538  0.170527  0.165113  0.144723  0.146468  0.156157  0.141135  0.147202  0.144058  0.148033  0.146182  0.152942  0.143821  0.149645  0.152478  0.148432  0.163813  0.188915  0.158247  0.155435
 0.153734   0.14297  0.124677         0  0.112592  0.143031  0.154071  0.145469  0.141866  0.138566  0.144813  0.149162  0.153833  0.184437  0.175708  0.186262  0.181752  0.203412  0.180183  0.187559  0.180036  0.168089  0.181174  0.182448  0.164481  0.167403  0.151471  0.146635  0.153138   0.14635  0.145667  0.160474  0.154243  0.161262  0.166011   0.15288  0.164013  0.163517  0.163247   0.17612  0.185888  0.176036   0.17179
 0.144155  0.125384  0.124108  0.112592         0  0.103665  0.115468  0.130568   0.12089  0.131411   0.15209  0.144099  0.154529  0.169926  0.167137  0.171095  0.160665  0.197737  0.162621  0.181154  0.180223  0.166246  0.161617  0.169826  0.156292  0.160049  0.140506  0.142835   0.15118  0.126368  0.132571  0.140288  0.154177  0.146926  0.155499  0.138391  0.134993  0.155096  0.145593  0.158361  0.159327  0.163316  0.158121
 0.159111  0.149666  0.147331  0.143031  0.103665         0  0.109396  0.122485  0.130424  0.129257  0.168974  0.161697  0.157321   0.18203  0.177046  0.198442  0.178458  0.209958  0.172921   0.19062   0.19574  0.188985   0.18785  0.184965  0.180819  0.180239  0.157939  0.161953  0.161663  0.149795  0.158218  0.177989  0.177913  0.170639  0.177341  0.161018  0.167895  0.173151  0.157854  0.175861  0.179528  0.189249  0.158733
 0.158482  0.143847  0.146069  0.154071  0.115468  0.109396         0 0.0878801  0.108459  0.127818  0.155938   0.15974  0.152936  0.170297  0.170926  0.168927  0.174626  0.197945  0.164702  0.177192  0.182742  0.186049  0.189418  0.189742  0.174209  0.176435   0.16168  0.163988  0.166302  0.147285  0.156419  0.161202  0.170931  0.161244  0.177243  0.164721  0.164333  0.162713  0.165046  0.170617  0.183997  0.180141  0.156388
  0.15166  0.146752  0.141135  0.145469  0.130568  0.122485 0.0878801         0 0.0863948  0.113249  0.142206  0.153907   0.14905  0.157225  0.156223  0.175827   0.17695  0.194009  0.159785  0.165695  0.173256  0.170654  0.178249  0.178934  0.158873  0.151252  0.149052  0.150909  0.157714    0.1444  0.148217  0.151871   0.16273  0.149197  0.170938  0.158114  0.157869  0.156037  0.150005  0.164502  0.177891  0.179087  0.177614
 0.143547  0.143586  0.144655  0.141866   0.12089  0.130424  0.108459 0.0863948         0 0.0722105  0.120535  0.135058  0.132721  0.151336  0.157225  0.158106  0.151927  0.179442  0.145196  0.168608  0.172109  0.160342  0.167268   0.16876   0.15264  0.150962  0.131264  0.132474  0.139029  0.130454   0.13609  0.144169  0.148211  0.140279  0.158608  0.150891  0.154568  0.147034  0.151311  0.157256  0.166838  0.164248  0.163134
 0.146581  0.138117  0.135266  0.138566  0.131411  0.129257  0.127818  0.113249 0.0722105         0 0.0875499  0.122283  0.115999  0.142013  0.165972  0.158861  0.142631  0.170322   0.14145  0.152832  0.152421  0.143732  0.146044  0.155266  0.146324  0.139473  0.131371  0.123459  0.135029  0.126624  0.128665  0.134818  0.134968   0.13381  0.150503    0.1447   0.15515  0.143513  0.143696  0.155271  0.164433  0.149649  0.166921
 0.167659  0.165367  0.162545  0.144813   0.15209  0.168974  0.155938  0.142206  0.120535 0.0875499         0   0.11151  0.133276  0.171085  0.166386  0.178747  0.159765  0.171194  0.159518  0.171326  0.149806  0.154004  0.172319  0.170512  0.157964  0.163363  0.141219  0.138124  0.146295  0.139489  0.141486  0.144252  0.164409  0.162518   0.17245  0.156409  0.166709  0.161666  0.164951   0.18084   0.18274  0.172581  0.184215
 0.157765  0.149477  0.147533  0.149162  0.144099  0.161697   0.15974  0.153907  0.135058  0.122283   0.11151         0 0.0992284  0.141169  0.161883  0.176699  0.162606   0.19355  0.157596   0.16664  0.164614  0.147046   0.16058  0.173821  0.173226  0.157838  0.128785  0.134818  0.149796   0.13398  0.146008   0.14099  0.152174  0.147158  0.163307  0.151789  0.165705  0.160763  0.156575  0.174543  0.170873  0.178147  0.171263
 0.146143  0.143908  0.154705  0.153833  0.154529  0.157321  0.152936   0.14905  0.132721  0.115999  0.133276 0.0992284         0  0.115785  0.158482  0.172581   0.15573   0.18128  0.150463  0.155799  0.159636  0.146749  0.160222  0.167801  0.159121  0.145499  0.134979  0.124964  0.139317  0.134069  0.136635  0.139739  0.131435  0.131214  0.145491  0.145359  0.160058  0.153526  0.151757  0.172512  0.167956  0.164165  0.168942
 0.168049  0.170365   0.16649  0.184437  0.169926   0.18203  0.170297  0.157225  0.151336  0.142013  0.171085  0.141169  0.115785         0  0.125666  0.162362  0.168957   0.19219  0.165548  0.174723  0.168866   0.17369  0.173759  0.185883  0.157966  0.163853   0.15405  0.149337   0.16306  0.148386  0.155454  0.142687  0.161512  0.145565  0.172939  0.170439  0.174257  0.186856  0.160673  0.188042  0.190408  0.181153   0.18893
 0.171981  0.158604  0.172719  0.175708  0.167137  0.177046  0.170926  0.156223  0.157225  0.165972  0.166386  0.161883  0.158482  0.125666         0  0.124016  0.148071  0.176624  0.163981  0.175698  0.172676  0.167033  0.177197  0.163664  0.157582  0.171895  0.167265  0.159759  0.164451  0.154307  0.149828  0.150185  0.166661  0.162865  0.173419  0.163134  0.159335  0.168179  0.153526  0.185097   0.18893  0.173179  0.179823
  0.16621  0.160058  0.173179  0.186262  0.171095  0.198442  0.168927  0.175827  0.158106  0.158861  0.178747  0.176699  0.172581  0.162362  0.124016         0  0.132159  0.168021  0.159487  0.169963  0.170159   0.14758  0.145791  0.168771  0.156325  0.155912  0.144678  0.150582  0.155239  0.152241  0.151525  0.143142  0.149851  0.139663  0.170691    0.1532  0.168168  0.158963  0.152049  0.177065  0.177201  0.175666   0.17363
 0.150699  0.142619  0.159234  0.181752  0.160665  0.178458  0.174626   0.17695  0.151927  0.142631  0.159765  0.162606   0.15573  0.168957  0.148071  0.132159         0  0.117812  0.124165  0.168139  0.167543  0.164075  0.155578  0.151372  0.149885  0.155295  0.127284  0.131011  0.131602  0.131918  0.137288  0.149773  0.142216  0.135517  0.148335  0.146637  0.159227  0.133686  0.137161  0.157987  0.163203  0.143918  0.165954
 0.175462  0.166425  0.189249  0.203412  0.197737  0.209958  0.197945  0.194009  0.179442  0.170322  0.171194   0.19355   0.18128   0.19219  0.176624  0.168021  0.117812         0  0.105133  0.151363  0.183254  0.180154   0.17912  0.177146  0.146284  0.169398   0.14601  0.140734  0.146154  0.149973  0.148472  0.151927  0.149955  0.141799  0.168401  0.181112  0.189091  0.171772   0.16819  0.195754  0.187283  0.189689   0.18563
 0.143142  0.139208  0.158482  0.180183  0.162621  0.172921  0.164702  0.159785  0.145196   0.14145  0.159518  0.157596  0.150463  0.165548  0.163981  0.159487  0.124165  0.105133         0  0.104351  0.137965  0.157152  0.155315  0.157582  0.140898  0.141507  0.129867  0.132877  0.144725   0.12372   0.12659   0.12986  0.135262  0.137301  0.154764  0.155607  0.156234  0.145604  0.145038  0.175407   0.17362  0.160727  0.148817
  0.16325  0.147851  0.166465  0.187559  0.181154   0.19062  0.177192  0.165695  0.168608  0.152832  0.171326   0.16664  0.155799  0.174723  0.175698  0.169963  0.168139  0.151363  0.104351         0 0.0870316  0.121231  0.141596  0.155534  0.155472  0.147787  0.137197  0.135078  0.143833  0.128278  0.130381  0.136301    0.1356  0.135058  0.153993  0.163508  0.172112  0.158607  0.153644  0.190764  0.184402  0.172932  0.160105
 0.166518  0.173494  0.170664  0.180036  0.180223   0.19574  0.182742  0.173256  0.172109  0.152421  0.149806  0.164614  0.159636  0.168866  0.172676  0.170159  0.167543  0.183254  0.137965 0.0870316         0 0.0737217  0.121375  0.148931  0.136852  0.152201  0.144438  0.143683  0.153671   0.13807  0.147166  0.134979  0.145263  0.142738  0.153099  0.158231  0.167714  0.162885  0.164883  0.185294  0.189858  0.181838  0.170603
 0.176431  0.160525  0.172391  0.168089  0.166246  0.188985  0.186049  0.170654  0.160342  0.143732  0.154004  0.147046  0.146749   0.17369  0.167033   0.14758  0.164075  0.180154  0.157152  0.121231 0.0737217         0 0.0877971  0.136083  0.133595  0.148033  0.137079  0.133135  0.140227  0.133942  0.146869  0.150752  0.135695  0.135037  0.161363  0.156827  0.163849  0.171693  0.160514  0.192048   0.19096  0.183882  0.175807
 0.166886  0.161292  0.164983  0.181174  0.161617   0.18785  0.189418  0.178249  0.167268  0.146044  0.172319   0.16058  0.160222  0.173759  0.177197  0.145791  0.155578   0.17912  0.155315  0.141596  0.121375 0.0877971         0  0.113081   0.13899  0.132523   0.12111  0.124186  0.136208  0.124257  0.130596  0.130495  0.126227  0.122706  0.156868  0.147533  0.163464  0.160785  0.157758  0.173642  0.175374  0.178158  0.170061
 0.176829  0.170023  0.168538  0.182448  0.169826  0.184965  0.189742  0.178934   0.16876  0.155266  0.170512  0.173821  0.167801  0.185883  0.163664  0.168771  0.151372  0.177146  0.157582  0.155534  0.148931  0.136083  0.113081         0  0.109905  0.141909  0.139939   0.13566  0.137495  0.139332  0.127371   0.14073  0.142118  0.136083  0.159867  0.163283  0.172181  0.162651  0.161541  0.178309  0.177847  0.175266   0.17803
 0.164362   0.16024  0.170527  0.164481  0.156292  0.180819  0.174209  0.158873   0.15264  0.146324  0.157964  0.173226  0.159121  0.157966  0.157582  0.156325  0.149885  0.146284  0.140898  0.155472  0.136852  0.133595   0.13899  0.109905         0 0.0926424  0.123968  0.123599  0.121206  0.113735  0.125887   0.12685  0.138677  0.121428  0.139585   0.14744  0.161107  0.156737  0.145781  0.167888  0.166386  0.173545  0.161602
 0.144155  0.159624  0.165113  0.167403  0.160049  0.180239  0.176435  0.151252  0.150962  0.139473  0.163363  0.157838  0.145499  0.163853  0.171895  0.155912  0.155295  0.169398  0.141507  0.147787  0.152201  0.148033  0.132523  0.141909 0.0926424         0 0.0735346  0.102576  0.121792  0.112612  0.123918  0.123346  0.124589  0.115928  0.137073   0.14073  0.157344  0.145822  0.139317  0.170451  0.170588  0.159994  0.170177
 0.136101   0.13449  0.144723  0.151471  0.140506  0.157939   0.16168  0.149052  0.131264  0.131371  0.141219  0.128785  0.134979   0.15405  0.167265  0.144678  0.127284   0.14601  0.129867  0.137197  0.144438  0.137079   0.12111  0.139939  0.123968 0.0735346         0 0.0534597 0.0869089  0.104394  0.111286  0.115035  0.118083  0.117796  0.126691  0.124739  0.149592  0.133965  0.122675  0.144268  0.163664  0.140377  0.154105
 0.136741  0.138952  0.146468  0.146635  0.142835  0.161953  0.163988  0.150909  0.132474  0.123459  0.138124  0.134818  0.124964  0.149337  0.159759  0.150582  0.131011  0.140734  0.132877  0.135078  0.143683  0.133135  0.124186   0.13566  0.123599  0.102576 0.0534597         0 0.0708277 0.0858078  0.109815  0.107086  0.111315  0.109298  0.118888    0.1251  0.139153  0.127289  0.120438  0.146301  0.154309  0.143547  0.150542
 0.142271  0.142706  0.156157  0.153138   0.15118  0.161663  0.166302  0.157714  0.139029  0.135029  0.146295  0.149796  0.139317   0.16306  0.164451  0.155239  0.131602  0.146154  0.144725  0.143833  0.153671  0.140227  0.136208  0.137495  0.121206  0.121792 0.0869089 0.0708277         0 0.0705217 0.0970515  0.114607  0.112374  0.111315  0.131458  0.132084   0.14351  0.133636  0.129944  0.148321  0.161417   0.15315  0.148208
 0.136741  0.123078  0.141135   0.14635  0.126368  0.149795  0.147285    0.1444  0.130454  0.126624  0.139489   0.13398  0.134069  0.148386  0.154307  0.152241  0.131918  0.149973   0.12372  0.128278   0.13807  0.133942  0.124257  0.139332  0.113735  0.112612  0.104394 0.0858078 0.0705217         0 0.0828126 0.0997041  0.101812 0.0985886 0.0986361  0.109569  0.119986  0.111093  0.115498  0.146977  0.137989  0.148321  0.135188
 0.142782  0.129083  0.147202  0.145667  0.132571  0.158218  0.156419  0.148217   0.13609  0.128665  0.141486  0.146008  0.136635  0.155454  0.149828  0.151525  0.137288  0.148472   0.12659  0.130381  0.147166  0.146869  0.130596  0.127371  0.125887  0.123918  0.111286  0.109815 0.0970515 0.0828126         0 0.0852445 0.0974258  0.105702  0.113338  0.122062  0.134983  0.119447  0.128017  0.148095   0.14748  0.136948  0.144524
 0.142782   0.13093  0.144058  0.160474  0.140288  0.177989  0.161202  0.151871  0.144169  0.134818  0.144252   0.14099  0.139739  0.142687  0.150185  0.143142  0.149773  0.151927   0.12986  0.136301  0.134979  0.150752  0.130495   0.14073   0.12685  0.123346  0.115035  0.107086  0.114607 0.0997041 0.0852445         0 0.0879384  0.108221  0.130534  0.131885   0.13757  0.125855  0.128017   0.15909  0.163614  0.152799  0.148095
 0.137923  0.132652  0.148033  0.154243  0.154177  0.177913  0.170931   0.16273  0.148211  0.134968  0.164409  0.152174  0.131435  0.161512  0.166661  0.149851  0.142216  0.149955  0.135262    0.1356  0.145263  0.135695  0.126227  0.142118  0.138677  0.124589  0.118083  0.111315  0.112374  0.101812 0.0974258 0.0879384         0 0.0866272  0.110311  0.120817  0.129167  0.121375  0.128665  0.144268  0.154083  0.154348  0.153839
 0.130565  0.132743  0.146182  0.161262  0.146926  0.170639  0.161244  0.149197  0.140279   0.13381  0.162518  0.147158  0.131214  0.145565  0.162865  0.139663  0.135517  0.141799  0.137301  0.135058  0.142738  0.135037  0.122706  0.136083  0.121428  0.115928  0.117796  0.109298  0.111315 0.0985886  0.105702  0.108221 0.0866272         0 0.0978511  0.111371  0.124749  0.110165  0.106439  0.129533  0.136426  0.134964  0.136636
 0.138175  0.140767  0.152942  0.166011  0.155499  0.177341  0.177243  0.170938  0.158608  0.150503   0.17245  0.163307  0.145491  0.172939  0.173419  0.170691  0.148335  0.168401  0.154764  0.153993  0.153099  0.161363  0.156868  0.159867  0.139585  0.137073  0.126691  0.118888  0.131458 0.0986361  0.113338  0.130534  0.110311 0.0978511         0  0.106076  0.116719   0.12721  0.121142  0.135113  0.151675  0.151935  0.147083
  0.12783  0.134634  0.143821   0.15288  0.138391  0.161018  0.164721  0.158114  0.150891    0.1447  0.156409  0.151789  0.145359  0.170439  0.163134    0.1532  0.146637  0.181112  0.155607  0.163508  0.158231  0.156827  0.147533  0.163283   0.14744   0.14073  0.124739    0.1251  0.132084  0.109569  0.122062  0.131885  0.120817  0.111371  0.106076         0 0.0982116  0.124597  0.127094  0.150687  0.143431  0.144299  0.148044
  0.15346  0.134931  0.149645  0.164013  0.134993  0.167895  0.164333  0.157869  0.154568   0.15515  0.166709  0.165705  0.160058  0.174257  0.159335  0.168168  0.159227  0.189091  0.156234  0.172112  0.167714  0.163849  0.163464  0.172181  0.161107  0.157344  0.149592  0.139153   0.14351  0.119986  0.134983   0.13757  0.129167  0.124749  0.116719 0.0982116         0  0.127277  0.133092  0.161757  0.151054  0.163497  0.149439
 0.133556  0.135536  0.152478  0.163517  0.155096  0.173151  0.162713  0.156037  0.147034  0.143513  0.161666  0.160763  0.153526  0.186856  0.168179  0.158963  0.133686  0.171772  0.145604  0.158607  0.162885  0.171693  0.160785  0.162651  0.156737  0.145822  0.133965  0.127289  0.133636  0.111093  0.119447  0.125855  0.121375  0.110165   0.12721  0.124597  0.127277         0  0.105126  0.132592  0.148199  0.141596   0.13813
 0.127553  0.128481  0.148432  0.163247  0.145593  0.157854  0.165046  0.150005  0.151311  0.143696  0.164951  0.156575  0.151757  0.160673  0.153526  0.152049  0.137161   0.16819  0.145038  0.153644  0.164883  0.160514  0.157758  0.161541  0.145781  0.139317  0.122675  0.120438  0.129944  0.115498  0.128017  0.128017  0.128665  0.106439  0.121142  0.127094  0.133092  0.105126         0  0.113585  0.133206  0.129205  0.142185
 0.153009  0.149908  0.163813   0.17612  0.158361  0.175861  0.170617  0.164502  0.157256  0.155271   0.18084  0.174543  0.172512  0.188042  0.185097  0.177065  0.157987  0.195754  0.175407  0.190764  0.185294  0.192048  0.173642  0.178309  0.167888  0.170451  0.144268  0.146301  0.148321  0.146977  0.148095   0.15909  0.144268  0.129533  0.135113  0.150687  0.161757  0.132592  0.113585         0  0.132209  0.123772   0.15153
 0.151609  0.155537  0.188915  0.185888  0.159327  0.179528  0.183997  0.177891  0.166838  0.164433   0.18274  0.170873  0.167956  0.190408   0.18893  0.177201  0.163203  0.187283   0.17362  0.184402  0.189858   0.19096  0.175374  0.177847  0.166386  0.170588  0.163664  0.154309  0.161417  0.137989   0.14748  0.163614  0.154083  0.136426  0.151675  0.143431  0.151054  0.148199  0.133206  0.132209         0  0.142567  0.158366
 0.142007  0.129179  0.158247  0.176036  0.163316  0.189249  0.180141  0.179087  0.164248  0.149649  0.172581  0.178147  0.164165  0.181153  0.173179  0.175666  0.143918  0.189689  0.160727  0.172932  0.181838  0.183882  0.178158  0.175266  0.173545  0.159994  0.140377  0.143547   0.15315  0.148321  0.136948  0.152799  0.154348  0.134964  0.151935  0.144299  0.163497  0.141596  0.129205  0.123772  0.142567         0  0.134775
 0.120085  0.129086  0.155435   0.17179  0.158121  0.158733  0.156388  0.177614  0.163134  0.166921  0.184215  0.171263  0.168942   0.18893  0.179823   0.17363  0.165954   0.18563  0.148817  0.160105  0.170603  0.175807  0.170061   0.17803  0.161602  0.170177  0.154105  0.150542  0.148208  0.135188  0.144524  0.148095  0.153839  0.136636  0.147083  0.148044  0.149439   0.13813  0.142185   0.15153  0.158366  0.134775         0


JC Tree topology:
(1,2,((((((((3,4),((5,6),(7,8))),(((9,10),11),(12,13))),(((14,15),16),(17,(18,19)))),((((20,(21,22)),(23,24)),(25,26)),((((27,28),29),30),(31,(32,33))))),(34,(35,(36,37)))),((38,39),((40,42),41))),43));

Putting MLE Branch Lengths
p: 0.279217
0.195231
0.260162
 0.26539
s: 0.0978946
 0.239261
 0.142469
 0.089219
 0.306167
  0.12499
Q: -0.858874  0.175302   0.42845  0.255122
 0.250714  -1.26332  0.228495  0.784112
 0.459831  0.171468 -0.871516  0.240216
 0.268414  0.576824  0.235483  -1.08072
(((((((((5:0.0454512,6:0.0602827):0.0194544,(8:0.0447258,7:0.0448489):0.0294663):0.0143050,(3:0.0664944,4:0.0624404):0.0220607):0.0207296,((12:0.0515786,13:0.0507891):0.0305699,((9:0.0519660,10:0.0252014):0.0156590,11:0.0610581):0.0199386):0.0166519):0.0204198,(((18:0.0578141,19:0.0504747):0.0251564,17:0.0549971):0.0285149,(14:0.0816532,(15:0.0625196,16:0.0661964):0.0223169):0.0217847):0.0170077):0.0066341,(((35:0.0554082,(36:0.0433108,37:0.0590967):0.0164268):0.0070266,34:0.0593059):0.0160227,(((39:0.0545521,38:0.0581200):0.0109592,(41:0.0807642,(42:0.0654120,40:0.0635701):0.0096116):0.0154260):0.0093927,((1:0.0524497,43:0.0770611):0.0174424,2:0.0604256):0.0257528):0.0105447):0.0156359):0.0137994,(((28:0.0172150,27:0.0390320):0.0290317,(29:0.0365986,30:0.0380618):0.0140232):0.0232999,(((20:0.0503755,(22:0.0472864,21:0.0284192):0.0239135):0.0354019,(24:0.0631663,23:0.0538347):0.0231709):0.0181230,(26:0.0438700,25:0.0491834):0.0309245):0.0156782):0.0054288):0.0147164,33:0.0490162):0.0113257,31:0.0456672,32:0.0443962);
stationary acceptance: 0.212251
symmetric acceptance: 0.153977
branch length acceptance: 0.881894
avgP: 0.274043 0.212201 0.270883 0.242872
sP: 4.75909e-05 4.84216e-05 5.55378e-05 4.52346e-05
avgS: 0.0865995  0.245624  0.143906 0.0778166  0.327558  0.118496
sS: 1.87083e-05 7.54958e-05  3.0381e-05 1.74428e-05  0.00010543 2.31802e-05
0.274043 0.212201 0.270883 0.242872
0.0865995  0.245624  0.143906 0.0778166  0.327558  0.118496

-0.868713  0.158003  0.448149   0.26256
  0.20405  -1.15922  0.183356   0.77181
 0.453377  0.143635 -0.815733  0.218721
 0.296258  0.674342  0.243946  -1.21455

GTR Distance Matrix:

        0  0.104842  0.141194  0.154932   0.14463  0.160576  0.159881  0.153165  0.145043  0.147724  0.168357   0.15886  0.147311   0.16964  0.173289  0.168074  0.152779  0.177021  0.144119  0.165021  0.169308  0.178641  0.168811  0.178796  0.165452  0.145673  0.136776  0.137866  0.143237  0.137526  0.142947  0.143401  0.138671  0.131243  0.139162  0.128935  0.154641  0.134556  0.128003  0.154994  0.153175  0.142491  0.120389
 0.104842         0  0.107886  0.144017  0.125278  0.150382   0.14448    0.1478  0.144819  0.138994  0.166557    0.1503  0.145132  0.172186  0.159497  0.161034  0.144585  0.168027  0.140043  0.149215    0.1756   0.16177  0.161906  0.171614  0.161295  0.160273  0.134944  0.139854  0.143455  0.123694   0.12965  0.131671  0.133338  0.133372  0.141486  0.135468  0.135445  0.136607    0.1289  0.151366  0.156517  0.129878  0.129614
 0.141194  0.107886         0  0.125451  0.124604  0.148491   0.14706  0.142467  0.146384  0.136605  0.163904  0.149442  0.156105  0.169056  0.174668  0.175768   0.16184  0.192843  0.161004   0.16913  0.173826  0.175319  0.167003  0.171248  0.173092  0.167095  0.145727  0.148262  0.157777  0.142139  0.147919  0.145499  0.149591  0.147308  0.154883  0.145866  0.151654  0.154542  0.150022  0.166244  0.191857  0.160347  0.157428
 0.154932  0.144017  0.125451         0    0.1132  0.144611  0.155417  0.147131  0.143721  0.140454  0.146649  0.150971  0.155488  0.187261  0.178298  0.189659  0.184803  0.206616   0.18284   0.19078    0.1836  0.171137   0.18355  0.184912  0.166716  0.169201   0.15251  0.148176  0.154988  0.148079  0.146719  0.162259   0.15538  0.162584  0.168172  0.154982  0.166279  0.165429  0.165499  0.179197  0.189061   0.17846  0.173846
  0.14463  0.125278  0.124604    0.1132         0  0.103707  0.115469  0.131044  0.121358  0.132071  0.153034  0.145445  0.155648  0.171478  0.168279  0.173032   0.16251  0.199544  0.163749  0.182917  0.182885  0.168893  0.163191  0.171577  0.157974  0.161132  0.140756  0.143633  0.152203  0.127144  0.133134   0.14107  0.154991  0.147042  0.156663   0.13958  0.135897  0.156244  0.146525  0.160251  0.160766  0.164167  0.159052
 0.160576  0.150382  0.148491  0.144611  0.103707         0  0.109772  0.122088   0.13121    0.1302  0.170183  0.163146  0.158604  0.183088  0.177853  0.200782   0.18051  0.212985  0.175115  0.192871  0.198617  0.191288  0.189568  0.186649  0.183431  0.182189  0.158424  0.163246  0.163251  0.150866  0.158752  0.179405  0.178729   0.17138  0.179232  0.162806   0.16889  0.174595  0.159452  0.177678  0.181305  0.191093  0.159898
 0.159881   0.14448   0.14706  0.155417  0.115469  0.109772         0 0.0876523  0.108919  0.127923  0.156236  0.160819  0.153711  0.172435  0.173194  0.171746  0.177327  0.200776  0.167009  0.179818  0.186141  0.189242  0.191833  0.192294  0.176467  0.177827  0.162053  0.165248  0.167856  0.148423  0.157287  0.162758  0.172767  0.162838  0.179963  0.166915  0.166222  0.164502  0.166855  0.173183  0.186176  0.182075  0.157901
 0.153165    0.1478  0.142467  0.147131  0.131044  0.122088 0.0876523         0 0.0870392  0.113712   0.14309  0.155538  0.149896  0.158552  0.157688  0.179137  0.179679  0.196967  0.162189  0.168192  0.176049  0.173352  0.180493   0.18103  0.160841  0.152783  0.149846  0.152531  0.159947  0.145976  0.149453  0.153593    0.1645  0.150677  0.173534  0.160429  0.159933  0.158241  0.152436  0.167226  0.180016  0.181164  0.179362
 0.145043  0.144819  0.146384  0.143721  0.121358   0.13121  0.108919 0.0870392         0 0.0724411  0.121286  0.136829   0.13398  0.153059  0.159343  0.160929  0.154711  0.182525  0.147633  0.171654  0.175742  0.163192  0.169679  0.171335  0.154968  0.153115  0.131584  0.133692  0.140736  0.131819  0.137197  0.145881   0.14967   0.14135  0.161118  0.153226   0.15606  0.149121  0.153227  0.159993  0.169103  0.166101  0.164981
 0.147724  0.138994  0.136605  0.140454  0.132071    0.1302  0.127923  0.113712 0.0724411         0 0.0874259  0.122766  0.116178  0.142782  0.166732  0.160744  0.144596  0.172382  0.143255  0.154517  0.154734   0.14591  0.147948  0.157264  0.148109  0.141175  0.132133  0.124488  0.136587  0.127678   0.12934  0.135947  0.136192  0.134933  0.152565  0.146379  0.156298  0.145096  0.145448  0.157638  0.166411  0.151024  0.168062
 0.168357  0.166557  0.163904  0.146649  0.153034  0.170183  0.156236   0.14309  0.121286 0.0874259         0  0.111896   0.13321  0.172427  0.167642  0.181123  0.161883    0.1726  0.161104  0.173017  0.151677  0.156282  0.174023  0.172579  0.159081  0.164361  0.141537  0.138501  0.147398  0.140022  0.141579  0.144968  0.165114  0.162518  0.174079  0.157863  0.168493  0.162813  0.166279  0.182892  0.184832  0.174308   0.18475
  0.15886    0.1503  0.149442  0.150971  0.145445  0.163146  0.160819  0.155538  0.136829  0.122766  0.111896         0 0.0993604  0.142504  0.162929  0.178166  0.164234  0.194753  0.159035  0.168095  0.166449  0.149013  0.162481  0.175815  0.174666  0.159534  0.129388  0.135598  0.150626  0.134663  0.146666  0.141933  0.153214  0.147937  0.164953  0.153236  0.167123  0.162898   0.15793  0.176943  0.172711  0.180175  0.172525
 0.147311  0.145132  0.156105  0.155488  0.155648  0.158604  0.153711  0.149896   0.13398  0.116178   0.13321 0.0993604         0  0.116623  0.159368  0.174218  0.157126  0.182631  0.152095   0.15829  0.161948  0.148545  0.161787  0.169517  0.160492   0.14677   0.13545  0.126031  0.140141  0.134916  0.137168  0.140369  0.132503  0.132003  0.147114  0.146528  0.161036  0.154991  0.153065  0.174022  0.169082  0.165551   0.16981
  0.16964  0.172186  0.169056  0.187261  0.171478  0.183088  0.172435  0.158552  0.153059  0.142782  0.172427  0.142504  0.116623         0  0.126522  0.164747  0.170972  0.194385  0.167357  0.177182  0.172128  0.176988  0.176739  0.188824  0.160131  0.166308  0.155943  0.151714  0.165214  0.149799  0.156437  0.144181  0.163543  0.146852  0.175016  0.172214  0.175613  0.189342  0.162678  0.190852  0.192928  0.183004  0.190494
 0.173289  0.159497  0.174668  0.178298  0.168279  0.177853  0.173194  0.157688  0.159343  0.166732  0.167642  0.162929  0.159368  0.126522         0   0.12531  0.149217  0.178461  0.165023  0.177309  0.174425  0.168996  0.178632  0.165145  0.159606  0.173345  0.167826  0.161162  0.166099  0.155532  0.150471  0.151121  0.167912  0.163783  0.174681   0.16514   0.16073  0.170095  0.154758  0.186735  0.191129  0.173912  0.180919
 0.168074  0.161034  0.175768  0.189659  0.173032  0.200782  0.171746  0.179137  0.160929  0.160744  0.181123  0.178166  0.174218  0.164747   0.12531         0  0.133432  0.169771  0.161083  0.172201  0.173164  0.149858  0.147433  0.171125  0.158106  0.157816    0.1461  0.152569   0.15729  0.153754   0.15264  0.144288  0.150811     0.141  0.172518  0.154926  0.170162   0.16106  0.154054  0.179728  0.179867  0.176858  0.174345
 0.152779  0.144585   0.16184  0.184803   0.16251   0.18051  0.177327  0.179679  0.154711  0.144596  0.161883  0.164234  0.157126  0.170972  0.149217  0.133432         0  0.118552  0.125008  0.171402  0.170432   0.16578  0.157317  0.152987  0.151897  0.157626  0.128879  0.132682  0.133354  0.133386  0.138619  0.151375  0.144029  0.136623  0.150308  0.148646  0.161131  0.135256  0.138389  0.160122  0.165639  0.145618  0.167529
 0.177021  0.168027  0.192843  0.206616  0.199544  0.212985  0.200776  0.196967  0.182525  0.172382    0.1726  0.194753  0.182631  0.194385  0.178461  0.169771  0.118552         0  0.105606  0.153186   0.18534  0.181585   0.18222  0.179812  0.147907  0.171404  0.147867  0.142787  0.147824  0.151444  0.149308  0.152724  0.151358  0.142877  0.170251  0.183176  0.191393  0.173843  0.169885  0.197868  0.189815  0.191452  0.187058
 0.144119  0.140043  0.161004   0.18284  0.163749  0.175115  0.167009  0.162189  0.147633  0.143255  0.161104  0.159035  0.152095  0.167357  0.165023  0.161083  0.125008  0.105606         0  0.105469  0.139607  0.159273  0.157283   0.15964  0.141874  0.142704  0.130753  0.134054  0.145853  0.124428  0.127059  0.130269  0.136202  0.137943  0.156184  0.156518  0.157392  0.147199  0.145779  0.177575  0.175843  0.162286   0.14937
 0.165021  0.149215   0.16913   0.19078  0.182917  0.192871  0.179818  0.168192  0.171654  0.154517  0.173017  0.168095   0.15829  0.177182  0.177309  0.172201  0.171402  0.153186  0.105469         0 0.0877523  0.122243  0.143256   0.15808  0.157333  0.150297  0.138847  0.136836  0.145289  0.129373  0.131474    0.1375  0.137153  0.135948  0.155991  0.165577  0.174541  0.161594  0.155521  0.194188  0.187592  0.175014  0.161246
 0.169308    0.1756  0.173826    0.1836  0.182885  0.198617  0.186141  0.176049  0.175742  0.154734  0.151677  0.166449  0.161948  0.172128  0.174425  0.173164  0.170432   0.18534  0.139607 0.0877523         0 0.0741753  0.122665   0.15134  0.138518  0.155024  0.146064  0.145478  0.155132  0.139032  0.148365  0.136365  0.147121  0.144072  0.155479  0.160597  0.170593  0.166408  0.167612  0.189295  0.193257   0.18494  0.172532
 0.178641   0.16177  0.175319  0.171137  0.168893  0.191288  0.189242  0.173352  0.163192   0.14591  0.156282  0.149013  0.148545  0.176988  0.168996  0.149858   0.16578  0.181585  0.159273  0.122243 0.0741753         0 0.0880896  0.137693  0.135129  0.149973  0.137988  0.134505  0.141477  0.135165  0.147753  0.152077  0.137241   0.13619  0.163472  0.158975   0.16668  0.174682  0.162395  0.195469   0.19375  0.186436  0.177523
 0.168811  0.161906  0.167003   0.18355  0.163191  0.189568  0.191833  0.180493  0.169679  0.147948  0.174023  0.162481  0.161787  0.176739  0.178632  0.147433  0.157317   0.18222  0.157283  0.143256  0.122665 0.0880896         0  0.113928   0.13971  0.133795   0.12209  0.125322  0.137466  0.125232  0.131283  0.131464  0.127264  0.123362  0.158279  0.148769  0.165078  0.162646   0.15907  0.175679  0.177517  0.179657  0.170839
 0.178796  0.171614  0.171248  0.184912  0.171577  0.186649  0.192294   0.18103  0.171335  0.157264  0.172579  0.175815  0.169517  0.188824  0.165145  0.171125  0.152987  0.179812   0.15964   0.15808   0.15134  0.137693  0.113928         0   0.11081   0.14312   0.14106  0.136465  0.138588  0.140455  0.127919  0.141596  0.143349  0.136367   0.16166   0.16487  0.173914  0.164299  0.162847  0.180437  0.179688  0.176752  0.179112
 0.165452  0.161295  0.173092  0.166716  0.157974  0.183431  0.176467  0.160841  0.154968  0.148109  0.159081  0.174666  0.160492  0.160131  0.159606  0.158106  0.151897  0.147907  0.141874  0.157333  0.138518  0.135129   0.13971   0.11081         0 0.0928663   0.12419  0.124062  0.121768  0.114056  0.125844  0.126949  0.139375  0.121748  0.140855  0.148889  0.162592  0.158131  0.146658  0.169639  0.168447  0.174695  0.161978
 0.145673  0.160273  0.167095  0.169201  0.161132  0.182189  0.177827  0.152783  0.153115  0.141175  0.164361  0.159534   0.14677  0.166308  0.173345  0.157816  0.157626  0.171404  0.142704  0.150297  0.155024  0.149973  0.133795   0.14312 0.0928663         0 0.0735856  0.102918  0.122741  0.113313  0.124428  0.123882  0.125423  0.116575  0.139014  0.142608  0.159398  0.147886  0.140864   0.17242  0.172552  0.161245  0.170968
 0.136776  0.134944  0.145727   0.15251  0.140756  0.158424  0.162053  0.149846  0.131584  0.132133  0.141537  0.129388   0.13545  0.155943  0.167826    0.1461  0.128879  0.147867  0.130753  0.138847  0.146064  0.137988   0.12209   0.14106   0.12419 0.0735856         0 0.0533335 0.0870872  0.104639  0.111745  0.115484  0.118808  0.118308  0.127663  0.125585  0.150435  0.135143  0.123408  0.145629  0.164693  0.141072  0.154406
 0.137866  0.139854  0.148262  0.148176  0.143633  0.163246  0.165248  0.152531  0.133692  0.124488  0.138501  0.135598  0.126031  0.151714  0.161162  0.152569  0.132682  0.142787  0.134054  0.136836  0.145478  0.134505  0.125322  0.136465  0.124062  0.102918 0.0533335         0 0.0706681 0.0857002  0.110151  0.107708  0.111993  0.109636  0.119827   0.12584  0.140004  0.128357  0.121406  0.148022  0.155793  0.144872  0.151314
 0.143237  0.143455  0.157777  0.154988  0.152203  0.163251  0.167856  0.159947  0.140736  0.136587  0.147398  0.150626  0.140141  0.165214  0.166099   0.15729  0.133354  0.147824  0.145853  0.145289  0.155132  0.141477  0.137466  0.138588  0.121768  0.122741 0.0870872 0.0706681         0 0.0703785 0.0971242  0.115293   0.11268    0.1117  0.132574  0.133186  0.144163  0.134775  0.130792  0.149605  0.163115  0.153881  0.148723
 0.137526  0.123694  0.142139  0.148079  0.127144  0.150866  0.148423  0.145976  0.131819  0.127678  0.140022  0.134663  0.134916  0.149799  0.155532  0.153754  0.133386  0.151444  0.124428  0.129373  0.139032  0.135165  0.125232  0.140455  0.114056  0.113313  0.104639 0.0857002 0.0703785         0 0.0828349  0.100123  0.101975 0.0984967  0.099405   0.11026  0.120753  0.112021  0.116199  0.148324  0.139596  0.148718  0.135725
 0.142947   0.12965  0.147919  0.146719  0.133134  0.158752  0.157287  0.149453  0.137197   0.12934  0.141579  0.146666  0.137168  0.156437  0.150471   0.15264  0.138619  0.149308  0.127059  0.131474  0.148365  0.147753  0.131283  0.127919  0.125844  0.124428  0.111745  0.110151 0.0971242 0.0828349         0 0.0852514 0.0972087  0.105319  0.113692  0.122291  0.135288  0.119774  0.128401  0.148738  0.148014  0.136687  0.144232
 0.143401  0.131671  0.145499  0.162259   0.14107  0.179405  0.162758  0.153593  0.145881  0.135947  0.144968  0.141933  0.140369  0.144181  0.151121  0.144288  0.151375  0.152724  0.130269    0.1375  0.136365  0.152077  0.131464  0.141596  0.126949  0.123882  0.115484  0.107708  0.115293  0.100123 0.0852514         0 0.0879933  0.107954  0.130578  0.132142  0.138129  0.126612  0.128216  0.160238  0.164686  0.152993  0.148063
 0.138671  0.133338  0.149591   0.15538  0.154991  0.178729  0.172767    0.1645   0.14967  0.136192  0.165114  0.153214  0.132503  0.163543  0.167912  0.150811  0.144029  0.151358  0.136202  0.137153  0.147121  0.137241  0.127264  0.143349  0.139375  0.125423  0.118808  0.111993   0.11268  0.101975 0.0972087 0.0879933         0 0.0864953  0.111029   0.12147  0.129619  0.122051  0.129096  0.145477  0.155145  0.154558  0.153804
 0.131243  0.133372  0.147308  0.162584  0.147042   0.17138  0.162838  0.150677   0.14135  0.134933  0.162518  0.147937  0.132003  0.146852  0.163783     0.141  0.136623  0.142877  0.137943  0.135948  0.144072   0.13619  0.123362  0.136367  0.121748  0.116575  0.118308  0.109636    0.1117 0.0984967  0.105319  0.107954 0.0864953         0 0.0980927  0.111436  0.124856  0.110512  0.106807  0.130334  0.137045  0.134915  0.136436
 0.139162  0.141486  0.154883  0.168172  0.156663  0.179232  0.179963  0.173534  0.161118  0.152565  0.174079  0.164953  0.147114  0.175016  0.174681  0.172518  0.150308  0.170251  0.156184  0.155991  0.155479  0.163472  0.158279   0.16166  0.140855  0.139014  0.127663  0.119827  0.132574  0.099405  0.113692  0.130578  0.111029 0.0980927         0  0.106592   0.11724  0.128234  0.121718  0.136249  0.153242  0.152124  0.147671
 0.128935  0.135468  0.145866  0.154982   0.13958  0.162806  0.166915  0.160429  0.153226  0.146379  0.157863  0.153236  0.146528  0.172214   0.16514  0.154926  0.148646  0.183176  0.156518  0.165577  0.160597  0.158975  0.148769   0.16487  0.148889  0.142608  0.125585   0.12584  0.133186   0.11026  0.122291  0.132142   0.12147  0.111436  0.106592         0 0.0988079  0.125681  0.127811    0.1522  0.144727  0.144439  0.148668
 0.154641  0.135445  0.151654  0.166279  0.135897   0.16889  0.166222  0.159933   0.15606  0.156298  0.168493  0.167123  0.161036  0.175613   0.16073  0.170162  0.161131  0.191393  0.157392  0.174541  0.170593   0.16668  0.165078  0.173914  0.162592  0.159398  0.150435  0.140004  0.144163  0.120753  0.135288  0.138129  0.129619  0.124856   0.11724 0.0988079         0    0.1282  0.133553  0.162966  0.152214  0.163371  0.150206
 0.134556  0.136607  0.154542  0.165429  0.156244  0.174595  0.164502  0.158241  0.149121  0.145096  0.162813  0.162898  0.154991  0.189342  0.170095   0.16106  0.135256  0.173843  0.147199  0.161594  0.166408  0.174682  0.162646  0.164299  0.158131  0.147886  0.135143  0.128357  0.134775  0.112021  0.119774  0.126612  0.122051  0.110512  0.128234  0.125681    0.1282         0  0.105732  0.133463  0.149572  0.142422  0.138699
 0.128003    0.1289  0.150022  0.165499  0.146525  0.159452  0.166855  0.152436  0.153227  0.145448  0.166279   0.15793  0.153065  0.162678  0.154758  0.154054  0.138389  0.169885  0.145779  0.155521  0.167612  0.162395   0.15907  0.162847  0.146658  0.140864  0.123408  0.121406  0.130792  0.116199  0.128401  0.128216  0.129096  0.106807  0.121718  0.127811  0.133553  0.105732         0  0.114325  0.134637  0.129766   0.14228
