
Alignment summary:
Oryctolagus_cuniculus: -=318 A=372 C=441 G=443 U=375
Homo_sapiens: -=337 A=375 C=420 G=446 U=371
Rattus_norvegicus: -=292 A=390 C=421 G=465 U=381
Mus_musculus: -=348 A=371 C=406 G=438 U=386
Gallus_gallus: -=304 A=371 C=419 G=482 U=373
Turdus_migratorius: -=321 A=380 C=417 G=464 U=367
Alligator_mississippiensis: -=333 A=357 C=428 G=459 U=372
Sceloporus_undulatus: -=371 A=377 C=393 G=440 U=368
Heterodon_platyrhinos: -=385 A=367 C=393 G=441 U=363
Trachemys_scripta: -=457 A=357 C=378 G=407 U=350
Typhlonectes_natans: -=390 A=367 C=408 G=425 U=359
Hypogeophis_rostratus: -=436 A=353 C=388 G=417 U=355
Grandisonia_alternans: -=417 A=359 C=393 G=424 U=356
Ichthyophis_bannanicus: -=419 A=348 C=404 G=430 U=348
Plethodon_yonhalossee: -=360 A=379 C=407 G=440 U=363
Ambystoma_mexicanum: -=423 A=347 C=401 G=431 U=347
Amphiuma_tridactylum: -=430 A=363 C=397 G=413 U=346
Siren_intermedia: -=535 A=348 C=355 G=394 U=317
Gastrophryne_carolinensis: -=538 A=338 C=363 G=396 U=314
Hyla_cinerea: -=533 A=330 C=358 G=389 U=339
Bufo_valliceps: -=438 A=357 C=380 G=427 U=347
Eleutherodactylus_cuneatus: -=467 A=352 C=385 G=421 U=324
Nesomantis_thomasseti: -=391 A=368 C=406 G=438 U=346
Scaphiopus_holbrooki: -=431 A=365 C=379 G=441 U=333
Xenopus_laevis: -=367 A=369 C=406 G=449 U=358
Discoglossus_pictus: -=404 A=354 C=397 G=429 U=365
Latimeria_chalumnae: -=301 A=390 C=407 G=473 U=378

Seed = 3081443547

Jukes-Cantor Distance Matrix:

        0 0.0253738 0.0306641 0.0340494 0.0319197 0.0396251 0.0380647 0.0479279 0.0412849 0.0428044 0.0498641 0.0451877 0.0459176 0.0434051 0.0415404 0.0468216 0.0500677 0.0342561 0.0474842 0.0590574 0.0481409 0.0402481 0.0443408 0.0395417 0.0373931 0.0325195  0.018814
0.0253738         0 0.0270604 0.0240341 0.0279578 0.0368984 0.0409032 0.0459144 0.0393416 0.0446582 0.0470219 0.0470942 0.0506429  0.048276 0.0473955 0.0448867 0.0509534 0.0341497 0.0482481 0.0511826 0.0504582 0.0380696 0.0378721 0.0333472  0.037817 0.0307552 0.0205211
0.0306641 0.0270604         0 0.0234656 0.0248123 0.0317435 0.0389066  0.049198 0.0394828 0.0440009 0.0459434 0.0426518 0.0500912 0.0457991 0.0472816 0.0463468 0.0508054 0.0410425 0.0585778 0.0599058 0.0489821 0.0434691 0.0509029 0.0429323 0.0445991 0.0315082 0.0272335
0.0340494 0.0240341 0.0234656         0 0.0222538 0.0258764 0.0314731 0.0463881 0.0443408 0.0462797 0.0541853  0.049305 0.0554458 0.0514073 0.0538251 0.0548453 0.0583952 0.0519051 0.0558769 0.0717243 0.0594594 0.0475631 0.0497379 0.0396333 0.0432143 0.0351235 0.0311033
0.0319197 0.0279578 0.0248123 0.0222538         0 0.0239637  0.028364 0.0473615 0.0377347 0.0418304 0.0451426 0.0376463 0.0520526 0.0471321 0.0516333 0.0493408 0.0572485 0.0469625 0.0609234 0.0639188 0.0514025 0.0471359 0.0551957 0.0502688 0.0515193 0.0412881  0.032138
0.0396251 0.0368984 0.0317435 0.0258764 0.0239637         0 0.0308474 0.0372879 0.0367244 0.0406114  0.048556 0.0450248 0.0526004  0.052286 0.0553348  0.056164 0.0610737 0.0542646 0.0648923  0.072611 0.0604041 0.0519786 0.0582009 0.0675118 0.0575895 0.0550979 0.0449172
0.0380647 0.0409032 0.0389066 0.0314731  0.028364 0.0308474         0 0.0338324 0.0311733 0.0376396 0.0460135 0.0407407   0.05264 0.0476587 0.0531588 0.0556786 0.0613049 0.0561009 0.0704105 0.0709189 0.0568661  0.054656 0.0588982 0.0655132 0.0588391 0.0519367 0.0427162
0.0479279 0.0459144  0.049198 0.0463881 0.0473615 0.0372879 0.0338324         0 0.0231923 0.0245193 0.0421214 0.0354048 0.0492726 0.0516285 0.0572545 0.0662026 0.0632676 0.0496313 0.0638326 0.0743871   0.06273 0.0555362 0.0561225  0.070426  0.066916  0.062568 0.0481566
0.0412849 0.0393416 0.0394828 0.0443408 0.0377347 0.0367244 0.0311733 0.0231923         0 0.0158927 0.0223532 0.0284083 0.0350685 0.0375631 0.0447576   0.05306 0.0542047  0.039544 0.0545695 0.0583672 0.0500314 0.0459765 0.0465382 0.0439456 0.0508026 0.0471758 0.0379284
0.0428044 0.0446582 0.0440009 0.0462797 0.0418304 0.0406114 0.0376396 0.0245193 0.0158927         0 0.0223789 0.0259157  0.034532  0.038441 0.0418304 0.0485727 0.0498777 0.0389293 0.0511468 0.0585546 0.0534117 0.0475595 0.0474374 0.0472341 0.0548691 0.0485906  0.042996
0.0498641 0.0470219 0.0459434 0.0541853 0.0451426  0.048556 0.0460135 0.0421214 0.0223532 0.0223789         0 0.0183022 0.0262562  0.023523 0.0360239 0.0383956 0.0449193 0.0296528 0.0426274 0.0502806   0.04052 0.0382443 0.0442606 0.0381568 0.0498201 0.0437593    0.0486
0.0451877 0.0470942 0.0426518  0.049305 0.0376463 0.0450248 0.0407407 0.0354048 0.0284083 0.0259157 0.0183022         0 0.0271224 0.0241784    0.0339 0.0370537 0.0417811 0.0312545 0.0444886  0.047571 0.0382966 0.0365345 0.0404472 0.0374785 0.0463826 0.0391852 0.0388745
0.0459176 0.0506429 0.0500912 0.0554458 0.0520526 0.0526004   0.05264 0.0492726 0.0350685  0.034532 0.0262562 0.0271224         0 0.0186034  0.025062 0.0379545  0.042422 0.0343969 0.0475159 0.0473498 0.0424715 0.0356288 0.0361516 0.0391427 0.0507496 0.0427053 0.0474034
0.0434051  0.048276 0.0457991 0.0514073 0.0471321  0.052286 0.0476587 0.0516285 0.0375631  0.038441  0.023523 0.0241784 0.0186034         0 0.0126853 0.0223951  0.030706 0.0235498 0.0353006 0.0420523 0.0321104 0.0317221 0.0315836 0.0311248 0.0420814 0.0322308 0.0408066
0.0415404 0.0473955 0.0472816 0.0538251 0.0516333 0.0553348 0.0531588 0.0572545 0.0447576 0.0418304 0.0360239    0.0339  0.025062 0.0126853         0 0.0219511 0.0316214 0.0250974  0.040247 0.0427023 0.0423676 0.0332649 0.0382847 0.0397792  0.046583 0.0369442 0.0409634
0.0468216 0.0448867 0.0463468 0.0548453 0.0493408  0.056164 0.0556786 0.0662026   0.05306 0.0485727 0.0383956 0.0370537 0.0379545 0.0223951 0.0219511         0 0.0251521  0.018667 0.0331546 0.0422978 0.0398091 0.0351685 0.0380111 0.0361326  0.040642 0.0387471 0.0414953
0.0500677 0.0509534 0.0508054 0.0583952 0.0572485 0.0610737 0.0613049 0.0632676 0.0542047 0.0498777 0.0449193 0.0417811  0.042422  0.030706 0.0316214 0.0251521         0  0.017766 0.0352159  0.043233 0.0398765 0.0329471 0.0422442 0.0425646 0.0488598  0.045434 0.0436487
0.0342561 0.0341497 0.0410425 0.0519051 0.0469625 0.0542646 0.0561009 0.0496313  0.039544 0.0389293 0.0296528 0.0312545 0.0343969 0.0235498 0.0250974  0.018667  0.017766         0 0.0181777 0.0263691 0.0244244 0.0265514 0.0286203 0.0301044 0.0308318 0.0298106 0.0285015
0.0474842 0.0482481 0.0585778 0.0558769 0.0609234 0.0648923 0.0704105 0.0638326 0.0545695 0.0511468 0.0426274 0.0444886 0.0475159 0.0353006  0.040247 0.0331546 0.0352159 0.0181777         0 0.0391467  0.035615 0.0422978 0.0386419  0.037305 0.0451573 0.0402444 0.0447191
0.0590574 0.0511826 0.0599058 0.0717243 0.0639188  0.072611 0.0709189 0.0743871 0.0583672 0.0585546 0.0502806  0.047571 0.0473498 0.0420523 0.0427023 0.0422978  0.043233 0.0263691 0.0391467         0 0.0313299 0.0353878 0.0412662 0.0493655 0.0502348  0.047571 0.0513764
0.0481409 0.0504582 0.0489821 0.0594594 0.0514025 0.0604041 0.0568661   0.06273 0.0500314 0.0534117   0.04052 0.0382966 0.0424715 0.0321104 0.0423676 0.0398091 0.0398765 0.0244244  0.035615 0.0313299         0 0.0251932 0.0301142 0.0326717 0.0400196 0.0406879 0.0407768
0.0402481 0.0380696 0.0434691 0.0475631 0.0471359 0.0519786  0.054656 0.0555362 0.0459765 0.0475595 0.0382443 0.0365345 0.0356288 0.0317221 0.0332649 0.0351685 0.0329471 0.0265514 0.0422978 0.0353878 0.0251932         0  0.023624 0.0195696 0.0320905 0.0296528 0.0354048
0.0443408 0.0378721 0.0509029 0.0497379 0.0551957 0.0582009 0.0588982 0.0561225 0.0465382 0.0474374 0.0442606 0.0404472 0.0361516 0.0315836 0.0382847 0.0380111 0.0422442 0.0286203 0.0386419 0.0412662 0.0301142  0.023624         0 0.0245741 0.0336724 0.0322308 0.0366184
0.0395417 0.0333472 0.0429323 0.0396333 0.0502688 0.0675118 0.0655132  0.070426 0.0439456 0.0472341 0.0381568 0.0374785 0.0391427 0.0311248 0.0397792 0.0361326 0.0425646 0.0301044  0.037305 0.0493655 0.0326717 0.0195696 0.0245741         0 0.0339458 0.0308856 0.0351455
0.0373931  0.037817 0.0445991 0.0432143 0.0515193 0.0575895 0.0588391  0.066916 0.0508026 0.0548691 0.0498201 0.0463826 0.0507496 0.0420814  0.046583  0.040642 0.0488598 0.0308318 0.0451573 0.0502348 0.0400196 0.0320905 0.0336724 0.0339458         0 0.0301116 0.0384788
0.0325195 0.0307552 0.0315082 0.0351235 0.0412881 0.0550979 0.0519367  0.062568 0.0471758 0.0485906 0.0437593 0.0391852 0.0427053 0.0322308 0.0369442 0.0387471  0.045434 0.0298106 0.0402444  0.047571 0.0406879 0.0296528 0.0322308 0.0308856 0.0301116         0 0.0362356
 0.018814 0.0205211 0.0272335 0.0311033  0.032138 0.0449172 0.0427162 0.0481566 0.0379284  0.042996    0.0486 0.0388745 0.0474034 0.0408066 0.0409634 0.0414953 0.0436487 0.0285015 0.0447191 0.0513764 0.0407768 0.0354048 0.0366184 0.0351455 0.0384788 0.0362356         0


JC Tree topology:
(1,(2,((3,((4,(5,6)),7)),(((((((((((8,9),10),11),12),13),(14,15)),((16,17),(18,19))),(20,21)),((22,24),23)),25),26))),27);

Putting MLE Branch Lengths
p: 0.234114 0.256704 0.279915 0.229267
s:  0.102007  0.183877 0.0610378  0.192236  0.364097 0.0967453
Q: 
-0.740925  0.217858  0.392708  0.130359
 0.198686  -1.28229  0.374431  0.709176
 0.328452  0.343383 -0.844646  0.172812
 0.133115  0.794047  0.210989  -1.13815

(17:0.0141129,16:0.0128814,((18:0.0008549,19:0.0192605):0.0041743,((((13:0.0146869,(14:0.0016192,15:0.0117294):0.0042997):0.0045478,((11:0.0096890,12:0.0110537):0.0011886,((9:0.0077128,8:0.0225285):0.0039373,10:0.0081162):0.0144357):0.0112890):0.0111443,(((24:0.0115120,22:0.0138390):0.0039136,23:0.0142133):0.0094197,(((1:0.0083621,27:0.0145420):0.0057649,((3:0.0116812,(7:0.0230375,((6:0.0145098,5:0.0095213):0.0035277,4:0.0128514):0.0000100):0.0062849):0.0079093,2:0.0105877):0.0037949):0.0141228,(26:0.0142302,25:0.0194152):0.0096692):0.0068180):0.0072220):0.0033824,(20:0.0197590,21:0.0153542):0.0103508):0.0054117):0.0050054);
Seed = 1821618317
Seeds per chain: 
     4078391441
     4217947411
     1946091284
     2664463340
stationary acceptance: 0.326282
symmetric acceptance: 0.407328
branch length acceptance: 0.696862
avgP:  0.21398  0.25132 0.294617 0.240083
sP: 0.000114341 9.78426e-05 0.000123166 9.74418e-05
avgS: 0.0837598  0.147942 0.0654475  0.251136  0.345656  0.106059
sS: 8.89765e-05   0.0002043 8.78265e-05  0.00027461 0.000347699 0.000126894
 0.21398  0.25132 0.294617 0.240083
0.0837598  0.147942 0.0654475  0.251136  0.345656  0.106059

 -0.69434  0.195719  0.345691  0.152929
  0.16664  -1.35396  0.499635  0.687681
 0.251074  0.426208 -0.857276  0.179994
 0.136302  0.719866   0.22088  -1.07705

stationary acceptance: 0.341382
symmetric acceptance: 0.391651
branch length acceptance: 0.695702
avgP: 0.214114 0.251407 0.294425 0.240054
sP: 0.000112217 9.74935e-05 0.000122057 9.66167e-05
avgS: 0.0838956  0.147992 0.0654878  0.251107  0.345551  0.105967
sS: 9.08357e-05 0.000199853  8.9499e-05 0.000277957 0.000347708 0.000128763
0.214114 0.251407 0.294425 0.240054
0.0838956  0.147992 0.0654878  0.251107  0.345551  0.105967

-0.694435  0.195914  0.345593  0.152928
 0.166852  -1.35349  0.499403  0.687233
 0.251324  0.426436 -0.857715  0.179955
 0.136402  0.719735  0.220714  -1.07685

stationary acceptance: 0.330666
symmetric acceptance: 0.407272
branch length acceptance: 0.709211
avgP: 0.214023 0.251315 0.294477 0.240185
sP: 0.000114779 9.76448e-05 0.000122878 9.70207e-05
avgS: 0.0837835  0.147985 0.0654791  0.251203  0.345496  0.106053
sS: 9.06107e-05 0.000200809 8.78875e-05 0.000270032 0.000339136   0.0001282
0.214023 0.251315 0.294477 0.240185
0.0837835  0.147985 0.0654791  0.251203  0.345496  0.106053

-0.694429  0.195735  0.345723  0.152972
  0.16669  -1.35385  0.499778  0.687377
 0.251268  0.426525 -0.857863   0.18007
  0.13631  0.719228  0.220773  -1.07631

stationary acceptance: 0.327163
symmetric acceptance: 0.411905
branch length acceptance: 0.705523
avgP:  0.21409 0.251303 0.294543 0.240064
sP: 0.000112487  9.7042e-05  0.00012267 9.91696e-05
avgS: 0.0838884  0.148145 0.0654998  0.251242  0.345332  0.105892
sS:  9.0378e-05 0.000201999 8.77078e-05 0.000268215 0.000338465 0.000123034
 0.21409 0.251303 0.294543 0.240064
0.0838884  0.148145 0.0654998  0.251242  0.345332  0.105892

 -0.69488  0.195919  0.345988  0.152973
 0.166907  -1.35387  0.499879  0.687083
 0.251483  0.426496 -0.857735  0.179757
 0.136421   0.71925   0.22055  -1.07622

GTR Distance Matrix:

        0 0.0253331 0.0308252 0.0341189  0.031966 0.0397869 0.0379496  0.048048 0.0414631 0.0430944 0.0499433 0.0452624 0.0460315 0.0434522  0.041949 0.0470092 0.0503951 0.0346166 0.0479397 0.0593696 0.0486062 0.0406247 0.0445701  0.040002 0.0376224 0.0326819 0.0189471
0.0253331         0 0.0271247  0.024108 0.0279721 0.0371543 0.0408516 0.0463042 0.0395067 0.0449112 0.0472747 0.0472352 0.0508818 0.0483871 0.0477357 0.0449331 0.0512774  0.034464 0.0484847 0.0512991 0.0507088 0.0382358 0.0379289   0.03366  0.038001 0.0309035 0.0206459
0.0308252 0.0271247         0 0.0235369 0.0249186 0.0319774 0.0388798 0.0496583 0.0398628 0.0444573 0.0463124 0.0429012 0.0504984 0.0459369 0.0478482 0.0466484 0.0513264  0.041671 0.0593874 0.0604345 0.0494726 0.0438894 0.0512598 0.0436015 0.0449948 0.0317281 0.0275312
0.0341189  0.024108 0.0235369         0 0.0222804 0.0260727 0.0315018 0.0468531 0.0446241 0.0466644 0.0546148 0.0496385 0.0558609 0.0515604 0.0542207 0.0550341 0.0588581 0.0525196 0.0563132 0.0722257 0.0599813 0.0478745 0.0500646  0.040141 0.0435775 0.0354047 0.0313862
 0.031966 0.0279721 0.0249186 0.0222804         0 0.0240731 0.0283368 0.0477601 0.0380198 0.0421031 0.0453798 0.0377832 0.0523052 0.0471566 0.0521026 0.0493939 0.0576364 0.0474091 0.0614628 0.0641994 0.0518407 0.0474345 0.0555053 0.0510946 0.0520722   0.04153  0.032539
0.0397869 0.0371543 0.0319774 0.0260727 0.0240731         0 0.0309013 0.0376932  0.037144 0.0409465 0.0489967 0.0453483 0.0530517 0.0525672 0.0559428 0.0564937 0.0617962 0.0549899 0.0655108 0.0732706 0.0610441 0.0523788 0.0586931 0.0686378 0.0583136 0.0557666 0.0455077
0.0379496 0.0408516 0.0388798 0.0315018 0.0283368 0.0309013         0 0.0339704 0.0312817 0.0378724 0.0460793  0.040781 0.0527001 0.0474915 0.0532782 0.0555248 0.0613322 0.0564406  0.070567 0.0709547 0.0570202  0.054676 0.0588889 0.0660513 0.0591724 0.0520873 0.0428805
 0.048048 0.0463042 0.0496583 0.0468531 0.0477601 0.0376932 0.0339704         0 0.0234284  0.024732 0.0424742 0.0357011  0.049805 0.0519905   0.05792 0.0668049 0.0638951 0.0502155 0.0644656  0.074843 0.0635687 0.0561398 0.0568161 0.0717799 0.0678561 0.0632604 0.0487185
0.0414631 0.0395067 0.0398628 0.0446241 0.0380198  0.037144 0.0312817 0.0234284         0 0.0160447 0.0225194 0.0286258 0.0353764 0.0377401 0.0451735 0.0533756 0.0546432 0.0400651  0.055132 0.0587191 0.0506041 0.0464224 0.0469747 0.0444915 0.0514234 0.0476527 0.0382732
0.0430944 0.0449112 0.0444573 0.0466644 0.0421031 0.0409465 0.0378724  0.024732 0.0160447         0 0.0225851 0.0262057 0.0348359 0.0387734 0.0422646 0.0489701 0.0503708 0.0394032 0.0515509 0.0590957 0.0541413 0.0478879 0.0479589 0.0479822   0.05562  0.049223 0.0435719
0.0499433 0.0472747 0.0463124 0.0546148 0.0453798 0.0489967 0.0460793 0.0424742 0.0225194 0.0225851         0 0.0183651 0.0264247 0.0235503 0.0362868 0.0385002 0.0451942 0.0300139 0.0428755 0.0506007 0.0408323 0.0385314  0.044648 0.0385962  0.050354 0.0441611  0.049155
0.0452624 0.0472352 0.0429012 0.0496385 0.0377832 0.0453483  0.040781 0.0357011 0.0286258 0.0262057 0.0183651         0 0.0272513 0.0241986 0.0341563 0.0372153 0.0420229 0.0315774 0.0447332  0.047851 0.0385109 0.0366686 0.0405981 0.0378175  0.046794 0.0394522 0.0392278
0.0460315 0.0508818 0.0504984 0.0558609 0.0523052 0.0530517 0.0527001  0.049805 0.0353764 0.0348359 0.0264247 0.0272513         0 0.0186112 0.0251905   0.03809 0.0427313 0.0347784 0.0478345 0.0475394  0.042947 0.0358836 0.0363785  0.039665 0.0513948  0.043079 0.0478812
0.0434522 0.0483871 0.0459369 0.0515604 0.0471566 0.0525672 0.0474915 0.0519905 0.0377401 0.0387734 0.0235503 0.0241986 0.0186112         0 0.0127075 0.0223858 0.0308189 0.0237757 0.0354329 0.0421717 0.0322809 0.0318433 0.0316491 0.0313871 0.0423673 0.0324212 0.0411455
 0.041949 0.0477357 0.0478482 0.0542207 0.0521026 0.0559428 0.0532782   0.05792 0.0451735 0.0422646 0.0362868 0.0341563 0.0251905 0.0127075         0 0.0220565 0.0318653 0.0254364 0.0407365 0.0429551 0.0429153 0.0336229 0.0387356 0.0404915 0.0472567 0.0373919 0.0415766
0.0470092 0.0449331 0.0466484 0.0550341 0.0493939 0.0564937 0.0555248 0.0668049 0.0533756 0.0489701 0.0385002 0.0372153   0.03809 0.0223858 0.0220565         0  0.025262 0.0188371 0.0333451 0.0423812 0.0400175 0.0353139 0.0381831 0.0365127 0.0409711 0.0390458 0.0418774
0.0503951 0.0512774 0.0513264 0.0588581 0.0576364 0.0617962 0.0613322 0.0638951 0.0546432 0.0503708 0.0451942 0.0420229 0.0427313 0.0308189 0.0318653  0.025262         0 0.0179927 0.0355591 0.0435436 0.0402115 0.0332592 0.0425818 0.0431649 0.0494227 0.0459466 0.0441928
0.0346166  0.034464  0.041671 0.0525196 0.0474091 0.0549899 0.0564406 0.0502155 0.0400651 0.0394032 0.0300139 0.0315774 0.0347784 0.0237757 0.0254364 0.0188371 0.0179927         0 0.0184393  0.026604 0.0246794 0.0268806 0.0289539 0.0306504 0.0312282 0.0302281  0.028926
0.0479397 0.0484847 0.0593874 0.0563132 0.0614628 0.0655108  0.070567 0.0644656  0.055132 0.0515509 0.0428755 0.0447332 0.0478345 0.0354329 0.0407365 0.0333451 0.0355591 0.0184393         0 0.0393373 0.0360046  0.042663 0.0390493 0.0378338 0.0457919  0.040691 0.0455145
0.0593696 0.0512991 0.0604345 0.0722257 0.0641994 0.0732706 0.0709547  0.074843 0.0587191 0.0590957 0.0506007  0.047851 0.0475394 0.0421717 0.0429551 0.0423812 0.0435436  0.026604 0.0393373         0 0.0316071 0.0356191 0.0415572 0.0500423 0.0506407 0.0480262 0.0520256
0.0486062 0.0507088 0.0494726 0.0599813 0.0518407 0.0610441 0.0570202 0.0635687 0.0506041 0.0541413 0.0408323 0.0385109  0.042947 0.0322809 0.0429153 0.0400175 0.0402115 0.0246794 0.0360046 0.0316071         0 0.0254405  0.030398 0.0331877 0.0405076 0.0411556 0.0413419
0.0406247 0.0382358 0.0438894 0.0478745 0.0474345 0.0523788  0.054676 0.0561398 0.0464224 0.0478879 0.0385314 0.0366686 0.0358836 0.0318433 0.0336229 0.0353139 0.0332592 0.0268806  0.042663 0.0356191 0.0254405         0 0.0238262 0.0197752 0.0324083 0.0299818 0.0358947
0.0445701 0.0379289 0.0512598 0.0500646 0.0555053 0.0586931 0.0588889 0.0568161 0.0469747 0.0479589  0.044648 0.0405981 0.0363785 0.0316491 0.0387356 0.0381831 0.0425818 0.0289539 0.0390493 0.0415572  0.030398 0.0238262         0  0.024829 0.0338776 0.0324458 0.0369577
 0.040002   0.03366 0.0436015  0.040141 0.0510946 0.0686378 0.0660513 0.0717799 0.0444915 0.0479822 0.0385962 0.0378175  0.039665 0.0313871 0.0404915 0.0365127 0.0431649 0.0306504 0.0378338 0.0500423 0.0331877 0.0197752  0.024829         0 0.0344842 0.0313532  0.035817
0.0376224  0.038001 0.0449948 0.0435775 0.0520722 0.0583136 0.0591724 0.0678561 0.0514234   0.05562  0.050354  0.046794 0.0513948 0.0423673 0.0472567 0.0409711 0.0494227 0.0312282 0.0457919 0.0506407 0.0405076 0.0324083 0.0338776 0.0344842         0 0.0302927 0.0389899
0.0326819 0.0309035 0.0317281 0.0354047   0.04153 0.0557666 0.0520873 0.0632604 0.0476527  0.049223 0.0441611 0.0394522  0.043079 0.0324212 0.0373919 0.0390458 0.0459466 0.0302281  0.040691 0.0480262 0.0411556 0.0299818 0.0324458 0.0313532 0.0302927         0 0.0366425
0.0189471 0.0206459 0.0275312 0.0313862  0.032539 0.0455077 0.0428805 0.0487185 0.0382732 0.0435719  0.049155 0.0392278 0.0478812 0.0411455 0.0415766 0.0418774 0.0441928  0.028926 0.0455145 0.0520256 0.0413419 0.0358947 0.0369577  0.035817 0.0389899 0.0366425         0

Seed = 170341235
Seeds per core: 
      863667369
      165215284
     2146944609
     2972333028
      496872905
     1010909368
     3282552459
      431245708
     1758552871
     2866320831
      303337930
     3331966063
      665871728
     4193323507
      776026821
     1322479568
     2951832756
     1191804060
      442349783
     1829103676
      843251774
     2905767031
     2440951455
      664292794
     2120602944
      933646260
     2634704240
     1731145273
     3203582340
      544067792
      642959891
     4290784503
     1175123124
     3703160689
     3151972990
     3186904456
      580744255
      888398665
     3750165544
      880546316
     2747291918
     1052493232
     4271769168
     1548625734
     1576132892
     3066436064
     3938276553
     1881258565
ESS = 32.99, or 3.30 percent.
Times: 
MCMC: 576 seconds
Bootstrap: 0 seconds
Estimate ccdprobs from bootstrap: 0 seconds
Importance sampling: 294 seconds
Total time: 14 minutes, 30 seconds.
