Pi: 0.232223 0.223507  0.17978 0.364489
S:  0.184864  0.159525  0.115985 0.0262204  0.492867 0.0205386
