Pi: 0.265595 0.207678 0.247841 0.278887
S:  0.109949  0.187332  0.152506 0.0668635  0.377884  0.105465
