Pi: 0.235162 0.219662 0.176427 0.368749
S:  0.186311  0.159438  0.115483 0.0259603  0.492862 0.0199462
