
Alignment summary:
Caecomyces_communis: -=130 A=413 C=310 G=399 N=1 T=407
Absidia_glauca: -=143 A=417 C=307 G=392 T=401
Rhizopus_oryzae: -=141 A=415 C=308 G=402 T=394
Mucor_hiemalis: -=159 A=418 C=301 G=393 T=389
Mortierella_polycephala: -=182 A=423 C=302 G=373 T=380
Echinosporangium_transversale: -=241 A=390 C=289 G=368 T=372
Mortierella_wolfii: -=214 A=391 C=287 G=387 T=381
Piromyces_communis: -=194 A=403 C=297 G=382 S=1 T=383
Kickxella_alabastrina: -=194 A=418 C=305 G=380 R=1 S=2 T=360
Linderina_pennispora: -=211 A=401 C=293 G=382 T=373
Dipsacomyces_acuminosporus: -=188 A=391 C=300 G=396 S=1 T=384
Entomophthora_muscae: -=160 A=412 C=307 G=400 T=381
Conidiobolus_coronatus: -=176 A=414 C=293 G=391 T=386
Smittium_culisetae: -=183 A=421 C=295 G=385 T=376
Furculomyces_boomerangus: -=182 A=418 C=288 G=377 T=395
Capniomyces_stellatus: -=164 A=429 C=283 G=390 N=1 T=393
Blastocladiella_emersonii: -=211 A=414 C=266 G=371 T=398
Chytridium_confervae: -=216 A=407 C=279 G=362 T=396
Neocallimastix_frontalis: -=219 A=404 C=275 G=376 T=386
Ustilago_hordii: -=217 A=417 C=279 G=376 T=371
Endogone_pisiforme: -=225 A=395 C=277 G=395 T=368
Glomus_mossae: -=240 A=400 C=282 G=371 T=367
Gigaspora_margarita: -=176 A=418 C=296 G=374 T=396
Coprinus_cinereus: -=188 A=417 C=287 G=373 T=395
Boletus_satanas: -=221 A=404 C=270 G=377 R=1 T=387
Morchella_elata: -=237 A=401 C=264 G=377 T=381
Peziza_badia: -=237 A=403 C=272 G=364 T=384
Saccharomyces_cerevisiae: -=202 A=410 C=282 G=367 T=399
Pneumocystis_carinii: -=191 A=423 C=269 G=369 T=408
Eurotium_rubrum: -=195 A=417 C=268 G=372 T=408
Neurospora_crassa: -=190 A=416 C=276 G=368 T=410
Taphrina_deformans: -=189 A=410 C=284 G=381 T=396
Schizosaccharomyces_pombe: -=234 A=403 C=265 G=366 T=392
Caenorhabditis_drosophilae: -=217 A=406 C=278 G=362 T=397
Hydra_littoralis: -=171 A=404 C=296 G=390 T=399
Calanus_pacificus: -=135 A=431 C=300 G=392 T=402
Coleochaete_scutata: -=135 A=426 C=293 G=399 T=407
Physcomitrella_patens: -=131 A=419 C=287 G=410 T=413
Arabidopsis_thaliana: -=125 A=426 C=284 G=405 T=420
Zea_mays: -=131 A=415 C=293 G=411 T=410
Mesostigma_viride: -=127 A=431 C=301 G=398 T=403
Xenopus_laevis: -=125 A=422 C=304 G=409 T=400
Gallus_gallus: -=126 A=417 C=305 G=408 T=404

Seed = 3814804744

Jukes-Cantor Distance Matrix:

        0  0.104722  0.139957  0.153734  0.144155  0.159111  0.158482   0.15166  0.143547  0.146581  0.167659  0.157765  0.146143  0.168049  0.171981   0.16621  0.150699  0.175462  0.143142   0.16325  0.166518  0.176431  0.166886  0.176829  0.164362  0.144155  0.136101  0.136741  0.142271  0.136741  0.142782  0.142782  0.137923  0.130565  0.138175   0.12783   0.15346  0.133556  0.127553  0.153009  0.151609  0.142007  0.120085
 0.104722         0  0.107557   0.14297  0.125384  0.149666  0.143847  0.146752  0.143586  0.138117  0.165367  0.149477  0.143908  0.170365  0.158604  0.160058  0.142619  0.166425  0.139208  0.147851  0.173494  0.160525  0.161292  0.170023   0.16024  0.159624   0.13449  0.138952  0.142706  0.123078  0.129083   0.13093  0.132652  0.132743  0.140767  0.134634  0.134931  0.135536  0.128481  0.149908  0.155537  0.129179  0.129086
 0.139957  0.107557         0  0.124677  0.124108  0.147331  0.146069  0.141135  0.144655  0.135266  0.162545  0.147533  0.154705   0.16649  0.172719  0.173179  0.159234  0.189249  0.158482  0.166465  0.170664  0.172391  0.164983  0.168538  0.170527  0.165113  0.144723  0.146468  0.156157  0.141135  0.147202  0.144058  0.148033  0.146182  0.152942  0.143821  0.149645  0.152478  0.148432  0.163813  0.188915  0.158247  0.155435
 0.153734   0.14297  0.124677         0  0.112592  0.143031  0.154071  0.145469  0.141866  0.138566  0.144813  0.149162  0.153833  0.184437  0.175708  0.186262  0.181752  0.203412  0.180183  0.187559  0.180036  0.168089  0.181174  0.182448  0.164481  0.167403  0.151471  0.146635  0.153138   0.14635  0.145667  0.160474  0.154243  0.161262  0.166011   0.15288  0.164013  0.163517  0.163247   0.17612  0.185888  0.176036   0.17179
 0.144155  0.125384  0.124108  0.112592         0  0.103665  0.115468  0.130568   0.12089  0.131411   0.15209  0.144099  0.154529  0.169926  0.167137  0.171095  0.160665  0.197737  0.162621  0.181154  0.180223  0.166246  0.161617  0.169826  0.156292  0.160049  0.140506  0.142835   0.15118  0.126368  0.132571  0.140288  0.154177  0.146926  0.155499  0.138391  0.134993  0.155096  0.145593  0.158361  0.159327  0.163316  0.158121
 0.159111  0.149666  0.147331  0.143031  0.103665         0  0.109396  0.122485  0.130424  0.129257  0.168974  0.161697  0.157321   0.18203  0.177046  0.198442  0.178458  0.209958  0.172921   0.19062   0.19574  0.188985   0.18785  0.184965  0.180819  0.180239  0.157939  0.161953  0.161663  0.149795  0.158218  0.177989  0.177913  0.170639  0.177341  0.161018  0.167895  0.173151  0.157854  0.175861  0.179528  0.189249  0.158733
 0.158482  0.143847  0.146069  0.154071  0.115468  0.109396         0 0.0878801  0.108459  0.127818  0.155938   0.15974  0.152936  0.170297  0.170926  0.168927  0.174626  0.197945  0.164702  0.177192  0.182742  0.186049  0.189418  0.189742  0.174209  0.176435   0.16168  0.163988  0.166302  0.147285  0.156419  0.161202  0.170931  0.161244  0.177243  0.164721  0.164333  0.162713  0.165046  0.170617  0.183997  0.180141  0.156388
  0.15166  0.146752  0.141135  0.145469  0.130568  0.122485 0.0878801         0 0.0863948  0.113249  0.142206  0.153907   0.14905  0.157225  0.156223  0.175827   0.17695  0.194009  0.159785  0.165695  0.173256  0.170654  0.178249  0.178934  0.158873  0.151252  0.149052  0.150909  0.157714    0.1444  0.148217  0.151871   0.16273  0.149197  0.170938  0.158114  0.157869  0.156037  0.150005  0.164502  0.177891  0.179087  0.177614
 0.143547  0.143586  0.144655  0.141866   0.12089  0.130424  0.108459 0.0863948         0 0.0722105  0.120535  0.135058  0.132721  0.151336  0.157225  0.158106  0.151927  0.179442  0.145196  0.168608  0.172109  0.160342  0.167268   0.16876   0.15264  0.150962  0.131264  0.132474  0.139029  0.130454   0.13609  0.144169  0.148211  0.140279  0.158608  0.150891  0.154568  0.147034  0.151311  0.157256  0.166838  0.164248  0.163134
 0.146581  0.138117  0.135266  0.138566  0.131411  0.129257  0.127818  0.113249 0.0722105         0 0.0875499  0.122283  0.115999  0.142013  0.165972  0.158861  0.142631  0.170322   0.14145  0.152832  0.152421  0.143732  0.146044  0.155266  0.146324  0.139473  0.131371  0.123459  0.135029  0.126624  0.128665  0.134818  0.134968   0.13381  0.150503    0.1447   0.15515  0.143513  0.143696  0.155271  0.164433  0.149649  0.166921
 0.167659  0.165367  0.162545  0.144813   0.15209  0.168974  0.155938  0.142206  0.120535 0.0875499         0   0.11151  0.133276  0.171085  0.166386  0.178747  0.159765  0.171194  0.159518  0.171326  0.149806  0.154004  0.172319  0.170512  0.157964  0.163363  0.141219  0.138124  0.146295  0.139489  0.141486  0.144252  0.164409  0.162518   0.17245  0.156409  0.166709  0.161666  0.164951   0.18084   0.18274  0.172581  0.184215
 0.157765  0.149477  0.147533  0.149162  0.144099  0.161697   0.15974  0.153907  0.135058  0.122283   0.11151         0 0.0992284  0.141169  0.161883  0.176699  0.162606   0.19355  0.157596   0.16664  0.164614  0.147046   0.16058  0.173821  0.173226  0.157838  0.128785  0.134818  0.149796   0.13398  0.146008   0.14099  0.152174  0.147158  0.163307  0.151789  0.165705  0.160763  0.156575  0.174543  0.170873  0.178147  0.171263
 0.146143  0.143908  0.154705  0.153833  0.154529  0.157321  0.152936   0.14905  0.132721  0.115999  0.133276 0.0992284         0  0.115785  0.158482  0.172581   0.15573   0.18128  0.150463  0.155799  0.159636  0.146749  0.160222  0.167801  0.159121  0.145499  0.134979  0.124964  0.139317  0.134069  0.136635  0.139739  0.131435  0.131214  0.145491  0.145359  0.160058  0.153526  0.151757  0.172512  0.167956  0.164165  0.168942
 0.168049  0.170365   0.16649  0.184437  0.169926   0.18203  0.170297  0.157225  0.151336  0.142013  0.171085  0.141169  0.115785         0  0.125666  0.162362  0.168957   0.19219  0.165548  0.174723  0.168866   0.17369  0.173759  0.185883  0.157966  0.163853   0.15405  0.149337   0.16306  0.148386  0.155454  0.142687  0.161512  0.145565  0.172939  0.170439  0.174257  0.186856  0.160673  0.188042  0.190408  0.181153   0.18893
 0.171981  0.158604  0.172719  0.175708  0.167137  0.177046  0.170926  0.156223  0.157225  0.165972  0.166386  0.161883  0.158482  0.125666         0  0.124016  0.148071  0.176624  0.163981  0.175698  0.172676  0.167033  0.177197  0.163664  0.157582  0.171895  0.167265  0.159759  0.164451  0.154307  0.149828  0.150185  0.166661  0.162865  0.173419  0.163134  0.159335  0.168179  0.153526  0.185097   0.18893  0.173179  0.179823
  0.16621  0.160058  0.173179  0.186262  0.171095  0.198442  0.168927  0.175827  0.158106  0.158861  0.178747  0.176699  0.172581  0.162362  0.124016         0  0.132159  0.168021  0.159487  0.169963  0.170159   0.14758  0.145791  0.168771  0.156325  0.155912  0.144678  0.150582  0.155239  0.152241  0.151525  0.143142  0.149851  0.139663  0.170691    0.1532  0.168168  0.158963  0.152049  0.177065  0.177201  0.175666   0.17363
 0.150699  0.142619  0.159234  0.181752  0.160665  0.178458  0.174626   0.17695  0.151927  0.142631  0.159765  0.162606   0.15573  0.168957  0.148071  0.132159         0  0.117812  0.124165  0.168139  0.167543  0.164075  0.155578  0.151372  0.149885  0.155295  0.127284  0.131011  0.131602  0.131918  0.137288  0.149773  0.142216  0.135517  0.148335  0.146637  0.159227  0.133686  0.137161  0.157987  0.163203  0.143918  0.165954
 0.175462  0.166425  0.189249  0.203412  0.197737  0.209958  0.197945  0.194009  0.179442  0.170322  0.171194   0.19355   0.18128   0.19219  0.176624  0.168021  0.117812         0  0.105133  0.151363  0.183254  0.180154   0.17912  0.177146  0.146284  0.169398   0.14601  0.140734  0.146154  0.149973  0.148472  0.151927  0.149955  0.141799  0.168401  0.181112  0.189091  0.171772   0.16819  0.195754  0.187283  0.189689   0.18563
 0.143142  0.139208  0.158482  0.180183  0.162621  0.172921  0.164702  0.159785  0.145196   0.14145  0.159518  0.157596  0.150463  0.165548  0.163981  0.159487  0.124165  0.105133         0  0.104351  0.137965  0.157152  0.155315  0.157582  0.140898  0.141507  0.129867  0.132877  0.144725   0.12372   0.12659   0.12986  0.135262  0.137301  0.154764  0.155607  0.156234  0.145604  0.145038  0.175407   0.17362  0.160727  0.148817
  0.16325  0.147851  0.166465  0.187559  0.181154   0.19062  0.177192  0.165695  0.168608  0.152832  0.171326   0.16664  0.155799  0.174723  0.175698  0.169963  0.168139  0.151363  0.104351         0 0.0870316  0.121231  0.141596  0.155534  0.155472  0.147787  0.137197  0.135078  0.143833  0.128278  0.130381  0.136301    0.1356  0.135058  0.153993  0.163508  0.172112  0.158607  0.153644  0.190764  0.184402  0.172932  0.160105
 0.166518  0.173494  0.170664  0.180036  0.180223   0.19574  0.182742  0.173256  0.172109  0.152421  0.149806  0.164614  0.159636  0.168866  0.172676  0.170159  0.167543  0.183254  0.137965 0.0870316         0 0.0737217  0.121375  0.148931  0.136852  0.152201  0.144438  0.143683  0.153671   0.13807  0.147166  0.134979  0.145263  0.142738  0.153099  0.158231  0.167714  0.162885  0.164883  0.185294  0.189858  0.181838  0.170603
 0.176431  0.160525  0.172391  0.168089  0.166246  0.188985  0.186049  0.170654  0.160342  0.143732  0.154004  0.147046  0.146749   0.17369  0.167033   0.14758  0.164075  0.180154  0.157152  0.121231 0.0737217         0 0.0877971  0.136083  0.133595  0.148033  0.137079  0.133135  0.140227  0.133942  0.146869  0.150752  0.135695  0.135037  0.161363  0.156827  0.163849  0.171693  0.160514  0.192048   0.19096  0.183882  0.175807
 0.166886  0.161292  0.164983  0.181174  0.161617   0.18785  0.189418  0.178249  0.167268  0.146044  0.172319   0.16058  0.160222  0.173759  0.177197  0.145791  0.155578   0.17912  0.155315  0.141596  0.121375 0.0877971         0  0.113081   0.13899  0.132523   0.12111  0.124186  0.136208  0.124257  0.130596  0.130495  0.126227  0.122706  0.156868  0.147533  0.163464  0.160785  0.157758  0.173642  0.175374  0.178158  0.170061
 0.176829  0.170023  0.168538  0.182448  0.169826  0.184965  0.189742  0.178934   0.16876  0.155266  0.170512  0.173821  0.167801  0.185883  0.163664  0.168771  0.151372  0.177146  0.157582  0.155534  0.148931  0.136083  0.113081         0  0.109905  0.141909  0.139939   0.13566  0.137495  0.139332  0.127371   0.14073  0.142118  0.136083  0.159867  0.163283  0.172181  0.162651  0.161541  0.178309  0.177847  0.175266   0.17803
 0.164362   0.16024  0.170527  0.164481  0.156292  0.180819  0.174209  0.158873   0.15264  0.146324  0.157964  0.173226  0.159121  0.157966  0.157582  0.156325  0.149885  0.146284  0.140898  0.155472  0.136852  0.133595   0.13899  0.109905         0 0.0926424  0.123968  0.123599  0.121206  0.113735  0.125887   0.12685  0.138677  0.121428  0.139585   0.14744  0.161107  0.156737  0.145781  0.167888  0.166386  0.173545  0.161602
 0.144155  0.159624  0.165113  0.167403  0.160049  0.180239  0.176435  0.151252  0.150962  0.139473  0.163363  0.157838  0.145499  0.163853  0.171895  0.155912  0.155295  0.169398  0.141507  0.147787  0.152201  0.148033  0.132523  0.141909 0.0926424         0 0.0735346  0.102576  0.121792  0.112612  0.123918  0.123346  0.124589  0.115928  0.137073   0.14073  0.157344  0.145822  0.139317  0.170451  0.170588  0.159994  0.170177
 0.136101   0.13449  0.144723  0.151471  0.140506  0.157939   0.16168  0.149052  0.131264  0.131371  0.141219  0.128785  0.134979   0.15405  0.167265  0.144678  0.127284   0.14601  0.129867  0.137197  0.144438  0.137079   0.12111  0.139939  0.123968 0.0735346         0 0.0534597 0.0869089  0.104394  0.111286  0.115035  0.118083  0.117796  0.126691  0.124739  0.149592  0.133965  0.122675  0.144268  0.163664  0.140377  0.154105
 0.136741  0.138952  0.146468  0.146635  0.142835  0.161953  0.163988  0.150909  0.132474  0.123459  0.138124  0.134818  0.124964  0.149337  0.159759  0.150582  0.131011  0.140734  0.132877  0.135078  0.143683  0.133135  0.124186   0.13566  0.123599  0.102576 0.0534597         0 0.0708277 0.0858078  0.109815  0.107086  0.111315  0.109298  0.118888    0.1251  0.139153  0.127289  0.120438  0.146301  0.154309  0.143547  0.150542
 0.142271  0.142706  0.156157  0.153138   0.15118  0.161663  0.166302  0.157714  0.139029  0.135029  0.146295  0.149796  0.139317   0.16306  0.164451  0.155239  0.131602  0.146154  0.144725  0.143833  0.153671  0.140227  0.136208  0.137495  0.121206  0.121792 0.0869089 0.0708277         0 0.0705217 0.0970515  0.114607  0.112374  0.111315  0.131458  0.132084   0.14351  0.133636  0.129944  0.148321  0.161417   0.15315  0.148208
 0.136741  0.123078  0.141135   0.14635  0.126368  0.149795  0.147285    0.1444  0.130454  0.126624  0.139489   0.13398  0.134069  0.148386  0.154307  0.152241  0.131918  0.149973   0.12372  0.128278   0.13807  0.133942  0.124257  0.139332  0.113735  0.112612  0.104394 0.0858078 0.0705217         0 0.0828126 0.0997041  0.101812 0.0985886 0.0986361  0.109569  0.119986  0.111093  0.115498  0.146977  0.137989  0.148321  0.135188
 0.142782  0.129083  0.147202  0.145667  0.132571  0.158218  0.156419  0.148217   0.13609  0.128665  0.141486  0.146008  0.136635  0.155454  0.149828  0.151525  0.137288  0.148472   0.12659  0.130381  0.147166  0.146869  0.130596  0.127371  0.125887  0.123918  0.111286  0.109815 0.0970515 0.0828126         0 0.0852445 0.0974258  0.105702  0.113338  0.122062  0.134983  0.119447  0.128017  0.148095   0.14748  0.136948  0.144524
 0.142782   0.13093  0.144058  0.160474  0.140288  0.177989  0.161202  0.151871  0.144169  0.134818  0.144252   0.14099  0.139739  0.142687  0.150185  0.143142  0.149773  0.151927   0.12986  0.136301  0.134979  0.150752  0.130495   0.14073   0.12685  0.123346  0.115035  0.107086  0.114607 0.0997041 0.0852445         0 0.0879384  0.108221  0.130534  0.131885   0.13757  0.125855  0.128017   0.15909  0.163614  0.152799  0.148095
 0.137923  0.132652  0.148033  0.154243  0.154177  0.177913  0.170931   0.16273  0.148211  0.134968  0.164409  0.152174  0.131435  0.161512  0.166661  0.149851  0.142216  0.149955  0.135262    0.1356  0.145263  0.135695  0.126227  0.142118  0.138677  0.124589  0.118083  0.111315  0.112374  0.101812 0.0974258 0.0879384         0 0.0866272  0.110311  0.120817  0.129167  0.121375  0.128665  0.144268  0.154083  0.154348  0.153839
 0.130565  0.132743  0.146182  0.161262  0.146926  0.170639  0.161244  0.149197  0.140279   0.13381  0.162518  0.147158  0.131214  0.145565  0.162865  0.139663  0.135517  0.141799  0.137301  0.135058  0.142738  0.135037  0.122706  0.136083  0.121428  0.115928  0.117796  0.109298  0.111315 0.0985886  0.105702  0.108221 0.0866272         0 0.0978511  0.111371  0.124749  0.110165  0.106439  0.129533  0.136426  0.134964  0.136636
 0.138175  0.140767  0.152942  0.166011  0.155499  0.177341  0.177243  0.170938  0.158608  0.150503   0.17245  0.163307  0.145491  0.172939  0.173419  0.170691  0.148335  0.168401  0.154764  0.153993  0.153099  0.161363  0.156868  0.159867  0.139585  0.137073  0.126691  0.118888  0.131458 0.0986361  0.113338  0.130534  0.110311 0.0978511         0  0.106076  0.116719   0.12721  0.121142  0.135113  0.151675  0.151935  0.147083
  0.12783  0.134634  0.143821   0.15288  0.138391  0.161018  0.164721  0.158114  0.150891    0.1447  0.156409  0.151789  0.145359  0.170439  0.163134    0.1532  0.146637  0.181112  0.155607  0.163508  0.158231  0.156827  0.147533  0.163283   0.14744   0.14073  0.124739    0.1251  0.132084  0.109569  0.122062  0.131885  0.120817  0.111371  0.106076         0 0.0982116  0.124597  0.127094  0.150687  0.143431  0.144299  0.148044
  0.15346  0.134931  0.149645  0.164013  0.134993  0.167895  0.164333  0.157869  0.154568   0.15515  0.166709  0.165705  0.160058  0.174257  0.159335  0.168168  0.159227  0.189091  0.156234  0.172112  0.167714  0.163849  0.163464  0.172181  0.161107  0.157344  0.149592  0.139153   0.14351  0.119986  0.134983   0.13757  0.129167  0.124749  0.116719 0.0982116         0  0.127277  0.133092  0.161757  0.151054  0.163497  0.149439
 0.133556  0.135536  0.152478  0.163517  0.155096  0.173151  0.162713  0.156037  0.147034  0.143513  0.161666  0.160763  0.153526  0.186856  0.168179  0.158963  0.133686  0.171772  0.145604  0.158607  0.162885  0.171693  0.160785  0.162651  0.156737  0.145822  0.133965  0.127289  0.133636  0.111093  0.119447  0.125855  0.121375  0.110165   0.12721  0.124597  0.127277         0  0.105126  0.132592  0.148199  0.141596   0.13813
 0.127553  0.128481  0.148432  0.163247  0.145593  0.157854  0.165046  0.150005  0.151311  0.143696  0.164951  0.156575  0.151757  0.160673  0.153526  0.152049  0.137161   0.16819  0.145038  0.153644  0.164883  0.160514  0.157758  0.161541  0.145781  0.139317  0.122675  0.120438  0.129944  0.115498  0.128017  0.128017  0.128665  0.106439  0.121142  0.127094  0.133092  0.105126         0  0.113585  0.133206  0.129205  0.142185
 0.153009  0.149908  0.163813   0.17612  0.158361  0.175861  0.170617  0.164502  0.157256  0.155271   0.18084  0.174543  0.172512  0.188042  0.185097  0.177065  0.157987  0.195754  0.175407  0.190764  0.185294  0.192048  0.173642  0.178309  0.167888  0.170451  0.144268  0.146301  0.148321  0.146977  0.148095   0.15909  0.144268  0.129533  0.135113  0.150687  0.161757  0.132592  0.113585         0  0.132209  0.123772   0.15153
 0.151609  0.155537  0.188915  0.185888  0.159327  0.179528  0.183997  0.177891  0.166838  0.164433   0.18274  0.170873  0.167956  0.190408   0.18893  0.177201  0.163203  0.187283   0.17362  0.184402  0.189858   0.19096  0.175374  0.177847  0.166386  0.170588  0.163664  0.154309  0.161417  0.137989   0.14748  0.163614  0.154083  0.136426  0.151675  0.143431  0.151054  0.148199  0.133206  0.132209         0  0.142567  0.158366
 0.142007  0.129179  0.158247  0.176036  0.163316  0.189249  0.180141  0.179087  0.164248  0.149649  0.172581  0.178147  0.164165  0.181153  0.173179  0.175666  0.143918  0.189689  0.160727  0.172932  0.181838  0.183882  0.178158  0.175266  0.173545  0.159994  0.140377  0.143547   0.15315  0.148321  0.136948  0.152799  0.154348  0.134964  0.151935  0.144299  0.163497  0.141596  0.129205  0.123772  0.142567         0  0.134775
 0.120085  0.129086  0.155435   0.17179  0.158121  0.158733  0.156388  0.177614  0.163134  0.166921  0.184215  0.171263  0.168942   0.18893  0.179823   0.17363  0.165954   0.18563  0.148817  0.160105  0.170603  0.175807  0.170061   0.17803  0.161602  0.170177  0.154105  0.150542  0.148208  0.135188  0.144524  0.148095  0.153839  0.136636  0.147083  0.148044  0.149439   0.13813  0.142185   0.15153  0.158366  0.134775         0


JC Tree topology:
(1,2,((((((((3,4),((5,6),(7,8))),(((9,10),11),(12,13))),(((14,15),16),(17,(18,19)))),((((20,(21,22)),(23,24)),(25,26)),((((27,28),29),30),(31,(32,33))))),(34,(35,(36,37)))),((38,39),((40,42),41))),43));

Putting MLE Branch Lengths
p: 0.279217 0.195231 0.260162  0.26539
s: 0.0978946  0.239261  0.142469  0.089219  0.306167   0.12499
Q: 
-0.858874  0.175302   0.42845  0.255122
 0.250714  -1.26332  0.228495  0.784112
 0.459831  0.171468 -0.871516  0.240216
 0.268414  0.576824  0.235483  -1.08072

(3:0.0667075,(((7:0.0447014,8:0.0450521):0.0300546,(5:0.0452922,6:0.0605846):0.0189075):0.0133476,(((((((1:0.0530990,2:0.0556587):0.0231598,43:0.0788532):0.0199710,(((40:0.0618454,42:0.0672604):0.0095946,41:0.0802827):0.0165160,(39:0.0542297,38:0.0584390):0.0099993):0.0081395):0.0126995,(34:0.0587157,(35:0.0555887,(36:0.0428559,37:0.0595618):0.0163133):0.0070241):0.0141141):0.0185916,(((31:0.0469141,(32:0.0454977,33:0.0454791):0.0133634):0.0095234,(30:0.0302004,(29:0.0319294,(27:0.0406225,28:0.0157425):0.0266994):0.0212573):0.0203441):0.0128381,(((20:0.0497798,(21:0.0277108,22:0.0482952):0.0243787):0.0369901,(24:0.0623433,23:0.0543250):0.0224118):0.0164367,(26:0.0467355,25:0.0462127):0.0303283):0.0141067):0.0109261):0.0060001,((16:0.0713457,(14:0.0726153,15:0.0573242):0.0276099):0.0208966,(17:0.0555953,(18:0.0586643,19:0.0494030):0.0250338):0.0271336):0.0191602):0.0210262,((13:0.0507961,12:0.0517327):0.0313241,(11:0.0612546,(9:0.0515408,10:0.0252059):0.0157972):0.0192544):0.0166186):0.0206467):0.0224774,4:0.0622301);
Seed = 54488569
Seeds per chain: 
     3161941907
     1271516002
      474052798
     1121621503
stationary acceptance: 0.210635
symmetric acceptance: 0.13906
branch length acceptance: 0.460951
avgP:  0.26911 0.215102 0.271143 0.244644
sP: 6.77019e-05  5.6777e-05 7.39732e-05 6.08589e-05
avgS: 0.0850785  0.241543  0.143188 0.0778243  0.334164  0.118203
sS: 2.95723e-05 8.66934e-05  4.0402e-05 3.03823e-05 0.000112908 3.58683e-05
 0.26911 0.215102 0.271143 0.244644
0.0850785  0.241543  0.143188 0.0778243  0.334164  0.118203

-0.872893  0.158074   0.44878   0.26604
 0.197763  -1.15542  0.180901  0.776756
 0.445415  0.143511 -0.806898  0.217971
 0.292646  0.682959  0.241581  -1.21719

stationary acceptance: 0.217546
symmetric acceptance: 0.134404
branch length acceptance: 0.461275
avgP: 0.269121 0.215112 0.271159 0.244607
sP: 6.79436e-05 5.70514e-05 7.11143e-05 6.06449e-05
avgS:  0.085164  0.241512  0.143159 0.0778429  0.334112   0.11821
sS: 2.93915e-05 8.61591e-05 4.00186e-05 3.01084e-05 0.000112145 3.57281e-05
0.269121 0.215112 0.271159 0.244607
 0.085164  0.241512  0.143159 0.0778429  0.334112   0.11821

-0.872906  0.158226  0.448706  0.265975
 0.197952  -1.15549  0.180935  0.776599
 0.445334  0.143537 -0.806842  0.217971
  0.29263  0.682956  0.241632  -1.21722

stationary acceptance: 0.208704
symmetric acceptance: 0.132487
branch length acceptance: 0.455558
avgP: 0.269112 0.215146 0.271153 0.244589
sP: 6.69876e-05 5.62739e-05 7.20926e-05 6.12149e-05
avgS: 0.0851626  0.241513   0.14316 0.0777851  0.334136  0.118245
sS: 2.87915e-05 8.51456e-05 4.02963e-05 2.95502e-05 0.000110857 3.66153e-05
0.269112 0.215146 0.271153 0.244589
0.0851626  0.241513   0.14316 0.0777851  0.334136  0.118245

-0.872934  0.158229   0.44872  0.265985
 0.197918  -1.15522  0.180773  0.776532
 0.445344  0.143434 -0.806818   0.21804
 0.292654  0.683056  0.241721  -1.21743

stationary acceptance: 0.21449
symmetric acceptance: 0.139732
branch length acceptance: 0.46838
avgP: 0.269047  0.21524 0.271108 0.244604
sP: 6.81297e-05  5.6807e-05 7.16027e-05 6.09023e-05
avgS: 0.0851266  0.241488  0.143226 0.0777786  0.334162  0.118219
sS: 2.92461e-05  8.5187e-05 3.92894e-05 2.95116e-05 0.000111186 3.58558e-05
0.269047  0.21524 0.271108 0.244604
0.0851266  0.241488  0.143226 0.0777786  0.334162  0.118219

-0.873154    0.1582  0.448783  0.266172
 0.197748  -1.15468  0.180679  0.776255
 0.445371  0.143446 -0.806846   0.21803
  0.29277  0.683067  0.241655  -1.21749

GTR Distance Matrix:

        0  0.104992  0.141422  0.155176  0.144841  0.160834  0.160152  0.153419  0.145278  0.147959  0.168643  0.159123  0.147543  0.169915  0.173558  0.168349  0.153011  0.177316  0.144342  0.165287  0.169612  0.178951   0.16909   0.17909  0.165713  0.145893  0.136974  0.138076  0.143448  0.137723  0.143149  0.143617  0.138869  0.131435  0.139385  0.129132  0.154889  0.134762   0.12819  0.155263  0.153423  0.142709  0.120569
 0.104992         0   0.10804  0.144238  0.125452  0.150611  0.144707  0.148034   0.14505  0.139208  0.166835  0.150543  0.145364  0.172467  0.159734  0.161281  0.144797  0.168295  0.140253   0.14944  0.175902  0.162032  0.162156  0.171886  0.161544  0.160512   0.13514  0.140062   0.14366  0.123865  0.129834  0.131867  0.133521  0.133564  0.141706   0.13567  0.135647  0.136816  0.129086  0.151619  0.156767   0.13008  0.129809
 0.141422   0.10804         0  0.125642  0.124787  0.148729  0.147297  0.142698  0.146624  0.136816  0.164182  0.149695  0.156356  0.169346  0.174951  0.176061  0.162096  0.193189  0.161273  0.169399   0.17414  0.175624  0.167275  0.171525  0.173381   0.16736  0.145942  0.148492   0.15801  0.142337  0.148126  0.145718  0.149802  0.147521  0.155139  0.146096  0.151897  0.154797  0.150262  0.166538  0.192193  0.160623  0.157696
 0.155176  0.144238  0.125642         0  0.113357  0.144837  0.155663  0.147363  0.143945  0.140677   0.14689  0.151218  0.155734  0.187575  0.178592  0.189987  0.185093  0.206975  0.183143  0.191101  0.183934  0.171431  0.183856  0.185213  0.166981   0.16946  0.152738  0.148402  0.155223  0.148298  0.146936  0.162518  0.155601   0.16283  0.168466  0.155228  0.166549  0.165701  0.165765   0.17952  0.189383  0.178765  0.174138
 0.144841  0.125452  0.124787  0.113357         0  0.103843  0.115635  0.131237   0.12153  0.132267  0.153274  0.145672  0.155882  0.171745  0.168534  0.173305  0.162746  0.199865  0.163998  0.183194  0.183205  0.169177   0.16344  0.171836  0.158216  0.161363  0.140945  0.143833  0.152416  0.127313  0.133311  0.141271  0.155198  0.147237  0.156907  0.139786  0.136094  0.156482  0.146736  0.160507  0.161004   0.16442  0.159293
 0.160834  0.150611  0.148729  0.144837  0.103843         0  0.109936  0.122261  0.131406  0.130402  0.170469  0.163416  0.158856  0.183376  0.178128  0.201126   0.18079  0.213361  0.175404  0.193189  0.198975  0.191621  0.189879  0.186948  0.183742  0.182478  0.158654  0.163498  0.163499  0.151083  0.158981  0.179697   0.17899  0.171639  0.179541  0.163069   0.16916  0.174884  0.159703   0.17798  0.181599  0.191421  0.160156
 0.160152  0.144707  0.147297  0.155663  0.115635  0.109936         0 0.0877705   0.10908  0.128114  0.156487  0.161082  0.153951  0.172721  0.173482   0.17204  0.177619  0.201135  0.167297  0.180118  0.186485  0.189586  0.192156  0.192627  0.176765  0.178108  0.162291  0.165505  0.168117  0.148645  0.157523  0.163028  0.173032  0.163088  0.180287  0.167194  0.166497  0.164778   0.16713  0.173489  0.186492  0.182395  0.158167
 0.153419  0.148034  0.142698  0.147363  0.131237  0.122261 0.0877705         0 0.0871641  0.113881  0.143321  0.155793  0.150128  0.158803  0.157934  0.179447  0.179969  0.197311  0.162458  0.168462  0.176361  0.173649  0.180793  0.181334  0.161106   0.15302  0.150064  0.152772  0.160202  0.146194  0.149682  0.153847  0.164747  0.150902  0.173844  0.160698  0.160195  0.158507  0.152688   0.16752  0.180318  0.181478  0.179666
 0.145278   0.14505  0.146624  0.143945   0.12153  0.131406   0.10908 0.0871641         0 0.0725383  0.121474  0.137049  0.134187  0.153302  0.159599  0.161202  0.154949  0.182844  0.147873  0.171943  0.176066  0.163475  0.169962   0.17162  0.155224  0.153358   0.13177  0.133894   0.14095  0.132009  0.137396  0.146115  0.149887  0.141559  0.161396   0.15348  0.156308  0.149368  0.153473  0.160269  0.169382  0.166384  0.165259
 0.147959  0.139208  0.136816  0.140677  0.132267  0.130402  0.128114  0.113881 0.0725383         0 0.0875471  0.122953  0.116343  0.142994  0.166989  0.161001  0.144812  0.172661  0.143476  0.154751  0.154995  0.146153   0.14818   0.15751  0.148339  0.141387  0.132322  0.124663  0.136784  0.127857  0.129516  0.136149  0.136378  0.135125  0.152818  0.146608  0.156542  0.145329  0.145683  0.157906  0.166687  0.151272  0.168342
 0.168643  0.166835  0.164182   0.14689  0.153274  0.170469  0.156487  0.143321  0.121474 0.0875471         0  0.112065  0.133412  0.172718  0.167915  0.181436  0.162141  0.172881  0.161372  0.173305  0.151937  0.156556  0.174319  0.172869  0.159334  0.164622  0.141746  0.138702  0.147613  0.140221  0.141782  0.145193  0.165356  0.162758  0.174378  0.158119  0.168775  0.163084  0.166554  0.183219  0.185156  0.174618  0.185066
 0.159123  0.150543  0.149695  0.151218  0.145672  0.163416  0.161082  0.155793  0.137049  0.122953  0.112065         0 0.0994984  0.142729  0.163183  0.178456  0.164485  0.195069  0.159286  0.168366  0.166737  0.149262  0.162753  0.176104  0.174944  0.159781  0.129574  0.135797  0.150849  0.134858  0.146882  0.142156  0.153439  0.148158  0.165237  0.153479    0.1674  0.163177  0.158181  0.177258  0.173004  0.180497  0.172822
 0.147543  0.145364  0.156356  0.155734  0.155882  0.158856  0.153951  0.150128  0.134187  0.116343  0.133412 0.0994984         0  0.116792  0.159603    0.1745  0.157357  0.182923  0.152331  0.158549  0.162231  0.148793  0.162051  0.169785  0.160742  0.146982  0.135637  0.126212  0.140336  0.135107   0.13736  0.140579  0.132687  0.132185  0.147353  0.146748  0.161285  0.155235  0.153301  0.174314  0.169349  0.165822  0.170087
 0.169915  0.172467  0.169346  0.187575  0.171745  0.183376  0.172721  0.158803  0.153302  0.142994  0.172718  0.142729  0.116792         0  0.126697  0.165013  0.171224    0.1947  0.167615  0.177466   0.17243  0.177297  0.177038  0.189137  0.160382  0.166573  0.156181  0.151953  0.165466  0.150019   0.15666    0.1444  0.163781  0.147059  0.175304  0.172482  0.175887  0.189657  0.162935  0.191189  0.193251  0.183313  0.190815
 0.173558  0.159734  0.174951  0.178592  0.168534  0.178128  0.173482  0.157934  0.159599  0.166989  0.167915  0.163183  0.159603  0.126697         0  0.125487  0.149422  0.178733  0.165258  0.177573  0.174699  0.169265  0.178903  0.165389  0.159842  0.173596  0.168065  0.161399  0.166343  0.155753  0.150673  0.151341  0.168143  0.164011  0.174956  0.165388  0.160974  0.170364  0.154987  0.187046  0.191436   0.17418  0.181205
 0.168349  0.161281  0.176061  0.189987  0.173305  0.201126   0.17204  0.179447  0.161202  0.161001  0.181436  0.178456    0.1745  0.165013  0.125487         0   0.13361  0.170023  0.161321  0.172459  0.173449  0.150091  0.147647  0.171383  0.158339  0.158044  0.146307  0.152796   0.15752  0.153973   0.15285  0.144496  0.151011  0.141198  0.172794  0.155162  0.170428  0.161312   0.15429  0.180033  0.180156  0.177137   0.17462
 0.153011  0.144797  0.162096  0.185093  0.162746   0.18079  0.177619  0.179969  0.154949  0.144812  0.162141  0.164485  0.157357  0.171224  0.149422   0.13361         0  0.118698   0.12517   0.17166  0.170697  0.166023  0.157541  0.153204  0.152111   0.15785  0.129053  0.132866  0.133538  0.133567  0.138805  0.151595  0.144224  0.136803  0.150533  0.148859  0.161371  0.135445  0.138582  0.160375  0.165895  0.145839  0.167778
 0.177316  0.168295  0.193189  0.206975  0.199865  0.213361  0.201135  0.197311  0.182844  0.172661  0.172881  0.195069  0.182923    0.1947  0.178733  0.170023  0.118698         0  0.105742  0.153409  0.185637  0.181862  0.182513  0.180094  0.148124  0.171664   0.14808  0.142998  0.148028  0.151657   0.14951  0.152944  0.151569  0.143068  0.170524  0.183463  0.191701  0.174116  0.170142  0.198204  0.190126  0.191768  0.187359
 0.144342  0.140253  0.161273  0.183143  0.163998  0.175404  0.167297  0.162458  0.147873  0.143476  0.161372  0.159286  0.152331  0.167615  0.165258  0.161321   0.12517  0.105742         0  0.105609   0.13982  0.159522  0.157518  0.159881  0.142073  0.142903   0.13093  0.134243  0.146048  0.124595  0.127223  0.130449  0.136382  0.138127  0.156428  0.156751  0.157624  0.147419  0.145986  0.177872  0.176124  0.162544  0.149593
 0.165287   0.14944  0.169399  0.191101  0.183194  0.193189  0.180118  0.168462  0.171943  0.154751  0.173305  0.168366  0.158549  0.177466  0.177573  0.172459   0.17166  0.153409  0.105609         0 0.0878708  0.122411  0.143462  0.158317  0.157565   0.15052  0.139035  0.137032  0.145479  0.129546  0.131647  0.137697  0.137335  0.136123  0.156235  0.165833  0.174816  0.161856  0.155755  0.194525  0.187898  0.175293  0.161497
 0.169612  0.175902   0.17414  0.183934  0.183205  0.198975  0.186485  0.176361  0.176066  0.154995  0.151937  0.166737  0.162231   0.17243  0.174699  0.173449  0.170697  0.185637   0.13982 0.0878708         0  0.074276   0.12285  0.151587  0.138734  0.155275  0.146278  0.145707  0.155358  0.139238  0.148587  0.136581  0.147342  0.144284  0.155742  0.160861   0.17088  0.166702  0.167892   0.18965  0.193603   0.18527  0.172833
 0.178951  0.162032  0.175624  0.171431  0.169177  0.191621  0.189586  0.173649  0.163475  0.146153  0.156556  0.149262  0.148793  0.177297  0.169265  0.150091  0.166023  0.181862  0.159522  0.122411  0.074276         0 0.0882046  0.137901  0.135333  0.150202  0.138179   0.13471  0.141675  0.135357  0.147961  0.152313  0.137437  0.136383  0.163747  0.159231  0.166958  0.174977  0.162653  0.195831  0.194085  0.186759   0.17782
  0.16909  0.162156  0.167275  0.183856   0.16344  0.189879  0.192156  0.180793  0.169962   0.14818  0.174319  0.162753  0.162051  0.177038  0.178903  0.147647  0.157541  0.182513  0.157518  0.143462   0.12285 0.0882046         0  0.114083  0.139905  0.133984  0.122252  0.125499  0.137653  0.125401  0.131458  0.131653  0.127434  0.123522  0.158526  0.148992  0.165334  0.162907  0.159312  0.175971  0.177805  0.179953  0.171105
  0.17909  0.171886  0.171525  0.185213  0.171836  0.186948  0.192627  0.181334   0.17162   0.15751  0.172869  0.176104  0.169785  0.189137  0.165389  0.171383  0.153204  0.180094  0.159881  0.158317  0.151587  0.137901  0.114083         0  0.110959  0.143317  0.141251  0.136653  0.138775  0.140643  0.128083  0.141798   0.14354  0.136539   0.16192  0.165119  0.174182  0.164553  0.163089  0.180734  0.179967  0.177031  0.179394
 0.165713  0.161544  0.173381  0.166981  0.158216  0.183742  0.176765  0.161106  0.155224  0.148339  0.159334  0.174944  0.160742  0.160382  0.159842  0.158339  0.152111  0.148124  0.142073  0.157565  0.138734  0.135333  0.139905  0.110959         0 0.0929792  0.124347  0.124231  0.121925  0.114203  0.126002   0.12712  0.139558    0.1219  0.141074  0.149112  0.162838  0.158374  0.146871  0.169912  0.168712   0.17497  0.162225
 0.145893  0.160512   0.16736   0.16946  0.161363  0.182478  0.178108   0.15302  0.153358  0.141387  0.164622  0.159781  0.146982  0.166573  0.173596  0.158044   0.15785  0.171664  0.142903   0.15052  0.155275  0.150202  0.133984  0.143317 0.0929792         0 0.0736652  0.103049    0.1229  0.113459  0.124587  0.124045  0.125588  0.116716  0.139229  0.142821   0.15964  0.148115   0.14107  0.172697   0.17282  0.161486  0.171229
 0.136974   0.13514  0.145942  0.152738  0.140945  0.158654  0.162291  0.150064   0.13177  0.132322  0.141746  0.129574  0.135637  0.156181  0.168065  0.146307  0.129053   0.14808   0.13093  0.139035  0.146278  0.138179  0.122252  0.141251  0.124347 0.0736652         0 0.0533907 0.0871868  0.104768  0.111882  0.115635  0.118955  0.118457  0.127842   0.12575  0.150647   0.13534  0.123577  0.145853  0.164933  0.141273  0.154628
 0.138076  0.140062  0.148492  0.148402  0.143833  0.163498  0.165505  0.152772  0.133894  0.124663  0.138702  0.135797  0.126212  0.151953  0.161399  0.152796  0.132866  0.142998  0.134243  0.137032  0.145707   0.13471  0.125499  0.136653  0.124231  0.103049 0.0533907         0 0.0707422 0.0857977  0.110285  0.107847   0.11213  0.109771  0.119999  0.126015  0.140209  0.128545  0.121578  0.148258   0.15603  0.145091  0.151544
 0.143448   0.14366   0.15801  0.155223  0.152416  0.163499  0.168117  0.160202   0.14095  0.136784  0.147613  0.150849  0.140336  0.165466  0.166343   0.15752  0.133538  0.148028  0.146048  0.145479  0.155358  0.141675  0.137653  0.138775  0.121925    0.1229 0.0871868 0.0707422         0 0.0704489 0.0972298  0.115437  0.112806  0.111835  0.132762   0.13337  0.144361  0.134964  0.130974  0.149832  0.163353  0.154102  0.148938
 0.137723  0.123865  0.142337  0.148298  0.127313  0.151083  0.148645  0.146194  0.132009  0.127857  0.140221  0.134858  0.135107  0.150019  0.155753  0.153973  0.133567  0.151657  0.124595  0.129546  0.139238  0.135357  0.125401  0.140643  0.114203  0.113459  0.104768 0.0857977 0.0704489         0 0.0829233  0.100245  0.102086   0.09861 0.0995356  0.110406  0.120914  0.112171  0.116357  0.148549  0.139797  0.148931  0.135917
 0.143149  0.129834  0.148126  0.146936  0.133311  0.158981  0.157523  0.149682  0.137396  0.129516  0.141782  0.146882   0.13736   0.15666  0.150673   0.15285  0.138805   0.14951  0.127223  0.131647  0.148587  0.147961  0.131458  0.128083  0.126002  0.124587  0.111882  0.110285 0.0972298 0.0829233         0 0.0853501 0.0973077  0.105437  0.113845  0.122451  0.135469  0.119932  0.128573  0.148961  0.148219  0.136872  0.144435
 0.143617  0.131867  0.145718  0.162518  0.141271  0.179697  0.163028  0.153847  0.146115  0.136149  0.145193  0.142156  0.140579    0.1444  0.151341  0.144496  0.151595  0.152944  0.130449  0.137697  0.136581  0.152313  0.131653  0.141798   0.12712  0.124045  0.115635  0.107847  0.115437  0.100245 0.0853501         0 0.0880936  0.108085  0.130763  0.132325  0.138322  0.126791  0.128392  0.160492  0.164935  0.153221  0.148284
 0.138869  0.133521  0.149802  0.155601  0.155198   0.17899  0.173032  0.164747  0.149887  0.136378  0.165356  0.153439  0.132687  0.163781  0.168143  0.151011  0.144224  0.151569  0.136382  0.137335  0.147342  0.137437  0.127434   0.14354  0.139558  0.125588  0.118955   0.11213  0.112806  0.102086 0.0973077 0.0880936         0  0.086586  0.111175  0.121625  0.129789  0.122212  0.129265   0.14569  0.155362  0.154771  0.154019
 0.131435  0.133564  0.147521   0.16283  0.147237  0.171639  0.163088  0.150902  0.141559  0.135125  0.162758  0.148158  0.132185  0.147059  0.164011  0.141198  0.136803  0.143068  0.138127  0.136123  0.144284  0.136383  0.123522  0.136539    0.1219  0.116716  0.118457  0.109771  0.111835   0.09861  0.105437  0.108085  0.086586         0  0.098216  0.111575  0.125015  0.110655  0.106947  0.130524  0.137235  0.135098  0.136623
 0.139385  0.141706  0.155139  0.168466  0.156907  0.179541  0.180287  0.173844  0.161396  0.152818  0.174378  0.165237  0.147353  0.175304  0.174956  0.172794  0.150533  0.170524  0.156428  0.156235  0.155742  0.163747  0.158526   0.16192  0.141074  0.139229  0.127842  0.119999  0.132762 0.0995356  0.113845  0.130763  0.111175  0.098216         0  0.106742  0.117405  0.128425  0.121893  0.136469  0.153486  0.152363  0.147903
