Pi: 0.241947 0.256793 0.186938 0.314321
S:  0.362914  0.158838  0.111021 0.0373593  0.304598 0.0252704
