Pi: 0.241507  0.25562 0.187388 0.315485
S:   0.36113  0.159468   0.11253 0.0368394  0.305237 0.0247958
