        0  0.130403   0.13289  0.138031    0.1334  0.138451  0.137464   0.12683 0.0986609  0.128141  0.134799  0.131695  0.145223  0.120873  0.128602  0.132276  0.138186 0.0994338   0.13151  0.122918  0.133691  0.136565  0.129207  0.125993  0.105725  0.136033  0.127521  0.127683   0.10681  0.138798  0.102855  0.111887  0.129538  0.138261  0.134241  0.130669  0.129575  0.117474  0.125576  0.133703  0.125099  0.141942  0.123866  0.136669  0.115904  0.109344  0.138404  0.129213  0.132826  0.122549  0.086228  0.123506  0.128976   0.14021  0.133781  0.131807   0.13454  0.130854  0.137542  0.133749  0.135172  0.140034  0.100112  0.105118  0.121995  0.104236  0.107519  0.131364   0.12825  0.124118   0.12896  0.128526  0.114325  0.100015  0.124902  0.121541  0.106701  0.104494  0.125102  0.128583  0.118276  0.105722  0.135382  0.116783  0.119447  0.129218  0.119148  0.129304 0.0938405  0.129255  0.108382 0.0981532  0.127806  0.109562   0.12176 0.0962963  0.126169 0.0920332 0.0996288 0.0832403
 0.130403         0  0.118084  0.130984  0.122247  0.115202  0.119368  0.136685  0.123905  0.125905  0.137242  0.125703  0.115065  0.142612  0.130801  0.108231  0.122374  0.129255  0.115489  0.136943   0.13514  0.123162  0.138613   0.11636  0.130235  0.141759   0.12671  0.123985  0.110362  0.146896  0.103116  0.132265  0.124896  0.138538  0.111652  0.138463  0.128375  0.126154  0.130863  0.133108  0.106493  0.123859  0.130289  0.133415  0.124238  0.118565  0.147595  0.110866    0.1316  0.120674  0.116843   0.13112  0.124248  0.119022  0.124541  0.123098  0.122849   0.10916  0.141474  0.133723  0.127599  0.137198  0.117415  0.123144  0.124623  0.126606  0.129725  0.114545  0.127303  0.132549   0.11813  0.135453  0.126303  0.136689  0.130262  0.117953   0.12694  0.126522   0.11978   0.13836  0.124814  0.123002  0.133383  0.132473  0.126521  0.136236  0.129221  0.130113  0.118951  0.124886   0.12511  0.137196  0.127731  0.126881    0.1165  0.128782  0.115831  0.125391  0.134339 0.0906398
  0.13289  0.118084         0   0.13431  0.127395  0.122924  0.131763  0.119962  0.133356  0.135988  0.120727  0.111592  0.122416  0.146465  0.135417  0.111812  0.102725  0.134055  0.129684  0.141728  0.141602  0.127038  0.145738 0.0912717  0.137853  0.131365  0.122568  0.111222  0.123621  0.121136  0.117364  0.137302  0.100383  0.138288  0.113427  0.124656  0.132129  0.132391  0.141697  0.130849  0.123579  0.121525  0.130711  0.127265   0.13464  0.131851  0.157417  0.130604  0.131518  0.123009  0.123726  0.120074  0.127144  0.120653  0.131473  0.121066  0.124192   0.13796  0.115103  0.125625   0.11053  0.132079  0.130253  0.129323  0.129236  0.132242  0.130864  0.115798  0.139342  0.120923  0.129109  0.136065  0.132572  0.138669  0.129777   0.13135  0.136529  0.132733  0.119611  0.141254  0.131019  0.132041  0.140424   0.13927  0.113825  0.138816  0.131943  0.133731  0.128794   0.11911  0.128775   0.14211  0.126783   0.13596  0.115634  0.132325  0.125411  0.137281  0.133051 0.0972856
 0.138031  0.130984   0.13431         0  0.108113   0.11631  0.130771   0.13461  0.137248  0.129069  0.139056  0.137709  0.131696  0.150822  0.140642  0.108141  0.131428  0.141756  0.141646  0.146653  0.150228  0.123003  0.156282   0.13307  0.148117  0.145964  0.132155  0.127342  0.134804  0.138017  0.135196  0.147009  0.132285  0.143891   0.13272  0.133589   0.14586  0.137119  0.140012  0.148257  0.134754  0.132464  0.129975  0.129867  0.143919  0.138004  0.157297  0.138911  0.131187  0.132793  0.128128  0.132878  0.104249  0.134358  0.144684  0.125548  0.121066  0.115211  0.146121  0.142774  0.137437  0.126813  0.132754  0.140158   0.12924  0.129746  0.140909  0.140139  0.149027  0.141605  0.127144  0.147245  0.133371  0.142629   0.14256  0.142963  0.147901  0.134655  0.131257  0.141138  0.141657  0.132631  0.137362  0.143617  0.129755   0.13727  0.136323  0.135371  0.127964  0.133052   0.13585  0.148831  0.140139  0.140875  0.137171  0.135248  0.131214  0.137826  0.143944  0.103335
   0.1334  0.122247  0.127395  0.108113         0   0.10626  0.121607  0.131951  0.130684  0.133059  0.130419  0.134059  0.131204  0.142379  0.136124  0.100618  0.126332   0.13547  0.132784  0.137783   0.14175  0.128658  0.132796  0.126012  0.139419  0.134501  0.129983  0.123656   0.12815  0.136604  0.128459  0.142382  0.123266  0.134067  0.119754  0.128575  0.141374  0.129432  0.128922  0.142019  0.131817  0.127685  0.135461  0.124653  0.136927  0.126458  0.138447  0.135301  0.128044  0.127242  0.122735  0.129932 0.0935477  0.127545  0.139126   0.11891   0.11669  0.118207   0.12679  0.145252  0.123177  0.122047  0.126316  0.127034  0.131904  0.132834  0.141486  0.131492  0.145995  0.136287  0.108069  0.135923  0.130303  0.139416  0.128589  0.137915  0.143148  0.138385  0.122139  0.132471  0.127357  0.131634  0.141496  0.140021  0.123276  0.136924  0.132661  0.132222  0.126108   0.12589  0.139783  0.145025  0.134809  0.133272   0.12877  0.128005  0.124849  0.133917  0.134349 0.0970255
 0.138451  0.115202  0.122924   0.11631   0.10626         0  0.137274  0.134151  0.127141    0.1323   0.12987  0.115879  0.113164  0.146898  0.139363 0.0908909  0.125112  0.129022  0.125904  0.146592  0.139828  0.124791  0.141133  0.119399  0.140992  0.136668  0.126778  0.114575  0.123715  0.146686  0.120519   0.13645  0.126254  0.140605  0.114131   0.13168  0.132445  0.124001  0.140391  0.133316   0.12515  0.117982  0.141381  0.131694  0.131542  0.131718   0.15173  0.129983  0.121347  0.116632  0.125814  0.128867 0.0942949  0.114054  0.130723  0.110675  0.117059  0.121813  0.129836  0.139075  0.120502  0.114286  0.119727  0.129085   0.13751  0.129479  0.137255  0.116455  0.141764  0.132795 0.0981276   0.12733  0.130146  0.139605   0.13663  0.132181  0.131319  0.138168  0.117019  0.133097  0.129769  0.126988  0.140181  0.136508  0.118915  0.137178   0.13396  0.130274    0.1287  0.129674  0.133738   0.13961   0.13636  0.132372  0.120448  0.133606    0.1283  0.134649  0.139766 0.0970866
 0.137464  0.119368  0.131763  0.130771  0.121607  0.137274         0  0.131702  0.136315  0.144526  0.138858  0.143077  0.145019  0.138024  0.140863  0.128023  0.136989  0.137758  0.131254  0.138636  0.139012  0.137996  0.144095   0.13512   0.13791  0.144188  0.142475  0.134455  0.131768   0.13186  0.132034  0.143207  0.134523  0.139235  0.134816  0.130247  0.137564  0.144793  0.141763  0.143859  0.116815  0.142038  0.135264  0.138261  0.138881  0.138204  0.147157  0.125113   0.13886  0.136008  0.127795  0.141706  0.129705   0.13925  0.139057  0.132041  0.130854  0.107796   0.14352   0.14985  0.133256  0.146329  0.131311  0.134614  0.128896  0.132187  0.144027  0.128897  0.142958  0.143055  0.125672  0.145658  0.135037  0.135628  0.135762  0.140673  0.144447  0.132418  0.131894  0.140487  0.133653  0.136023  0.147768  0.138684  0.130794  0.140169  0.135748  0.141992   0.13452  0.137801  0.137182  0.148344  0.138988  0.140646  0.136584  0.128331  0.133786  0.140965  0.137591  0.102109
  0.12683  0.136685  0.119962   0.13461  0.131951  0.134151  0.131702         0  0.130836  0.114461 0.0906983  0.133884  0.148063  0.138533  0.133605  0.129396  0.128253  0.131226  0.140315  0.140502  0.129704  0.131922  0.139638  0.104121   0.14161 0.0917569  0.114541   0.12573  0.128927  0.124854  0.134754  0.133212  0.124029  0.141117  0.131376   0.10829  0.135362  0.136897   0.13596  0.134869  0.134709  0.131627  0.128924  0.117164  0.136279  0.132919  0.140663   0.13963  0.111948  0.125732  0.125586  0.113117  0.124597  0.128073  0.134067  0.116726  0.134091  0.135609  0.111558  0.126802  0.129556  0.114284  0.131902  0.133753  0.123606  0.122944  0.128367  0.131954  0.148353   0.10769  0.133951  0.117507  0.130478  0.130373  0.124257  0.130661  0.145643    0.1293  0.102907  0.118425  0.130161  0.129793  0.134153  0.131229  0.116289  0.128763  0.128997  0.105383  0.125399  0.124387  0.139288  0.138129  0.135895  0.132435  0.108477  0.129843  0.135908  0.130023  0.126675 0.0948095
0.0986609  0.123905  0.133356  0.137248  0.130684  0.127141  0.136315  0.130836         0  0.128939  0.128462  0.128689   0.14027  0.118681  0.126106  0.123503  0.132602  0.101063  0.120272   0.10544  0.133326  0.126009  0.117808  0.124705 0.0949689  0.132021  0.136299  0.127311  0.106889  0.142531   0.10071  0.116936  0.134698  0.130276  0.124662  0.134038  0.119671  0.114295   0.12483  0.129322  0.121049     0.131  0.129605  0.130819  0.109247 0.0962889  0.130476  0.130113  0.131329  0.117371  0.103771  0.122877  0.119923  0.132352   0.12132  0.127988   0.12523  0.132362  0.128893  0.135372  0.126901  0.140441  0.107982  0.110537  0.125544  0.116243  0.120595   0.12458  0.113787  0.127359  0.117706  0.126646  0.123196   0.10071  0.116527  0.118796  0.102254  0.124051  0.120972  0.125585 0.0951657 0.0965908  0.131301  0.110487  0.124134  0.127044  0.119833  0.125851  0.112973  0.123706 0.0950885  0.106443  0.122943  0.111716  0.120934 0.0917588  0.120402  0.108769 0.0959583 0.0818433
 0.128141  0.125905  0.135988  0.129069  0.133059    0.1323  0.144526  0.114461  0.128939         0  0.113215  0.127443  0.129175   0.15016  0.135777  0.133809  0.130655  0.136638  0.129725  0.157603  0.137974  0.122144  0.143022  0.129862  0.149068  0.113707 0.0964998  0.123769  0.129893  0.147012  0.128236   0.14353  0.133812  0.147144  0.133273  0.136074  0.137315  0.127607  0.125011  0.141867  0.133145  0.125526    0.1372  0.131472  0.141743  0.125573  0.155756  0.135064  0.131118  0.122155  0.125565  0.106474  0.133402  0.133894  0.131011  0.130693  0.129414   0.14227   0.14217   0.12648  0.135115  0.127093  0.129192  0.131015  0.121704  0.127959  0.127437  0.139999  0.141239  0.122308  0.132387  0.098082  0.130966   0.13976  0.131424  0.127169  0.146947  0.135973  0.105177  0.111078  0.130762  0.123837  0.135211  0.129275  0.128046  0.117192  0.110654  0.104818  0.132869   0.12592   0.12863  0.142955  0.141563  0.133413  0.101618  0.132099  0.127168  0.125411  0.139648 0.0976834
 0.134799  0.137242  0.120727  0.139056  0.130419   0.12987  0.138858 0.0906983  0.128462  0.113215         0  0.133953  0.142754  0.142868   0.13423  0.130526  0.134143  0.137241  0.137511  0.140711  0.144399    0.1308  0.135813  0.115354  0.147952  0.078833    0.1069  0.130094  0.134688   0.14778  0.136577  0.145903  0.133391  0.145204  0.137517  0.134101  0.140162  0.131537  0.135942  0.140316  0.136596  0.128699  0.136259  0.120414  0.142575  0.134698  0.148739  0.142748  0.128169  0.124524  0.127002  0.116129  0.122727  0.128234   0.13086  0.121178  0.131323  0.144855  0.120018  0.134769  0.131638   0.12729  0.136392   0.13419  0.133723  0.131696  0.136886  0.133814  0.145844  0.121646  0.137776  0.115581  0.131482  0.137399  0.126405  0.137695  0.143205  0.138763    0.1044  0.126194   0.12669  0.130099  0.135679  0.129703  0.131191  0.130372  0.123907 0.0996347  0.136594  0.125254  0.141221  0.145808  0.138953  0.134143   0.10738  0.126733   0.12541  0.136657  0.135265  0.101565
 0.131695  0.125703  0.111592  0.137709  0.134059  0.115879  0.143077  0.133884  0.128689  0.127443  0.133953         0  0.133969  0.147526  0.141385   0.12827  0.118083  0.126273  0.126075  0.152849  0.142318  0.127474  0.136998  0.116311  0.145064  0.134407  0.132807  0.109346  0.113576  0.131928  0.120108  0.115668  0.115092  0.142471  0.120601  0.128206  0.126162  0.118381  0.135742   0.12991  0.124703  0.130638  0.129477  0.137086  0.133112  0.131662  0.153605  0.123139  0.130323  0.119287  0.130709  0.110603  0.117622  0.122676  0.139632  0.125801  0.121624  0.143254   0.12037  0.121774  0.116376  0.133449  0.133809  0.128923  0.133548  0.132025  0.132108  0.115772  0.126584  0.127859  0.119724  0.123455   0.13498  0.140912  0.135842  0.114814  0.126795  0.130961  0.118426  0.135447  0.130932  0.132566  0.134478  0.141459  0.108957    0.1272  0.134905  0.127657  0.131511  0.116866  0.130744  0.135972  0.128059   0.13578   0.12098  0.131583  0.134429  0.126948  0.134795 0.0965593
 0.145223  0.115065  0.122416  0.131696  0.131204  0.113164  0.145019  0.148063   0.14027  0.129175  0.142754  0.133969         0  0.164575  0.146363  0.102246  0.114893  0.149845  0.131117  0.164176  0.158934  0.127733    0.1545   0.11777  0.153996  0.154638  0.126219  0.129796  0.133374  0.157943   0.12724  0.154614  0.140412  0.159466  0.118287  0.144843  0.141641  0.139401  0.146016  0.147391  0.128573  0.117885  0.151559  0.132568  0.142901  0.135062  0.170346  0.133687  0.142903   0.13136  0.136076  0.133448  0.128376  0.126919  0.137297  0.132172  0.122083  0.148575   0.15201  0.138121  0.132963  0.135464  0.139507  0.143947  0.137809  0.143374  0.135761  0.120591  0.150219  0.141558  0.124519  0.134493  0.141386  0.160152  0.149826  0.135518   0.14827  0.147883  0.123115  0.148543  0.142406  0.137039  0.154848  0.149189   0.12946  0.153983   0.13894  0.136154   0.13886  0.136378  0.129267  0.158059  0.147141   0.14117  0.124806  0.146362  0.124118  0.148434  0.151433    0.1117
 0.120873  0.142612  0.146465  0.150822  0.142379  0.146898  0.138024  0.138533  0.118681   0.15016  0.142868  0.147526  0.164575         0  0.149496  0.138984  0.144233  0.119515  0.130246   0.12981  0.147661  0.142363  0.134128  0.135137  0.108082  0.146473  0.152361  0.132256  0.103244  0.142224   0.13205  0.118912  0.142417  0.143911  0.144857  0.143537  0.142376  0.116937  0.144695  0.137948  0.125633  0.149409  0.114188  0.143801  0.105769  0.132872  0.129656  0.145902  0.142968  0.142844   0.11409  0.145258  0.138448  0.144807  0.143607  0.138102  0.140318  0.136213  0.138128  0.155373  0.136161  0.149706  0.130541  0.128966  0.139713  0.131399  0.139729   0.13651  0.147102   0.14716  0.133106  0.147003  0.130174  0.116893  0.130397  0.137305  0.106223  0.107278  0.141669  0.146768  0.128047   0.12633  0.146108  0.136745  0.130372  0.144327  0.136818  0.137473  0.131139  0.135088  0.121774  0.119365  0.137685   0.12154  0.136458   0.11016  0.145589  0.123635  0.114187  0.100196
 0.128602  0.130801  0.135417  0.140642  0.136124  0.139363  0.140863  0.133605  0.126106  0.135777   0.13423  0.141385  0.146363  0.149496         0  0.131892   0.14026  0.136526  0.110227  0.143194   0.12823  0.135962  0.144938  0.131504  0.141703  0.141647  0.138572  0.129225  0.129287  0.150343  0.132927  0.134593  0.139048  0.151573  0.142062  0.139186  0.101462  0.137056  0.133908  0.109375  0.119179  0.138884  0.139778  0.137542  0.138853  0.132118  0.150292  0.109808  0.133379  0.119125  0.122429   0.12924  0.130856  0.143223  0.131893  0.132944  0.145087  0.134392  0.139176  0.133086  0.141624  0.138276  0.129466  0.138599 0.0935267  0.132103  0.139307  0.135872  0.150168   0.13334  0.138046  0.143373  0.134392  0.136835  0.123616  0.108623  0.138996  0.137769  0.133239  0.137047  0.128619  0.126949  0.141661  0.138945  0.128737  0.139932  0.135943  0.136578  0.123621  0.138123  0.140207  0.143579  0.146499  0.133812  0.130717  0.130994  0.130241  0.127013  0.131918 0.0997039
 0.132276  0.108231  0.111812  0.108141  0.100618 0.0908909  0.128023  0.129396  0.123503  0.133809  0.130526   0.12827  0.102246  0.138984  0.131892         0  0.120138  0.128347  0.126169  0.131465  0.138322   0.11303  0.138211  0.108004  0.127499  0.141616  0.124022  0.119486  0.122108  0.135807  0.113926  0.138689  0.121797  0.128165  0.110837  0.129389  0.126918  0.128909  0.133675  0.132804  0.119199   0.11419  0.129883  0.115605  0.128609  0.127599  0.144076   0.12813  0.121842  0.120045  0.119991  0.129644  0.101033  0.122159  0.126044  0.111304  0.118921  0.114579  0.131206  0.135428  0.123027  0.124795  0.119197  0.128355  0.127073  0.126612  0.129251  0.110414  0.135077  0.128157 0.0956662  0.134597  0.129485  0.128468  0.125506  0.126013  0.126339  0.129887  0.114836  0.134818  0.128061  0.122247  0.131871  0.129541  0.120286  0.136463  0.130636  0.127777   0.12065  0.128188  0.126561  0.138934  0.130052  0.129964  0.115401  0.126949  0.115207  0.131083  0.128579 0.0888139
 0.138186  0.122374  0.102725  0.131428  0.126332  0.125112  0.136989  0.128253  0.132602  0.130655  0.134143  0.118083  0.114893  0.144233   0.14026  0.120138         0  0.142346  0.124864  0.151949  0.147388  0.125679  0.144069 0.0927283  0.135319  0.138608  0.128673  0.109297   0.12029  0.121653  0.118013  0.142297  0.108835  0.143834  0.105921  0.123842   0.13617  0.124661  0.141109  0.135252  0.119695  0.110247   0.13668  0.121861  0.130476  0.132831   0.15608  0.130611  0.123125  0.130262  0.127361  0.113679  0.131207  0.120805  0.139217  0.117961    0.1105  0.144265  0.118879  0.134598 0.0919574  0.132512  0.131428    0.1328   0.13324   0.13661  0.141177  0.126869  0.141841  0.131422   0.12957  0.135534  0.131325  0.147132  0.134563  0.133036  0.136473  0.137187  0.108486  0.138467  0.136169  0.134769  0.141111  0.144414   0.10595  0.141974  0.137255  0.123178  0.135424  0.109317  0.124229  0.141734  0.134804  0.137791  0.126042  0.132867  0.128082  0.142557  0.135032   0.10185
0.0994338  0.129255  0.134055  0.141756   0.13547  0.129022  0.137758  0.131226  0.101063  0.136638  0.137241  0.126273  0.149845  0.119515  0.136526  0.128347  0.142346         0   0.13061  0.127119  0.134866  0.132289  0.120691   0.12433  0.113894  0.135207  0.138347  0.128153  0.114718  0.138059  0.113061  0.118078  0.125078  0.129432   0.12833  0.138882  0.121025  0.127297  0.127184  0.132612  0.124559  0.144775  0.128902  0.141607  0.118395   0.11089  0.136045   0.13681  0.132293  0.115542 0.0991732  0.132914  0.127039  0.132289  0.130834  0.133031   0.12535  0.127796  0.130443  0.144282  0.132916  0.143813  0.103232  0.120934  0.126038 0.0884397  0.130348  0.132355  0.116202  0.131672  0.123993  0.126146   0.13095 0.0709685  0.125908  0.124867  0.123201  0.128676  0.124057  0.133667  0.106369  0.102819  0.132327  0.112793   0.12268  0.131077  0.123776  0.129778  0.112174  0.132832  0.122921  0.106556  0.109508  0.123581  0.120698  0.104368  0.121547  0.114548  0.117536 0.0859817
  0.13151  0.115489  0.129684  0.141646  0.132784  0.125904  0.131254  0.140315  0.120272  0.129725  0.137511  0.126075  0.131117  0.130246  0.110227  0.126169  0.124864   0.13061         0  0.148146  0.143644  0.128992  0.142555  0.123234  0.131415  0.142232  0.135953   0.10997  0.099625  0.155176  0.115364  0.131013  0.135934   0.14535  0.129078  0.139245  0.119635   0.11978  0.135921  0.106002 0.0922291  0.135743  0.127949  0.137508  0.111451  0.120615  0.151004  0.108995  0.139389  0.124017  0.120225  0.133061  0.136054  0.132539  0.125511  0.136194  0.129271  0.132098  0.135536  0.138952  0.125924  0.144717  0.120699  0.119243  0.113437  0.131817  0.129131  0.119928  0.141777  0.137217  0.122043  0.137769  0.131149  0.139678  0.132937  0.105398  0.112951   0.13274  0.120498   0.13677  0.125343  0.115888  0.143196  0.138532   0.12653   0.14798  0.126999  0.132091  0.128056  0.128833  0.123161  0.135255  0.140803  0.126833  0.126886  0.122644  0.121898  0.128556  0.128657 0.0952422
 0.122918  0.136943  0.141728  0.146653  0.137783  0.146592  0.138636  0.140502   0.10544  0.157603  0.140711  0.152849  0.164176   0.12981  0.143194  0.131465  0.151949  0.127119  0.148146         0   0.14912  0.147738  0.149047  0.138766   0.11892  0.148652  0.151617  0.143902  0.130498  0.144049  0.127818  0.135685  0.141693  0.141706  0.141396  0.140444  0.146756  0.143843  0.149195   0.15225  0.136762  0.152588  0.135231  0.140021  0.131585   0.12911  0.139075   0.14789  0.140936  0.142178  0.120986  0.147931   0.13212  0.144314  0.151287  0.131038  0.145017  0.134892  0.144707  0.157363  0.144986  0.149334  0.116952  0.134856  0.148092  0.135421  0.132178  0.135595  0.140027  0.143608  0.141241  0.149925  0.133337  0.120117  0.133892  0.147384  0.128568  0.124061  0.140367  0.151924  0.128964   0.12788  0.147279  0.126313  0.135452  0.145245  0.147387  0.148571  0.116024  0.144849   0.13093  0.139261  0.139783  0.134585  0.144143  0.115755  0.133168  0.123943  0.130651  0.106579
 0.133691   0.13514  0.141602  0.150228   0.14175  0.139828  0.139012  0.129704  0.133326  0.137974  0.144399  0.142318  0.158934  0.147661   0.12823  0.138322  0.147388  0.134866  0.143644   0.14912         0  0.140439  0.137959  0.141463  0.144389  0.139652  0.142875  0.136505  0.128764  0.148445  0.135752  0.139327  0.137155  0.146447  0.139094  0.139581  0.128326   0.14147  0.131952  0.124369  0.137373  0.150151  0.146207  0.149581  0.140485  0.140785  0.146486  0.141535  0.138279  0.116428  0.137369  0.132573  0.141749  0.148809  0.137715  0.136955  0.141033   0.14298  0.143774  0.124536  0.130396   0.14103  0.138758  0.133204   0.12705  0.138556  0.146889  0.142414  0.147708  0.119997  0.136045  0.134157  0.143586  0.139718  0.115113    0.1138  0.146812  0.137237  0.139671  0.125635  0.145279   0.13759   0.13146   0.14456  0.129383  0.138469   0.14249  0.138259  0.128238  0.143132  0.148925  0.135536  0.141606  0.144391  0.125393   0.14287  0.148778  0.133761  0.135878  0.106006
 0.136565  0.123162  0.127038  0.123003  0.128658  0.124791  0.137996  0.131922  0.126009  0.122144    0.1308  0.127474  0.127733  0.142363  0.135962   0.11303  0.125679  0.132289  0.128992  0.147738  0.140439         0  0.146388   0.12761    0.1379  0.140328  0.120289  0.121821  0.125902  0.145912  0.123298  0.141378  0.131546  0.114046  0.128837  0.139502  0.129594  0.124346   0.13381  0.137982  0.127266  0.111233  0.134669  0.123405  0.133634  0.127851   0.14868  0.127675   0.12232  0.123108  0.122331  0.116893  0.128425  0.132066   0.12922  0.126102   0.12366  0.137815  0.141567  0.135195  0.129559  0.133314  0.124485  0.129361  0.129017  0.127046  0.135452  0.131123  0.139824  0.135104  0.131088  0.136451  0.127629  0.135982   0.13153  0.126974  0.136879  0.134446   0.12105  0.134416  0.129074  0.118451  0.132384   0.13057  0.131777  0.130554  0.125074  0.121433  0.129709  0.129583   0.12331  0.138086  0.134419  0.132696  0.122918  0.128873  0.119443   0.13752  0.137939 0.0924245
 0.129207  0.138613  0.145738  0.156282  0.132796  0.141133  0.144095  0.139638  0.117808  0.143022  0.135813  0.136998    0.1545  0.134128  0.144938  0.138211  0.144069  0.120691  0.142555  0.149047  0.137959  0.146388         0  0.134125  0.138072   0.13512   0.14638  0.142847  0.126361  0.147784  0.133141  0.127847  0.140845  0.133279  0.143004  0.141918  0.133948  0.129452   0.11357  0.138932  0.136094  0.150202  0.142744  0.147019  0.132973  0.127198  0.127053  0.142122  0.142708  0.130697  0.130323  0.136511  0.133198  0.147622  0.125267  0.141927  0.121613  0.140203  0.133248  0.153098  0.134916  0.153129  0.136543  0.132734  0.139717  0.122907  0.147379  0.141423  0.125053  0.137111  0.135394  0.114254  0.144489  0.124669  0.126952  0.133607  0.135928  0.145607   0.13372  0.129838  0.118218  0.131946  0.142924  0.128358  0.121736  0.130212  0.120307   0.13738  0.137951  0.139211  0.152875  0.133176  0.125384  0.134632  0.125716  0.129167  0.138878  0.130727  0.122407   0.10236
 0.125993   0.11636 0.0912717   0.13307  0.126012  0.119399   0.13512  0.104121  0.124705  0.129862  0.115354  0.116311   0.11777  0.135137  0.131504  0.108004 0.0927283   0.12433  0.123234  0.138766  0.141463   0.12761  0.134125         0  0.130432  0.124855  0.126276  0.107582  0.120107  0.119875  0.116801  0.126759 0.0967492  0.134467  0.112364  0.114296  0.128331   0.13051  0.139231  0.127864  0.114054  0.117364  0.120898  0.109086  0.123299  0.129497  0.143855  0.128241  0.116115  0.120213  0.117592  0.115067  0.119074  0.103051  0.128051  0.105113  0.120833   0.12964 0.0957839  0.127092  0.106638  0.120024  0.123717  0.127659  0.122923  0.123548  0.126014  0.107331  0.137454  0.114014  0.124413  0.129396  0.124372  0.130475  0.122249  0.122704  0.130884  0.128675 0.0892276  0.136443  0.124667  0.131054  0.130199  0.135165  0.097264    0.1368  0.132138  0.110647  0.119717  0.111262  0.124752  0.136892  0.131278  0.123809  0.112566  0.123543  0.119517  0.123335  0.124271 0.0890688
 0.105725  0.130235  0.137853  0.148117  0.139419  0.140992   0.13791   0.14161 0.0949689  0.149068  0.147952  0.145064  0.153996  0.108082  0.141703  0.127499  0.135319  0.113894  0.131415   0.11892  0.144389    0.1379  0.138072  0.130432         0   0.14648  0.153995   0.13703  0.110016  0.143832  0.101708  0.117815  0.140613  0.139611  0.136535  0.141808   0.13314   0.12809  0.136668  0.138898  0.121014  0.145081  0.124832  0.140736  0.107448  0.106324  0.140282   0.13752  0.143367  0.138266 0.0977544  0.141731  0.136979  0.142168  0.136833  0.131595  0.133745  0.133385   0.13834  0.152145  0.130458  0.152636  0.109706  0.112248  0.139438  0.121993  0.130159   0.13809  0.131218  0.141854  0.127883  0.145773  0.118872  0.104274  0.129344  0.135973 0.0949086  0.113051  0.134882   0.14179   0.11984  0.103855  0.146392  0.128028  0.134411  0.142866  0.144765  0.142532   0.10188  0.137531 0.0943697 0.0920286  0.134365  0.115116  0.137261 0.0836619   0.12694  0.111556 0.0976279 0.0938337
 0.136033  0.141759  0.131365  0.145964  0.134501  0.136668  0.144188 0.0917569  0.132021  0.113707  0.078833  0.134407  0.154638  0.146473  0.141647  0.141616  0.138608  0.135207  0.142232  0.148652  0.139652  0.140328   0.13512  0.124855   0.14648         0  0.122359  0.131968  0.135273  0.147734  0.142275  0.144055  0.138069  0.147511  0.140444  0.128818  0.142964  0.134727  0.131782  0.141676  0.142474  0.141667  0.134952  0.135565  0.141224  0.132136  0.146603  0.148661   0.13163  0.132859  0.133693  0.120706  0.127024  0.132582  0.132573  0.128653  0.131658  0.146717  0.121025  0.134686   0.13096   0.13027  0.143003  0.136287   0.13789  0.135289  0.143096  0.143778  0.146999  0.118102  0.134626  0.113258  0.127393  0.142696  0.125124  0.141623  0.150276  0.141272   0.10669  0.121016  0.131995  0.137176   0.13785  0.139088  0.133025  0.126956  0.132002  0.105982  0.140927  0.123712  0.147869  0.142088  0.144814  0.135959  0.112218  0.133395  0.136787  0.136013  0.134987  0.106327
 0.127521   0.12671  0.122568  0.132155  0.129983  0.126778  0.142475  0.114541  0.136299 0.0964998    0.1069  0.132807  0.126219  0.152361  0.138572  0.124022  0.128673  0.138347  0.135953  0.151617  0.142875  0.120289   0.14638  0.126276  0.153995  0.122359         0  0.125163  0.133941  0.141769  0.126136  0.150694  0.122582  0.145944  0.122509  0.132335  0.141292  0.130801   0.13154   0.14153  0.134789   0.11411  0.139513  0.128963  0.146918  0.126762  0.157956  0.133725  0.121347  0.124164  0.124439 0.0991804  0.131819  0.127401  0.131752  0.117961  0.129813  0.138911  0.143075  0.126559  0.134931  0.120385  0.129334  0.130878   0.12406  0.124524  0.130045  0.132638  0.144613  0.116203  0.141894  0.110767  0.138605  0.143209  0.133079  0.132863  0.148202  0.135327  0.106033  0.119613  0.128398   0.13009   0.13879  0.129626  0.129086  0.126328  0.112996  0.104363  0.132291  0.122821  0.134435  0.149722  0.138272  0.138231  0.102354  0.140416  0.123796  0.134382  0.137125 0.0984548
 0.127683  0.123985  0.111222  0.127342  0.123656  0.114575  0.134455   0.12573  0.127311  0.123769  0.130094  0.109346  0.129796  0.132256  0.129225  0.119486  0.109297  0.128153   0.10997  0.143902  0.136505  0.121821  0.142847  0.107582   0.13703  0.131968  0.125163         0  0.112163  0.122604  0.120186  0.131373  0.104792  0.141213   0.11697  0.122642  0.134488  0.122103   0.13482  0.131191  0.111949  0.123991  0.125016  0.128121  0.118724  0.131041   0.14954  0.127756  0.122782  0.122296  0.114957  0.115268  0.119216  0.120024  0.135985  0.117381  0.120124  0.135068  0.111146  0.120759  0.110971  0.122771   0.11697  0.127278  0.125735  0.128269  0.133376  0.118818  0.144555  0.126112  0.124145  0.132738  0.128394  0.132796  0.133289  0.127957  0.121034  0.126294  0.116893  0.133879  0.130441  0.123253  0.135347  0.135808 0.0930575  0.135999  0.127998  0.125037  0.122562  0.113218  0.128565  0.137632   0.13974  0.130856  0.120204  0.127381  0.132725    0.1289  0.135673 0.0900542
  0.10681  0.110362  0.123621  0.134804   0.12815  0.123715  0.131768  0.128927  0.106889  0.129893  0.134688  0.113576  0.133374  0.103244  0.129287  0.122108   0.12029  0.114718  0.099625  0.130498  0.128764  0.125902  0.126361  0.120107  0.110016  0.135273  0.133941  0.112163         0  0.142889  0.102465 0.0923456   0.12719  0.136659  0.121514  0.129248  0.120802  0.098036  0.121672  0.118571  0.110939  0.133505  0.114751  0.134781 0.0914762  0.116062    0.1324  0.118178  0.129981  0.119862  0.103584  0.128368   0.12405  0.131046   0.12905  0.128256  0.120942  0.130523  0.131974   0.12549  0.120105  0.141837  0.112014   0.11008  0.123963  0.122047  0.117788   0.12121  0.125961  0.130821  0.115884   0.12707  0.119412   0.12246  0.124545 0.0964211 0.0850421  0.104307  0.120919  0.131222  0.122048  0.106741  0.133024  0.130831  0.120536  0.136485  0.123166  0.130152  0.112165  0.125064    0.1118  0.105377  0.121364   0.10859   0.11445  0.109357  0.125307  0.107168  0.108541 0.0812368
 0.138798  0.146896  0.121136  0.138017  0.136604  0.146686   0.13186  0.124854  0.142531  0.147012   0.14778  0.131928  0.157943  0.142224  0.150343  0.135807  0.121653  0.138059  0.155176  0.144049  0.148445  0.145912  0.147784  0.119875  0.143832  0.147734  0.141769  0.122604  0.142889         0  0.143982  0.145758 0.0957851  0.140897  0.132718  0.115138  0.143735  0.150681   0.15118  0.146895  0.140618  0.143369  0.135573  0.141112    0.1463  0.145319  0.151579  0.146987   0.13676  0.140897  0.134784  0.120185   0.13314  0.140162  0.153166  0.124952  0.135221  0.132925  0.120998  0.143907  0.122089  0.137905   0.13898  0.144836  0.134952  0.133585  0.147404  0.145995  0.150172  0.131515  0.144266  0.145733  0.144337  0.137242  0.134512  0.149707  0.148484  0.131953  0.134051  0.140927  0.143786  0.145285  0.148137  0.149399  0.108881  0.134021  0.147916  0.144743  0.139903   0.12568  0.148646  0.156079  0.142148  0.150205  0.142428   0.13987  0.151576  0.136292  0.142802   0.10948
 0.102855  0.103116  0.117364  0.135196  0.128459  0.120519  0.132034  0.134754   0.10071  0.128236  0.136577  0.120108   0.12724   0.13205  0.132927  0.113926  0.118013  0.113061  0.115364  0.127818  0.135752  0.123298  0.133141  0.116801  0.101708  0.142275  0.126136  0.120186  0.102465  0.143982         0  0.123066  0.125721  0.130516  0.111903  0.136145  0.127697  0.111687  0.128877  0.131828   0.10603  0.123329  0.128086  0.130902  0.111969 0.0995915  0.144123  0.116728  0.128608   0.11776 0.0979002  0.126001  0.134094  0.123962  0.128334  0.126056  0.117917   0.12898  0.137517  0.135399  0.120804  0.139193 0.0943439 0.0986244  0.123542  0.114268  0.119785  0.117848  0.116017  0.129373  0.120908  0.128534  0.117207   0.11497  0.126157  0.118964  0.108771  0.114808  0.114093  0.129724  0.108389  0.103251  0.132135  0.116743  0.123663  0.133716    0.1253  0.125167  0.106877  0.122141  0.102517  0.110479  0.116142  0.111435  0.116573  0.108449   0.11249  0.118952  0.109113 0.0812466
 0.111887  0.132265  0.137302  0.147009  0.142382   0.13645  0.143207  0.133212  0.116936   0.14353  0.145903  0.115668  0.154614  0.118912  0.134593  0.138689  0.142297  0.118078  0.131013  0.135685  0.139327  0.141378  0.127847  0.126759  0.117815  0.144055  0.150694  0.131373 0.0923456  0.145758  0.123066         0  0.135155  0.144014  0.142365  0.133901  0.124502  0.124244  0.133204  0.131152  0.129708  0.149077  0.134752  0.144798  0.110439  0.130822  0.133837  0.125525   0.13836   0.12958  0.112302  0.134024  0.134954  0.142625  0.136578  0.135964  0.135683  0.132584  0.138137  0.148211   0.13572  0.147802  0.125111  0.126776  0.135681  0.124538  0.136446  0.127585  0.138136  0.138277  0.128396   0.13307  0.125906  0.122392  0.128932  0.113603  0.109269  0.118977  0.136504  0.134162  0.128199  0.123964  0.146324  0.143311  0.124003  0.141992   0.13714  0.141126  0.119164   0.14217   0.12952  0.114712  0.122195  0.112074  0.131293  0.117756  0.141004  0.106227  0.117177 0.0947666
 0.129538  0.124896  0.100383  0.132285  0.123266  0.126254  0.134523  0.124029  0.134698  0.133812  0.133391  0.115092  0.140412  0.142417  0.139048  0.121797  0.108835  0.125078  0.135934  0.141693  0.137155  0.131546  0.140845 0.0967492  0.140613  0.138069  0.122582  0.104792   0.12719 0.0957851  0.125721  0.135155         0  0.136841  0.116543  0.119906  0.131519  0.136821  0.136351  0.135249   0.12939  0.131087  0.130009  0.126585   0.13949  0.132916  0.155385  0.131318  0.127987  0.118715  0.123976  0.110186  0.126724  0.122018  0.141782  0.108295  0.127739  0.130512  0.106247  0.135233  0.101285     0.129  0.126038  0.131739  0.126275  0.129921  0.141458  0.131961  0.140891  0.118564  0.134117  0.133149   0.13985  0.131961  0.134376  0.130036  0.138639  0.130073  0.115642  0.140702  0.133604  0.138046  0.135299  0.145698  0.101592  0.137065   0.13573  0.128938  0.127405  0.118852  0.135222   0.14452  0.127588  0.138352  0.124099  0.134993   0.13508  0.130449  0.138375 0.0972024
 0.138261  0.138538  0.138288  0.143891  0.134067  0.140605  0.139235  0.141117  0.130276  0.147144  0.145204  0.142471  0.159466  0.143911  0.151573  0.128165  0.143834  0.129432   0.14535  0.141706  0.146447  0.114046  0.133279  0.134467  0.139611  0.147511  0.145944  0.141213  0.136659  0.140897  0.130516  0.144014  0.136841         0  0.135506  0.141564  0.136948   0.13805  0.146903  0.142124  0.133503   0.14331   0.14173  0.141409  0.141663  0.142932  0.148132  0.144619  0.139727  0.133626   0.13409  0.143137  0.136678  0.144183  0.143211  0.137476  0.131971  0.137399  0.141637  0.162851  0.134851  0.156102  0.133169   0.14283   0.14033  0.133246  0.146574  0.143786  0.141336  0.145377  0.137759  0.135769  0.145746  0.132724  0.133924  0.144641  0.144897  0.146346  0.129165   0.14344  0.130497  0.141789  0.140286  0.141709  0.135577  0.133934  0.136511  0.141685  0.144212   0.14178  0.148228  0.145532  0.138128  0.149067  0.133654  0.136831   0.13951  0.141415   0.13574  0.105959
 0.134241  0.111652  0.113427   0.13272  0.119754  0.114131  0.134816  0.131376  0.124662  0.133273  0.137517  0.120601  0.118287  0.144857  0.142062  0.110837  0.105921   0.12833  0.129078  0.141396  0.139094  0.128837  0.143004  0.112364  0.136535  0.140444  0.122509   0.11697  0.121514  0.132718  0.111903  0.142365  0.116543  0.135506         0  0.131136  0.132197   0.12983  0.136932  0.135513  0.121125  0.109552  0.136469   0.11963   0.12898  0.128372  0.153805  0.131112  0.127204  0.122453  0.127541  0.127475  0.122917  0.106737  0.137688  0.107444  0.114404   0.13507  0.132353  0.140809  0.104187  0.124541   0.13051  0.132003  0.132032  0.132901  0.138268  0.122189  0.133612  0.128232  0.122102   0.13092  0.139459  0.139965  0.133671   0.13319  0.136643  0.133585  0.104714  0.135717  0.129489  0.133086  0.136817  0.139993  0.118919  0.135132  0.133782  0.117969  0.129737 0.0971837  0.123926  0.142664  0.131189  0.138901  0.119154  0.136106  0.132199  0.137379  0.122585 0.0974918
 0.130669  0.138463  0.124656  0.133589  0.128575   0.13168  0.130247   0.10829  0.134038  0.136074  0.134101  0.128206  0.144843  0.143537  0.139186  0.129389  0.123842  0.138882  0.139245  0.140444  0.139581  0.139502  0.141918  0.114296  0.141808  0.128818  0.132335  0.122642  0.129248  0.115138  0.136145  0.133901  0.119906  0.141564  0.131136         0  0.142261  0.135571  0.140254  0.136837  0.134637  0.135399  0.127038  0.125391  0.137812  0.134101  0.141179    0.1424  0.125366  0.131889  0.129858   0.12177  0.119515  0.130036  0.141402   0.11709  0.133528  0.138629  0.120989  0.134979  0.122448  0.119748  0.136679  0.136998  0.133766  0.127869  0.134213  0.130737   0.14684  0.120088  0.131833  0.134118  0.129329  0.140388  0.128585  0.136625  0.145989  0.132878  0.115589  0.128153  0.129189  0.139843  0.140857   0.14328   0.11642  0.133721  0.138569  0.128732  0.124905  0.121866  0.145306  0.141768   0.13759  0.136908  0.126186  0.132744  0.139097  0.126672  0.127957 0.0994041
 0.129575  0.128375  0.132129   0.14586  0.141374  0.132445  0.137564  0.135362  0.119671  0.137315  0.140162  0.126162  0.141641  0.142376  0.101462  0.126918   0.13617  0.121025  0.119635  0.146756  0.128326  0.129594  0.133948  0.128331   0.13314  0.142964  0.141292  0.134488  0.120802  0.143735  0.127697  0.124502  0.131519  0.136948  0.132197  0.142261         0  0.136277  0.139956 0.0939254  0.117204  0.139239  0.137142  0.140202  0.131218  0.126704  0.152919 0.0944049  0.139013  0.112993  0.126397  0.127634  0.131366  0.138032  0.129007  0.141423  0.130384  0.136451  0.135705  0.140941  0.134613  0.151981  0.126968  0.134577  0.092148  0.127499  0.133818  0.128936  0.136135  0.130803  0.126571  0.130462  0.142182  0.125688  0.121172 0.0969907  0.127004  0.138032  0.126315  0.135558  0.128927  0.124362  0.139567  0.139122  0.130106  0.141877  0.128925  0.135014  0.136672  0.134735  0.132319  0.136546  0.133631   0.13402   0.12528  0.128011  0.132498  0.128528  0.132854  0.096194
 0.117474  0.126154  0.132391  0.137119  0.129432  0.124001  0.144793  0.136897  0.114295  0.127607  0.131537  0.118381  0.139401  0.116937  0.137056  0.128909  0.124661  0.127297   0.11978  0.143843   0.14147  0.124346  0.129452   0.13051   0.12809  0.134727  0.130801  0.122103  0.098036  0.150681  0.111687  0.124244  0.136821   0.13805   0.12983  0.135571  0.136277         0   0.13475  0.134068   0.12541  0.127068  0.127977  0.136006  0.110045   0.12544  0.144137  0.132018  0.132832  0.125886  0.114001  0.121581  0.123021  0.135435  0.135376  0.132097  0.124118  0.147379  0.137364  0.136595  0.123179  0.139955  0.119865  0.119192   0.13527  0.130266  0.125283  0.128513  0.136717  0.136943  0.121398  0.128795  0.123834  0.136163  0.125721  0.129409  0.113814  0.125456  0.126049  0.130779  0.125048   0.11862    0.1314  0.135731  0.126552  0.131815  0.126814  0.124604  0.128942  0.119102  0.122978  0.118309  0.139738  0.123785  0.124298  0.118671  0.133777  0.123353  0.120659 0.0923398
 0.125576  0.130863  0.141697  0.140012  0.128922  0.140391  0.141763   0.13596   0.12483  0.125011  0.135942  0.135742  0.146016  0.144695  0.133908  0.133675  0.141109  0.127184  0.135921  0.149195  0.131952   0.13381   0.11357  0.139231  0.136668  0.131782   0.13154   0.13482  0.121672   0.15118  0.128877  0.133204  0.136351  0.146903  0.136932  0.140254  0.139956   0.13475         0  0.146795  0.135652  0.143087  0.138351  0.139702  0.138467   0.11478  0.142428  0.136582  0.135894   0.13385  0.124519  0.129218  0.133059  0.143141  0.129943  0.133185  0.130606  0.138243  0.144897  0.132636  0.137079  0.138739   0.13273  0.121139  0.129028  0.120034  0.138508  0.147766  0.124555  0.127829   0.13207  0.131499  0.134388  0.132739  0.132151  0.130932  0.139821   0.13403  0.129414  0.114345  0.122219  0.120112  0.148085  0.127445  0.127832  0.126732  0.115297  0.130362  0.128137  0.136839  0.134675  0.135091  0.127861  0.130426  0.125625  0.130403  0.128635  0.128154  0.125069 0.0970837
 0.133703  0.133108  0.130849  0.148257  0.142019  0.133316  0.143859  0.134869  0.129322  0.141867  0.140316   0.12991  0.147391  0.137948  0.109375  0.132804  0.135252  0.132612  0.106002   0.15225  0.124369  0.137982  0.138932  0.127864  0.138898  0.141676   0.14153  0.131191  0.118571  0.146895  0.131828  0.131152  0.135249  0.142124  0.135513  0.136837 0.0939254  0.134068  0.146795         0   0.11005  0.141742  0.132247  0.144325  0.130247  0.135428  0.154251  0.118759  0.139258   0.11868  0.129911  0.131698  0.132015  0.142552  0.130672  0.142069  0.134415  0.143559  0.132075  0.135686  0.129544  0.145206  0.137989  0.134441  0.102254  0.133512  0.135387  0.130453  0.142544  0.129489  0.128579   0.13663  0.136269  0.138279  0.119997 0.0963195   0.12524  0.137499  0.128882   0.13333  0.132884  0.137782  0.134197  0.145687  0.127655  0.142906  0.138403  0.135883  0.132747  0.134625  0.137116  0.134458  0.135359  0.136636  0.124694  0.136478  0.137615  0.133401  0.135343  0.102037
