Pi: 0.242478  0.25762 0.186737 0.313166
S:   0.36649  0.158994  0.108605 0.0365846  0.305217 0.0241097
