
Alignment summary:
Hypoxylon_atroroseum_U32411: -=27 ?=134 A=271 C=187 G=242 N=3 T=269
Daldinia_concentrica_U32402: -=29 ?=86 A=276 C=200 G=255 T=287
Xylaria_hypoxylon_U20378: -=32 ?=59 A=288 C=204 G=259 N=2 T=289
Xylaria_curta_U32417: -=33 ?=69 A=288 C=198 G=253 T=292
Ophiostoma_ulmi_M83261: -=30 ?=93 A=277 C=195 G=249 N=1 T=288
Ophiostoma_piliferum_U20377: -=31 ?=78 A=288 C=202 G=253 N=1 T=280
Sordaria_fimicola_X69851: -=30 ?=25 A=301 C=218 G=269 T=290
Neurospora_crassa_X04971: -=30 A=298 C=225 G=276 T=304
Chaetomium_globosum_U20379: -=28 ?=38 A=297 C=209 G=265 N=4 T=292
Cercophora_septentrionalis_U32: -=33 ?=60 A=286 C=205 G=253 N=12 T=284
Gaeumannomyces_graminis_var_gr: -=40 ?=81 A=279 C=202 G=247 N=5 T=279
Magnaporthe_salvinii_U78546: -=39 ?=57 A=283 C=205 G=257 N=4 T=288
Pyricularia_grisea_793: -=29 ?=57 A=282 C=211 G=263 N=2 T=289
Magnaporthe_grisea_Guy_11: -=28 ?=18 A=292 C=220 G=274 N=7 T=294
Hypocrea_pallida_U32408: -=29 ?=60 A=278 C=224 G=270 N=1 T=271
Nectria_cinnabarina_U32412: -=27 ?=81 A=271 C=216 G=265 N=1 T=272
Hypomyces_polyporinus_U32410: -=27 ?=106 A=264 C=213 G=251 N=13 T=259
Claviceps_purpurea_U44040: -=25 ?=127 A=262 C=203 G=255 N=2 T=259
Glomerella_cingulata_U48427: -=30 ?=70 A=285 C=212 G=263 N=3 T=270
Colletotrichum_gloeosporioides: -=32 ?=76 A=278 C=202 G=255 N=16 T=274
Microascus_trigonosporus_L3698: -=30 ?=103 A=278 C=202 G=247 N=4 T=269
Petriella_setifera_U32421: -=30 ?=92 A=278 C=205 G=254 N=2 T=272
Ceratocystis_virescens_U32419: -=29 ?=120 A=266 C=202 G=244 N=5 T=267
Ceratocystis_fimbriata_U32418: -=26 ?=128 A=274 C=195 G=248 N=1 T=261
Leucostoma_persoonii_M83259: -=29 ?=63 A=282 C=212 G=264 N=2 T=281
Diaporthe_phaseolorum_L36985: -=30 ?=60 A=279 C=218 G=264 N=4 T=278
Melanconis_marginalis_ATCC5690: -=30 ?=131 A=263 C=196 G=240 N=6 T=267
Gnomonia_setacea: -=27 ?=65 A=280 C=209 G=259 N=3 T=290
Valsa_ambiens_subsp._leucostom: -=31 ?=79 A=279 C=211 G=250 T=283
Cryptodiaporthe_corni: -=27 ?=69 A=281 C=215 G=266 N=1 T=274
Apiognomonia_supraseptata: -=32 ?=69 A=273 C=221 G=262 N=6 T=270
Amphiporthe_castanea: -=26 ?=85 A=282 C=215 G=258 N=2 T=265
Phomopsis_longicolla_U78778: -=30 ?=100 A=274 C=207 G=256 T=266
Cryphonectria_parasitica_713: -=30 ?=55 A=282 C=214 G=264 N=11 T=277
Endothia_gyrosa_L42443: -=31 ?=124 A=263 C=207 G=250 N=1 T=257
Endothia_eugeniae: -=28 ?=125 A=269 C=202 G=244 N=2 T=263
Plagiostoma_euphorbiae: -=33 ?=36 A=290 C=219 G=268 N=8 T=279
Pleuroceras_pleurostylum: -=31 ?=66 A=281 C=208 G=263 N=4 T=280
Gnomonia_padicola: -=31 ?=38 A=293 C=215 G=271 N=1 T=284
Apioplagiostoma_aceriferum: -=28 ?=76 A=284 C=211 G=258 T=276
Apiosporopsis_carpinea: -=31 ?=63 A=283 C=216 G=262 N=2 T=276
Linospora_capreae: -=27 ?=76 A=284 C=208 G=260 N=2 T=276
Discula_quercina: -=32 ?=73 A=277 C=212 G=254 N=5 T=280
Discula_campestris: -=29 ?=50 A=288 C=221 G=266 T=279
Discula_fraxinae: -=31 ?=40 A=293 C=217 G=266 N=3 T=283
Discula_destructiva_MD254: -=32 ?=47 A=291 C=214 G=266 T=283
Discula_sp._326: -=32 ?=46 A=290 C=214 G=264 N=2 T=285
Saccharomyces_cerevisiae_Z7557: -=30 ?=25 A=293 C=219 G=267 T=299
Candida_albicans_E15168: -=24 ?=74 A=286 C=202 G=257 N=2 T=288
Ambrosiozyma_platypodis_L36984: -=27 ?=81 A=284 C=199 G=249 N=1 T=292

Seed = 3328134693

Jukes-Cantor Distance Matrix:

         0  0.0292561   0.046185  0.0617231   0.064033  0.0584079  0.0548042  0.0592129  0.0663958  0.0812506  0.0776358  0.0668325  0.0615231  0.0721868  0.0739193  0.0709015  0.0739344  0.0853575  0.0948748  0.0929948  0.0791674  0.0663416  0.0608442  0.0641038  0.0772173  0.0810712  0.0685614      0.076  0.0714016  0.0718721  0.0753958  0.0695095  0.0673146  0.0652585  0.0591664  0.0454349  0.0528616  0.0585346  0.0584712  0.0428229   0.041722  0.0302308  0.0317798  0.0393987  0.0340605  0.0396521  0.0308993  0.0351877   0.027526  0.0290359
 0.0292561          0  0.0364444  0.0440099  0.0670659  0.0509375   0.048947  0.0499505  0.0598667  0.0708681  0.0698178  0.0591231  0.0519598   0.062083  0.0684205  0.0696703  0.0744866  0.0796327    0.08872  0.0988055  0.0829332  0.0755491  0.0693563  0.0677235  0.0731512  0.0765808  0.0716667  0.0729191  0.0733606  0.0627846  0.0674251  0.0617231  0.0577208  0.0578445  0.0512258  0.0477762   0.050258  0.0493012  0.0607536  0.0400235  0.0438997  0.0356337  0.0344169  0.0320517  0.0375968  0.0396434  0.0365555  0.0386003  0.0318858  0.0297577
  0.046185  0.0364444          0   0.041969  0.0398459  0.0581331  0.0476824  0.0579516  0.0593473  0.0745891  0.0764376  0.0696001  0.0613212  0.0678371   0.067808  0.0781572  0.0813388  0.0877479  0.0977335  0.0964972  0.0796081  0.0734853  0.0664483   0.060334  0.0659993  0.0768572  0.0743236  0.0737954  0.0780746  0.0744236  0.0779101  0.0755491  0.0730452  0.0707026  0.0682038  0.0623309  0.0679059  0.0640444  0.0697472  0.0625362  0.0565918   0.046311  0.0450647   0.047894  0.0499852  0.0489521  0.0479205  0.0489521  0.0525057  0.0530112
 0.0617231  0.0440099   0.041969          0  0.0356241  0.0351235  0.0522649  0.0563835   0.069461  0.0845072  0.0808973  0.0749844  0.0708946  0.0814113  0.0895343  0.0904068  0.0941152  0.0983183   0.105605   0.105493  0.0871949  0.0797776  0.0731238  0.0729363  0.0756857  0.0811602  0.0811602  0.0835086  0.0844608  0.0819486  0.0946386  0.0866875   0.085467  0.0813341  0.0788155  0.0733103  0.0716046  0.0745107   0.082246  0.0642272  0.0701103  0.0629961  0.0572996  0.0579599  0.0630666  0.0641286  0.0598898  0.0609472  0.0530069  0.0551832
  0.064033  0.0670659  0.0398459  0.0356241          0  0.0389565  0.0523289  0.0652585   0.066757  0.0829992  0.0827741  0.0787399  0.0679908  0.0756149  0.0803018  0.0890093  0.0891356   0.100569   0.110381  0.0991042  0.0890093  0.0680077  0.0719951    0.06928  0.0772898  0.0817641  0.0814284  0.0843647  0.0857771  0.0793691  0.0898695  0.0889346  0.0816082  0.0799151  0.0773706  0.0770767  0.0745107  0.0730452  0.0809041  0.0737588   0.060414  0.0568095  0.0566901  0.0615839  0.0556957  0.0600528  0.0599906  0.0567671  0.0574703  0.0617719
 0.0584079  0.0509375  0.0581331  0.0351235  0.0389565          0  0.0289265  0.0401972  0.0583116  0.0821874  0.0752241  0.0641107  0.0601954  0.0745183  0.0807397   0.083655  0.0789337  0.0907145   0.101145   0.106173  0.0903592  0.0771558  0.0753051  0.0748971  0.0729488  0.0756857  0.0775235  0.0762732  0.0772386  0.0735194  0.0833898  0.0793691  0.0752241  0.0707921  0.0644602  0.0670088  0.0679477  0.0675324  0.0742875  0.0560119  0.0631287  0.0558937  0.0545695  0.0552525  0.0583116  0.0604422  0.0593761  0.0572485  0.0490929  0.0493498
 0.0548042   0.048947  0.0476824  0.0522649  0.0523289  0.0289265          0  0.0283856  0.0559631  0.0706042  0.0690142  0.0584188  0.0546781  0.0623331  0.0672241  0.0773083  0.0769906  0.0797592  0.0930946  0.0985543  0.0839219  0.0772588  0.0663061  0.0651887  0.0696767  0.0665088  0.0706532  0.0667782   0.074673  0.0683915  0.0717515  0.0737363  0.0701103  0.0681825  0.0630938  0.0579688   0.070168  0.0610092  0.0676627  0.0509534  0.0587146  0.0476995  0.0517447  0.0481817   0.054193  0.0482291  0.0543537  0.0564064  0.0451573  0.0444724
 0.0592129  0.0499505  0.0579516  0.0563835  0.0652585  0.0401972  0.0283856          0  0.0447894   0.065192  0.0645784  0.0615057  0.0546237  0.0618509  0.0713628  0.0729028   0.071305  0.0762732  0.0886107  0.0950638  0.0827108  0.0782774  0.0673529  0.0628919    0.06855  0.0674952  0.0683029  0.0675633  0.0762233  0.0719417  0.0770698  0.0795652  0.0711334  0.0665759  0.0608009  0.0640731  0.0726695  0.0585368  0.0712702  0.0556748  0.0561009  0.0535762  0.0475066  0.0450527  0.0518967  0.0501169   0.046108  0.0549909  0.0491486  0.0454685
 0.0663958  0.0598667  0.0593473   0.069461   0.066757  0.0583116  0.0559631  0.0447894          0  0.0423073  0.0432664  0.0565544  0.0508669   0.058349  0.0592281  0.0637151  0.0673529  0.0655392   0.079401  0.0900233  0.0720384  0.0798794  0.0666628  0.0555612  0.0647958  0.0669137  0.0641928  0.0616363  0.0683485  0.0610682  0.0699616  0.0674612  0.0617719  0.0564755  0.0545695  0.0579735  0.0638684  0.0621473  0.0636103  0.0562178  0.0523289  0.0496562  0.0441909  0.0418853  0.0458615  0.0511733  0.0449685  0.0511733  0.0568693  0.0510054
 0.0812506  0.0708681  0.0745891  0.0845072  0.0829992  0.0821874  0.0706042   0.065192  0.0423073          0  0.0288894  0.0487977  0.0536847  0.0603186  0.0620062  0.0632937  0.0704234  0.0705106  0.0861991   0.100294  0.0875532  0.0897899   0.074405  0.0686573  0.0792955  0.0839384  0.0811602  0.0772386  0.0870701  0.0698929  0.0807343  0.0767934  0.0716101  0.0660234  0.0677235  0.0721379  0.0779923  0.0711741  0.0835664  0.0730159  0.0653285  0.0649053  0.0602042   0.059406  0.0603654  0.0616428  0.0605546  0.0704052    0.06928   0.065604
 0.0776358  0.0698178  0.0764376  0.0808973  0.0827741  0.0752241  0.0690142  0.0645784  0.0432664  0.0288894          0  0.0465025  0.0527622  0.0660805  0.0636904  0.0649167  0.0741613   0.074066  0.0883373    0.10168  0.0910552  0.0981127  0.0813438  0.0716453  0.0835086  0.0795236  0.0789609  0.0774048  0.0880378  0.0705106  0.0817721  0.0786408  0.0687504  0.0619244  0.0646659  0.0666326  0.0743342   0.074066  0.0752241  0.0642459  0.0646149   0.061868  0.0513488  0.0541062  0.0561902   0.061979  0.0585819  0.0619128  0.0674612  0.0536902
 0.0668325  0.0591231  0.0696001  0.0749844  0.0787399  0.0641107  0.0584188  0.0615057  0.0565544  0.0487977  0.0465025          0  0.0276347  0.0514314  0.0627473  0.0641107   0.063297  0.0652585  0.0821742  0.0912816  0.0832059  0.0821259  0.0682288  0.0634026  0.0677383   0.070532  0.0691278  0.0655346   0.073599   0.059374  0.0682995  0.0636386  0.0588743  0.0545695  0.0579735  0.0584346  0.0676368  0.0649803  0.0729488  0.0566711  0.0592483  0.0553836  0.0541062  0.0503614   0.055581  0.0546822  0.0536126  0.0600528  0.0562223  0.0530919
 0.0615231  0.0519598  0.0613212  0.0708946  0.0679908  0.0601954  0.0546781  0.0546237  0.0508669  0.0536847  0.0527622  0.0276347          0   0.025476  0.0496377     0.0486  0.0537638  0.0566711  0.0651256  0.0768015  0.0630938  0.0611293  0.0519642  0.0470911  0.0522649  0.0613201  0.0548632  0.0517983  0.0605424  0.0467927  0.0536847  0.0507593  0.0432218  0.0422067  0.0406227  0.0451844  0.0519556  0.0489928  0.0591943  0.0515812    0.04884  0.0439456  0.0426902  0.0403594  0.0454685  0.0446077  0.0456068  0.0487481  0.0499831  0.0450186
 0.0721868   0.062083  0.0678371  0.0814113  0.0756149  0.0745183  0.0623331  0.0618509   0.058349  0.0603186  0.0660805  0.0514314   0.025476          0  0.0365926  0.0394429  0.0551485  0.0655392  0.0718252  0.0889932  0.0777015   0.068942  0.0588957  0.0500363  0.0647958  0.0733035  0.0665407  0.0616924  0.0681583   0.052476    0.05719   0.061827  0.0530919   0.049198  0.0501431  0.0545695  0.0649973  0.0537392  0.0655178  0.0635844  0.0555062  0.0550706  0.0477966  0.0493924  0.0532243   0.052514  0.0535411  0.0573213  0.0589146   0.056302
 0.0739193  0.0684205   0.067808  0.0895343  0.0803018  0.0807397  0.0672241  0.0713628  0.0592281  0.0620062  0.0636904  0.0627473  0.0496377  0.0365926          0  0.0391655  0.0580254  0.0725412  0.0780725  0.0926709  0.0812482   0.082377  0.0628919  0.0594049  0.0713854   0.079181  0.0762908  0.0703312  0.0774048  0.0598429  0.0610092  0.0674251  0.0636904  0.0604284  0.0595981  0.0613269  0.0668709   0.064295  0.0678777  0.0615839  0.0586277  0.0548575  0.0481673  0.0519556  0.0518499  0.0541235  0.0509534  0.0573071  0.0668065  0.0557532
 0.0709015  0.0696703  0.0781572  0.0904068  0.0890093   0.083655  0.0773083  0.0729028  0.0637151  0.0632937  0.0649167  0.0641107     0.0486  0.0394429  0.0391655          0  0.0321182   0.051302  0.0653941  0.0785382  0.0760563  0.0704234  0.0574703  0.0447894  0.0598049  0.0645229  0.0619918  0.0626669  0.0652585  0.0423243  0.0578999   0.051138   0.046298   0.041925  0.0448875  0.0450417  0.0561593  0.0566711  0.0626015  0.0549223  0.0520747  0.0504121  0.0447894  0.0454841  0.0529265  0.0574193  0.0520139  0.0541714  0.0613929  0.0591856
 0.0739344  0.0744866  0.0813388  0.0941152  0.0891356  0.0789337  0.0769906   0.071305  0.0673529  0.0704234  0.0741613   0.063297  0.0537638  0.0551485  0.0580254  0.0321182          0  0.0294798  0.0479396  0.0595682  0.0767846  0.0674612  0.0583035  0.0502089  0.0510836  0.0614533  0.0679197  0.0651887   0.075571  0.0440494  0.0640731  0.0532374   0.052711  0.0492518  0.0474735  0.0470005  0.0572839  0.0578493  0.0662514  0.0607073  0.0542071  0.0536542  0.0534748  0.0528616  0.0584079  0.0608589  0.0585981  0.0619918  0.0639901  0.0678305
 0.0853575  0.0796327  0.0877479  0.0983183   0.100569  0.0907145  0.0797592  0.0762732  0.0655392  0.0705106   0.074066  0.0652585  0.0566711  0.0655392  0.0725412   0.051302  0.0294798          0  0.0315172  0.0460671  0.0600989  0.0779923  0.0658622  0.0615279  0.0591492  0.0626489  0.0702134  0.0731755  0.0781718  0.0585196  0.0659041  0.0674973  0.0623121  0.0553836  0.0571385  0.0622999  0.0658317  0.0622628   0.070201  0.0678305  0.0657595  0.0646039  0.0644464  0.0595635  0.0667593  0.0669794  0.0646858  0.0704329  0.0713518  0.0724663
 0.0948748    0.08872  0.0977335   0.105605   0.110381   0.101145  0.0930946  0.0886107   0.079401  0.0861991  0.0883373  0.0821742  0.0651256  0.0718252  0.0780725  0.0653941  0.0479396  0.0315172          0  0.0543982  0.0520194  0.0811602  0.0835723  0.0773544  0.0678777   0.079401  0.0834804  0.0821132   0.097123  0.0750626  0.0806497  0.0750626  0.0713575  0.0679197  0.0731755  0.0763275  0.0754563  0.0753016  0.0763992  0.0805494  0.0795236  0.0759466  0.0779923   0.071114  0.0786885  0.0789371  0.0778281  0.0833898  0.0847807  0.0764181
 0.0929948  0.0988055  0.0964972   0.105493  0.0991042   0.106173  0.0985543  0.0950638  0.0900233   0.100294    0.10168  0.0912816  0.0768015  0.0889932  0.0926709  0.0785382  0.0595682  0.0460671  0.0543982          0  0.0379828  0.0466417  0.0593408  0.0673494  0.0726119  0.0850468  0.0762245   0.086214   0.092778  0.0894111   0.097752  0.0872491  0.0846432  0.0829332  0.0850287  0.0803329   0.083214  0.0873832  0.0952653  0.0917172  0.0748217  0.0753051  0.0784537  0.0813341  0.0788541  0.0876833   0.083214  0.0842399  0.0778639  0.0829751
 0.0791674  0.0829332  0.0796081  0.0871949  0.0890093  0.0903592  0.0839219  0.0827108  0.0720384  0.0875532  0.0910552  0.0832059  0.0630938  0.0777015  0.0812482  0.0760563  0.0767846  0.0600989  0.0520194  0.0379828          0  0.0355591  0.0434275  0.0619244  0.0577826  0.0667346  0.0706664  0.0700472  0.0814248  0.0771022  0.0839419  0.0771321  0.0768778  0.0744144  0.0743014  0.0705106  0.0721149  0.0764994  0.0829751  0.0817721  0.0696703  0.0707026  0.0722281  0.0717342  0.0695968    0.07181   0.070628   0.072842  0.0689894  0.0764376
 0.0663416  0.0755491  0.0734853  0.0797776  0.0680077  0.0771558  0.0772588  0.0782774  0.0798794  0.0897899  0.0981127  0.0821259  0.0611293   0.068942   0.082377  0.0704234  0.0674612  0.0779923  0.0811602  0.0466417  0.0355591          0  0.0161297  0.0486657  0.0558937  0.0625583   0.051405  0.0679343  0.0616563   0.074015  0.0816911   0.072857  0.0726199  0.0702641  0.0665625  0.0494685  0.0627982  0.0684205  0.0734853   0.071305  0.0487386  0.0515812  0.0545112   0.066618   0.059406  0.0594681  0.0605546  0.0638238  0.0566105  0.0660939
 0.0608442  0.0693563  0.0664483  0.0731238  0.0719951  0.0753051  0.0663061  0.0673529  0.0666628   0.074405  0.0813438  0.0682288  0.0519642  0.0588957  0.0628919  0.0574703  0.0583035  0.0658622  0.0835723  0.0593408  0.0434275  0.0161297          0  0.0287116  0.0426403  0.0541637   0.055294   0.058941  0.0544529  0.0513976  0.0569146  0.0533912  0.0566936  0.0532374  0.0527539  0.0539558  0.0631614  0.0626738  0.0732026  0.0656948  0.0544506  0.0574703  0.0566105  0.0556416  0.0541637  0.0564296  0.0530631  0.0585819  0.0559126   0.063365
 0.0641038  0.0677235   0.060334  0.0729363    0.06928  0.0748971  0.0651887  0.0628919  0.0555612  0.0686573  0.0716453  0.0634026  0.0470911  0.0500363  0.0594049  0.0447894  0.0502089  0.0615279  0.0773544  0.0673494  0.0619244  0.0486657  0.0287116          0  0.0200575  0.0418115  0.0400095  0.0439043  0.0483861   0.049824  0.0606502   0.060661  0.0538058  0.0522414  0.0502982  0.0548691  0.0583447  0.0637762  0.0637073   0.060334  0.0472428  0.0551004  0.0516877  0.0519642  0.0481965  0.0593408  0.0514671  0.0560404  0.0514671  0.0577208
 0.0772173  0.0731512  0.0659993  0.0756857  0.0772898  0.0729488  0.0696767    0.06855  0.0647958  0.0792955  0.0835086  0.0677383  0.0522649  0.0647958  0.0713854  0.0598049  0.0510836  0.0591492  0.0678777  0.0726119  0.0577826  0.0558937  0.0426403  0.0200575          0  0.0328738  0.0398658  0.0381002  0.0586444   0.051311  0.0683703  0.0553836  0.0556004  0.0541714  0.0519126  0.0592045   0.061827  0.0633957  0.0691687  0.0651191   0.064295  0.0595002  0.0638004  0.0552963   0.067078  0.0662042  0.0662042  0.0727213   0.068155  0.0690865
 0.0810712  0.0765808  0.0768572  0.0811602  0.0817641  0.0756857  0.0665088  0.0674952  0.0669137  0.0839384  0.0795236   0.070532  0.0613201  0.0733035   0.079181  0.0645229  0.0614533  0.0626489   0.079401  0.0850468  0.0667346  0.0625583  0.0541637  0.0418115  0.0328738          0  0.0242979  0.0328707  0.0475344   0.044883  0.0622595  0.0521302  0.0509375  0.0466472  0.0407972  0.0522627  0.0584912  0.0612585  0.0616363  0.0574138  0.0577208  0.0539916  0.0615186   0.048997  0.0649221  0.0608163  0.0640444  0.0661358  0.0750626  0.0767207
 0.0685614  0.0716667  0.0743236  0.0811602  0.0814284  0.0775235  0.0706532  0.0683029  0.0641928  0.0811602  0.0789609  0.0691278  0.0548632  0.0665407  0.0762908  0.0619918  0.0679197  0.0702134  0.0834804  0.0762245  0.0706664   0.051405   0.055294  0.0400095  0.0398658  0.0242979          0  0.0149951  0.0325431  0.0473552  0.0534383  0.0487076  0.0458658  0.0436169  0.0455548  0.0519199  0.0571602   0.062127  0.0672415  0.0581644  0.0471921  0.0529187  0.0569617  0.0472428  0.0504121  0.0548632  0.0548632  0.0570372   0.057785  0.0715877
     0.076  0.0729191  0.0737954  0.0835086  0.0843647  0.0762732  0.0667782  0.0675633  0.0616363  0.0772386  0.0774048  0.0655346  0.0517983  0.0616924  0.0703312  0.0626669  0.0651887  0.0731755  0.0821132   0.086214  0.0700472  0.0679343   0.058941  0.0439043  0.0381002  0.0328707  0.0149951          0  0.0314182  0.0371977  0.0505454  0.0415331  0.0438315  0.0391976  0.0371932  0.0474597  0.0599286  0.0588743  0.0680177  0.0626248  0.0553102  0.0505454  0.0540488  0.0500015  0.0605664  0.0576613   0.055581  0.0596818  0.0634332  0.0674973
 0.0714016  0.0733606  0.0780746  0.0844608  0.0857771  0.0772386   0.074673  0.0762233  0.0683485  0.0870701  0.0880378   0.073599  0.0605424  0.0681583  0.0774048  0.0652585   0.075571  0.0781718   0.097123   0.092778  0.0814248  0.0616563  0.0544529  0.0483861  0.0586444  0.0475344  0.0325431  0.0314182          0  0.0283052  0.0422349  0.0385937  0.0403881  0.0368237   0.041015  0.0448373  0.0637807  0.0631953  0.0730529  0.0602861  0.0540026  0.0569435  0.0524906  0.0490439  0.0550145  0.0551832  0.0519556  0.0516398  0.0599463  0.0707026
 0.0718721  0.0627846  0.0744236  0.0819486  0.0793691  0.0735194  0.0683915  0.0719417  0.0610682  0.0698929  0.0705106   0.059374  0.0467927   0.052476  0.0598429  0.0423243  0.0440494  0.0585196  0.0750626  0.0894111  0.0771022   0.074015  0.0513976   0.049824   0.051311   0.044883  0.0473552  0.0371977  0.0283052          0  0.0250284  0.0279939  0.0308052  0.0288401  0.0265891  0.0324205   0.044055   0.049198  0.0501038  0.0457459   0.041734  0.0446035  0.0358214  0.0389309  0.0449726  0.0473246  0.0452502  0.0512144  0.0617633  0.0590857
 0.0753958  0.0674251  0.0779101  0.0946386  0.0898695  0.0833898  0.0717515  0.0770698  0.0699616  0.0807343  0.0817721  0.0682995  0.0536847    0.05719  0.0610092  0.0578999  0.0640731  0.0659041  0.0806497   0.097752  0.0839419  0.0816911  0.0569146  0.0606502  0.0683703  0.0622595  0.0534383  0.0505454  0.0422349  0.0250284          0  0.0243494  0.0343452  0.0300974  0.0332554  0.0367967  0.0527076  0.0520194  0.0623412  0.0547453  0.0540488  0.0468903  0.0521857  0.0464066  0.0547953   0.050674  0.0538906  0.0538906  0.0634721  0.0649848
 0.0695095  0.0617231  0.0755491  0.0866875  0.0889346  0.0793691  0.0737363  0.0795652  0.0674612  0.0767934  0.0786408  0.0636386  0.0507593   0.061827  0.0674251   0.051138  0.0532374  0.0674973  0.0750626  0.0872491  0.0771321   0.072857  0.0533912   0.060661  0.0553836  0.0521302  0.0487076  0.0415331  0.0385937  0.0279939  0.0243494          0  0.0207124  0.0262212  0.0215146  0.0297174  0.0426458  0.0478167  0.0412759  0.0422502  0.0434904  0.0399394  0.0353006  0.0374445  0.0446035  0.0448361  0.0405926  0.0466956  0.0583831  0.0486657
 0.0673146  0.0577208  0.0730452   0.085467  0.0816082  0.0752241  0.0701103  0.0711334  0.0617719  0.0716101  0.0687504  0.0588743  0.0432218  0.0530919  0.0636904   0.046298   0.052711  0.0623121  0.0713575  0.0846432  0.0768778  0.0726199  0.0566936  0.0538058  0.0556004  0.0509375  0.0458658  0.0438315  0.0403881  0.0308052  0.0343452  0.0207124          0  0.0141896   0.021331  0.0304942  0.0345249  0.0441768  0.0452134  0.0397721  0.0420573  0.0372946  0.0367509  0.0326028  0.0398138   0.043185  0.0399394  0.0410197  0.0533463  0.0515224
 0.0652585  0.0578445  0.0707026  0.0813341  0.0799151  0.0707921  0.0681825  0.0665759  0.0564755  0.0660234  0.0619244  0.0545695  0.0422067   0.049198  0.0604284   0.041925  0.0492518  0.0553836  0.0679197  0.0829332  0.0744144  0.0702641  0.0532374  0.0522414  0.0541714  0.0466472  0.0436169  0.0391976  0.0368237  0.0288401  0.0300974  0.0262212  0.0141896          0  0.0157403  0.0305735  0.0376733   0.041734   0.047894  0.0457925  0.0406053  0.0349738  0.0346336  0.0347399  0.0427379  0.0419046  0.0398459  0.0406466  0.0537791  0.0509209
 0.0591664  0.0512258  0.0682038  0.0788155  0.0773706  0.0644602  0.0630938  0.0608009  0.0545695  0.0677235  0.0646659  0.0579735  0.0406227  0.0501431  0.0595981  0.0448875  0.0474735  0.0571385  0.0731755  0.0850287  0.0743014  0.0665625  0.0527539  0.0502982  0.0519126  0.0407972  0.0455548  0.0371932   0.041015  0.0265891  0.0332554  0.0215146   0.021331  0.0157403          0  0.0179717  0.0278206  0.0376558  0.0376153  0.0401688  0.0343531  0.0283052    0.03083  0.0302861   0.036514   0.037737  0.0355287  0.0333269  0.0475122  0.0478076
 0.0454349  0.0477762  0.0623309  0.0733103  0.0770767  0.0670088  0.0579688  0.0640731  0.0579735  0.0721379  0.0666326  0.0584346  0.0451844  0.0545695  0.0613269  0.0450417  0.0470005  0.0622999  0.0763275  0.0803329  0.0705106  0.0494685  0.0539558  0.0548691  0.0592045  0.0522627  0.0519199  0.0474597  0.0448373  0.0324205  0.0367967  0.0297174  0.0304942  0.0305735  0.0179717          0  0.0187901  0.0314511  0.0324545  0.0270675  0.0217858   0.028187  0.0253724  0.0251332   0.028246   0.028335  0.0272662  0.0323866  0.0356337  0.0428217
 0.0528616   0.050258  0.0679059  0.0716046  0.0745107  0.0679477   0.070168  0.0726695  0.0638684  0.0779923  0.0743342  0.0676368  0.0519556  0.0649973  0.0668709  0.0561593  0.0572839  0.0658317  0.0754563   0.083214  0.0721149  0.0627982  0.0631614  0.0583447   0.061827  0.0584912  0.0571602  0.0599286  0.0637807   0.044055  0.0527076  0.0426458  0.0345249  0.0376733  0.0278206  0.0187901          0  0.0309631  0.0360225  0.0404002  0.0349132  0.0311498  0.0353363  0.0278824  0.0362697  0.0393275  0.0393275  0.0501662  0.0516377  0.0500015
 0.0585346  0.0493012  0.0640444  0.0745107  0.0730452  0.0675324  0.0610092  0.0585368  0.0621473  0.0711741   0.074066  0.0649803  0.0489928  0.0537392   0.064295  0.0566711  0.0578493  0.0622628  0.0753016  0.0873832  0.0764994  0.0684205  0.0626738  0.0637762  0.0633957  0.0612585   0.062127  0.0588743  0.0631953   0.049198  0.0520194  0.0478167  0.0441768   0.041734  0.0376558  0.0314511  0.0309631          0  0.0236706  0.0320476  0.0308706  0.0292179  0.0318214  0.0308092  0.0339605  0.0339945  0.0330053  0.0430836  0.0472759  0.0469882
 0.0584712  0.0607536  0.0697472   0.082246  0.0809041  0.0742875  0.0676627  0.0712702  0.0636103  0.0835664  0.0752241  0.0729488  0.0591943  0.0655178  0.0678777  0.0626015  0.0662514   0.070201  0.0763992  0.0952653  0.0829751  0.0734853  0.0732026  0.0637073  0.0691687  0.0616363  0.0672415  0.0680177  0.0730529  0.0501038  0.0623412  0.0412759  0.0452134   0.047894  0.0376153  0.0324545  0.0360225  0.0236706          0  0.0329394  0.0347055  0.0339945  0.0340626  0.0296775  0.0439579  0.0440871  0.0420717  0.0488613   0.050258   0.039403
 0.0428229  0.0400235  0.0625362  0.0642272  0.0737588  0.0560119  0.0509534  0.0556748  0.0562178  0.0730159  0.0642459  0.0566711  0.0515812  0.0635844  0.0615839  0.0549223  0.0607073  0.0678305  0.0805494  0.0917172  0.0817721   0.071305  0.0656948   0.060334  0.0651191  0.0574138  0.0581644  0.0626248  0.0602861  0.0457459  0.0547453  0.0422502  0.0397721  0.0457925  0.0401688  0.0270675  0.0404002  0.0320476  0.0329394          0  0.0290133  0.0324704  0.0237215  0.0198885  0.0300641  0.0322089  0.0291299  0.0401568  0.0364814  0.0333852
  0.041722  0.0438997  0.0565918  0.0701103   0.060414  0.0631287  0.0587146  0.0561009  0.0523289  0.0653285  0.0646149  0.0592483    0.04884  0.0555062  0.0586277  0.0520747  0.0542071  0.0657595  0.0795236  0.0748217  0.0696703  0.0487386  0.0544506  0.0472428   0.064295  0.0577208  0.0471921  0.0553102  0.0540026   0.041734  0.0540488  0.0434904  0.0420573  0.0406053  0.0343531  0.0217858  0.0349132  0.0308706  0.0347055  0.0290133          0  0.0138801  0.0141609   0.021712  0.0166892  0.0237879  0.0187881  0.0296189  0.0303685  0.0361391
 0.0302308  0.0356337   0.046311  0.0629961  0.0568095  0.0558937  0.0476995  0.0535762  0.0496562  0.0649053   0.061868  0.0553836  0.0439456  0.0550706  0.0548575  0.0504121  0.0536542  0.0646039  0.0759466  0.0753051  0.0707026  0.0515812  0.0574703  0.0551004  0.0595002  0.0539916  0.0529187  0.0505454  0.0569435  0.0446035  0.0468903  0.0399394  0.0372946  0.0349738  0.0283052   0.028187  0.0311498  0.0292179  0.0339945  0.0324704  0.0138801          0  0.0151827  0.0149706  0.0168379  0.0158526  0.0168546  0.0207523  0.0266512  0.0310925
 0.0317798  0.0344169  0.0450647  0.0572996  0.0566901  0.0545695  0.0517447  0.0475066  0.0441909  0.0602042  0.0513488  0.0541062  0.0426902  0.0477966  0.0481673  0.0447894  0.0534748  0.0644464  0.0779923  0.0784537  0.0722281  0.0545112  0.0566105  0.0516877  0.0638004  0.0615186  0.0569617  0.0540488  0.0524906  0.0358214  0.0521857  0.0353006  0.0367509  0.0346336    0.03083  0.0253724  0.0353363  0.0318214  0.0340626  0.0237215  0.0141609  0.0151827          0  0.0100876 0.00688078   0.018844  0.0118346  0.0128166  0.0240439  0.0256611
 0.0393987  0.0320517   0.047894  0.0579599  0.0615839  0.0552525  0.0481817  0.0450527  0.0418853   0.059406  0.0541062  0.0503614  0.0403594  0.0493924  0.0519556  0.0454841  0.0528616  0.0595635   0.071114  0.0813341  0.0717342   0.066618  0.0556416  0.0519642  0.0552963   0.048997  0.0472428  0.0500015  0.0490439  0.0389309  0.0464066  0.0374445  0.0326028  0.0347399  0.0302861  0.0251332  0.0278824  0.0308092  0.0296775  0.0198885   0.021712  0.0149706  0.0100876          0  0.0146919  0.0197315  0.0137573  0.0207114  0.0293957   0.026624
 0.0340605  0.0375968  0.0499852  0.0630666  0.0556957  0.0583116   0.054193  0.0518967  0.0458615  0.0603654  0.0561902   0.055581  0.0454685  0.0532243  0.0518499  0.0529265  0.0584079  0.0667593  0.0786885  0.0788541  0.0695968   0.059406  0.0541637  0.0481965   0.067078  0.0649221  0.0504121  0.0605664  0.0550145  0.0449726  0.0547953  0.0446035  0.0398138  0.0427379   0.036514   0.028246  0.0362697  0.0339605  0.0439579  0.0300641  0.0166892  0.0168379 0.00688078  0.0146919          0   0.022231  0.0086043   0.019238  0.0325364  0.0291299
 0.0396521  0.0396434  0.0489521  0.0641286  0.0600528  0.0604422  0.0482291  0.0501169  0.0511733  0.0616428   0.061979  0.0546822  0.0446077   0.052514  0.0541235  0.0574193  0.0608589  0.0669794  0.0789371  0.0876833    0.07181  0.0594681  0.0564296  0.0593408  0.0662042  0.0608163  0.0548632  0.0576613  0.0551832  0.0473246   0.050674  0.0448361   0.043185  0.0419046   0.037737   0.028335  0.0393275  0.0339945  0.0440871  0.0322089  0.0237879  0.0158526   0.018844  0.0197315   0.022231          0  0.0202715  0.0261148  0.0368549  0.0352651
 0.0308993  0.0365555  0.0479205  0.0598898  0.0599906  0.0593761  0.0543537   0.046108  0.0449685  0.0605546  0.0585819  0.0536126  0.0456068  0.0535411  0.0509534  0.0520139  0.0585981  0.0646858  0.0778281   0.083214   0.070628  0.0605546  0.0530631  0.0514671  0.0662042  0.0640444  0.0548632   0.055581  0.0519556  0.0452502  0.0538906  0.0405926  0.0399394  0.0398459  0.0355287  0.0272662  0.0393275  0.0330053  0.0420717  0.0291299  0.0187881  0.0168546  0.0118346  0.0137573  0.0086043  0.0202715          0  0.0134404  0.0264614  0.0311498
 0.0351877  0.0386003  0.0489521  0.0609472  0.0567671  0.0572485  0.0564064  0.0549909  0.0511733  0.0704052  0.0619128  0.0600528  0.0487481  0.0573213  0.0573071  0.0541714  0.0619918  0.0704329  0.0833898  0.0842399   0.072842  0.0638238  0.0585819  0.0560404  0.0727213  0.0661358  0.0570372  0.0596818  0.0516398  0.0512144  0.0538906  0.0466956  0.0410197  0.0406466  0.0333269  0.0323866  0.0501662  0.0430836  0.0488613  0.0401568  0.0296189  0.0207523  0.0128166  0.0207114   0.019238  0.0261148  0.0134404          0  0.0288115   0.027057
  0.027526  0.0318858  0.0525057  0.0530069  0.0574703  0.0490929  0.0451573  0.0491486  0.0568693    0.06928  0.0674612  0.0562223  0.0499831  0.0589146  0.0668065  0.0613929  0.0639901  0.0713518  0.0847807  0.0778639  0.0689894  0.0566105  0.0559126  0.0514671   0.068155  0.0750626   0.057785  0.0634332  0.0599463  0.0617633  0.0634721  0.0583831  0.0533463  0.0537791  0.0475122  0.0356337  0.0516377  0.0472759   0.050258  0.0364814  0.0303685  0.0266512  0.0240439  0.0293957  0.0325364  0.0368549  0.0264614  0.0288115          0  0.0177523
 0.0290359  0.0297577  0.0530112  0.0551832  0.0617719  0.0493498  0.0444724  0.0454685  0.0510054   0.065604  0.0536902  0.0530919  0.0450186   0.056302  0.0557532  0.0591856  0.0678305  0.0724663  0.0764181  0.0829751  0.0764376  0.0660939   0.063365  0.0577208  0.0690865  0.0767207  0.0715877  0.0674973  0.0707026  0.0590857  0.0649848  0.0486657  0.0515224  0.0509209  0.0478076  0.0428217  0.0500015  0.0469882   0.039403  0.0333852  0.0361391  0.0310925  0.0256611   0.026624  0.0291299  0.0352651  0.0311498   0.027057  0.0177523          0


JC Tree topology:
(1,(((2,3),(((4,5),6),(7,8))),((((((((9,(10,11)),(12,13)),(((14,15),(16,17)),((((18,19),(20,21)),(22,23)),((24,25),(26,(27,28)))))),(((((29,30),(31,32)),(33,34)),35),(36,37))),((38,39),40)),44),((41,42),46)),((43,45),(47,48)))),(49,50));

Putting MLE Branch Lengths
p:   0.2738 0.203578 0.251431 0.271191
s:  0.103258  0.199905  0.153891 0.0743014  0.358671  0.109974
Q: 
-0.834649  0.188564  0.365056  0.281029
 0.253606  -1.31701  0.182489  0.880916
 0.397534  0.147757 -0.763988  0.218697
 0.283732  0.661288  0.202762  -1.14778

((24:0.0076539,25:0.0136429):0.0096148,((20:0.0239782,21:0.0152322):0.0167644,(22:0.0060541,23:0.0147853):0.0088644):0.0228207,(((((13:0.0063818,12:0.0214505):0.0115089,((10:0.0134999,11:0.0194713):0.0147490,9:0.0186366):0.0155346):0.0028963,((16:0.0202571,(15:0.0220165,14:0.0154023):0.0021764):0.0092543,((19:0.0227211,18:0.0076814):0.0130371,17:0.0115600):0.0177920):0.0026097):0.0028496,((((30:0.0138966,(31:0.0169527,32:0.0126918):0.0032822):0.0057266,(34:0.0050315,33:0.0103327):0.0041981):0.0044378,35:0.0071916):0.0073377,((40:0.0192561,((37:0.0126648,36:0.0059470):0.0082313,(38:0.0108567,39:0.0145733):0.0058462):0.0027316):0.0087905,(((((42:0.0065642,46:0.0104373):0.0033303,41:0.0137140):0.0019869,((47:0.0049309,48:0.0105545):0.0025798,(45:0.0054125,43:0.0041273):0.0042828):0.0055987):0.0026021,44:0.0072588):0.0010217,((((6:0.0130040,(4:0.0147034,5:0.0211026):0.0085013):0.0125316,(7:0.0108402,8:0.0178697):0.0107739):0.0032449,3:0.0302517):0.0099257,((1:0.0177008,2:0.0154537):0.0072222,(49:0.0106415,50:0.0107478):0.0020145):0.0025414):0.0117337):0.0061156):0.0056816):0.0088826):0.0086268,(((27:0.0045439,28:0.0098082):0.0065101,26:0.0179474):0.0073189,29:0.0216795):0.0171533):0.0044172);
stationary acceptance: 0.297048
symmetric acceptance: 0.341052
branch length acceptance: 0.821028
avgP: 0.265595 0.207678 0.247841 0.278887
sP: 9.89463e-05 8.32547e-05 8.79041e-05 9.09008e-05
avgS:  0.109949  0.187332  0.152506 0.0668635  0.377884  0.105465
sS:  0.00010589 0.000171952  0.00013881 5.28257e-05 0.000220514 8.50754e-05
0.265595 0.207678 0.247841 0.278887
 0.109949  0.187332  0.152506 0.0668635  0.377884  0.105465

-0.846755  0.206987  0.352666  0.287103
 0.264712  -1.33548  0.160979  0.909785
 0.377929  0.134892 -0.725589  0.212767
 0.273419  0.677486  0.189082  -1.13999

GTR Distance Matrix:

         0   0.029557  0.0466945  0.0624733  0.0646542  0.0591603  0.0556815  0.0599961  0.0674355  0.0826072   0.078676  0.0679125  0.0622309  0.0729947  0.0746851  0.0716544  0.0745722  0.0865947  0.0964739   0.094128  0.0803345  0.0673248  0.0614963  0.0649048  0.0782448  0.0823793  0.0693645  0.0771203  0.0723172  0.0727836   0.076364  0.0704287  0.0683752  0.0663348  0.0600623  0.0458969  0.0535175  0.0593529  0.0592379  0.0433187  0.0421947   0.030586  0.0319621  0.0399179  0.0343964  0.0401423  0.0312086  0.0355336  0.0277995  0.0292599
  0.029557          0   0.036783  0.0444198  0.0675456  0.0514306  0.0495009  0.0502508  0.0604261  0.0716799  0.0703712  0.0597265  0.0522447  0.0624166    0.06882  0.0702067  0.0750088  0.0806577   0.089812  0.0999401  0.0838207  0.0765261  0.0698897  0.0685429  0.0738376  0.0774114  0.0722792  0.0737607  0.0739767  0.0633748  0.0678954  0.0623996  0.0583868  0.0585551  0.0517038  0.0482304  0.0507146  0.0497946  0.0613553  0.0403862  0.0442384  0.0359468  0.0345085  0.0322629   0.037887  0.0400084  0.0368428  0.0389388  0.0322216   0.029888
 0.0466945   0.036783          0  0.0423322  0.0400002  0.0587014  0.0481549  0.0583896  0.0599595  0.0754523  0.0770775  0.0704289  0.0617373  0.0682678  0.0680551  0.0787312  0.0818668  0.0888477  0.0989514  0.0977233  0.0805845  0.0745161  0.0669549  0.0610809  0.0666091  0.0776881   0.075027  0.0746396   0.078915  0.0753617  0.0785033  0.0765143  0.0740434  0.0717286   0.068984  0.0630467  0.0686738  0.0648531  0.0705756  0.0633061  0.0571953   0.046775  0.0453021  0.0483485  0.0505278   0.049406  0.0483819  0.0494305  0.0531608  0.0533533
 0.0624733  0.0444198  0.0423322          0  0.0358991  0.0354765  0.0528085  0.0568929  0.0703111  0.0857614  0.0817454  0.0760436  0.0715281  0.0820166  0.0903321  0.0913513  0.0949755     0.0998    0.10709   0.107126  0.0881752  0.0809141  0.0737855  0.0739428  0.0765506  0.0820436  0.0821447  0.0845961  0.0855238  0.0830916  0.0956986  0.0878707  0.0868331  0.0826398  0.0799047  0.0742374  0.0725098  0.0755042  0.0832509  0.0650009  0.0709099  0.0637669  0.0576421  0.0585545  0.0637796   0.064869  0.0605541  0.0616336   0.053672  0.0555928
 0.0646542  0.0675456  0.0400002  0.0358991          0  0.0392953  0.0527539  0.0658413  0.0675399  0.0841102  0.0835473  0.0796293  0.0684186  0.0761067  0.0806516  0.0897813  0.0897348   0.101805   0.111786   0.100304  0.0900077  0.0687553  0.0726461  0.0701667  0.0779403  0.0824224  0.0823112  0.0852956   0.086809  0.0802925  0.0904638   0.089891  0.0826272  0.0810351  0.0782643  0.0780283   0.075337  0.0739077  0.0818388  0.0745261  0.0609542   0.057441  0.0570713  0.0621036  0.0561737  0.0605866  0.0604901  0.0572295  0.0581047  0.0622192
 0.0591603  0.0514306  0.0587014  0.0354765  0.0392953          0  0.0291843  0.0405673  0.0591395  0.0833869  0.0760395  0.0649767  0.0607499  0.0751843  0.0815267  0.0845695  0.0796353  0.0920487   0.102673   0.107936  0.0914978   0.078292  0.0761415  0.0760592  0.0738379  0.0765005  0.0784405  0.0771786  0.0781774  0.0743999  0.0842335  0.0803965  0.0763403  0.0718724  0.0652916  0.0678028  0.0688858   0.068404  0.0752616  0.0566944  0.0638715  0.0566791  0.0549536  0.0558819  0.0590546  0.0612269  0.0600816  0.0579288  0.0496921  0.0497999
 0.0556815  0.0495009  0.0481549  0.0528085  0.0527539  0.0291843          0  0.0286165  0.0567825  0.0716197  0.0698329  0.0592606  0.0552627  0.0628891  0.0676992  0.0781495  0.0776898  0.0809646  0.0945978   0.100314  0.0851699  0.0787036  0.0671532  0.0663281  0.0706557  0.0673888  0.0717206  0.0677582  0.0756063  0.0692718  0.0724804  0.0747129  0.0712666  0.0692788  0.0640094  0.0587315  0.0712217  0.0618875  0.0685823  0.0516402  0.0594407  0.0483143   0.052155   0.048727  0.0549833   0.048813  0.0550314    0.05711  0.0456681  0.0448142
 0.0599961  0.0502508  0.0583896  0.0568929  0.0658413  0.0405673  0.0286165          0  0.0452629  0.0658857  0.0650521  0.0621752   0.055005  0.0622467  0.0718725  0.0734318  0.0717691  0.0771249  0.0896835  0.0964338  0.0837918  0.0795213  0.0680829  0.0638149  0.0692833  0.0681915  0.0690959  0.0682768  0.0769562  0.0726068  0.0777072  0.0803338  0.0720574    0.06745  0.0614344  0.0647555  0.0736249  0.0591615  0.0720174  0.0562256  0.0565986  0.0541476  0.0477499  0.0453769  0.0524863  0.0505696  0.0465313  0.0554269  0.0495968  0.0457162
 0.0674355  0.0604261  0.0599595  0.0703111  0.0675399  0.0591395  0.0567825  0.0452629          0  0.0428349  0.0436688  0.0572529  0.0513495  0.0589231  0.0598184  0.0643364  0.0679587  0.0665378  0.0806104  0.0915505  0.0731633  0.0814696   0.067508  0.0565042  0.0656326  0.0677908  0.0650793  0.0625084  0.0692439  0.0618763  0.0706596  0.0683932  0.0627153  0.0572703  0.0553032   0.058723   0.064686  0.0630124  0.0644757  0.0569819  0.0529046  0.0502734  0.0445231  0.0423181  0.0464849  0.0518184  0.0454908  0.0517699  0.0576634  0.0514944
 0.0826072  0.0716799  0.0754523  0.0857614  0.0841102  0.0833869  0.0716197  0.0658857  0.0428349          0  0.0290695  0.0493095  0.0542012  0.0608865  0.0625738   0.063901  0.0711032  0.0716164  0.0875405   0.102066  0.0890164  0.0915323  0.0752929   0.069799  0.0804077  0.0852082    0.08221   0.078266   0.088215  0.0708288   0.081552  0.0777909   0.072769  0.0669481   0.068706  0.0731648  0.0791277  0.0721326  0.0847287  0.0741307  0.0661758  0.0658352  0.0607484  0.0600646  0.0612886   0.062503  0.0613499  0.0713743  0.0703194  0.0662352
  0.078676  0.0703712  0.0770775  0.0817454  0.0835473  0.0760395  0.0698329  0.0650521  0.0436688  0.0290695          0  0.0468203  0.0531059   0.066431  0.0641165  0.0654691  0.0747024  0.0751489  0.0894582   0.103307  0.0922944  0.0996697  0.0821114  0.0726451  0.0843299   0.080367  0.0797744  0.0782779  0.0888363  0.0711851  0.0823087  0.0794686  0.0695322  0.0624025  0.0652739  0.0672996  0.0750404  0.0749317  0.0760919  0.0649361  0.0651891  0.0625219  0.0516429   0.054518  0.0568417  0.0626518  0.0591129  0.0625587   0.068221  0.0541247
 0.0679125  0.0597265  0.0704289  0.0760436  0.0796293  0.0649767  0.0592606  0.0621752  0.0572529  0.0493095  0.0468203          0  0.0278737  0.0518357  0.0632227  0.0646786  0.0636887  0.0660912  0.0832904  0.0926866  0.0845213  0.0836393  0.0690585  0.0644042  0.0686043  0.0715543  0.0700778  0.0664264  0.0745201    0.06005   0.068934  0.0644102  0.0596764  0.0552736  0.0587038  0.0591197  0.0684678  0.0657679   0.073885  0.0573888  0.0598324  0.0560632  0.0544617  0.0508092  0.0562793  0.0553664  0.0541796  0.0607431  0.0569507  0.0536085
