Pi: 0.216058 0.253006 0.291127 0.239809
S:  0.086022  0.147184 0.0678414  0.250445  0.340712  0.107795
