Pi: 0.267509  0.20519 0.242538 0.284762
S:  0.106997  0.182969  0.156874 0.0701749  0.369976   0.11301
