Pi: 0.319861 0.172887  0.23234 0.274912
S:   0.10782  0.205316  0.155281 0.0846059  0.312534  0.134444
