Pi: 0.268689 0.217543  0.26982 0.243948
S: 0.0857555  0.239754   0.14324  0.076189  0.335741  0.119321
