Pi: 0.213721 0.254181 0.292141 0.239957
S: 0.0839831  0.144916  0.066321  0.251549  0.343657  0.109574
