Pi: 0.274043 0.212201 0.270883 0.242872
S: 0.0865995  0.245624  0.143906 0.0778166  0.327558  0.118496
