Pi: 0.268754 0.217361 0.269913 0.243971
S: 0.0853227  0.239427  0.143224 0.0781153   0.33681  0.117101
