Pi: 0.227619 0.221227 0.182994  0.36816
S:  0.174473  0.169437 0.0952586 0.0202586  0.527181 0.0133917
