Pi:   0.2422 0.257152 0.186964 0.313684
S:   0.36462  0.159669  0.108953 0.0363316  0.305813 0.0246136
