
Alignment summary:
Caecomyces_communis: -=130 A=413 C=310 G=399 N=1 T=407
Absidia_glauca: -=143 A=417 C=307 G=392 T=401
Rhizopus_oryzae: -=141 A=415 C=308 G=402 T=394
Mucor_hiemalis: -=159 A=418 C=301 G=393 T=389
Mortierella_polycephala: -=182 A=423 C=302 G=373 T=380
Echinosporangium_transversale: -=241 A=390 C=289 G=368 T=372
Mortierella_wolfii: -=214 A=391 C=287 G=387 T=381
Piromyces_communis: -=194 A=403 C=297 G=382 S=1 T=383
Kickxella_alabastrina: -=194 A=418 C=305 G=380 R=1 S=2 T=360
Linderina_pennispora: -=211 A=401 C=293 G=382 T=373
Dipsacomyces_acuminosporus: -=188 A=391 C=300 G=396 S=1 T=384
Entomophthora_muscae: -=160 A=412 C=307 G=400 T=381
Conidiobolus_coronatus: -=176 A=414 C=293 G=391 T=386
Smittium_culisetae: -=183 A=421 C=295 G=385 T=376
Furculomyces_boomerangus: -=182 A=418 C=288 G=377 T=395
Capniomyces_stellatus: -=164 A=429 C=283 G=390 N=1 T=393
Blastocladiella_emersonii: -=211 A=414 C=266 G=371 T=398
Chytridium_confervae: -=216 A=407 C=279 G=362 T=396
Neocallimastix_frontalis: -=219 A=404 C=275 G=376 T=386
Ustilago_hordii: -=217 A=417 C=279 G=376 T=371
Endogone_pisiforme: -=225 A=395 C=277 G=395 T=368
Glomus_mossae: -=240 A=400 C=282 G=371 T=367
Gigaspora_margarita: -=176 A=418 C=296 G=374 T=396
Coprinus_cinereus: -=188 A=417 C=287 G=373 T=395
Boletus_satanas: -=221 A=404 C=270 G=377 R=1 T=387
Morchella_elata: -=237 A=401 C=264 G=377 T=381
Peziza_badia: -=237 A=403 C=272 G=364 T=384
Saccharomyces_cerevisiae: -=202 A=410 C=282 G=367 T=399
Pneumocystis_carinii: -=191 A=423 C=269 G=369 T=408
Eurotium_rubrum: -=195 A=417 C=268 G=372 T=408
Neurospora_crassa: -=190 A=416 C=276 G=368 T=410
Taphrina_deformans: -=189 A=410 C=284 G=381 T=396
Schizosaccharomyces_pombe: -=234 A=403 C=265 G=366 T=392
Caenorhabditis_drosophilae: -=217 A=406 C=278 G=362 T=397
Hydra_littoralis: -=171 A=404 C=296 G=390 T=399
Calanus_pacificus: -=135 A=431 C=300 G=392 T=402
Coleochaete_scutata: -=135 A=426 C=293 G=399 T=407
Physcomitrella_patens: -=131 A=419 C=287 G=410 T=413
Arabidopsis_thaliana: -=125 A=426 C=284 G=405 T=420
Zea_mays: -=131 A=415 C=293 G=411 T=410
Mesostigma_viride: -=127 A=431 C=301 G=398 T=403
Xenopus_laevis: -=125 A=422 C=304 G=409 T=400
Gallus_gallus: -=126 A=417 C=305 G=408 T=404

Seed = 2192016353

Jukes-Cantor Distance Matrix:

        0  0.104722  0.139957  0.153734  0.144155  0.159111  0.158482   0.15166  0.143547  0.146581  0.167659  0.157765  0.146143  0.168049  0.171981   0.16621  0.150699  0.175462  0.143142   0.16325  0.166518  0.176431  0.166886  0.176829  0.164362  0.144155  0.136101  0.136741  0.142271  0.136741  0.142782  0.142782  0.137923  0.130565  0.138175   0.12783   0.15346  0.133556  0.127553  0.153009  0.151609  0.142007  0.120085
 0.104722         0  0.107557   0.14297  0.125384  0.149666  0.143847  0.146752  0.143586  0.138117  0.165367  0.149477  0.143908  0.170365  0.158604  0.160058  0.142619  0.166425  0.139208  0.147851  0.173494  0.160525  0.161292  0.170023   0.16024  0.159624   0.13449  0.138952  0.142706  0.123078  0.129083   0.13093  0.132652  0.132743  0.140767  0.134634  0.134931  0.135536  0.128481  0.149908  0.155537  0.129179  0.129086
 0.139957  0.107557         0  0.124677  0.124108  0.147331  0.146069  0.141135  0.144655  0.135266  0.162545  0.147533  0.154705   0.16649  0.172719  0.173179  0.159234  0.189249  0.158482  0.166465  0.170664  0.172391  0.164983  0.168538  0.170527  0.165113  0.144723  0.146468  0.156157  0.141135  0.147202  0.144058  0.148033  0.146182  0.152942  0.143821  0.149645  0.152478  0.148432  0.163813  0.188915  0.158247  0.155435
 0.153734   0.14297  0.124677         0  0.112592  0.143031  0.154071  0.145469  0.141866  0.138566  0.144813  0.149162  0.153833  0.184437  0.175708  0.186262  0.181752  0.203412  0.180183  0.187559  0.180036  0.168089  0.181174  0.182448  0.164481  0.167403  0.151471  0.146635  0.153138   0.14635  0.145667  0.160474  0.154243  0.161262  0.166011   0.15288  0.164013  0.163517  0.163247   0.17612  0.185888  0.176036   0.17179
 0.144155  0.125384  0.124108  0.112592         0  0.103665  0.115468  0.130568   0.12089  0.131411   0.15209  0.144099  0.154529  0.169926  0.167137  0.171095  0.160665  0.197737  0.162621  0.181154  0.180223  0.166246  0.161617  0.169826  0.156292  0.160049  0.140506  0.142835   0.15118  0.126368  0.132571  0.140288  0.154177  0.146926  0.155499  0.138391  0.134993  0.155096  0.145593  0.158361  0.159327  0.163316  0.158121
 0.159111  0.149666  0.147331  0.143031  0.103665         0  0.109396  0.122485  0.130424  0.129257  0.168974  0.161697  0.157321   0.18203  0.177046  0.198442  0.178458  0.209958  0.172921   0.19062   0.19574  0.188985   0.18785  0.184965  0.180819  0.180239  0.157939  0.161953  0.161663  0.149795  0.158218  0.177989  0.177913  0.170639  0.177341  0.161018  0.167895  0.173151  0.157854  0.175861  0.179528  0.189249  0.158733
 0.158482  0.143847  0.146069  0.154071  0.115468  0.109396         0 0.0878801  0.108459  0.127818  0.155938   0.15974  0.152936  0.170297  0.170926  0.168927  0.174626  0.197945  0.164702  0.177192  0.182742  0.186049  0.189418  0.189742  0.174209  0.176435   0.16168  0.163988  0.166302  0.147285  0.156419  0.161202  0.170931  0.161244  0.177243  0.164721  0.164333  0.162713  0.165046  0.170617  0.183997  0.180141  0.156388
  0.15166  0.146752  0.141135  0.145469  0.130568  0.122485 0.0878801         0 0.0863948  0.113249  0.142206  0.153907   0.14905  0.157225  0.156223  0.175827   0.17695  0.194009  0.159785  0.165695  0.173256  0.170654  0.178249  0.178934  0.158873  0.151252  0.149052  0.150909  0.157714    0.1444  0.148217  0.151871   0.16273  0.149197  0.170938  0.158114  0.157869  0.156037  0.150005  0.164502  0.177891  0.179087  0.177614
 0.143547  0.143586  0.144655  0.141866   0.12089  0.130424  0.108459 0.0863948         0 0.0722105  0.120535  0.135058  0.132721  0.151336  0.157225  0.158106  0.151927  0.179442  0.145196  0.168608  0.172109  0.160342  0.167268   0.16876   0.15264  0.150962  0.131264  0.132474  0.139029  0.130454   0.13609  0.144169  0.148211  0.140279  0.158608  0.150891  0.154568  0.147034  0.151311  0.157256  0.166838  0.164248  0.163134
 0.146581  0.138117  0.135266  0.138566  0.131411  0.129257  0.127818  0.113249 0.0722105         0 0.0875499  0.122283  0.115999  0.142013  0.165972  0.158861  0.142631  0.170322   0.14145  0.152832  0.152421  0.143732  0.146044  0.155266  0.146324  0.139473  0.131371  0.123459  0.135029  0.126624  0.128665  0.134818  0.134968   0.13381  0.150503    0.1447   0.15515  0.143513  0.143696  0.155271  0.164433  0.149649  0.166921
 0.167659  0.165367  0.162545  0.144813   0.15209  0.168974  0.155938  0.142206  0.120535 0.0875499         0   0.11151  0.133276  0.171085  0.166386  0.178747  0.159765  0.171194  0.159518  0.171326  0.149806  0.154004  0.172319  0.170512  0.157964  0.163363  0.141219  0.138124  0.146295  0.139489  0.141486  0.144252  0.164409  0.162518   0.17245  0.156409  0.166709  0.161666  0.164951   0.18084   0.18274  0.172581  0.184215
 0.157765  0.149477  0.147533  0.149162  0.144099  0.161697   0.15974  0.153907  0.135058  0.122283   0.11151         0 0.0992284  0.141169  0.161883  0.176699  0.162606   0.19355  0.157596   0.16664  0.164614  0.147046   0.16058  0.173821  0.173226  0.157838  0.128785  0.134818  0.149796   0.13398  0.146008   0.14099  0.152174  0.147158  0.163307  0.151789  0.165705  0.160763  0.156575  0.174543  0.170873  0.178147  0.171263
 0.146143  0.143908  0.154705  0.153833  0.154529  0.157321  0.152936   0.14905  0.132721  0.115999  0.133276 0.0992284         0  0.115785  0.158482  0.172581   0.15573   0.18128  0.150463  0.155799  0.159636  0.146749  0.160222  0.167801  0.159121  0.145499  0.134979  0.124964  0.139317  0.134069  0.136635  0.139739  0.131435  0.131214  0.145491  0.145359  0.160058  0.153526  0.151757  0.172512  0.167956  0.164165  0.168942
 0.168049  0.170365   0.16649  0.184437  0.169926   0.18203  0.170297  0.157225  0.151336  0.142013  0.171085  0.141169  0.115785         0  0.125666  0.162362  0.168957   0.19219  0.165548  0.174723  0.168866   0.17369  0.173759  0.185883  0.157966  0.163853   0.15405  0.149337   0.16306  0.148386  0.155454  0.142687  0.161512  0.145565  0.172939  0.170439  0.174257  0.186856  0.160673  0.188042  0.190408  0.181153   0.18893
 0.171981  0.158604  0.172719  0.175708  0.167137  0.177046  0.170926  0.156223  0.157225  0.165972  0.166386  0.161883  0.158482  0.125666         0  0.124016  0.148071  0.176624  0.163981  0.175698  0.172676  0.167033  0.177197  0.163664  0.157582  0.171895  0.167265  0.159759  0.164451  0.154307  0.149828  0.150185  0.166661  0.162865  0.173419  0.163134  0.159335  0.168179  0.153526  0.185097   0.18893  0.173179  0.179823
  0.16621  0.160058  0.173179  0.186262  0.171095  0.198442  0.168927  0.175827  0.158106  0.158861  0.178747  0.176699  0.172581  0.162362  0.124016         0  0.132159  0.168021  0.159487  0.169963  0.170159   0.14758  0.145791  0.168771  0.156325  0.155912  0.144678  0.150582  0.155239  0.152241  0.151525  0.143142  0.149851  0.139663  0.170691    0.1532  0.168168  0.158963  0.152049  0.177065  0.177201  0.175666   0.17363
 0.150699  0.142619  0.159234  0.181752  0.160665  0.178458  0.174626   0.17695  0.151927  0.142631  0.159765  0.162606   0.15573  0.168957  0.148071  0.132159         0  0.117812  0.124165  0.168139  0.167543  0.164075  0.155578  0.151372  0.149885  0.155295  0.127284  0.131011  0.131602  0.131918  0.137288  0.149773  0.142216  0.135517  0.148335  0.146637  0.159227  0.133686  0.137161  0.157987  0.163203  0.143918  0.165954
 0.175462  0.166425  0.189249  0.203412  0.197737  0.209958  0.197945  0.194009  0.179442  0.170322  0.171194   0.19355   0.18128   0.19219  0.176624  0.168021  0.117812         0  0.105133  0.151363  0.183254  0.180154   0.17912  0.177146  0.146284  0.169398   0.14601  0.140734  0.146154  0.149973  0.148472  0.151927  0.149955  0.141799  0.168401  0.181112  0.189091  0.171772   0.16819  0.195754  0.187283  0.189689   0.18563
 0.143142  0.139208  0.158482  0.180183  0.162621  0.172921  0.164702  0.159785  0.145196   0.14145  0.159518  0.157596  0.150463  0.165548  0.163981  0.159487  0.124165  0.105133         0  0.104351  0.137965  0.157152  0.155315  0.157582  0.140898  0.141507  0.129867  0.132877  0.144725   0.12372   0.12659   0.12986  0.135262  0.137301  0.154764  0.155607  0.156234  0.145604  0.145038  0.175407   0.17362  0.160727  0.148817
  0.16325  0.147851  0.166465  0.187559  0.181154   0.19062  0.177192  0.165695  0.168608  0.152832  0.171326   0.16664  0.155799  0.174723  0.175698  0.169963  0.168139  0.151363  0.104351         0 0.0870316  0.121231  0.141596  0.155534  0.155472  0.147787  0.137197  0.135078  0.143833  0.128278  0.130381  0.136301    0.1356  0.135058  0.153993  0.163508  0.172112  0.158607  0.153644  0.190764  0.184402  0.172932  0.160105
 0.166518  0.173494  0.170664  0.180036  0.180223   0.19574  0.182742  0.173256  0.172109  0.152421  0.149806  0.164614  0.159636  0.168866  0.172676  0.170159  0.167543  0.183254  0.137965 0.0870316         0 0.0737217  0.121375  0.148931  0.136852  0.152201  0.144438  0.143683  0.153671   0.13807  0.147166  0.134979  0.145263  0.142738  0.153099  0.158231  0.167714  0.162885  0.164883  0.185294  0.189858  0.181838  0.170603
 0.176431  0.160525  0.172391  0.168089  0.166246  0.188985  0.186049  0.170654  0.160342  0.143732  0.154004  0.147046  0.146749   0.17369  0.167033   0.14758  0.164075  0.180154  0.157152  0.121231 0.0737217         0 0.0877971  0.136083  0.133595  0.148033  0.137079  0.133135  0.140227  0.133942  0.146869  0.150752  0.135695  0.135037  0.161363  0.156827  0.163849  0.171693  0.160514  0.192048   0.19096  0.183882  0.175807
 0.166886  0.161292  0.164983  0.181174  0.161617   0.18785  0.189418  0.178249  0.167268  0.146044  0.172319   0.16058  0.160222  0.173759  0.177197  0.145791  0.155578   0.17912  0.155315  0.141596  0.121375 0.0877971         0  0.113081   0.13899  0.132523   0.12111  0.124186  0.136208  0.124257  0.130596  0.130495  0.126227  0.122706  0.156868  0.147533  0.163464  0.160785  0.157758  0.173642  0.175374  0.178158  0.170061
 0.176829  0.170023  0.168538  0.182448  0.169826  0.184965  0.189742  0.178934   0.16876  0.155266  0.170512  0.173821  0.167801  0.185883  0.163664  0.168771  0.151372  0.177146  0.157582  0.155534  0.148931  0.136083  0.113081         0  0.109905  0.141909  0.139939   0.13566  0.137495  0.139332  0.127371   0.14073  0.142118  0.136083  0.159867  0.163283  0.172181  0.162651  0.161541  0.178309  0.177847  0.175266   0.17803
 0.164362   0.16024  0.170527  0.164481  0.156292  0.180819  0.174209  0.158873   0.15264  0.146324  0.157964  0.173226  0.159121  0.157966  0.157582  0.156325  0.149885  0.146284  0.140898  0.155472  0.136852  0.133595   0.13899  0.109905         0 0.0926424  0.123968  0.123599  0.121206  0.113735  0.125887   0.12685  0.138677  0.121428  0.139585   0.14744  0.161107  0.156737  0.145781  0.167888  0.166386  0.173545  0.161602
 0.144155  0.159624  0.165113  0.167403  0.160049  0.180239  0.176435  0.151252  0.150962  0.139473  0.163363  0.157838  0.145499  0.163853  0.171895  0.155912  0.155295  0.169398  0.141507  0.147787  0.152201  0.148033  0.132523  0.141909 0.0926424         0 0.0735346  0.102576  0.121792  0.112612  0.123918  0.123346  0.124589  0.115928  0.137073   0.14073  0.157344  0.145822  0.139317  0.170451  0.170588  0.159994  0.170177
 0.136101   0.13449  0.144723  0.151471  0.140506  0.157939   0.16168  0.149052  0.131264  0.131371  0.141219  0.128785  0.134979   0.15405  0.167265  0.144678  0.127284   0.14601  0.129867  0.137197  0.144438  0.137079   0.12111  0.139939  0.123968 0.0735346         0 0.0534597 0.0869089  0.104394  0.111286  0.115035  0.118083  0.117796  0.126691  0.124739  0.149592  0.133965  0.122675  0.144268  0.163664  0.140377  0.154105
 0.136741  0.138952  0.146468  0.146635  0.142835  0.161953  0.163988  0.150909  0.132474  0.123459  0.138124  0.134818  0.124964  0.149337  0.159759  0.150582  0.131011  0.140734  0.132877  0.135078  0.143683  0.133135  0.124186   0.13566  0.123599  0.102576 0.0534597         0 0.0708277 0.0858078  0.109815  0.107086  0.111315  0.109298  0.118888    0.1251  0.139153  0.127289  0.120438  0.146301  0.154309  0.143547  0.150542
 0.142271  0.142706  0.156157  0.153138   0.15118  0.161663  0.166302  0.157714  0.139029  0.135029  0.146295  0.149796  0.139317   0.16306  0.164451  0.155239  0.131602  0.146154  0.144725  0.143833  0.153671  0.140227  0.136208  0.137495  0.121206  0.121792 0.0869089 0.0708277         0 0.0705217 0.0970515  0.114607  0.112374  0.111315  0.131458  0.132084   0.14351  0.133636  0.129944  0.148321  0.161417   0.15315  0.148208
 0.136741  0.123078  0.141135   0.14635  0.126368  0.149795  0.147285    0.1444  0.130454  0.126624  0.139489   0.13398  0.134069  0.148386  0.154307  0.152241  0.131918  0.149973   0.12372  0.128278   0.13807  0.133942  0.124257  0.139332  0.113735  0.112612  0.104394 0.0858078 0.0705217         0 0.0828126 0.0997041  0.101812 0.0985886 0.0986361  0.109569  0.119986  0.111093  0.115498  0.146977  0.137989  0.148321  0.135188
 0.142782  0.129083  0.147202  0.145667  0.132571  0.158218  0.156419  0.148217   0.13609  0.128665  0.141486  0.146008  0.136635  0.155454  0.149828  0.151525  0.137288  0.148472   0.12659  0.130381  0.147166  0.146869  0.130596  0.127371  0.125887  0.123918  0.111286  0.109815 0.0970515 0.0828126         0 0.0852445 0.0974258  0.105702  0.113338  0.122062  0.134983  0.119447  0.128017  0.148095   0.14748  0.136948  0.144524
 0.142782   0.13093  0.144058  0.160474  0.140288  0.177989  0.161202  0.151871  0.144169  0.134818  0.144252   0.14099  0.139739  0.142687  0.150185  0.143142  0.149773  0.151927   0.12986  0.136301  0.134979  0.150752  0.130495   0.14073   0.12685  0.123346  0.115035  0.107086  0.114607 0.0997041 0.0852445         0 0.0879384  0.108221  0.130534  0.131885   0.13757  0.125855  0.128017   0.15909  0.163614  0.152799  0.148095
 0.137923  0.132652  0.148033  0.154243  0.154177  0.177913  0.170931   0.16273  0.148211  0.134968  0.164409  0.152174  0.131435  0.161512  0.166661  0.149851  0.142216  0.149955  0.135262    0.1356  0.145263  0.135695  0.126227  0.142118  0.138677  0.124589  0.118083  0.111315  0.112374  0.101812 0.0974258 0.0879384         0 0.0866272  0.110311  0.120817  0.129167  0.121375  0.128665  0.144268  0.154083  0.154348  0.153839
 0.130565  0.132743  0.146182  0.161262  0.146926  0.170639  0.161244  0.149197  0.140279   0.13381  0.162518  0.147158  0.131214  0.145565  0.162865  0.139663  0.135517  0.141799  0.137301  0.135058  0.142738  0.135037  0.122706  0.136083  0.121428  0.115928  0.117796  0.109298  0.111315 0.0985886  0.105702  0.108221 0.0866272         0 0.0978511  0.111371  0.124749  0.110165  0.106439  0.129533  0.136426  0.134964  0.136636
 0.138175  0.140767  0.152942  0.166011  0.155499  0.177341  0.177243  0.170938  0.158608  0.150503   0.17245  0.163307  0.145491  0.172939  0.173419  0.170691  0.148335  0.168401  0.154764  0.153993  0.153099  0.161363  0.156868  0.159867  0.139585  0.137073  0.126691  0.118888  0.131458 0.0986361  0.113338  0.130534  0.110311 0.0978511         0  0.106076  0.116719   0.12721  0.121142  0.135113  0.151675  0.151935  0.147083
  0.12783  0.134634  0.143821   0.15288  0.138391  0.161018  0.164721  0.158114  0.150891    0.1447  0.156409  0.151789  0.145359  0.170439  0.163134    0.1532  0.146637  0.181112  0.155607  0.163508  0.158231  0.156827  0.147533  0.163283   0.14744   0.14073  0.124739    0.1251  0.132084  0.109569  0.122062  0.131885  0.120817  0.111371  0.106076         0 0.0982116  0.124597  0.127094  0.150687  0.143431  0.144299  0.148044
  0.15346  0.134931  0.149645  0.164013  0.134993  0.167895  0.164333  0.157869  0.154568   0.15515  0.166709  0.165705  0.160058  0.174257  0.159335  0.168168  0.159227  0.189091  0.156234  0.172112  0.167714  0.163849  0.163464  0.172181  0.161107  0.157344  0.149592  0.139153   0.14351  0.119986  0.134983   0.13757  0.129167  0.124749  0.116719 0.0982116         0  0.127277  0.133092  0.161757  0.151054  0.163497  0.149439
 0.133556  0.135536  0.152478  0.163517  0.155096  0.173151  0.162713  0.156037  0.147034  0.143513  0.161666  0.160763  0.153526  0.186856  0.168179  0.158963  0.133686  0.171772  0.145604  0.158607  0.162885  0.171693  0.160785  0.162651  0.156737  0.145822  0.133965  0.127289  0.133636  0.111093  0.119447  0.125855  0.121375  0.110165   0.12721  0.124597  0.127277         0  0.105126  0.132592  0.148199  0.141596   0.13813
 0.127553  0.128481  0.148432  0.163247  0.145593  0.157854  0.165046  0.150005  0.151311  0.143696  0.164951  0.156575  0.151757  0.160673  0.153526  0.152049  0.137161   0.16819  0.145038  0.153644  0.164883  0.160514  0.157758  0.161541  0.145781  0.139317  0.122675  0.120438  0.129944  0.115498  0.128017  0.128017  0.128665  0.106439  0.121142  0.127094  0.133092  0.105126         0  0.113585  0.133206  0.129205  0.142185
 0.153009  0.149908  0.163813   0.17612  0.158361  0.175861  0.170617  0.164502  0.157256  0.155271   0.18084  0.174543  0.172512  0.188042  0.185097  0.177065  0.157987  0.195754  0.175407  0.190764  0.185294  0.192048  0.173642  0.178309  0.167888  0.170451  0.144268  0.146301  0.148321  0.146977  0.148095   0.15909  0.144268  0.129533  0.135113  0.150687  0.161757  0.132592  0.113585         0  0.132209  0.123772   0.15153
 0.151609  0.155537  0.188915  0.185888  0.159327  0.179528  0.183997  0.177891  0.166838  0.164433   0.18274  0.170873  0.167956  0.190408   0.18893  0.177201  0.163203  0.187283   0.17362  0.184402  0.189858   0.19096  0.175374  0.177847  0.166386  0.170588  0.163664  0.154309  0.161417  0.137989   0.14748  0.163614  0.154083  0.136426  0.151675  0.143431  0.151054  0.148199  0.133206  0.132209         0  0.142567  0.158366
 0.142007  0.129179  0.158247  0.176036  0.163316  0.189249  0.180141  0.179087  0.164248  0.149649  0.172581  0.178147  0.164165  0.181153  0.173179  0.175666  0.143918  0.189689  0.160727  0.172932  0.181838  0.183882  0.178158  0.175266  0.173545  0.159994  0.140377  0.143547   0.15315  0.148321  0.136948  0.152799  0.154348  0.134964  0.151935  0.144299  0.163497  0.141596  0.129205  0.123772  0.142567         0  0.134775
 0.120085  0.129086  0.155435   0.17179  0.158121  0.158733  0.156388  0.177614  0.163134  0.166921  0.184215  0.171263  0.168942   0.18893  0.179823   0.17363  0.165954   0.18563  0.148817  0.160105  0.170603  0.175807  0.170061   0.17803  0.161602  0.170177  0.154105  0.150542  0.148208  0.135188  0.144524  0.148095  0.153839  0.136636  0.147083  0.148044  0.149439   0.13813  0.142185   0.15153  0.158366  0.134775         0


JC Tree topology:
(1,2,((((((((3,4),((5,6),(7,8))),(((9,10),11),(12,13))),(((14,15),16),(17,(18,19)))),((((20,(21,22)),(23,24)),(25,26)),((((27,28),29),30),(31,(32,33))))),(34,(35,(36,37)))),((38,39),((40,42),41))),43));

Putting MLE Branch Lengths
p: 0.279217 0.195231 0.260162  0.26539
s: 0.0978946  0.239261  0.142469  0.089219  0.306167   0.12499
Q: 
-0.858874  0.175302   0.42845  0.255122
 0.250714  -1.26332  0.228495  0.784112
 0.459831  0.171468 -0.871516  0.240216
 0.268414  0.576824  0.235483  -1.08072

(((((25:0.0492065,26:0.0438289):0.0309339,((23:0.0537983,24:0.0631826):0.0231634,((21:0.0284257,22:0.0472870):0.0239082,20:0.0503831):0.0353778):0.0181461):0.0156540,(((32:0.0443833,31:0.0456664):0.0113278,33:0.0489964):0.0147290,(((((38:0.0581175,39:0.0545504):0.0109562,(41:0.0807613,(42:0.0654138,40:0.0635694):0.0096121):0.0154245):0.0093882,((43:0.0770527,1:0.0524477):0.0174364,2:0.0604130):0.0257604):0.0105430,(34:0.0592948,((37:0.0590897,36:0.0433108):0.0164362,35:0.0554036):0.0070172):0.0160235):0.0156443,((((13:0.0507848,12:0.0515844):0.0305721,(11:0.0610579,(10:0.0252011,9:0.0519772):0.0156644):0.0199445):0.0166487,(((8:0.0447235,7:0.0448535):0.0294622,(5:0.0454631,6:0.0602845):0.0194574):0.0143086,(4:0.0624436,3:0.0665035):0.0220596):0.0207282):0.0204223,((17:0.0550053,(18:0.0578268,19:0.0504782):0.0251506):0.0285126,((15:0.0625012,16:0.0662006):0.0223187,14:0.0816537):0.0217853):0.0170076):0.0066339):0.0137861):0.0054252):0.0233610,(28:0.0172345,27:0.0390385):0.0289504):0.0140159,30:0.0381053,29:0.0365496);
Seed = 683403297
Seeds per chain: 
      207542777
     2997120192
     1016245945
     3694790762
stationary acceptance: 0.197731
symmetric acceptance: 0.136363
branch length acceptance: 0.445815
avgP: 0.274397 0.212081 0.270779 0.242743
sP: 6.98157e-05 6.00193e-05 7.26351e-05 5.72111e-05
avgS: 0.0863609  0.244137  0.143208 0.0784907  0.328965  0.118838
sS: 2.86344e-05 8.25777e-05 4.44013e-05 2.97129e-05 9.88072e-05 3.72084e-05
0.274397 0.212081 0.270779 0.242743
0.0863609  0.244137  0.143208 0.0784907  0.328965  0.118838

-0.863177  0.157365  0.444861  0.260951
 0.203603  -1.16422  0.185049  0.775565
 0.450805  0.144935 -0.815177  0.219437
 0.294979  0.677599  0.244781  -1.21736

stationary acceptance: 0.203096
symmetric acceptance: 0.134729
branch length acceptance: 0.460089
avgP: 0.274501 0.212119 0.270803 0.242577
sP: 7.03403e-05 5.95115e-05 7.34516e-05  5.6528e-05
avgS: 0.0863558  0.244207  0.143286 0.0784749  0.328897  0.118779
sS:  2.8162e-05 8.30119e-05 4.50854e-05 3.04075e-05 9.92235e-05 3.72356e-05
0.274501 0.212119 0.270803 0.242577
0.0863558  0.244207  0.143286 0.0784749  0.328897  0.118779

 -0.86311  0.157296   0.44482  0.260994
 0.203555   -1.1638  0.184978  0.775265
 0.450895  0.144893 -0.815096  0.219309
 0.295342  0.677923  0.244828  -1.21809

stationary acceptance: 0.206075
symmetric acceptance: 0.140533
branch length acceptance: 0.458635
avgP: 0.274513 0.212059 0.270849 0.242579
sP: 6.90667e-05 5.94829e-05 7.29044e-05 5.63717e-05
avgS: 0.0863199   0.24429  0.143235 0.0784206  0.328892  0.118842
sS: 2.82055e-05 8.39885e-05 4.54098e-05 3.03681e-05 0.000101072 3.65265e-05
0.274513 0.212059 0.270849 0.242579
0.0863199   0.24429  0.143235 0.0784206  0.328892  0.118842

-0.863065  0.157224  0.444951   0.26089
 0.203528  -1.16391  0.184903  0.775475
  0.45097  0.144768 -0.815127  0.219389
 0.295234  0.677906  0.244956   -1.2181

stationary acceptance: 0.202029
symmetric acceptance: 0.149553
branch length acceptance: 0.4649
avgP: 0.274552 0.212129 0.270758 0.242561
sP: 7.02479e-05 6.14565e-05 7.14651e-05 5.61384e-05
avgS: 0.0862708  0.244329  0.143287 0.0784408  0.328786  0.118886
sS: 2.82485e-05 8.18127e-05 4.41487e-05 2.94272e-05 9.89298e-05 3.70491e-05
0.274552 0.212129 0.270758 0.242561
0.0862708  0.244329  0.143287 0.0784408  0.328786  0.118886

-0.863017  0.157112  0.444959  0.260947
 0.203345   -1.1632  0.184889  0.774968
 0.451194  0.144854 -0.815592  0.219544
 0.295363  0.677739  0.245065  -1.21817

GTR Distance Matrix:

        0  0.104852  0.141204  0.154951  0.144645  0.160583   0.15989  0.153182  0.145066  0.147732  0.168357  0.158867  0.147326  0.169664  0.173308  0.168096  0.152791  0.177046  0.144136  0.165047  0.169316  0.178652  0.168826   0.17881  0.165466  0.145691  0.136794  0.137875  0.143253  0.137542  0.142964  0.143414  0.138688  0.131254  0.139167  0.128944  0.154654  0.134563   0.12801  0.155005  0.153178  0.142498  0.120397
 0.104852         0  0.107893  0.144036  0.125297  0.150392  0.144486  0.147814  0.144845  0.139006  0.166555  0.150308   0.14515  0.172209  0.159514  0.161058  0.144599  0.168045  0.140062  0.149238  0.175609  0.161779  0.161925  0.171632  0.161309  0.160292  0.134961  0.139862   0.14347  0.123705   0.12967  0.131686  0.133356  0.133381  0.141495  0.135478  0.135459  0.136618  0.128908  0.151372  0.156524  0.129888  0.129621
 0.141204  0.107893         0  0.125464  0.124617  0.148498  0.147065  0.142477  0.146398  0.136617  0.163913  0.149448  0.156119  0.169077  0.174689  0.175795  0.161857  0.192859  0.161014  0.169146  0.173836  0.175329  0.167016  0.171253  0.173108  0.167111  0.145744  0.148266  0.157796   0.14215  0.147931  0.145508  0.149607  0.147317  0.154878  0.145869  0.151663  0.154553   0.15004   0.16625  0.191859  0.160355  0.157436
 0.154951  0.144036  0.125464         0  0.113218  0.144627  0.155429  0.147147  0.143747  0.140468  0.146655  0.150986   0.15551  0.187285  0.178323  0.189695  0.184824   0.20664  0.182867  0.190822  0.183618  0.171155  0.183578  0.184935  0.166736   0.16923  0.152532   0.14818  0.155007  0.148096  0.146737  0.162275  0.155401  0.162594  0.168179     0.155  0.166298  0.165454  0.165521  0.179222  0.189077  0.178479  0.173866
 0.144645  0.125297  0.124617  0.113218         0  0.103716   0.11548  0.131059   0.12138   0.13209  0.153047  0.145467  0.155674  0.171504  0.168308  0.173066  0.162534  0.199573  0.163775  0.182956  0.182908   0.16891  0.163211  0.171599  0.157992  0.161158  0.140782  0.143647  0.152227  0.127164  0.133154  0.141087  0.155012  0.147058  0.156677  0.139599  0.135912  0.156271  0.146545  0.160272   0.16078  0.164189  0.159073
 0.160583  0.150392  0.148498  0.144627  0.103716         0  0.109778  0.122101  0.131223  0.130208   0.17019  0.163162  0.158619  0.183108  0.177881  0.200805  0.180532  0.213006  0.175138   0.19291  0.198628  0.191299  0.189588  0.186657  0.183439  0.182207  0.158444  0.163248  0.163268  0.150878  0.158766  0.179415  0.178747  0.171392  0.179234  0.162819  0.168904   0.17461   0.15946  0.177689  0.181313  0.191112  0.159916
  0.15989  0.144486  0.147065  0.155429   0.11548  0.109778         0 0.0876574  0.108934  0.127931  0.156239   0.16083  0.153728  0.172443  0.173209  0.171761  0.177345  0.200791  0.167022  0.179849  0.186154  0.189255  0.191851  0.192298  0.176468  0.177841  0.162071  0.165256   0.16787  0.148434  0.157297  0.162766  0.172781  0.162845  0.179964  0.166925  0.166229  0.164511  0.166865   0.17319  0.186183   0.18209  0.157918
 0.153182  0.147814  0.142477  0.147147  0.131059  0.122101 0.0876574         0 0.0870526  0.113722  0.143095  0.155556   0.14992  0.158575  0.157711  0.179162  0.179702  0.196985  0.162209  0.168222   0.17606  0.173358  0.180509  0.181042  0.160849    0.1528  0.149867  0.152538  0.159968  0.145991  0.149466  0.153607  0.164518  0.150687  0.173536  0.160442  0.159946  0.158255  0.152448  0.167237   0.18003  0.181183  0.179382
 0.145066  0.144845  0.146398  0.143747   0.12138  0.131223  0.108934 0.0870526         0 0.0724486  0.121296  0.136852  0.134009   0.15308  0.159368  0.160961  0.154725  0.182556  0.147655  0.171702  0.175769  0.163214   0.16971  0.171348  0.154988  0.153146  0.131612  0.133711  0.140762  0.131841   0.13722  0.145901  0.149699   0.14137  0.161132  0.153248  0.156083  0.149141   0.15325  0.160016  0.169132  0.166126  0.165008
 0.147732  0.139006  0.136617  0.140468   0.13209  0.130208  0.127931  0.113722 0.0724486         0 0.0874305  0.122776  0.116191  0.142792  0.166747  0.160764  0.144611  0.172398  0.143267  0.154547  0.154741  0.145918  0.147968  0.157278  0.148118  0.141199  0.132153  0.124498  0.136603  0.127694  0.129353   0.13596  0.136211  0.134944  0.152573  0.146388  0.156312  0.145107  0.145459  0.157646  0.166427  0.151033  0.168075
 0.168357  0.166555  0.163913  0.146655  0.153047   0.17019  0.156239  0.143095  0.121296 0.0874305         0  0.111898  0.133219  0.172441  0.167657  0.181141   0.16189  0.172613  0.161115  0.173047  0.151682  0.156278  0.174033  0.172592  0.159088  0.164376  0.141545  0.138508  0.147405  0.140036  0.141594  0.144978  0.165129  0.162531  0.174082   0.15786  0.168502   0.16282  0.166286  0.182892   0.18484   0.17431  0.184754
 0.158867  0.150308  0.149448  0.150986  0.145467  0.163162   0.16083  0.155556  0.136852  0.122776  0.111898         0 0.0993687  0.142521  0.162948  0.178189  0.164247  0.194767   0.15905  0.168125  0.166461  0.149018  0.162493  0.175835  0.174681  0.159554  0.129403  0.135602  0.150638  0.134677  0.146679  0.141943  0.153231   0.14795  0.164958  0.153244   0.16714  0.162914  0.157941   0.17695   0.17272  0.180183  0.172542
 0.147326   0.14515  0.156119   0.15551  0.155674  0.158619  0.153728   0.14992  0.134009  0.116191  0.133219 0.0993687         0  0.116638  0.159382  0.174247  0.157143  0.182653  0.152118  0.158323   0.16196  0.148558  0.161807   0.16954  0.160506  0.146792  0.135472  0.126039  0.140155  0.134933  0.137189   0.14039  0.132521  0.132017  0.147123   0.14654  0.161055  0.155012  0.153085  0.174039  0.169094  0.165565  0.169833
 0.169664  0.172209  0.169077  0.187285  0.171504  0.183108  0.172443  0.158575   0.15308  0.142792  0.172441  0.142521  0.116638         0  0.126539  0.164781  0.171002  0.194415  0.167385  0.177226  0.172155  0.177016  0.176761  0.188846  0.160149  0.166337  0.155972  0.151732  0.165249  0.149827  0.156465  0.144203  0.163575  0.146873  0.175032  0.172236  0.175637  0.189372    0.1627  0.190873  0.192946  0.183024  0.190521
 0.173308  0.159514  0.174689  0.178323  0.168308  0.177881  0.173209  0.157711  0.159368  0.166747  0.167657  0.162948  0.159382  0.126539         0  0.125335  0.149244  0.178487  0.165048  0.177345  0.174447  0.169017  0.178649  0.165164  0.159616  0.173365  0.167857  0.161177   0.16613  0.155559  0.150493  0.151138  0.167943  0.163806  0.174695   0.16516  0.160749  0.170122  0.154782  0.186763  0.191151  0.173941  0.180948
 0.168096  0.161058  0.175795  0.189695  0.173066  0.200805  0.171761  0.179162  0.160961  0.160764  0.181141  0.178189  0.174247  0.164781  0.125335         0  0.133454  0.169799  0.161103  0.172235  0.173181  0.149878  0.147451  0.171143  0.158129  0.157845  0.146122  0.152586  0.157321  0.153784  0.152668   0.14431  0.150842  0.141024  0.172541  0.154957  0.170195  0.161088  0.154081  0.179756  0.179893  0.176887  0.174372
 0.152791  0.144599  0.161857  0.184824  0.162534  0.180532  0.177345  0.179702  0.154725  0.144611   0.16189  0.164247  0.157143  0.171002  0.149244  0.133454         0  0.118567  0.125019  0.171443   0.17045  0.165807  0.157339  0.153001  0.151907  0.157653  0.128899    0.1327  0.133376  0.133409  0.138642    0.1514   0.14406  0.136647  0.150323  0.148663  0.161151  0.135274  0.138416  0.160149  0.165666  0.145642  0.167551
 0.177046  0.168045  0.192859   0.20664  0.199573  0.213006  0.200791  0.196985  0.182556  0.172398  0.172613  0.194767  0.182653  0.194415  0.178487  0.169799  0.118567         0  0.105612  0.153216  0.185355  0.181605  0.182237   0.17983  0.147918   0.17143  0.147887  0.142804  0.147852  0.151471  0.149333  0.152748   0.15139    0.1429  0.170265  0.183193  0.191416  0.173864  0.169913  0.197902  0.189846  0.191478  0.187079
 0.144136  0.140062  0.161014  0.182867  0.163775  0.175138  0.167022  0.162209  0.147655  0.143267  0.161115   0.15905  0.152118  0.167385  0.165048  0.161103  0.125019  0.105612         0  0.105488  0.139614  0.159286  0.157298  0.159654  0.141889  0.142725  0.130777  0.134074  0.145876  0.124449  0.127076  0.130289  0.136229  0.137962  0.156195  0.156537  0.157409  0.147215  0.145805  0.177593  0.175865  0.162301  0.149394
 0.165047  0.149238  0.169146  0.190822  0.182956   0.19291  0.179849  0.168222  0.171702  0.154547  0.173047  0.168125  0.158323  0.177226  0.177345  0.172235  0.171443  0.153216  0.105488         0 0.0877648  0.122259  0.143279  0.158112  0.157364  0.150329   0.13888  0.136862  0.145321  0.129407  0.131503  0.137527  0.137184  0.135974  0.156012  0.165609  0.174575  0.161622  0.155558   0.19422   0.18763  0.175042  0.161286
 0.169316  0.175609  0.173836  0.183618  0.182908  0.198628  0.186154   0.17606  0.175769  0.154741  0.151682  0.166461   0.16196  0.172155  0.174447  0.173181   0.17045  0.185355  0.139614 0.0877648         0 0.0741807  0.122668  0.151352  0.138527  0.155041  0.146082   0.14549  0.155155   0.13905  0.148379  0.136376   0.14714  0.144083  0.155477  0.160598  0.170603  0.166416   0.16763    0.1893  0.193275  0.184948  0.172549
 0.178652  0.161779  0.175329  0.171155   0.16891  0.191299  0.189255  0.173358  0.163214  0.145918  0.156278  0.149018  0.148558  0.177016  0.169017  0.149878  0.165807  0.181605  0.159286  0.122259 0.0741807         0 0.0880959  0.137708  0.135138  0.149994  0.138008  0.134521  0.141494  0.135184  0.147774  0.152094  0.137263  0.136202  0.163472  0.158978   0.16669  0.174699  0.162411  0.195474  0.193768  0.186447  0.177544
 0.168826  0.161925  0.167016  0.183578  0.163211  0.189588  0.191851  0.180509   0.16971  0.147968  0.174033  0.162493  0.161807  0.176761  0.178649  0.147451  0.157339  0.182237  0.157298  0.143279  0.122668 0.0880959         0  0.113938   0.13972  0.133814  0.122111  0.125339  0.137488  0.125251  0.131302  0.131479  0.127287  0.123376  0.158281   0.14878  0.165087  0.162667   0.15909  0.175685  0.177527  0.179672  0.170863
  0.17881  0.171632  0.171253  0.184935  0.171599  0.186657  0.192298  0.181042  0.171348  0.157278  0.172592  0.175835   0.16954  0.188846  0.165164  0.171143  0.153001   0.17983  0.159654  0.158112  0.151352  0.137708  0.113938         0  0.110817  0.143138   0.14108  0.136483  0.138611  0.140477  0.127937   0.14162  0.143379  0.136382  0.161666  0.164882  0.173931  0.164317  0.162867  0.180449    0.1797  0.176768  0.179126
 0.165466  0.161309  0.173108  0.166736  0.157992  0.183439  0.176468  0.160849  0.154988  0.148118  0.159088  0.174681  0.160506  0.160149  0.159616  0.158129  0.151907  0.147918  0.141889  0.157364  0.138527  0.135138   0.13972  0.110817         0  0.092881  0.124208   0.12408  0.121786  0.114078  0.125864   0.12697  0.139403  0.121765  0.140861  0.148903   0.16261  0.158153  0.146683  0.169661  0.168474  0.174717  0.161993
 0.145691  0.160292  0.167111   0.16923  0.161158  0.182207  0.177841    0.1528  0.153146  0.141199  0.164376  0.159554  0.146792  0.166337  0.173365  0.157845  0.157653   0.17143  0.142725  0.150329  0.155041  0.149994  0.133814  0.143138  0.092881         0 0.0735993  0.102933  0.122762  0.113335  0.124451  0.123901  0.125442  0.116592  0.139019  0.142628  0.159417  0.147909  0.140889  0.172448  0.172578  0.161267  0.170991
 0.136794  0.134961  0.145744  0.152532  0.140782  0.158444  0.162071  0.149867  0.131612  0.132153  0.141545  0.129403  0.135472  0.155972  0.167857  0.146122  0.128899  0.147887  0.130777   0.13888  0.146082  0.138008  0.122111   0.14108  0.124208 0.0735993         0 0.0533372 0.0870928   0.10465  0.111759  0.115499  0.118826  0.118315  0.127671  0.125601  0.150459   0.13516  0.123426  0.145649  0.164711  0.141088  0.154425
 0.137875  0.139862  0.148266   0.14818  0.143647  0.163248  0.165256  0.152538  0.133711  0.124498  0.138508  0.135602  0.126039  0.151732  0.161177  0.152586    0.1327  0.142804  0.134074  0.136862   0.14549  0.134521  0.125339  0.136483   0.12408  0.102933 0.0533372         0 0.0706781 0.0857133  0.110161  0.107717  0.112004  0.109644  0.119835   0.12585  0.140021  0.128367  0.121417  0.148034  0.155804  0.144881  0.151326
 0.143253   0.14347  0.157796  0.155007  0.152227  0.163268   0.16787  0.159968  0.140762  0.136603  0.147405  0.150638  0.140155  0.165249   0.16613  0.157321  0.133376  0.147852  0.145876  0.145321  0.155155  0.141494  0.137488  0.138611  0.121786  0.122762 0.0870928 0.0706781         0 0.0703908 0.0971385  0.115309  0.112699  0.111715  0.132588  0.133203  0.144183   0.13479   0.13081  0.149623  0.163136  0.153899  0.148745
 0.137542  0.123705   0.14215  0.148096  0.127164  0.150878  0.148434  0.145991  0.131841  0.127694  0.140036  0.134677  0.134933  0.149827  0.155559  0.153784  0.133409  0.151471  0.124449  0.129407   0.13905  0.135184  0.125251  0.140477  0.114078  0.113335   0.10465 0.0857133 0.0703908         0 0.0828456  0.100137  0.101991 0.0985065 0.0994135  0.110273  0.120766  0.112034  0.116218  0.148342  0.139614  0.148736  0.135743
 0.142964   0.12967  0.147931  0.146737  0.133154  0.158766  0.157297  0.149466   0.13722  0.129353  0.141594  0.146679  0.137189  0.156465  0.150493  0.152668  0.138642  0.149333  0.127076  0.131503  0.148379  0.147774  0.131302  0.127937  0.125864  0.124451  0.111759  0.110161 0.0971385 0.0828456         0 0.0852663 0.0972231  0.105333  0.113703  0.122303  0.135304  0.119788   0.12842  0.148756   0.14803  0.136703  0.144248
 0.143414  0.131686  0.145508  0.162275  0.141087  0.179415  0.162766  0.153607  0.145901   0.13596  0.144978  0.141943   0.14039  0.144203  0.151138   0.14431    0.1514  0.152748  0.130289  0.137527  0.136376  0.152094  0.131479   0.14162   0.12697  0.123901  0.115499  0.107717  0.115309  0.100137 0.0852663         0 0.0880071  0.107968  0.130592  0.132158  0.138144  0.126625  0.128233  0.160254  0.164697   0.15301  0.148082
 0.138688  0.133356  0.149607  0.155401  0.155012  0.178747  0.172781  0.164518  0.149699  0.136211  0.165129  0.153231  0.132521  0.163575  0.167943  0.150842   0.14406   0.15139  0.136229  0.137184   0.14714  0.137263  0.127287  0.143379  0.139403  0.125442  0.118826  0.112004  0.112699  0.101991 0.0972231 0.0880071         0 0.0865071  0.111043  0.121487  0.129637  0.122067   0.12912  0.145499  0.155167  0.154577  0.153824
 0.131254  0.133381  0.147317  0.162594  0.147058  0.171392  0.162845  0.150687   0.14137  0.134944  0.162531   0.14795  0.132017  0.146873  0.163806  0.141024  0.136647    0.1429  0.137962  0.135974  0.144083  0.136202  0.123376  0.136382  0.121765  0.116592  0.118315  0.109644  0.111715 0.0985065  0.105333  0.107968 0.0865071         0 0.0981017   0.11145  0.124871  0.110523  0.106819  0.130345  0.137056  0.134926  0.136451
 0.139167  0.141495  0.154878  0.168179  0.156677  0.179234  0.179964  0.173536  0.161132  0.152573  0.174082  0.164958  0.147123  0.175032  0.174695  0.172541  0.150323  0.170265  0.156195  0.156012  0.155477  0.163472  0.158281  0.161666  0.140861  0.139019  0.127671  0.119835  0.132588 0.0994135  0.113703  0.130592  0.111043 0.0981017         0  0.106599  0.117249  0.128244  0.121729  0.136256  0.153252  0.152134   0.14768
