Pi: 0.242098 0.257077 0.186481 0.314345
S:  0.362517  0.158883  0.111339 0.0377748  0.304753 0.0247325
