Pi: 0.281893 0.199867  0.28148 0.236761
S: 0.0819252  0.154667 0.0919938  0.100918  0.466433  0.104064
