
Alignment summary:
Cassowary: -=63 A=2729 C=2847 G=1916 R=1647 T=2973 Y=2015
Emu: -=6 A=2724 C=2859 G=1940 R=1640 T=2999 Y=2022
EasternMoa: -=15 A=2703 C=2870 G=1952 R=1625 T=2989 Y=2036
lbmoa: -=62 A=2670 C=2858 G=1959 R=1585 T=2979 Y=2077
Dinornis: -=52 A=2691 C=2841 G=1951 R=1597 T=2993 Y=2065
gskiwi: -=37 A=2714 C=2876 G=1917 R=1609 T=2985 Y=2052
BrownKiwi: -=21 A=2721 C=2851 G=1939 R=1602 T=2997 Y=2059
LSKiwi: -=23 A=2744 C=2870 G=1933 R=1601 T=2960 Y=2059
GreatRhea: -=23 A=2724 C=2852 G=1941 N=1 R=1608 T=2990 Y=2051
LesserRhea: -=40 A=2725 C=2873 G=1920 R=1588 T=2985 Y=2059
Ostrich: -=79 A=2725 C=2856 G=1914 N=1 R=1606 T=2971 Y=2038
BrushTurkey: -=79 A=2740 C=2861 G=1899 R=1612 T=2967 Y=2032
Chicken: -=62 A=2740 C=2896 G=1929 R=1578 T=2961 Y=2024
magpiegoose: -=65 A=2716 C=2903 G=1939 R=1574 T=2966 Y=2027
duck: -=62 A=2691 C=2865 G=1919 R=1603 T=2997 Y=2053
oystercatcher: -=22 A=2741 C=2878 G=1914 R=1614 T=2973 Y=2048
turnstone: -=2 A=2727 C=2852 G=1949 R=1592 T=2998 Y=2070
LBPenguin: -=1 A=2693 C=2870 G=1961 R=1611 T=3003 Y=2051
GaviaStellata: -=7 A=2743 C=2862 G=1944 R=1598 T=2973 Y=2063
Alligator: -=9 A=2715 C=2899 G=1952 R=1583 T=2953 Y=2079
Caiman: -=22 A=2744 C=2849 G=1927 R=1610 T=2987 Y=2051
Gtinamou: -=20 A=2722 C=2872 G=1963 R=1614 T=2954 Y=2045
ECtinamou: -=51 A=2680 C=2871 G=1943 R=1602 T=2985 Y=2058
Crypturellus: -=67 A=2727 C=2863 G=1922 R=1628 T=2950 Y=2033

Seed = 3235446683

Jukes-Cantor Distance Matrix:

        0 0.0808816  0.105771  0.109625  0.119906  0.120845  0.123009  0.116284  0.117514  0.121946  0.122983  0.124217  0.127183  0.128229   0.12756  0.124616  0.125712  0.123893  0.118675  0.123771  0.116897   0.11083  0.101961 0.0805258
0.0808816         0 0.0792213  0.100845  0.113967   0.11734  0.117035  0.115157  0.113826  0.116761  0.114419  0.121118  0.127896  0.128261  0.128162  0.122646  0.124634  0.117695  0.118312  0.120356  0.119611  0.112893  0.108726  0.103078
 0.105771 0.0792213         0   0.07935  0.107524   0.11621  0.119027  0.116475  0.116141  0.117861  0.115071  0.117405  0.122606  0.129045  0.131225  0.127138  0.125524   0.12058  0.117964  0.122695  0.121949  0.119102  0.113915  0.112112
 0.109625  0.100845   0.07935         0 0.0828575  0.108322  0.114139  0.113148  0.116495  0.118111  0.115421  0.120132  0.124796  0.128556    0.1312  0.126188   0.12683   0.12467  0.123043  0.123194  0.124703  0.119695  0.114929  0.112447
 0.119906  0.113967  0.107524 0.0828575         0 0.0852188  0.103188  0.112809  0.113019  0.115529  0.115301  0.118768   0.12444  0.128082  0.131519  0.126962  0.125681  0.128835  0.126638  0.126903   0.12831  0.125877  0.119969  0.117368
 0.120845   0.11734   0.11621  0.108322 0.0852188         0 0.0843829  0.106103  0.112068  0.119012  0.113547  0.117673  0.124122  0.128548  0.131185  0.127883  0.127617  0.127716  0.124398  0.128615  0.128889  0.127363  0.120557  0.119532
 0.123009  0.117035  0.119027  0.114139  0.103188 0.0843829         0 0.0832061  0.102642  0.110922  0.108564  0.114796  0.120555  0.125966  0.127442  0.127557  0.128647  0.127617  0.121836  0.128288  0.127091   0.12591   0.12002   0.12022
 0.116284  0.115157  0.116475  0.113148  0.112809  0.106103 0.0832061         0 0.0804503 0.0984401 0.0994277  0.107888  0.119116  0.122159  0.121581  0.119138  0.122807  0.123804  0.120058  0.122447  0.125187  0.119524  0.115223  0.115761
 0.117514  0.113826  0.116141  0.116495  0.113019  0.112068  0.102642 0.0804503         0 0.0759292 0.0985944  0.109546  0.118112  0.123281  0.121694  0.119586  0.120456   0.11955  0.117269  0.123232   0.12654  0.125022  0.117456  0.118223
 0.121946  0.116761  0.117861  0.118111  0.115529  0.119012  0.110922 0.0984401 0.0759292         0  0.076137 0.0988431  0.113382  0.116403  0.119608  0.118964  0.119165  0.120269  0.118098  0.125308  0.127949  0.123161  0.119185  0.121533
 0.122983  0.114419  0.115071  0.115421  0.115301  0.113547  0.108564 0.0994277 0.0985944  0.076137         0 0.0737663 0.0979674  0.107083  0.112553  0.113159  0.114928  0.115028  0.114642  0.119596  0.119745  0.118237  0.112806  0.120646
 0.124217  0.121118  0.117405  0.120132  0.118768  0.117673  0.114796  0.107888  0.109546 0.0988431 0.0737663         0  0.079246 0.0986311  0.110313   0.10904  0.115251  0.114459  0.114741   0.12228  0.119733  0.119795  0.116149  0.120069
 0.127183  0.127896  0.122606  0.124796   0.12444  0.124122  0.120555  0.119116  0.118112  0.113382 0.0979674  0.079246         0 0.0783712  0.106555  0.113569  0.120108  0.118203  0.115708  0.120865  0.122807  0.122196  0.120581  0.125864
 0.128229  0.128261  0.129045  0.128556  0.128082  0.128548  0.125966  0.122159  0.123281  0.116403  0.107083 0.0986311 0.0783712         0  0.082939  0.108293  0.116239  0.115562  0.118399  0.122344  0.126092  0.124128  0.121615  0.125778
  0.12756  0.128162  0.131225    0.1312  0.131519  0.131185  0.127442  0.121581  0.121694  0.119608  0.112553  0.110313  0.106555  0.082939         0 0.0838387  0.106775  0.114623  0.116242  0.121655  0.125077  0.124912   0.12465    0.1276
 0.124616  0.122646  0.127138  0.126188  0.126962  0.127883  0.127557  0.119138  0.119586  0.118964  0.113159   0.10904  0.113569  0.108293 0.0838387         0   0.08063  0.103983  0.113283  0.118767  0.120817  0.119089  0.121393  0.123751
 0.125712  0.124634  0.125524   0.12683  0.125681  0.127617  0.128647  0.122807  0.120456  0.119165  0.114928  0.115251  0.120108  0.116239  0.106775   0.08063         0 0.0845881  0.109302  0.117521  0.122582  0.121524  0.120917  0.124622
 0.123893  0.117695   0.12058   0.12467  0.128835  0.127716  0.127617  0.123804   0.11955  0.120269  0.115028  0.114459  0.118203  0.115562  0.114623  0.103983 0.0845881         0 0.0812335  0.104719  0.117543  0.120952  0.121914  0.121118
 0.118675  0.118312  0.117964  0.123043  0.126638  0.124398  0.121836  0.120058  0.117269  0.118098  0.114642  0.114741  0.115708  0.118399  0.116242  0.113283  0.109302 0.0812335         0 0.0806387  0.105339  0.115887  0.112477  0.115135
 0.123771  0.120356  0.122695  0.123194  0.126903  0.128615  0.128288  0.122447  0.123232  0.125308  0.119596   0.12228  0.120865  0.122344  0.121655  0.118767  0.117521  0.104719 0.0806387         0   0.08331  0.109725  0.113955  0.116734
 0.116897  0.119611  0.121949  0.124703   0.12831  0.128889  0.127091  0.125187   0.12654  0.127949  0.119745  0.119733  0.122807  0.126092  0.125077  0.120817  0.122582  0.117543  0.105339   0.08331         0 0.0834808  0.104484  0.114732
  0.11083  0.112893  0.119102  0.119695  0.125877  0.127363   0.12591  0.119524  0.125022  0.123161  0.118237  0.119795  0.122196  0.124128  0.124912  0.119089  0.121524  0.120952  0.115887  0.109725 0.0834808         0 0.0815044  0.103634
 0.101961  0.108726  0.113915  0.114929  0.119969  0.120557   0.12002  0.115223  0.117456  0.119185  0.112806  0.116149  0.120581  0.121615   0.12465  0.121393  0.120917  0.121914  0.112477  0.113955  0.104484 0.0815044         0 0.0813742
0.0805258  0.103078  0.112112  0.112447  0.117368  0.119532   0.12022  0.115761  0.118223  0.121533  0.120646  0.120069  0.125864  0.125778    0.1276  0.123751  0.124622  0.121118  0.115135  0.116734  0.114732  0.103634 0.0813742         0


JC Tree topology:
(1,((2,(3,4)),((((5,6),(7,8)),((9,10),(11,12))),(((((13,14),15),(16,17)),(18,19)),((20,21),(22,23))))),24);

Putting MLE Branch Lengths
p: 0.258951  0.27302 0.184317 0.283712
s:  0.156725  0.226076   0.11542  0.046115  0.412473 0.0431917
Q: 
-0.961997  0.302614  0.436522  0.222861
 0.287021  -1.12686 0.0844534  0.755388
 0.613281  0.125097 -0.855545  0.117167
 0.203411  0.726922 0.0761189  -1.00645

(((19:0.0564532,18:0.0658770):0.0273531,(20:0.0555722,21:0.0710128):0.0332393):0.0233449,(((14:0.0620385,13:0.0528568):0.0276316,(12:0.0521243,11:0.0638168):0.0290204):0.0166749,(15:0.0731547,(17:0.0740445,16:0.0527075):0.0270588):0.0221889):0.0151283,((((3:0.0581385,4:0.0747255):0.0260938,2:0.0762490):0.0232357,((23:0.0560850,22:0.0750022):0.0335055,(1:0.0674393,24:0.0602323):0.0264516):0.0183144):0.0143256,((8:0.0722192,(10:0.0663768,9:0.0531525):0.0303161):0.0215168,((7:0.0665847,6:0.0610820):0.0248563,5:0.0831931):0.0233121):0.0168225):0.0181028);
stationary acceptance: 0.234712
symmetric acceptance: 0.266814
branch length acceptance: 0.456303
avgP: 0.242363 0.256568 0.187491 0.313578
sP: 7.68633e-06 6.55792e-06 8.29319e-06 9.74896e-06
avgS:  0.365762  0.159714  0.109918 0.0369869  0.303522 0.0240977
sS: 1.53494e-05 9.10722e-06  7.2701e-06 3.36772e-06 1.63626e-05 1.50633e-06
0.242363 0.256568 0.187491 0.313578
 0.365762  0.159714  0.109918 0.0369869  0.303522 0.0240977

 -1.31083  0.754575  0.329494  0.226764
 0.712796  -1.37638   0.07208  0.591502
 0.425924 0.0986362 -0.588823 0.0642634
 0.175265  0.483966 0.0384238 -0.697654

GTR Distance Matrix:

        0 0.0800323  0.105321  0.109507  0.119537  0.120691   0.12308  0.115704   0.11725  0.121392  0.122526  0.123677  0.126609  0.128044  0.127565  0.124294  0.125551  0.123543  0.118364  0.123651  0.116877   0.11049  0.101345 0.0795065
0.0800323         0 0.0784531  0.100643  0.113861  0.117573  0.117119  0.114828  0.113765  0.116499  0.114013  0.120725  0.127445   0.12837  0.128177  0.122557  0.124549  0.117495  0.118104  0.120471  0.120049  0.112967  0.108383  0.102375
 0.105321 0.0784531         0 0.0786882  0.107259  0.116264  0.119107  0.116149  0.116031  0.117433  0.114673  0.117038  0.122254  0.129193  0.131375  0.127295  0.125628  0.120578  0.117894  0.122547  0.122337  0.119267  0.113645   0.11166
 0.109507  0.100643 0.0786882         0 0.0823977  0.108395   0.11438  0.113143  0.116782  0.118036  0.115208  0.119996  0.124602  0.128881  0.131736  0.126622  0.127248  0.125113  0.123429  0.123287  0.125341   0.12009  0.114909  0.112342
 0.119537  0.113861  0.107259 0.0823977         0 0.0847649  0.103224  0.112531   0.11295  0.115372  0.114934  0.118361  0.124077  0.128263  0.131864  0.127055  0.125839  0.129089  0.126757   0.12709  0.128727  0.126132  0.119835  0.117122
 0.120691  0.117573  0.116264  0.108395 0.0847649         0 0.0836838  0.105712  0.111832  0.118772  0.113097  0.117236  0.123827   0.12871  0.131494  0.127903   0.12772  0.127964  0.124807  0.129152   0.12961   0.12793  0.120752   0.11946
  0.12308  0.117119  0.119107   0.11438  0.103224 0.0836838         0 0.0825162  0.102384  0.110477  0.108079  0.114458  0.120239  0.125993  0.127693  0.127654  0.128789     0.128  0.122166  0.128901  0.127778  0.126464  0.120026  0.120087
 0.115704  0.114828  0.116149  0.113143  0.112531  0.105712 0.0825162         0 0.0795084 0.0976915 0.0985444  0.107093  0.118229  0.121761  0.121351  0.118843  0.122497  0.123582  0.119908  0.122561   0.12543   0.11964  0.114947  0.115178
  0.11725  0.113765  0.116031  0.116782   0.11295  0.111832  0.102384 0.0795084         0 0.0751958 0.0978983  0.108827  0.117389  0.122977  0.121589  0.119302  0.120331  0.119541  0.117274  0.123521   0.12694  0.125304  0.117307  0.118007
 0.121392  0.116499  0.117433  0.118036  0.115372  0.118772  0.110477 0.0976915 0.0751958         0 0.0751607 0.0979769  0.112423  0.115949    0.1193   0.11857  0.118824  0.119973  0.117818  0.125266  0.128006  0.123034  0.118786  0.121051
 0.122526  0.114013  0.114673  0.115208  0.114934  0.113097  0.108079 0.0985444 0.0978983 0.0751607         0 0.0726822 0.0969968  0.106586  0.112196  0.112668  0.114479  0.114682  0.114379  0.119367  0.119822  0.118167  0.112504  0.120104
 0.123677  0.120725  0.117038  0.119996  0.118361  0.117236  0.114458  0.107093  0.108827 0.0979769 0.0726822         0 0.0780763 0.0980373  0.109862  0.108471  0.114677  0.113858  0.114271  0.121954  0.119579  0.119742  0.115821  0.119498
 0.126609  0.127445  0.122254  0.124602  0.124077  0.123827  0.120239  0.118229  0.117389  0.112423 0.0969968 0.0780763         0 0.0775659  0.105976   0.11275  0.119434  0.117523   0.11515  0.120494  0.122537  0.121858   0.12014  0.125185
 0.128044   0.12837  0.129193  0.128881  0.128263   0.12871  0.125993  0.121761  0.122977  0.115949  0.106586 0.0980373 0.0775659         0 0.0820703  0.107724  0.115772  0.115121  0.118071  0.122153  0.126074     0.124  0.121566  0.125642
 0.127565  0.128177  0.131375  0.131736  0.131864  0.131494  0.127693  0.121351  0.121589    0.1193  0.112196  0.109862  0.105976 0.0820703         0 0.0829494  0.106361  0.114151  0.116053  0.121599  0.125222  0.125034  0.124735  0.127535
 0.124294  0.122557  0.127295  0.126622  0.127055  0.127903  0.127654  0.118843  0.119302   0.11857  0.112668  0.108471   0.11275  0.107724 0.0829494         0 0.0796787   0.10324  0.112876  0.118619  0.120766  0.119095  0.121206   0.12318
 0.125551  0.124549  0.125628  0.127248  0.125839   0.12772  0.128789  0.122497  0.120331  0.118824  0.114479  0.114677  0.119434  0.115772  0.106361 0.0796787         0 0.0838483  0.108875  0.117473  0.122611  0.121626  0.121004  0.124495
 0.123543  0.117495  0.120578  0.125113  0.129089  0.127964     0.128  0.123582  0.119541  0.119973  0.114682  0.113858  0.117523  0.115121  0.114151   0.10324 0.0838483         0 0.0806427  0.104417  0.117504  0.120906  0.121939  0.120886
 0.118364  0.118104  0.117894  0.123429  0.126757  0.124807  0.122166  0.119908  0.117274  0.117818  0.114379  0.114271   0.11515  0.118071  0.116053  0.112876  0.108875 0.0806427         0 0.0797556  0.105238  0.115879  0.112149  0.114684
 0.123651  0.120471  0.122547  0.123287   0.12709  0.129152  0.128901  0.122561  0.123521  0.125266  0.119367  0.121954  0.120494  0.122153  0.121599  0.118619  0.117473  0.104417 0.0797556         0 0.0826001  0.109722  0.113866  0.116354
 0.116877  0.120049  0.122337  0.125341  0.128727   0.12961  0.127778   0.12543   0.12694  0.128006  0.119822  0.119579  0.122537  0.126074  0.125222  0.120766  0.122611  0.117504  0.105238 0.0826001         0 0.0828694  0.104347  0.114237
  0.11049  0.112967  0.119267   0.12009  0.126132   0.12793  0.126464   0.11964  0.125304  0.123034  0.118167  0.119742  0.121858     0.124  0.125034  0.119095  0.121626  0.120906  0.115879  0.109722 0.0828694         0 0.0810396  0.103262
 0.101345  0.108383  0.113645  0.114909  0.119835  0.120752  0.120026  0.114947  0.117307  0.118786  0.112504  0.115821   0.12014  0.121566  0.124735  0.121206  0.121004  0.121939  0.112149  0.113866  0.104347 0.0810396         0 0.0806074
0.0795065  0.102375   0.11166  0.112342  0.117122   0.11946  0.120087  0.115178  0.118007  0.121051  0.120104  0.119498  0.125185  0.125642  0.127535   0.12318  0.124495  0.120886  0.114684  0.116354  0.114237  0.103262 0.0806074         0

Seed = 3665856930
Seeds per core: 
     2077751979
     4150336481
     1287031265
     2217799507
     4251770483
      463440115
     2351112893
     3596362386
     3992523558
     1267590276
     3831480117
      823652068
     1480820306
     3878658729
      663772693
      398403161
     2043329987
     3496326890
     3550626788
     2036204570
     1395187975
     1364115058
     1590862426
      211362322
ESS = 197.70, or 19.77 percent.
Times: 
MCMC: 1818 seconds
Bootstrap: 0 seconds
Estimate ccdprobs from bootstrap: 0 seconds
Importance sampling: 3349 seconds
Total time: 1 hours, 26 minutes, 4294963703 seconds.
