Pi:  0.21493 0.253344 0.291671 0.240055
S: 0.0855808  0.147041 0.0659235  0.251607   0.34205  0.107798
