Pi: 0.274635 0.211896 0.271823 0.241647
S: 0.0860524  0.245321  0.143591 0.0788331  0.328534  0.117668
