Pi: 0.227257 0.220117 0.184405 0.368221
S:  0.173362  0.170759 0.0953982 0.0199118  0.526741 0.0138278
