Pi: 0.213426 0.252889 0.292256 0.241429
S: 0.0839952  0.145702 0.0667368  0.250331  0.346155   0.10708
