Pi: 0.213571 0.251522 0.293962 0.240945
S: 0.0846429  0.147569 0.0638611  0.250001  0.346971  0.106955
