Pi: 0.268217 0.215504 0.271866 0.244414
S: 0.0854394  0.242272  0.142485  0.077711  0.334245  0.117847
