
Alignment summary:
Didelphis_virginiana: A=551 C=503 G=245 T=513
Equus_caballus: A=556 C=494 G=241 T=521
Rhinoceros_unicornis: ?=1 A=568 C=491 G=232 T=520
Bos_tarus: A=567 C=508 G=230 T=507
Hippopotamus_amphibius: ?=3 A=565 C=501 G=237 T=506
Balaenoptera_physalus: A=578 C=486 G=234 T=514
Physeter_macrocephalus: A=553 C=510 G=231 T=518
Ursus_americanus: A=571 C=502 G=235 T=504
Canis_familiaris: A=563 C=496 G=237 T=516
Felis_catus: A=559 C=494 G=239 T=520
Homo_sapiens: A=553 C=504 G=247 T=508
Pan_troglodytes: A=556 C=512 G=246 T=498
Gorilla_gorilla: A=560 C=489 G=237 T=526
Pongo_pygmaeus: A=550 C=514 G=243 T=505
Macaca_mulatta: A=543 C=528 G=240 T=501
Callithrix_jacchus: A=547 C=504 G=244 T=517
Loris_tardigradus: A=552 C=518 G=239 T=503
Galago_crassicaudatus: ?=1 A=530 C=517 G=236 T=528
Daubentonia_madagascariensis: A=538 C=522 G=236 T=516
Varecia_variegata: A=554 C=525 G=239 T=494
Eulemur_mongoz: ?=2 A=537 C=516 G=236 T=521
Lemur_catta: A=557 C=505 G=236 T=514
Hapalemur_griseus: A=534 C=522 G=245 T=511
Propithecus_tattersalli: A=540 C=516 G=248 T=508
Lepilemur_edwardsi: A=550 C=525 G=234 T=503
Cheirogaleus_medius: A=539 C=531 G=250 T=492
Mirza_coquereli: A=529 C=539 G=241 T=503
Microcebus_murinus: -=1 A=546 C=553 G=235 T=477
Microcebus_griseorufus: A=553 C=537 G=238 T=484
Microcebus_myoxinus: A=551 C=542 G=242 T=477
Microcebus_berthae: A=560 C=520 G=234 T=498
Microcebus_rufus_1: A=550 C=523 G=241 T=498
Microcebus_tavaratra: A=538 C=540 G=246 T=488
Microcebus_rufus_2: A=555 C=520 G=228 T=509
Microcebus_sambiranensis: A=545 C=532 G=238 T=497
Microcebus_ravelobensis: ?=5 A=545 C=504 G=246 T=512

Seed = 3926980706
Jukes-Cantor Distance Matrix:

       0 0.194899 0.192877 0.205711 0.235789  0.23533 0.262242 0.266955 0.281271 0.282879 0.276468 0.293414 0.303271 0.312423  0.31662  0.32679 0.327643  0.33044  0.33021 0.306586 0.308671  0.32679 0.318305 0.307417 0.302445 0.305756 0.309916 0.266344 0.268532  0.25368  0.24598 0.243685 0.220375 0.207893 0.193469 0.171485
0.194899        0  0.16622 0.194184 0.209751 0.228563 0.247513 0.251361  0.24598 0.252906 0.276468 0.283684 0.313261 0.315779 0.325085 0.317462 0.321688 0.314314 0.325937 0.311586 0.312851 0.315779 0.309916 0.295866 0.305756 0.313261 0.312423  0.29198 0.283684 0.274874 0.266955 0.244449 0.233821 0.220375 0.204261 0.180582
0.192877  0.16622        0 0.167599 0.184703 0.197174 0.228711 0.236996 0.226467 0.249213 0.253072 0.281459 0.297707 0.300999 0.310128 0.303478 0.309293 0.317899 0.321909 0.318524 0.301409 0.318524 0.315155 0.310128 0.320215 0.313475 0.300999 0.281648 0.287916 0.279854 0.260069 0.261633 0.255397 0.226467 0.222742 0.203587
0.205711 0.194184 0.167599        0 0.156825 0.194899  0.20209 0.225575 0.233821  0.23533 0.256005 0.278866 0.290156  0.29423 0.313261 0.321688 0.303271 0.321062 0.311586 0.311586 0.309505 0.315779 0.322536 0.301619 0.292598 0.298326 0.300795 0.286297 0.292598 0.281271 0.274079 0.267743 0.255229 0.240636  0.24598 0.220341
0.235789 0.209751 0.184703 0.156825        0 0.168499 0.211215 0.199584 0.223774 0.223774 0.235789 0.259631 0.280229 0.289117 0.303892 0.312227 0.289117 0.309929 0.304721 0.302235 0.313496 0.318118 0.315588 0.318118 0.306383 0.312227 0.320657 0.298314 0.285064 0.284256 0.283449 0.277823 0.261979 0.233521 0.238823 0.227494
 0.23533 0.228563 0.197174 0.194899 0.168499        0 0.189196 0.205711 0.218157 0.230812 0.226321 0.256782 0.266955 0.278866 0.296685 0.289344 0.296685 0.296066 0.309082 0.297505 0.302857 0.327643 0.331068 0.314099 0.314099 0.308249 0.304099 0.284681 0.271696 0.280468 0.275671 0.281271 0.264595 0.242921 0.236086 0.234581
0.262242 0.247513 0.228711  0.20209 0.211215 0.189196        0  0.18636 0.206438 0.218895 0.221115 0.247513 0.268532 0.277267 0.286105 0.292598 0.300795 0.293612 0.320841 0.299971 0.298731 0.315779 0.318305 0.313261 0.290969 0.296685 0.327643 0.288727 0.287723 0.296685 0.285297 0.297505 0.273284 0.279667 0.274874 0.246017
0.266955 0.251361 0.236996 0.225575 0.199584 0.205711  0.18636        0 0.170261  0.20935 0.202813 0.223342 0.248281  0.25059 0.264595 0.299971 0.273284 0.297707 0.300795 0.276468 0.297909 0.314099 0.323384 0.311586 0.299971 0.331927 0.323384 0.298529 0.296685 0.281271 0.274874 0.286913 0.267743 0.270904 0.269322 0.262326
0.281271  0.24598 0.226467 0.233821 0.223774 0.218157 0.206438 0.170261        0 0.191329 0.208621 0.231563 0.241397 0.258338 0.268532 0.280468 0.282074 0.292796 0.293414 0.290156 0.298731 0.314938 0.338831 0.322536 0.297505 0.321688 0.325937 0.327016 0.295866 0.289344 0.292598 0.270112 0.278866 0.278866 0.285297 0.269426
0.282879 0.252906 0.249213  0.23533 0.223774 0.230812 0.218895  0.20935 0.191329        0 0.184946 0.218895 0.229312 0.242159 0.256782 0.271696 0.277267 0.290352 0.306586 0.296685 0.281648 0.318305 0.320841 0.299148 0.304927 0.325937 0.323384 0.312637 0.295048 0.309082 0.311586 0.286913 0.296685 0.286105 0.277267 0.273399
0.276468 0.276468 0.253072 0.256005 0.235789 0.226321 0.221115 0.202813 0.208621 0.184946        0 0.205711 0.210811 0.221115 0.243685 0.259898 0.258338  0.25773 0.275671 0.276468 0.284872 0.297505 0.301619 0.298326 0.300795 0.308249 0.307417 0.298529 0.287723 0.286913 0.293414 0.286105 0.278866 0.276468  0.27249 0.274197
0.293414 0.283684 0.281459 0.278866 0.259631 0.256782 0.247513 0.223342 0.231563 0.218895 0.205711        0 0.184241 0.204986 0.228563 0.252133  0.26381 0.273466  0.28449 0.296685 0.292994 0.311586 0.322536 0.304099  0.29423 0.314099 0.309916 0.305965 0.290969 0.279667 0.298326 0.295866 0.288533 0.290156  0.27249  0.28141
0.303271 0.313261 0.297707 0.290156 0.280229 0.266955 0.268532 0.248281 0.241397 0.229312 0.210811 0.184241        0 0.177218 0.204986 0.218895 0.232315 0.267132 0.287723 0.274874 0.281648 0.301619 0.309082 0.303271 0.303271 0.314938 0.314938 0.296886 0.304927 0.297505 0.304099 0.315779 0.302445 0.303271 0.300795 0.303477
0.312423 0.315779 0.300999  0.29423 0.289117 0.278866 0.277267  0.25059 0.258338 0.242159 0.221115 0.204986 0.177218        0 0.177917 0.213741 0.223342  0.26085 0.266167 0.266167 0.283258 0.297505 0.322536  0.31662 0.312423 0.327643 0.307417 0.314314 0.319995 0.303271 0.314938 0.321688 0.315779 0.308249 0.305756 0.309305
 0.31662 0.325085 0.310128 0.313261 0.303892 0.296685 0.286105 0.264595 0.268532 0.256782 0.243685 0.228563 0.204986 0.177917        0 0.194899 0.225575 0.252299  0.25368  0.25756 0.271265  0.28449 0.303271 0.300795 0.296685 0.320841  0.31662 0.315996 0.319995 0.313261 0.306586  0.31662  0.32679 0.318305 0.323384 0.320251
 0.32679 0.317462 0.303478 0.321688 0.312227 0.289344 0.292598 0.299971 0.280468 0.271696 0.259898 0.252133 0.218895 0.213741 0.194899        0 0.192755 0.233219 0.244449 0.265381 0.271265 0.297505 0.313261 0.295866 0.314938 0.338831 0.314938 0.315996 0.321688 0.317462 0.314099 0.311586 0.310751 0.337965  0.33021 0.324504
0.327643 0.321688 0.309293 0.303271 0.289117 0.296685 0.300795 0.273284 0.282074 0.277267 0.258338  0.26381 0.232315 0.223342 0.225575 0.192755        0 0.185062 0.207165  0.21521 0.240188 0.266167 0.282879 0.295048 0.296685 0.319995 0.314938 0.305965 0.317462  0.31915 0.321688 0.311586 0.297505 0.305756 0.309916 0.315179
 0.33044 0.314314 0.317899 0.321062 0.309929 0.296066 0.293612 0.297707 0.292796 0.290352  0.25773 0.273466 0.267132  0.26085 0.252299 0.233219 0.185062        0 0.175233  0.20439 0.221542 0.237754 0.254622 0.281459 0.301825 0.295247 0.321909 0.311176   0.3118 0.322758 0.321062 0.324458   0.3118 0.306796 0.320215 0.307846
 0.33021 0.325937 0.321909 0.311586 0.304721 0.309082 0.320841 0.300795 0.293414 0.306586 0.275671  0.28449 0.287723 0.266167  0.25368 0.244449 0.207165 0.175233        0 0.172341 0.212546 0.236086  0.25368 0.275671 0.293414 0.309082 0.290969 0.302651 0.302445 0.299971 0.309916 0.319995 0.307417 0.301619 0.314938 0.318557
0.306586 0.311586 0.318524 0.311586 0.302235 0.297505 0.299971 0.276468 0.290156 0.296685 0.276468 0.296685 0.274874 0.266167  0.25756 0.265381  0.21521  0.20439 0.172341        0 0.182355 0.218157 0.243685 0.256782 0.262242 0.287723 0.286913 0.290352 0.297505 0.300795 0.303271 0.314938 0.314938 0.311586 0.307417 0.299341
0.308671 0.312851 0.301409 0.309505 0.313496 0.302857 0.298731 0.297909 0.298731 0.281648 0.284872 0.292994 0.281648 0.283258 0.271265 0.271265 0.240188 0.221542 0.212546 0.182355        0 0.190857 0.212546 0.237909  0.26968 0.268098  0.31034 0.291559 0.297909 0.292178 0.302857 0.324683 0.311176  0.31453 0.316213 0.298923
 0.32679 0.315779 0.318524 0.315779 0.318118 0.327643 0.315779 0.314099 0.314938 0.318305 0.297505 0.311586 0.301619 0.297505  0.28449 0.297505 0.266167 0.237754 0.236086 0.218157 0.190857        0 0.187068 0.230812 0.247513 0.258338 0.303271 0.287106 0.299148 0.299148 0.306586 0.324234 0.322536 0.319995 0.325085 0.320251
0.318305 0.309916 0.315155 0.322536 0.315588 0.331068 0.318305 0.323384 0.338831 0.320841 0.301619 0.322536 0.309082 0.322536 0.303271 0.313261 0.282879 0.254622  0.25368 0.243685 0.212546 0.187068        0 0.202813 0.225575 0.243685 0.295866 0.292796  0.29423 0.304927 0.286913 0.313261 0.309916 0.303271 0.291783 0.298516
0.307417 0.295866 0.310128 0.301619 0.318118 0.314099 0.313261 0.311586 0.322536 0.299148 0.298326 0.304099 0.303271  0.31662 0.300795 0.295866 0.295048 0.281459 0.275671 0.256782 0.237909 0.230812 0.202813        0 0.200646 0.232315 0.254454 0.260069 0.281271 0.291783 0.297505 0.304927 0.292598 0.305756 0.295048 0.295228
0.302445 0.305756 0.320215 0.292598 0.306383 0.314099 0.290969 0.299971 0.297505 0.304927 0.300795  0.29423 0.303271 0.312423 0.296685 0.314938 0.296685 0.301825 0.293414 0.262242  0.26968 0.247513 0.225575 0.200646        0 0.208621 0.246746  0.24614  0.26146 0.270904 0.278866 0.292598 0.289344 0.290969 0.286913 0.273399
0.305756 0.313261 0.313475 0.298326 0.312227 0.308249 0.296685 0.331927 0.321688 0.325937 0.308249 0.314099 0.314938 0.327643 0.320841 0.338831 0.319995 0.295247 0.309082 0.287723 0.268098 0.258338 0.243685 0.232315 0.208621        0 0.240636 0.240793 0.252133 0.280468 0.300795 0.300795 0.307417 0.308249 0.309916 0.302648
0.309916 0.312423 0.300999 0.300795 0.320657 0.304099 0.327643 0.323384 0.325937 0.323384 0.307417 0.309916 0.314938 0.307417  0.31662 0.314938 0.314938 0.321909 0.290969 0.286913  0.31034 0.303271 0.295866 0.254454 0.246746 0.240636        0 0.230211 0.242159  0.28449  0.27249 0.299148  0.28449 0.301619 0.287723 0.298516
0.266344  0.29198 0.281648 0.286297 0.298314 0.284681 0.288727 0.298529 0.327016 0.312637 0.298529 0.305965 0.296886 0.314314 0.315996 0.315996 0.305965 0.311176 0.302651 0.290352 0.291559 0.287106 0.292796 0.260069  0.24614 0.240793 0.230211        0 0.199331 0.234727 0.252299  0.26792 0.256951 0.274261 0.260069 0.250805
0.268532 0.283684 0.287916 0.292598 0.285064 0.271696 0.287723 0.296685 0.295866 0.295048 0.287723 0.290969 0.304927 0.319995 0.319995 0.321688 0.317462   0.3118 0.302445 0.297505 0.297909 0.299148  0.29423 0.281271  0.26146 0.252133 0.242159 0.199331        0 0.192755 0.213741 0.239876 0.255229 0.267743 0.255229 0.246017
 0.25368 0.274874 0.279854 0.281271 0.284256 0.280468 0.296685 0.281271 0.289344 0.309082 0.286913 0.279667 0.297505 0.303271 0.313261 0.317462  0.31915 0.322758 0.299971 0.300795 0.292178 0.299148 0.304927 0.291783 0.270904 0.280468  0.28449 0.234727 0.192755        0 0.189906 0.223342 0.243685  0.23533 0.234575 0.223317
 0.24598 0.266955 0.260069 0.274079 0.283449 0.275671 0.285297 0.274874 0.292598 0.311586 0.293414 0.298326 0.304099 0.314938 0.306586 0.314099 0.321688 0.321062 0.309916 0.303271 0.302857 0.306586 0.286913 0.297505 0.278866 0.300795  0.27249 0.252299 0.213741 0.189906        0 0.177917 0.219635 0.232315 0.224086 0.237613
0.243685 0.244449 0.261633 0.267743 0.277823 0.281271 0.297505 0.286913 0.270112 0.286913 0.286105 0.295866 0.315779 0.321688  0.31662 0.311586 0.311586 0.324458 0.319995 0.314938 0.324683 0.324234 0.313261 0.304927 0.292598 0.300795 0.299148  0.26792 0.239876 0.223342 0.177917        0 0.180721 0.210811 0.206438 0.212954
0.220375 0.233821 0.255397 0.255229 0.261979 0.264595 0.273284 0.267743 0.278866 0.296685 0.278866 0.288533 0.302445 0.315779  0.32679 0.310751 0.297505   0.3118 0.307417 0.314938 0.311176 0.322536 0.309916 0.292598 0.289344 0.307417  0.28449 0.256951 0.255229 0.243685 0.219635 0.180721        0 0.187068 0.194899 0.190505
0.207893 0.220375 0.226467 0.240636 0.233521 0.242921 0.279667 0.270904 0.278866 0.286105 0.276468 0.290156 0.303271 0.308249 0.318305 0.337965 0.305756 0.306796 0.301619 0.311586  0.31453 0.319995 0.303271 0.305756 0.290969 0.308249 0.301619 0.274261 0.267743  0.23533 0.232315 0.210811 0.187068        0 0.156537 0.172877
0.193469 0.204261 0.222742  0.24598 0.238823 0.236086 0.274874 0.269322 0.285297 0.277267  0.27249  0.27249 0.300795 0.305756 0.323384  0.33021 0.309916 0.320215 0.314938 0.307417 0.316213 0.325085 0.291783 0.295048 0.286913 0.309916 0.287723 0.260069 0.255229 0.234575 0.224086 0.206438 0.194899 0.156537        0 0.152258
0.171485 0.180582 0.203587 0.220341 0.227494 0.234581 0.246017 0.262326 0.269426 0.273399 0.274197  0.28141 0.303477 0.309305 0.320251 0.324504 0.315179 0.307846 0.318557 0.299341 0.298923 0.320251 0.298516 0.295228 0.273399 0.302648 0.298516 0.250805 0.246017 0.223317 0.237613 0.212954 0.190505 0.172877 0.152258        0


JC Tree topology:
(1,((((2,3),(4,5)),(6,(7,((8,9),(10,(11,(12,(((13,(14,15)),(16,17)),(((18,19),20),(21,(22,23))))))))))),(((((24,25),26),27),(28,29)),(30,(31,32)))),(33,((34,35),36)));

Putting MLE Branch Lengths
p: 0.304252
0.284319
0.131955
0.279474
s:  0.222109
 0.150928
 0.154256
0.0352589
   0.4113
0.0261474
Q: -0.866542  0.365009  0.248032  0.253501
 0.390599  -1.17591 0.0620059  0.723306
 0.571892  0.133602  -0.80457 0.0990768
 0.275977  0.735846 0.0467798   -1.0586
((17:0.1077915,16:0.0896405):0.0657075,(12:0.0881103,((10:0.1016698,11:0.0916109):0.0168726,((7:0.1109675,(9:0.0941715,8:0.0809313):0.0283927):0.0146362,(((5:0.0716193,4:0.0900866):0.0216315,6:0.0981279):0.0176635,((3:0.0804176,2:0.0899386):0.0269783,((((30:0.1240539,(32:0.0936448,31:0.0888381):0.0205829):0.0291461,33:0.1033370):0.0235639,(((29:0.1054530,28:0.0978774):0.0332965,(27:0.1245259,((25:0.1002995,26:0.1119837):0.0246663,24:0.1197946):0.0387955):0.0234270):0.0275691,((21:0.0862092,(22:0.0840388,23:0.1067389):0.0417216):0.0256867,(20:0.0805894,(19:0.0777579,18:0.1023450):0.0367193):0.0271489):0.0977568):0.0601147):0.0393989,((36:0.0694939,(34:0.0891076,35:0.0692839):0.0278450):0.0217684,1:0.1018034):0.0139520):0.0339096):0.0452805):0.0503575):0.0446159):0.0479828):0.0435442,(13:0.0970888,(14:0.0724117,15:0.1087491):0.0288705):0.0078158);
stationary acceptance: 0.204265
symmetric acceptance: 0.107487
branch length acceptance: 0.842959
avgP:  0.22569 0.220511  0.18431 0.369489
sP: 3.36097e-05 2.52171e-05 3.88397e-05 5.83468e-05
avgS:  0.174626  0.170288 0.0953469 0.0203904  0.526124 0.0132248
sS: 1.87471e-05 2.94545e-05 1.21568e-05 3.76123e-06 3.84673e-05 2.55269e-06
 0.22569 0.220511  0.18431 0.369489
 0.174626  0.170288 0.0953469 0.0203904  0.526124 0.0132248

-0.975366  0.386872   0.37726  0.211234
 0.395959  -1.63516 0.0462344   1.19297
  0.46196 0.0553155 -0.553152 0.0358765
 0.129025  0.711961  0.017896 -0.858882

GTR Distance Matrix:

       0 0.186576 0.186416 0.200132 0.228774 0.233087 0.258785  0.26314 0.279661 0.280534 0.275784 0.292561 0.303421 0.311874 0.315795 0.329463 0.328346 0.335293 0.332527  0.30802 0.309423 0.328594 0.315674 0.306288 0.300906 0.304422 0.306507 0.259064 0.263418 0.248834 0.239902 0.237272 0.212537 0.199197 0.183763 0.163978
0.186576        0 0.158424 0.185333 0.201029 0.223811 0.242567 0.245336 0.241947 0.249067 0.273364 0.281886 0.310586 0.313524 0.321326 0.318767 0.320717 0.317412 0.327051 0.312006   0.3115 0.316628 0.308454 0.295568 0.304236 0.312587 0.309507 0.285598 0.282123 0.271518 0.260446 0.239455 0.226758 0.210862 0.195733 0.173991
0.186416 0.158424        0 0.159848 0.177923  0.19363 0.223899 0.232105 0.222803  0.24622 0.251458 0.280488  0.29696 0.300335 0.306616 0.304762 0.308671 0.320365 0.325113 0.317713 0.299381 0.320963 0.312952 0.310666 0.318096 0.311889 0.297158 0.274038 0.284423 0.275607 0.253872 0.256984 0.247465  0.21812 0.214035 0.197197
0.200132 0.185333 0.159848        0 0.148457 0.186545 0.195942 0.217669 0.226969 0.230885 0.250229 0.274163 0.285494 0.289619 0.305691 0.317781 0.299749 0.319908  0.31223 0.310404 0.305492 0.315307 0.320533 0.300887 0.290353 0.295613 0.299323 0.277714 0.289672 0.277897 0.266129 0.262846  0.24767   0.2312 0.236356 0.213593
0.228774 0.201029 0.177923 0.148457        0 0.161771 0.203922 0.192413 0.217199 0.217358 0.231856  0.25631 0.277042 0.285429 0.300205 0.311028 0.287524 0.310178 0.305434 0.301196 0.311322 0.319261 0.314615 0.316563 0.304861 0.310809 0.315899  0.29216 0.282723 0.281558  0.27817 0.272954 0.253668 0.225719 0.231046 0.221459
0.233087 0.223811  0.19363 0.186545 0.161771        0 0.182705 0.197943 0.213309 0.226088 0.222111 0.254223 0.265651 0.276711 0.293525 0.289918 0.294006 0.297149 0.311751 0.297913  0.30285 0.332602 0.333298 0.317117 0.316484 0.309245 0.304118 0.280452  0.27177 0.280529 0.272285 0.280474 0.260337 0.237448 0.229875 0.231238
0.258785 0.242567 0.223899 0.195942 0.203922 0.182705        0 0.179244 0.199024 0.211878 0.214994 0.241831 0.263906  0.27066 0.280621 0.290245 0.295391 0.291356  0.32032 0.297748 0.295208 0.315548 0.316911 0.311955 0.288895 0.295107 0.326344 0.281557 0.285244 0.294421  0.28017 0.295329 0.266785 0.271909 0.265875 0.242197
 0.26314 0.245336 0.232105 0.217669 0.192413 0.197943 0.179244        0 0.162967 0.201722  0.19688 0.217734 0.241955 0.245871 0.258803 0.297685 0.268855 0.296456  0.30109 0.274588  0.29464    0.315 0.323762 0.312319 0.300557 0.330795   0.3228 0.292026 0.293181 0.276954 0.267853 0.283336 0.260776 0.264503 0.260438 0.257539
0.279661 0.241947 0.222803 0.226969 0.217199 0.213309 0.199024 0.162967        0 0.184628 0.202468 0.224377 0.234938   0.2538 0.263539 0.279573  0.27715 0.293474 0.294872 0.288361 0.296862 0.315693 0.338243 0.325931 0.298482 0.322639 0.326791 0.321252 0.294829 0.287516 0.287698 0.269309 0.274365  0.27416 0.277604 0.265743
0.280534 0.249067  0.24622 0.230885 0.217358 0.226088 0.211878 0.201722 0.184628        0 0.178164    0.211 0.221764  0.23418 0.248644 0.267245 0.272679 0.289631 0.306204 0.294097  0.27813 0.316444 0.318568 0.299165 0.304203 0.326336 0.321822 0.306373  0.29485 0.307536 0.307646 0.284542 0.291914 0.281103  0.27045 0.271551
0.275784 0.273364 0.251458 0.250229 0.231856 0.222111 0.214994  0.19688 0.202468 0.178164        0 0.196624  0.20405 0.213936 0.236228 0.256405  0.25327  0.25613 0.276716 0.275841 0.281888 0.299751 0.300647 0.297794  0.29882 0.306592 0.304123 0.292284 0.288184   0.2872 0.290782 0.285469 0.275846  0.27307 0.266485 0.270942
0.292561 0.281886 0.280488 0.274163  0.25631 0.254223 0.241831 0.217734 0.224377    0.211 0.196624        0 0.176475 0.194428 0.220323 0.246088 0.256198 0.269084 0.282835 0.291569 0.289344 0.311554 0.320391 0.305001 0.292535 0.313845 0.307157 0.299773 0.289006 0.278222 0.296039 0.295365 0.285179 0.286601 0.266751 0.278693
0.303421 0.310586  0.29696 0.285494 0.277042 0.265651 0.263906 0.241955 0.234938 0.221764  0.20405 0.176475        0 0.168429 0.195932 0.213929 0.226361 0.262462 0.286751 0.270468 0.278866 0.303132 0.308788 0.304045 0.302924 0.314174 0.314203 0.293009  0.30538 0.299562 0.303589 0.316294 0.301165 0.301126 0.295815 0.303237
0.311874 0.313524 0.300335 0.289619 0.285429 0.276711  0.27066 0.245871   0.2538  0.23418 0.213936 0.194428 0.168429        0  0.16837 0.206569 0.216852 0.255328 0.262286 0.262381 0.279771 0.296961 0.319618 0.313634 0.308808 0.325269 0.305275 0.309366 0.316368 0.301482 0.313111  0.32214 0.311929 0.304953  0.29952 0.307667
0.315795 0.321326 0.306616 0.305691 0.300205 0.293525 0.280621 0.258803 0.263539 0.248644 0.236228 0.220323 0.195932  0.16837        0 0.186671  0.21687 0.245417 0.248218 0.252902 0.266213 0.281669 0.297852 0.297213 0.292058 0.317163 0.313311 0.309054 0.317118  0.31306 0.303735  0.31617 0.322109 0.314568 0.316055 0.317727
0.329463 0.318767 0.304762 0.317781 0.311028 0.289918 0.290245 0.297685 0.279573 0.267245 0.256405 0.246088 0.213929 0.206569 0.186671        0 0.185182 0.227353 0.239828 0.261355 0.267718 0.295308 0.311801 0.293971 0.313787 0.338242  0.31535 0.312582 0.322968 0.321644 0.315544  0.31571 0.309201 0.336845 0.326286  0.32585
0.328346 0.320717 0.308671 0.299749 0.287524 0.294006 0.295391 0.268855  0.27715 0.272679  0.25327 0.256198 0.226361 0.216852  0.21687 0.185182        0 0.176227 0.200109 0.208042 0.233499 0.261586  0.27805 0.292382 0.294566 0.315229 0.310971 0.300667 0.315223 0.320873 0.319134 0.311261 0.293721 0.302851 0.305864 0.313897
0.335293 0.317412 0.320365 0.319908 0.310178 0.297149 0.291356 0.296456 0.293474 0.289631  0.25613 0.269084 0.262462 0.255328 0.245417 0.227353 0.176227        0 0.167359 0.196702 0.214893 0.232764 0.251178 0.279067 0.298462 0.293033  0.32098 0.306738 0.314661 0.327706 0.321263 0.329535 0.311543  0.30739 0.319332  0.31177
0.332527 0.327051 0.325113  0.31223 0.305434 0.311751  0.32032  0.30109 0.294872 0.306204 0.276716 0.282835 0.286751 0.262286 0.248218 0.239828 0.200109 0.167359        0 0.164358 0.204654 0.229041 0.247304 0.269138 0.288563 0.303214 0.287751 0.298392 0.302662 0.302072 0.306697  0.31998 0.305474 0.300985 0.313236 0.321152
 0.30802 0.312006 0.317713 0.310404 0.301196 0.297913 0.297748 0.274588 0.288361 0.294097 0.275841 0.291569 0.270468 0.262381 0.252902 0.261355 0.208042 0.196702 0.164358        0 0.173849 0.209951 0.237036 0.249911 0.256025 0.279916 0.280686 0.284597 0.294288 0.299288 0.299088 0.313261 0.310674 0.307296 0.303754 0.298937
0.309423   0.3115 0.299381 0.305492 0.311322  0.30285 0.295208  0.29464 0.296862  0.27813 0.281888 0.289344 0.278866 0.279771 0.266213 0.267718 0.233499 0.214893 0.204654 0.173849        0  0.18277   0.2053 0.230679 0.261181 0.262288 0.305294 0.284236 0.298484  0.29118 0.300442 0.323388 0.306502 0.309366 0.310429  0.29778
0.328594 0.316628 0.320963 0.315307 0.319261 0.332602 0.315548    0.315 0.315693 0.316444 0.299751 0.311554 0.303132 0.296961 0.281669 0.295308 0.261586 0.232764 0.229041 0.209951  0.18277        0 0.178153 0.224195  0.23838 0.251147  0.29913 0.283085 0.299043 0.298929 0.304739 0.322569 0.317933 0.317558 0.321471 0.320723
0.315674 0.308454 0.312952 0.320533 0.314615 0.333298 0.316911 0.323762 0.338243 0.318568 0.300647 0.320391 0.308788 0.319618 0.297852 0.311801  0.27805 0.251178 0.247304 0.237036   0.2053 0.178153        0 0.193864 0.215011 0.234438 0.288056  0.28537 0.291196 0.302629 0.283217 0.310313 0.303795  0.29841 0.285426 0.295727
0.306288 0.295568 0.310666 0.300887 0.316563 0.317117 0.311955 0.312319 0.325931 0.299165 0.297794 0.305001 0.304045 0.313634 0.297213 0.293971 0.292382 0.279067 0.269138 0.249911 0.230679 0.224195 0.193864        0  0.19309 0.222903 0.246457 0.251674  0.27636 0.288259 0.292428 0.300691 0.286145 0.300521 0.289687 0.292588
0.300906 0.304236 0.318096 0.290353 0.304861 0.316484 0.288895 0.300557 0.298482 0.304203  0.29882 0.292535 0.302924 0.308808 0.292058 0.313787 0.294566 0.298462 0.288563 0.256025 0.261181  0.23838 0.215011  0.19309        0  0.19702 0.239202 0.237793 0.257913 0.267751 0.273703 0.290666 0.284973 0.287192  0.28221  0.27071
0.304422 0.312587 0.311889 0.295613 0.310809 0.309245 0.295107 0.330795 0.322639 0.326336 0.306592 0.313845 0.314174 0.325269 0.317163 0.338242 0.315229 0.293033 0.303214 0.279916 0.262288 0.251147 0.234438 0.222903  0.19702        0 0.229097 0.229431 0.245813 0.275228 0.295158 0.297746 0.301709 0.302673 0.303817 0.298767
0.306507 0.309507 0.297158 0.299323 0.315899 0.304118 0.326344   0.3228 0.326791 0.321822 0.304123 0.307157 0.314203 0.305275 0.313311  0.31535 0.310971  0.32098 0.287751 0.280686 0.305294  0.29913 0.288056 0.246457 0.239202 0.229097        0 0.218022 0.231722 0.276092  0.26579 0.291021 0.277108   0.2927 0.279929 0.292701
0.259064 0.285598 0.274038 0.277714  0.29216 0.280452 0.281557 0.292026 0.321252 0.306373 0.292284 0.299773 0.293009 0.309366 0.309054 0.312582 0.300667 0.306738 0.298392 0.284597 0.284236 0.283085  0.28537 0.251674 0.237793 0.229431 0.218022        0 0.189003  0.22369 0.242449 0.257425 0.246536 0.263549 0.249581 0.242587
0.263418 0.282123 0.284423 0.289672 0.282723  0.27177 0.285244 0.293181 0.294829  0.29485 0.288184 0.289006  0.30538 0.316368 0.317118 0.322968 0.315223 0.314661 0.302662 0.294288 0.298484 0.299043 0.291196  0.27636 0.257913 0.245813 0.231722 0.189003        0 0.183763 0.205371 0.232101 0.247538 0.258609 0.245332 0.239299
0.248834 0.271518 0.275607 0.277897 0.281558 0.280529 0.294421 0.276954 0.287516 0.307536   0.2872 0.278222 0.299562 0.301482  0.31306 0.321644 0.320873 0.327706 0.302072 0.299288  0.29118 0.298929 0.302629 0.288259 0.267751 0.275228 0.276092  0.22369 0.183763        0 0.179837 0.213854 0.235193 0.227229 0.226476 0.218278
0.239902 0.260446 0.253872 0.266129  0.27817 0.272285  0.28017 0.267853 0.287698 0.307646 0.290782 0.296039 0.303589 0.313111 0.303735 0.315544 0.319134 0.321263 0.306697 0.299088 0.300442 0.304739 0.283217 0.292428 0.273703 0.295158  0.26579 0.242449 0.205371 0.179837        0  0.16874 0.208506 0.221619 0.214174 0.229515
0.237272 0.239455 0.256984 0.262846 0.272954 0.280474 0.295329 0.283336 0.269309 0.284542 0.285469 0.295365 0.316294  0.32214  0.31617  0.31571 0.311261 0.329535  0.31998 0.313261 0.323388 0.322569 0.310313 0.300691 0.290666 0.297746 0.291021 0.257425 0.232101 0.213854  0.16874        0 0.171622 0.201036 0.197127 0.206264
0.212537 0.226758 0.247465  0.24767 0.253668 0.260337 0.266785 0.260776 0.274365 0.291914 0.275846 0.285179 0.301165 0.311929 0.322109 0.309201 0.293721 0.311543 0.305474 0.310674 0.306502 0.317933 0.303795 0.286145 0.284973 0.301709 0.277108 0.246536 0.247538 0.235193 0.208506 0.171622        0 0.176345 0.184166 0.183247
0.199197 0.210862  0.21812   0.2312 0.225719 0.237448 0.271909 0.264503  0.27416 0.281103  0.27307 0.286601 0.301126 0.304953 0.314568 0.336845 0.302851  0.30739 0.300985 0.307296 0.309366 0.317558  0.29841 0.300521 0.287192 0.302673   0.2927 0.263549 0.258609 0.227229 0.221619 0.201036 0.176345        0 0.147291 0.164268
0.183763 0.195733 0.214035 0.236356 0.231046 0.229875 0.265875 0.260438 0.277604  0.27045 0.266485 0.266751 0.295815  0.29952 0.316055 0.326286 0.305864 0.319332 0.313236 0.303754 0.310429 0.321471 0.285426 0.289687  0.28221 0.303817 0.279929 0.249581 0.245332 0.226476 0.214174 0.197127 0.184166 0.147291        0 0.144564
0.163978 0.173991 0.197197 0.213593 0.221459 0.231238 0.242197 0.257539 0.265743 0.271551 0.270942 0.278693 0.303237 0.307667 0.317727  0.32585 0.313897  0.31177 0.321152 0.298937  0.29778 0.320723 0.295727 0.292588  0.27071 0.298767 0.292701 0.242587 0.239299 0.218278 0.229515 0.206264 0.183247 0.164268 0.144564        0

Seed = 3166846056
Seeds per core: 
     2581438737
     2772503881
     3804161558
      825305049
     3677304503
     2805757039
     4075529567
     1050193262
     4095554084
     3290374803
     4186383839
      161796893
     3222855703
     3978433785
     1425526565
     1259725739
      605187061
     2301698783
     2618364112
     3657098622
      210733340
     2365281103
     2773164573
      795578429
      834579049
     4264612294
     1839478447
     1289546601
     4022478175
      765950076
     2080811451
     2855931968
      722449517
     3389442445
     1072254881
     1595389862
      836625392
     2539234697
      185451483
     4084951543
      395320632
     2063890354
       21029066
      924989251
     3327209255
     4200445675
     3070636659
     2265042515
ESS = 84.44, or 8.44 percent.
Times: 
MCMC: 1728 seconds
Bootstrap: 0 seconds
Estimate ccdprobs from bootstrap: 0 seconds
Importance sampling: 517 seconds
