        0 0.0297082 0.0264318 0.0234361 0.0334761 0.0258242 0.0307653 0.0279812  0.024653 0.0350446 0.0280534 0.0273541 0.0281975 0.0243513 0.0298817 0.0296969  0.028804 0.0315551 0.0261187 0.0298658 0.0248165 0.0291113 0.0267757  0.031555 0.0348995  0.026839 0.0318415  0.027137 0.0307193 0.0273721 0.0292705 0.0295822 0.0260591  0.028302 0.0320252 0.0255264 0.0274689 0.0300361 0.0263754 0.0318987   0.02931 0.0315328  0.034498   0.02762  0.028039 0.0302312 0.0259949 0.0320612 0.0283186 0.0242939 0.0324478 0.0256086 0.0287507 0.0287185 0.0301169 0.0275621 0.0240497 0.0334329 0.0329598 0.0368906 0.0258201 0.0314869 0.0350601 0.0307871 0.0262608 0.0257219 0.0295008 0.0338109 0.0241728 0.0267539 0.0284542 0.0328854 0.0287982 0.0265686 0.0270789 0.0298075 0.0263879 0.0292224 0.0301436 0.0336586  0.030157 0.0268345 0.0248275 0.0252954 0.0286254 0.0276766 0.0267784 0.0270043 0.0283118 0.0300786 0.0310968  0.024417 0.0270206 0.0292093 0.0290148 0.0314352 0.0206152 0.0310827 0.0288081 0.0210678
0.0297082         0 0.0226514 0.0293709 0.0328455 0.0278842 0.0285829 0.0336401 0.0216932 0.0328239 0.0241241 0.0222145 0.0234964 0.0303862 0.0246967 0.0229834 0.0219273 0.0305439 0.0250494 0.0251976 0.0246528 0.0262866 0.0292101 0.0327944 0.0326469 0.0188755 0.0279337  0.020221 0.0242078  0.026836 0.0299203 0.0305898 0.0246915  0.026584 0.0297684 0.0192882 0.0328168 0.0256969 0.0225869 0.0327411 0.0233537  0.029725 0.0344449 0.0261948 0.0238641 0.0246628 0.0305097 0.0317822  0.025066 0.0234342 0.0290168 0.0235598 0.0334737 0.0265609 0.0231991 0.0251704 0.0196065 0.0314823 0.0318065 0.0347432  0.020619 0.0271787 0.0313417 0.0326175 0.0247141 0.0232829 0.0205949 0.0336927 0.0242705 0.0272631 0.0238479 0.0337115 0.0291128 0.0239577  0.026388 0.0242705 0.0314083 0.0240821   0.03376 0.0316706 0.0281988 0.0274592 0.0209159 0.0313899 0.0318173 0.0245387 0.0245246 0.0308391 0.0260593 0.0228584 0.0230059 0.0251457  0.029049 0.0216422 0.0238759 0.0315559 0.0297807 0.0304962 0.0271874  0.018049
0.0264318 0.0226514         0 0.0269987 0.0316424 0.0288007 0.0281226 0.0332371 0.0224848 0.0333221 0.0245849 0.0233912  0.020298    0.0287  0.023843 0.0260418 0.0234629 0.0273391 0.0252698 0.0240548 0.0251257 0.0262136 0.0275939 0.0322112 0.0317458 0.0224059 0.0273437 0.0228416 0.0228207 0.0262314 0.0301741 0.0310555 0.0206353 0.0229962 0.0295003 0.0202675 0.0286242 0.0259003 0.0254915 0.0317746 0.0240967 0.0274735 0.0331709 0.0264711 0.0229018 0.0225764 0.0280244 0.0321471 0.0221906 0.0193846  0.032298  0.021499 0.0275566 0.0293031 0.0231683 0.0240758 0.0185535 0.0297639 0.0303536 0.0362048 0.0212681  0.023918 0.0323678 0.0296766 0.0225743 0.0219002 0.0248659 0.0322657 0.0200028 0.0222106 0.0261689 0.0303393 0.0283378 0.0261089 0.0245845 0.0285059 0.0302329 0.0246302  0.030073  0.030011 0.0285094 0.0261272 0.0213734 0.0271107 0.0263729 0.0225174 0.0237358 0.0281134 0.0232318 0.0178739 0.0219726 0.0259396  0.027483 0.0202593 0.0246049 0.0284995  0.028709 0.0274971  0.025222 0.0169478
0.0234361 0.0293709 0.0269987         0 0.0315252 0.0237267 0.0289688 0.0281589 0.0255009 0.0328318 0.0268529 0.0278478 0.0287953 0.0267763 0.0260823 0.0251785 0.0242451 0.0273142 0.0264381 0.0282371 0.0235562 0.0228489 0.0216447 0.0296653 0.0305384 0.0287119 0.0265576 0.0283133 0.0287412 0.0239824 0.0261665 0.0266983 0.0259686  0.024203 0.0264598 0.0234337 0.0275477 0.0271458 0.0278455 0.0296833 0.0286036  0.032058 0.0321048 0.0263924 0.0278848 0.0303259 0.0246349 0.0313481 0.0259326 0.0268699 0.0279922 0.0270334 0.0275368 0.0265252 0.0261468 0.0247385 0.0242385 0.0308296 0.0295873 0.0315842 0.0267207 0.0258073 0.0311764 0.0303994 0.0264216 0.0240822 0.0300782 0.0330113 0.0248111 0.0260617 0.0267712 0.0283027 0.0228445 0.0261874 0.0237732 0.0264019 0.0258196  0.028536 0.0254978 0.0290106 0.0285694 0.0228461 0.0281862 0.0242922 0.0266593  0.022277 0.0266575 0.0275705 0.0308356 0.0275276 0.0321254 0.0274459 0.0230872 0.0263939 0.0263717 0.0253379 0.0256621 0.0299355  0.032039 0.0190556
0.0334761 0.0328455 0.0316424 0.0315252         0 0.0272908 0.0227897  0.033521 0.0347107  0.025446  0.031519 0.0340377 0.0338466  0.035105 0.0324308 0.0352413 0.0316725 0.0303096  0.032731 0.0327459 0.0311928 0.0331266 0.0300888 0.0321147 0.0256647 0.0313683 0.0297048 0.0317077 0.0343045  0.029333 0.0296119 0.0282702 0.0319372 0.0334573 0.0218993 0.0309792 0.0298271 0.0329481 0.0331497 0.0223497 0.0336038 0.0348897 0.0333092 0.0344016 0.0315873 0.0330227 0.0358232 0.0227968 0.0312994  0.029357 0.0246626 0.0338251 0.0302659 0.0285014 0.0338683 0.0295051 0.0322433 0.0358343 0.0226522 0.0277758  0.031277 0.0326885 0.0232984 0.0225133 0.0293423 0.0294961 0.0347765 0.0339541 0.0306592 0.0320667 0.0315608 0.0334948 0.0293043 0.0307468 0.0305082 0.0322283 0.0336526 0.0357634  0.035213 0.0210939 0.0251646 0.0310045 0.0331001 0.0328741 0.0308484 0.0322095 0.0313071 0.0306638 0.0372375 0.0330714 0.0364564 0.0361784 0.0290229 0.0330903  0.033963  0.031572    0.0327 0.0254485 0.0350481 0.0258671
0.0258242 0.0278842 0.0288007 0.0237267 0.0272908         0 0.0239386 0.0251252 0.0272074 0.0272802  0.028308 0.0283534 0.0298197 0.0259645 0.0293776 0.0289133 0.0266937 0.0298317 0.0266149 0.0279838 0.0286733 0.0262942 0.0228968  0.026535  0.027548 0.0275618 0.0290428 0.0274177 0.0308217 0.0208973 0.0265426 0.0257257  0.026749 0.0274715  0.023631 0.0246942 0.0271298 0.0268388  0.026366 0.0272204 0.0282106  0.030116 0.0337253 0.0293672 0.0287194 0.0310245 0.0272938 0.0248375 0.0286724 0.0263944 0.0265547  0.027996 0.0293026 0.0191377  0.028561 0.0276987   0.02707 0.0336113 0.0239874 0.0266177 0.0261453 0.0287019 0.0248332 0.0271847 0.0284082 0.0282337 0.0303256 0.0293372 0.0259762 0.0299786 0.0248316 0.0293284 0.0205436 0.0270898 0.0231261 0.0267823 0.0281851 0.0293274 0.0286132 0.0252513 0.0264662 0.0258972  0.028876 0.0253085 0.0271335 0.0258038 0.0301688 0.0266147 0.0295531 0.0288222 0.0340025  0.029455 0.0193254 0.0269604 0.0262059 0.0274794 0.0241468 0.0257775 0.0300159 0.0197869
0.0307653 0.0285829 0.0281226 0.0289688 0.0227897 0.0239386         0 0.0304853 0.0313728 0.0249144 0.0294007 0.0289342 0.0309091 0.0308938 0.0301936  0.031905 0.0253268 0.0241252 0.0276545 0.0279682 0.0286338 0.0275203 0.0258206 0.0275667 0.0263767 0.0292292 0.0273185 0.0277103 0.0266075 0.0222322 0.0296045 0.0257427 0.0279168 0.0290439 0.0236857 0.0261278 0.0286667 0.0296991 0.0280153  0.020906 0.0291629 0.0304754 0.0312256 0.0334705 0.0291955   0.02975  0.032145 0.0226203 0.0264067  0.026592 0.0240663 0.0312421 0.0274529 0.0241752 0.0304199 0.0295669 0.0288587  0.036543 0.0227618 0.0283004  0.028963 0.0292335 0.0219069 0.0242972 0.0279399 0.0268798 0.0324838 0.0313552 0.0289207 0.0275516 0.0274573 0.0287655 0.0265223 0.0286519 0.0286613   0.02768 0.0334037 0.0308075 0.0330425 0.0210027 0.0213905 0.0288358 0.0292156 0.0300697 0.0296262 0.0286676 0.0271354 0.0283068  0.035026 0.0271623 0.0328008 0.0335398 0.0233187 0.0264981 0.0281585 0.0291369  0.029366 0.0284676 0.0314773 0.0212051
0.0279812 0.0336401 0.0332371 0.0281589  0.033521 0.0251252 0.0304853         0 0.0307173 0.0338337 0.0321915 0.0312755 0.0342209 0.0266926 0.0325475 0.0336027 0.0303092 0.0339564 0.0268841 0.0337702 0.0312659 0.0314999 0.0243257 0.0268185 0.0333684 0.0311561 0.0342381 0.0299504 0.0333683 0.0257397 0.0311444 0.0289743 0.0313803 0.0322183  0.028857 0.0296331 0.0282249 0.0301684  0.031372 0.0312242  0.031573 0.0358959 0.0356493 0.0316571 0.0287755 0.0343619 0.0325508 0.0327123 0.0327576 0.0286764 0.0298493 0.0318297  0.032419 0.0265128  0.034047 0.0322027 0.0306507 0.0348753 0.0312992 0.0317508 0.0310953 0.0329237 0.0327751 0.0296615 0.0310533 0.0314536 0.0358411 0.0317854 0.0276862 0.0315169 0.0315536  0.033451 0.0243882 0.0300304 0.0331068 0.0292602 0.0343516 0.0323367 0.0290798 0.0303637 0.0304519 0.0264113 0.0324223 0.0275892 0.0316228 0.0284428 0.0324965 0.0319199 0.0338982  0.032505    0.0367 0.0329282 0.0276604 0.0313733 0.0310127 0.0320762 0.0298696 0.0325547 0.0353356 0.0251045
 0.024653 0.0216932 0.0224848 0.0255009 0.0347107 0.0272074 0.0313728 0.0307173         0 0.0362276 0.0241392 0.0226155 0.0225369 0.0290329 0.0199624 0.0231134 0.0236943 0.0291693 0.0287556 0.0263725 0.0234766 0.0262854 0.0270135 0.0336472  0.034102 0.0211956 0.0288874 0.0233829 0.0254965 0.0278751 0.0279572 0.0315287 0.0240676 0.0222094 0.0324382  0.020453 0.0313279 0.0243531   0.02063 0.0326822  0.022985 0.0322903 0.0327714 0.0235029 0.0238022 0.0270676 0.0233276 0.0331027 0.0233212  0.021126 0.0331557 0.0239494 0.0302658 0.0292351 0.0240024  0.025544 0.0185732 0.0300519 0.0319158 0.0366363  0.022053 0.0269774 0.0326221 0.0320497 0.0228878 0.0250796 0.0228715 0.0343477 0.0226438 0.0236868 0.0245377 0.0311017 0.0295472 0.0227654 0.0256311 0.0261141 0.0290967 0.0232977 0.0282815 0.0315865 0.0294269 0.0275193 0.0237378 0.0288406 0.0280742 0.0240655 0.0238049 0.0291812  0.024611 0.0239303 0.0288521  0.022679  0.026918  0.021027 0.0228306 0.0305484  0.030757 0.0327883 0.0252747 0.0174186
0.0350446 0.0328239 0.0333221 0.0328318  0.025446 0.0272802 0.0249144 0.0338337 0.0362276         0 0.0290661 0.0320132 0.0344918 0.0348858  0.037169 0.0347034 0.0313011 0.0330882  0.031099 0.0314493 0.0302234 0.0332369  0.030653 0.0299504 0.0209107 0.0318034 0.0304493  0.031957 0.0320562 0.0285685 0.0305518 0.0293362 0.0307086 0.0324551 0.0183651 0.0322339 0.0317906 0.0343772 0.0310818  0.025472  0.030879 0.0339749 0.0348447 0.0343464 0.0326308 0.0317607   0.03856 0.0241556 0.0332127 0.0338195  0.025214 0.0323189 0.0342457 0.0263259 0.0327792 0.0326923 0.0340803 0.0349954 0.0218329 0.0282932 0.0313024 0.0299223 0.0247548 0.0239858 0.0343078 0.0314882 0.0340934 0.0345156 0.0324809 0.0338396  0.032634 0.0335198 0.0318915 0.0317686 0.0317229 0.0312202 0.0342912 0.0313512 0.0366632 0.0249055 0.0282991 0.0325136 0.0321566  0.032833 0.0328896 0.0313404 0.0332713 0.0334488 0.0340242 0.0326894 0.0338786 0.0348062  0.030225 0.0319448 0.0323468 0.0306672 0.0294427 0.0259287 0.0359481 0.0255981
0.0280534 0.0241241 0.0245849 0.0268529  0.031519  0.028308 0.0294007 0.0321915 0.0241392 0.0290661         0 0.0204761 0.0246662 0.0293714 0.0270887 0.0266694 0.0225202 0.0300663 0.0254377  0.022667 0.0203591 0.0253923 0.0283185 0.0312039 0.0303357  0.025404 0.0257008 0.0253212 0.0263486 0.0278705 0.0289632 0.0322299  0.023833 0.0234205 0.0279682 0.0236904 0.0285648  0.025217 0.0234622 0.0312562 0.0197251 0.0303155 0.0312515 0.0216228 0.0245278 0.0255443   0.03166 0.0304281 0.0223174  0.024977 0.0298066 0.0250339 0.0287886 0.0287838 0.0253597 0.0249247 0.0224867 0.0221377 0.0297725  0.033378 0.0187666 0.0231694 0.0301917  0.029282 0.0254532 0.0222556 0.0265959 0.0301828 0.0228016 0.0245551 0.0275906 0.0289377 0.0315227 0.0250142 0.0288143 0.0272907 0.0282561 0.0195717 0.0304863 0.0285595 0.0289814 0.0277534 0.0229361 0.0276982 0.0271626 0.0248389 0.0243728 0.0305306 0.0244353 0.0243495 0.0264131 0.0266752 0.0264341 0.0248873 0.0226495 0.0268757 0.0270966 0.0290882 0.0232535 0.0174362
0.0273541 0.0222145 0.0233912 0.0278478 0.0340377 0.0283534 0.0289342 0.0312755 0.0226155 0.0320132 0.0204761         0 0.0228499 0.0268855 0.0229558 0.0266043 0.0198606 0.0314241 0.0267918 0.0231974 0.0196669 0.0257697 0.0274267 0.0321518 0.0326724  0.023002  0.026944 0.0213298 0.0239841 0.0295752 0.0303221 0.0318842 0.0233484 0.0263686 0.0289098 0.0238197 0.0320722 0.0246503 0.0218108  0.032189 0.0218983  0.031539 0.0352005 0.0245514 0.0228161 0.0226425 0.0302062 0.0334478 0.0220119 0.0250255 0.0307527 0.0212721 0.0321822 0.0293185 0.0280692 0.0265669 0.0197404 0.0295577 0.0326371 0.0332481 0.0208432 0.0255988 0.0324171 0.0312213 0.0222487 0.0207182 0.0239679 0.0322297 0.0230106  0.025687 0.0248713 0.0312976 0.0316878 0.0240725  0.029714 0.0281921 0.0287781  0.018664 0.0327424 0.0305705 0.0293288  0.028149 0.0187206 0.0286413 0.0266918 0.0232126 0.0217814 0.0306316 0.0242308 0.0240265 0.0255639 0.0230145 0.0271465 0.0231772 0.0220483 0.0304675  0.028916 0.0320034  0.022577 0.0177671
0.0281975 0.0234964  0.020298 0.0287953 0.0338466 0.0298197 0.0309091 0.0342209 0.0225369 0.0344918 0.0246662 0.0228499         0 0.0273956 0.0237319 0.0268135 0.0231046 0.0305906 0.0277326 0.0258657 0.0258397 0.0279859 0.0277095 0.0341081 0.0342792 0.0222339 0.0290664 0.0240468 0.0279405 0.0294625 0.0317335 0.0312915 0.0224262 0.0263952 0.0293248 0.0226689 0.0329358 0.0235591 0.0236288 0.0334913 0.0226848 0.0312033 0.0367147 0.0252918 0.0263583 0.0243359 0.0277501 0.0358454 0.0216313 0.0239464 0.0341191 0.0235898 0.0321276 0.0317338 0.0267627 0.0262948 0.0171978 0.0301274 0.0320668 0.0355415 0.0204243 0.0265885 0.0346486 0.0313681 0.0220282 0.0251586 0.0234268 0.0343731 0.0216867 0.0263861  0.023628 0.0326615 0.0321765 0.0274598 0.0282465  0.028293 0.0297266 0.0266459 0.0342215 0.0328856 0.0310759 0.0281281 0.0234214 0.0263442 0.0257345 0.0241923 0.0260941 0.0281158 0.0233426 0.0222674 0.0265404 0.0281475 0.0297771 0.0226116 0.0255084 0.0288333 0.0314779 0.0307728 0.0242117 0.0195802
0.0243513 0.0303862    0.0287 0.0267763  0.035105 0.0259645 0.0308938 0.0266926 0.0290329 0.0348858 0.0293714 0.0268855 0.0273956         0 0.0316786 0.0315545 0.0277893  0.032383 0.0257718 0.0302067 0.0281788  0.029786  0.025206 0.0299787  0.035572 0.0297257 0.0330014 0.0298393 0.0324825 0.0260109 0.0297021 0.0296421 0.0276992  0.031425 0.0300578 0.0259453 0.0315934  0.028878 0.0273613 0.0328868 0.0308693 0.0326446 0.0366328  0.029104 0.0300874 0.0321936 0.0292832  0.033322 0.0270132  0.028165 0.0326701 0.0267935 0.0307048 0.0294689 0.0310869 0.0299402 0.0254389  0.034972  0.032079 0.0367455 0.0271287 0.0316054 0.0357835 0.0307815  0.028618 0.0292898 0.0322717 0.0320243 0.0260157 0.0307867 0.0272433 0.0321455 0.0280182 0.0308354 0.0298617 0.0298048 0.0296752 0.0291147 0.0310859 0.0324363 0.0305016 0.0282152 0.0276408 0.0214042 0.0252677 0.0271596 0.0304869 0.0275014   0.02919 0.0302984 0.0338217 0.0293444 0.0268496 0.0297239 0.0302032 0.0298951 0.0274994 0.0307842 0.0313009 0.0223165
0.0298817 0.0246967  0.023843 0.0260823 0.0324308 0.0293776 0.0301936 0.0325475 0.0199624  0.037169 0.0270887 0.0229558 0.0237319 0.0316786         0 0.0260202 0.0239859 0.0299212 0.0293898 0.0251097 0.0233934  0.024682  0.027311 0.0351427 0.0346516 0.0232032 0.0280034 0.0234662 0.0222689 0.0276607 0.0286968 0.0329507 0.0255646 0.0243081 0.0319002 0.0232622  0.030682 0.0247883 0.0221641  0.031731 0.0254932 0.0340738  0.033799 0.0278684 0.0226149 0.0265618 0.0255103 0.0352261 0.0207959 0.0203533 0.0324031 0.0261685 0.0318153  0.029918 0.0243539 0.0239134 0.0219264 0.0323496 0.0319947 0.0330121 0.0237007 0.0261543 0.0324563 0.0329654 0.0182972 0.0235828 0.0240387 0.0339823 0.0242132 0.0231588 0.0248477 0.0320039 0.0287221 0.0223124 0.0254679 0.0269908 0.0286657 0.0265671 0.0310649 0.0288141 0.0270952 0.0270829 0.0255618 0.0296222 0.0286622  0.024683 0.0227306 0.0275194 0.0279042   0.02279 0.0294385 0.0263578 0.0266583 0.0232229 0.0242637 0.0314332 0.0338094 0.0327374 0.0285904 0.0191551
0.0296969 0.0229834 0.0260418 0.0251785 0.0352413 0.0289133  0.031905 0.0336027 0.0231134 0.0347034 0.0266694 0.0266043 0.0268135 0.0315545 0.0260202         0 0.0244749 0.0314685 0.0302507 0.0279106 0.0241478 0.0234742 0.0302985 0.0345593  0.031512 0.0224272 0.0287435 0.0258081 0.0260057 0.0288081 0.0302097 0.0335394 0.0248291 0.0258318 0.0303979 0.0221366 0.0334681 0.0279005 0.0223578 0.0339888 0.0246784 0.0341268 0.0348663  0.026739 0.0276534 0.0261182  0.027176 0.0352482 0.0264797  0.025679 0.0319389 0.0256249  0.033562 0.0278047 0.0243499 0.0248336 0.0230891 0.0316415 0.0320996 0.0343639 0.0227465 0.0273212 0.0320209 0.0362452 0.0282747 0.0277339 0.0216226 0.0347015 0.0240665 0.0283067  0.023481 0.0345548 0.0291489 0.0252636 0.0222566  0.025807 0.0305394 0.0256007 0.0297389 0.0326417  0.031361 0.0259698 0.0251715 0.0299165 0.0333815 0.0236814 0.0272628  0.031258 0.0255884 0.0252032 0.0285954 0.0247116 0.0293195  0.025574 0.0259805  0.032073 0.0307817 0.0323902 0.0298656 0.0199587
 0.028804 0.0219273 0.0234629 0.0242451 0.0316725 0.0266937 0.0253268 0.0303092 0.0236943 0.0313011 0.0225202 0.0198606 0.0231046 0.0277893 0.0239859 0.0244749         0 0.0273918 0.0257102 0.0217529 0.0245359 0.0235936 0.0259271 0.0297164 0.0303374 0.0220849 0.0257151 0.0208234 0.0232565 0.0251442 0.0289136 0.0314168  0.022004 0.0234327 0.0259193 0.0197971 0.0296865 0.0205591 0.0220769 0.0295428 0.0181692  0.029715 0.0343806 0.0242006 0.0244915 0.0264082 0.0280933 0.0296887 0.0219854 0.0219154 0.0282729 0.0237953 0.0282986 0.0267544 0.0245236 0.0229044 0.0198472 0.0307404  0.029347 0.0322525 0.0204481 0.0254506 0.0296026 0.0290671 0.0219747 0.0231742 0.0243208 0.0307886 0.0208293 0.0222056 0.0230396 0.0290997  0.029409 0.0237276 0.0258317 0.0245421 0.0310846 0.0241222 0.0297693 0.0280328 0.0272481 0.0262977 0.0235529 0.0283307 0.0266878 0.0231319 0.0240354 0.0280712 0.0267293 0.0227081 0.0280477 0.0271902 0.0251294 0.0189925 0.0193151 0.0272421 0.0287595 0.0293693  0.025257 0.0160286
0.0315551 0.0305439 0.0273391 0.0273142 0.0303096 0.0298317 0.0241252 0.0339564 0.0291693 0.0330882 0.0300663 0.0314241 0.0305906  0.032383 0.0299212 0.0314685 0.0273918         0  0.029663 0.0299129 0.0289235 0.0288825 0.0278482 0.0320359  0.030308 0.0302763 0.0285079 0.0309619 0.0283148 0.0258642 0.0297872 0.0318033 0.0285246 0.0274099 0.0292313 0.0281519 0.0295016 0.0319699 0.0291092 0.0283173  0.031987 0.0322308  0.022464 0.0326811  0.030249 0.0330327 0.0299803 0.0301179 0.0264465 0.0267019  0.032312 0.0319871  0.022963 0.0289122 0.0310823 0.0303486 0.0286017 0.0357482 0.0299089 0.0334351 0.0315914  0.029865 0.0298067 0.0294677 0.0281862 0.0275733 0.0337492  0.034669 0.0305968 0.0250225 0.0295796 0.0287743 0.0290407 0.0310649 0.0281272 0.0306121  0.035094 0.0306639 0.0327536 0.0289797 0.0274883 0.0295659 0.0301749 0.0295161 0.0288127 0.0293419 0.0269888 0.0273876  0.035533 0.0269969 0.0347279 0.0330761 0.0265482 0.0274631 0.0288764 0.0251625 0.0347593 0.0323696 0.0328215 0.0221456
0.0261187 0.0250494 0.0252698 0.0264381  0.032731 0.0266149 0.0276545 0.0268841 0.0287556  0.031099 0.0254377 0.0267918 0.0277326 0.0257718 0.0293898 0.0302507 0.0257102  0.029663         0  0.028711 0.0273675 0.0255058 0.0237682 0.0260315 0.0312903 0.0274265 0.0287897  0.027042 0.0279209 0.0229417 0.0283665 0.0292004 0.0296133 0.0301667  0.028936 0.0257035 0.0254329  0.029951 0.0287015 0.0312276  0.027967 0.0277108 0.0317847 0.0303874  0.026736 0.0294573 0.0282898 0.0316315 0.0283361 0.0259998   0.02969 0.0275321 0.0296806 0.0246502  0.029472 0.0268609 0.0252611 0.0305706 0.0316921 0.0333705 0.0256948 0.0276626 0.0324972 0.0282317  0.027231  0.025741 0.0305747 0.0306669 0.0260499 0.0282107 0.0286503 0.0307226 0.0244002 0.0281367 0.0283755 0.0263939 0.0300351 0.0275537 0.0297125 0.0291929 0.0263494 0.0222234 0.0252884 0.0258156 0.0283244 0.0261471 0.0279496 0.0271154 0.0305519 0.0283742 0.0286035 0.0307131 0.0251082 0.0280775 0.0287552 0.0302004 0.0243456 0.0288124 0.0308608 0.0199626
0.0298658 0.0251976 0.0240548 0.0282371 0.0327459 0.0279838 0.0279682 0.0337702 0.0263725 0.0314493  0.022667 0.0231974 0.0258657 0.0302067 0.0251097 0.0279106 0.0217529 0.0299129  0.028711         0 0.0258098 0.0247278 0.0289339 0.0347942 0.0320911 0.0253636  0.027875 0.0247993 0.0252979 0.0276498 0.0305047 0.0357169 0.0225165 0.0237245 0.0292127  0.024232  0.029641 0.0265388 0.0232741 0.0329737 0.0217864  0.030452 0.0352595 0.0279524 0.0280605 0.0287197 0.0307327  0.030074 0.0235894 0.0254575 0.0305052 0.0269064  0.029868 0.0280049 0.0221335 0.0238583 0.0245595 0.0319831 0.0280665 0.0329953 0.0218502  0.024669 0.0289088 0.0310513 0.0246473 0.0249404 0.0285464 0.0329994 0.0222881 0.0219326 0.0267122 0.0314349 0.0303004 0.0273323 0.0285971 0.0266028 0.0290422 0.0260541 0.0328555 0.0291473 0.0311339 0.0290086 0.0255094 0.0284149 0.0266341 0.0257857 0.0283678 0.0293624 0.0253581 0.0223156  0.028687 0.0302014 0.0253049 0.0214445 0.0173279 0.0280102  0.030347 0.0297706 0.0248811 0.0191241
0.0248165 0.0246528 0.0251257 0.0235562 0.0311928 0.0286733 0.0286338 0.0312659 0.0234766 0.0302234 0.0203591 0.0196669 0.0258397 0.0281788 0.0233934 0.0241478 0.0245359 0.0289235 0.0273675 0.0258098         0 0.0253576 0.0275161  0.033249 0.0297915 0.0239565 0.0240283 0.0240913 0.0247319 0.0272645 0.0263718  0.029942  0.023006 0.0236648 0.0275752 0.0238145 0.0297664 0.0271874  0.022528 0.0292505 0.0258843 0.0308277 0.0306327 0.0269505 0.0225767 0.0223957 0.0294781 0.0325898 0.0223952 0.0263281 0.0290985  0.025422 0.0295197 0.0293831 0.0248068  0.026791 0.0226905 0.0282796 0.0301795 0.0303162  0.022655 0.0228148 0.0314653 0.0297649 0.0211248 0.0199077 0.0252071  0.032112 0.0235832 0.0250834 0.0261071 0.0291579 0.0292871 0.0204845 0.0266196 0.0245396 0.0263341 0.0215245  0.030604 0.0297239 0.0277726 0.0261178  0.021701 0.0247117 0.0259987 0.0236967 0.0184887 0.0271818 0.0281315 0.0250925 0.0245263  0.021912 0.0267907 0.0266916 0.0252867 0.0272113  0.028088 0.0310144 0.0268054 0.0170365
0.0291113 0.0262866 0.0262136 0.0228489 0.0331266 0.0262942 0.0275203 0.0314999 0.0262854 0.0332369 0.0253923 0.0257697 0.0279859  0.029786  0.024682 0.0234742 0.0235936 0.0288825 0.0255058 0.0247278 0.0253576         0  0.027186 0.0296748 0.0309447 0.0266626 0.0286888 0.0256315 0.0269087 0.0252091 0.0289027 0.0321334 0.0259496 0.0271059 0.0292127 0.0217068 0.0257214 0.0246927 0.0255262 0.0305776 0.0259908 0.0329506  0.032152 0.0297112 0.0298714 0.0285951 0.0257533 0.0312453 0.0248701 0.0260723 0.0284685 0.0297833 0.0306467 0.0252522 0.0237097  0.026374 0.0229563 0.0304257 0.0306941 0.0301972 0.0232206 0.0253435  0.027511 0.0308932 0.0266912 0.0236003 0.0276841 0.0310079 0.0244584 0.0238306 0.0276854 0.0280278 0.0253711 0.0280392 0.0225521 0.0244119 0.0248833 0.0279641 0.0290816 0.0300978 0.0283421 0.0207399 0.0265685 0.0268062 0.0298954 0.0259363 0.0255233 0.0282691 0.0290711 0.0242942 0.0315552  0.030875 0.0226091 0.0226717 0.0231504 0.0295389 0.0279184 0.0317677 0.0306175 0.0185933
0.0267757 0.0292101 0.0275939 0.0216447 0.0300888 0.0228968 0.0258206 0.0243257 0.0270135  0.030653 0.0283185 0.0274267 0.0277095  0.025206  0.027311 0.0302985 0.0259271 0.0278482 0.0237682 0.0289339 0.0275161  0.027186         0 0.0265934 0.0307211 0.0304383 0.0271613 0.0286065 0.0289746 0.0214244 0.0269445 0.0273368 0.0286316 0.0274731 0.0269926 0.0255168 0.0270264 0.0281571 0.0272433 0.0287794 0.0303706 0.0316282  0.032659 0.0294985 0.0288085  0.030072 0.0244481 0.0302646 0.0265591 0.0267557 0.0281183 0.0291837 0.0290603 0.0250725 0.0303377 0.0282197 0.0247798 0.0323281 0.0249372 0.0312125 0.0280152 0.0304074 0.0295101 0.0270515 0.0265168 0.0281686  0.029926 0.0328308 0.0278393 0.0265699 0.0252287 0.0296212 0.0217889 0.0298331 0.0290999 0.0280761 0.0311627 0.0282722 0.0295676 0.0248246 0.0241547 0.0261332 0.0301928 0.0237745 0.0256574 0.0254578 0.0284663 0.0257136 0.0302377 0.0273927  0.032661 0.0318265  0.022881 0.0276434 0.0292073  0.026352 0.0287171 0.0283643 0.0322291 0.0206584
 0.031555 0.0327944 0.0322112 0.0296653 0.0321147  0.026535 0.0275667 0.0268185 0.0336472 0.0299504 0.0312039 0.0321518 0.0341081 0.0299787 0.0351427 0.0345593 0.0297164 0.0320359 0.0260315 0.0347942  0.033249 0.0296748 0.0265934         0 0.0288693 0.0314059 0.0342473 0.0304401 0.0329822 0.0221611 0.0313581 0.0291449 0.0327974 0.0345531 0.0274108 0.0313388  0.024307 0.0320437 0.0338407 0.0296443 0.0320653 0.0351622 0.0352794  0.032794 0.0343461 0.0342601 0.0354396 0.0308095  0.032881 0.0314707 0.0306776 0.0335922 0.0317402 0.0283412 0.0337774 0.0325536 0.0303803 0.0373921 0.0283093 0.0343517 0.0310043 0.0319613 0.0298699 0.0286654 0.0338444 0.0322386 0.0343335 0.0320421 0.0307999 0.0333461 0.0339943 0.0329317 0.0267395 0.0338182 0.0308396  0.031079 0.0341659 0.0327489 0.0321794 0.0304212 0.0295394 0.0258373 0.0322758 0.0303276 0.0329151 0.0308423 0.0335618 0.0340641 0.0341963 0.0308664 0.0352717 0.0370516 0.0279567 0.0302089 0.0335645 0.0334032 0.0272874 0.0295893 0.0372477 0.0254601
0.0348995 0.0326469 0.0317458 0.0305384 0.0256647  0.027548 0.0263767 0.0333684  0.034102 0.0209107 0.0303357 0.0326724 0.0342792  0.035572 0.0346516  0.031512 0.0303374  0.030308 0.0312903 0.0320911 0.0297915 0.0309447 0.0307211 0.0288693         0 0.0314356 0.0309624 0.0307957 0.0330228 0.0296993 0.0298207   0.02718 0.0302464 0.0309275 0.0178267 0.0311055 0.0309769 0.0334945 0.0316363 0.0263241 0.0318388 0.0344153 0.0335524 0.0335954 0.0338543 0.0318356 0.0365174 0.0270241 0.0335354 0.0327059 0.0282773 0.0318195 0.0321229 0.0261038 0.0309819 0.0326971 0.0323484 0.0345924 0.0252048 0.0264484 0.0310373 0.0300109 0.0236539 0.0229008 0.0326862 0.0316571 0.0335873 0.0322276 0.0308072 0.0328837 0.0328765 0.0314842 0.0288575 0.0312472 0.0302567 0.0299055 0.0350144 0.0310682 0.0324677 0.0247034 0.0297549 0.0294699 0.0321797 0.0314455 0.0332415 0.0291664 0.0331072 0.0325392 0.0335832 0.0311902 0.0351879 0.0343762 0.0289578 0.0310581 0.0310303 0.0307809 0.0317646 0.0266729 0.0352539 0.0247995
 0.026839 0.0188755 0.0224059 0.0287119 0.0313683 0.0275618 0.0292292 0.0311561 0.0211956 0.0318034  0.025404  0.023002 0.0222339 0.0297257 0.0232032 0.0224272 0.0220849 0.0302763 0.0274265 0.0253636 0.0239565 0.0266626 0.0304383 0.0314059 0.0314356         0 0.0300272 0.0175498 0.0228032 0.0277394 0.0307344 0.0308093 0.0237017 0.0281214 0.0283761 0.0230378 0.0301638 0.0248962 0.0225843  0.030831   0.02088 0.0303749 0.0342345 0.0249686 0.0216683 0.0246264 0.0295172 0.0311355 0.0250883 0.0202188 0.0298621 0.0209456  0.032633 0.0263734 0.0256658 0.0224916 0.0205335 0.0313589 0.0314101 0.0327674 0.0220103 0.0278212 0.0316784 0.0320234 0.0227874 0.0248539  0.018738 0.0326986 0.0228465  0.026074 0.0240225 0.0345467 0.0302618 0.0208366 0.0230332  0.024181 0.0304205 0.0244049 0.0302117 0.0316018 0.0280021 0.0257693 0.0194285 0.0306934 0.0299972 0.0256591  0.024547 0.0286341 0.0229172 0.0241215 0.0237092 0.0257165 0.0292863 0.0203051 0.0233168 0.0323939 0.0283113 0.0291024 0.0253837 0.0172445
0.0318415 0.0279337 0.0273437 0.0265576 0.0297048 0.0290428 0.0273185 0.0342381 0.0288874 0.0304493 0.0257008  0.026944 0.0290664 0.0330014 0.0280034 0.0287435 0.0257151 0.0285079 0.0287897  0.027875 0.0240283 0.0286888 0.0271613 0.0342473 0.0309624 0.0300272         0 0.0297172 0.0278062 0.0272819 0.0238566 0.0313388 0.0268767 0.0254855 0.0277857 0.0255189 0.0309131 0.0293133  0.026898 0.0297077 0.0271987  0.031141 0.0317071 0.0316104 0.0245586 0.0258987 0.0301345 0.0329618  0.025496  0.027582 0.0292567 0.0295729  0.030614 0.0287939 0.0302085  0.025302 0.0271398  0.030173  0.029665 0.0310903 0.0272345 0.0272306 0.0298359 0.0302861 0.0248805 0.0265133 0.0312355 0.0321198 0.0265171 0.0247197 0.0275354 0.0300884 0.0280355 0.0254732 0.0296014 0.0261857 0.0320749 0.0273849 0.0332464  0.026647 0.0278416 0.0301792 0.0294811 0.0297157 0.0291636 0.0265268 0.0244882 0.0289069   0.03243 0.0262756 0.0305836 0.0310637 0.0287784 0.0305222 0.0294189 0.0260805 0.0299203 0.0291262 0.0292485 0.0207347
 0.027137  0.020221 0.0228416 0.0283133 0.0317077 0.0274177 0.0277103 0.0299504 0.0233829  0.031957 0.0253212 0.0213298 0.0240468 0.0298393 0.0234662 0.0258081 0.0208234 0.0309619  0.027042 0.0247993 0.0240913 0.0256315 0.0286065 0.0304401 0.0307957 0.0175498 0.0297172         0 0.0250047 0.0270868 0.0315537 0.0303679 0.0224577 0.0283498 0.0283256 0.0209246  0.029362 0.0188959 0.0253617 0.0300802 0.0218061 0.0312363 0.0352694 0.0243222 0.0245926 0.0229946 0.0292244 0.0308121 0.0275822 0.0206075 0.0289535 0.0208901 0.0326468   0.02607 0.0235454 0.0234755 0.0193197  0.032133 0.0304643 0.0324788 0.0201839  0.024955 0.0294873 0.0302943 0.0216467 0.0233131  0.024449 0.0305059 0.0220582 0.0240153 0.0265708 0.0326366 0.0301033 0.0219575 0.0265982 0.0235094 0.0293845 0.0249257 0.0307325 0.0318607 0.0295088 0.0261071 0.0217582 0.0303972 0.0303909 0.0230077 0.0239824 0.0307011 0.0237035 0.0238913 0.0262925 0.0255774 0.0274943 0.0179058 0.0196509  0.030272  0.027433 0.0284262 0.0246588 0.0171897
0.0307193 0.0242078 0.0228207 0.0287412 0.0343045 0.0308217 0.0266075 0.0333683 0.0254965 0.0320562 0.0263486 0.0239841 0.0279405 0.0324825 0.0222689 0.0260057 0.0232565 0.0283148 0.0279209 0.0252979 0.0247319 0.0269087 0.0289746 0.0329822 0.0330228 0.0228032 0.0278062 0.0250047         0 0.0256827 0.0303724 0.0343814 0.0264325 0.0250915 0.0316936 0.0257499 0.0305809 0.0303862 0.0224449 0.0315359 0.0244436 0.0332505 0.0337657 0.0298135 0.0217371 0.0247652 0.0303848 0.0340994 0.0224986 0.0219465  0.032405 0.0253588 0.0324255 0.0284541 0.0250433 0.0246035 0.0250614 0.0348204 0.0306359  0.035697 0.0259726 0.0273114 0.0319616   0.03363  0.025203 0.0253125 0.0239874 0.0353607  0.026639 0.0232872 0.0254399 0.0336349 0.0308899 0.0238493 0.0255095 0.0272714 0.0344591 0.0250575 0.0312999 0.0292003 0.0266839 0.0287115 0.0225352 0.0323174 0.0317687 0.0258245 0.0234218 0.0294128 0.0277749 0.0230776  0.026178 0.0256218 0.0279258 0.0228898 0.0253687 0.0323216 0.0313302 0.0332333 0.0291623 0.0197097
0.0273721  0.026836 0.0262314 0.0239824  0.029333 0.0208973 0.0222322 0.0257397 0.0278751 0.0285685 0.0278705 0.0295752 0.0294625 0.0260109 0.0276607 0.0288081 0.0251442 0.0258642 0.0229417 0.0276498 0.0272645 0.0252091 0.0214244 0.0221611 0.0296993 0.0277394 0.0272819 0.0270868 0.0256827         0 0.0249203 0.0277841 0.0255974 0.0266236 0.0267536 0.0248692 0.0235063 0.0279732 0.0258507 0.0275306 0.0286763 0.0290755 0.0327223 0.0310038 0.0290089 0.0301485 0.0282108 0.0280122 0.0247491  0.025029 0.0290114 0.0305458 0.0289007 0.0231431 0.0266625  0.027659 0.0266545 0.0365625 0.0242302 0.0308029 0.0276016 0.0274654 0.0266996 0.0281116  0.027497 0.0280658 0.0305181 0.0318836 0.0260441 0.0255592 0.0252185 0.0297362 0.0190055 0.0272302 0.0240595 0.0260955 0.0305315 0.0290759  0.030145 0.0258893 0.0241102 0.0227699 0.0287968 0.0245618 0.0271267  0.027554 0.0273243 0.0258676  0.030868 0.0251561 0.0311682  0.030452 0.0201643  0.025536 0.0279517 0.0272088 0.0257787   0.02736 0.0332507 0.0190922
0.0292705 0.0299203 0.0301741 0.0261665 0.0296119 0.0265426 0.0296045 0.0311444 0.0279572 0.0305518 0.0289632 0.0303221 0.0317335 0.0297021 0.0286968 0.0302097 0.0289136 0.0297872 0.0283665 0.0305047 0.0263718 0.0289027 0.0269445 0.0313581 0.0298207 0.0307344 0.0238566 0.0315537 0.0303724 0.0249203         0 0.0277475 0.0282942 0.0280378 0.0269888 0.0270135 0.0287126 0.0309136 0.0243502 0.0286097 0.0304525 0.0321564 0.0326016 0.0317939 0.0288641 0.0312915 0.0271403 0.0314486 0.0286017 0.0297173 0.0293702 0.0312543 0.0311861 0.0248957  0.031111 0.0285181 0.0287436 0.0335162 0.0281478 0.0297482 0.0296877 0.0299022 0.0309185 0.0280714  0.027205 0.0284953 0.0320833 0.0335462  0.026456 0.0272901 0.0270932 0.0312227 0.0256262 0.0270876 0.0285617  0.027624 0.0288921 0.0302988 0.0320248 0.0265243 0.0277614 0.0295425 0.0317643 0.0280458 0.0287351 0.0289571 0.0279016 0.0269291 0.0332478 0.0301117 0.0335491 0.0305815  0.024879 0.0321349 0.0318193 0.0283725 0.0295993 0.0284835 0.0342526 0.0220157
0.0295822 0.0305898 0.0310555 0.0266983 0.0282702 0.0257257 0.0257427 0.0289743 0.0315287 0.0293362 0.0322299 0.0318842 0.0312915 0.0296421 0.0329507 0.0335394 0.0314168 0.0318033 0.0292004 0.0357169  0.029942 0.0321334 0.0273368 0.0291449   0.02718 0.0308093 0.0313388 0.0303679 0.0343814 0.0277841 0.0277475         0 0.0312743 0.0330018 0.0240656 0.0278195 0.0322019 0.0315358 0.0323698  0.025404 0.0333421 0.0341195 0.0353093 0.0306987 0.0312069 0.0328565 0.0333741 0.0310328 0.0320782 0.0301201 0.0254157 0.0302381 0.0330103 0.0265817 0.0339029 0.0309253 0.0293663 0.0349739 0.0296527 0.0321184 0.0309559 0.0323511 0.0306801 0.0252288 0.0309772 0.0285733  0.033854 0.0339053 0.0291048 0.0324319 0.0314645 0.0321567 0.0266148 0.0302957 0.0303435 0.0302435 0.0315402 0.0325036 0.0326141 0.0279694 0.0285718 0.0293185 0.0302646 0.0291391 0.0324471 0.0281975 0.0304688 0.0323638 0.0348095 0.0320064 0.0346218 0.0316878 0.0297954  0.032056 0.0327094 0.0312643 0.0284397 0.0297069 0.0358853 0.0242381
0.0260591 0.0246915 0.0206353 0.0259686 0.0319372  0.026749 0.0279168 0.0313803 0.0240676 0.0307086  0.023833 0.0233484 0.0224262 0.0276992 0.0255646 0.0248291  0.022004 0.0285246 0.0296133 0.0225165  0.023006 0.0259496 0.0286316 0.0327974 0.0302464 0.0237017 0.0268767 0.0224577 0.0264325 0.0255974 0.0282942 0.0312743         0  0.022637 0.0268176 0.0200765 0.0298351 0.0243679 0.0213448 0.0296828 0.0210167 0.0301445 0.0349491 0.0225356 0.0257962 0.0228031 0.0290774 0.0298221 0.0232229 0.0234863 0.0310228 0.0245753 0.0283279 0.0269536 0.0216948 0.0259971 0.0198362 0.0316662 0.0297179  0.033146 0.0204777 0.0237219  0.031412 0.0286495 0.0242433 0.0247376 0.0275372 0.0319572 0.0197713 0.0224739 0.0260123 0.0303689 0.0288953 0.0247111 0.0270921 0.0267148 0.0285325 0.0232458 0.0323597 0.0300479 0.0299638 0.0288427 0.0251913 0.0262252 0.0268876 0.0244714 0.0236205 0.0288784 0.0242177  0.019302 0.0259134 0.0247937 0.0244681 0.0202092 0.0200399 0.0265837 0.0298841  0.028582 0.0251851 0.0164591
 0.028302  0.026584 0.0229962  0.024203 0.0334573 0.0274715 0.0290439 0.0322183 0.0222094 0.0324551 0.0234205 0.0263686 0.0263952  0.031425 0.0243081 0.0258318 0.0234327 0.0274099 0.0301667 0.0237245 0.0236648 0.0271059 0.0274731 0.0345531 0.0309275 0.0281214 0.0254855 0.0283498 0.0250915 0.0266236 0.0280378 0.0330018  0.022637         0 0.0297776 0.0219321 0.0314646 0.0263602 0.0230033 0.0326093 0.0241713 0.0281986 0.0329423 0.0282779 0.0242037 0.0253899 0.0287967 0.0321732 0.0241852 0.0224598 0.0321549 0.0272258  0.028709 0.0300494 0.0229513 0.0279037 0.0226201 0.0303383 0.0298403  0.034301 0.0229004 0.0227198 0.0310728 0.0302005  0.022631 0.0242057 0.0276935 0.0336335 0.0228421  0.022222 0.0254186 0.0277366 0.0299441 0.0238359 0.0277936 0.0282736  0.032138 0.0259423 0.0300651 0.0284377  0.030386 0.0302579 0.0281762 0.0282984   0.02773 0.0235892 0.0257305 0.0280239 0.0278882 0.0220779 0.0262677 0.0256718 0.0278746  0.023844 0.0242002    0.0264 0.0318934 0.0313656 0.0284261 0.0187684
0.0320252 0.0297684 0.0295003 0.0264598 0.0218993  0.023631 0.0236857  0.028857 0.0324382 0.0183651 0.0279682 0.0289098 0.0293248 0.0300578 0.0319002 0.0303979 0.0259193 0.0292313  0.028936 0.0292127 0.0275752 0.0292127 0.0269926 0.0274108 0.0178267 0.0283761 0.0277857 0.0283256 0.0316936 0.0267536 0.0269888 0.0240656 0.0268176 0.0297776         0 0.0279564 0.0289174 0.0289394 0.0286952 0.0229584 0.0287566 0.0331417 0.0333596 0.0290307 0.0303237 0.0310803 0.0346901 0.0240205 0.0291589 0.0299714 0.0230846  0.028537 0.0299744 0.0248387 0.0300959  0.027541 0.0286126 0.0317357 0.0211776 0.0247244 0.0271339 0.0277372 0.0226712  0.022649 0.0287615 0.0264088 0.0312944 0.0301625 0.0265626 0.0309532  0.029598 0.0297658  0.026877 0.0284403 0.0284542  0.027653 0.0318571 0.0303306 0.0322695 0.0236071  0.026979  0.026535 0.0286017 0.0273257 0.0297794 0.0254467 0.0304795 0.0299206 0.0312893 0.0295725 0.0332389 0.0317567 0.0269328 0.0292527 0.0282522 0.0259255  0.028657 0.0233128 0.0329886 0.0211631
0.0255264 0.0192882 0.0202675 0.0234337 0.0309792 0.0246942 0.0261278 0.0296331  0.020453 0.0322339 0.0236904 0.0238197 0.0226689 0.0259453 0.0232622 0.0221366 0.0197971 0.0281519 0.0257035  0.024232 0.0238145 0.0217068 0.0255168 0.0313388 0.0311055 0.0230378 0.0255189 0.0209246 0.0257499 0.0248692 0.0270135 0.0278195 0.0200765 0.0219321 0.0279564         0 0.0294854 0.0195784  0.021784 0.0300021 0.0217516  0.028306 0.0321057 0.0243685 0.0240055 0.0249256  0.023609  0.029378 0.0230907 0.0212578 0.0265053 0.0208707 0.0282592 0.0243974 0.0209603 0.0232501 0.0192698 0.0265603  0.029625 0.0334048 0.0190878 0.0244905 0.0294084 0.0279901 0.0226991    0.0215 0.0229858 0.0288191 0.0182066 0.0233244 0.0227959 0.0272254  0.025673 0.0233757 0.0240997 0.0234369 0.0253249 0.0239802  0.029559 0.0285297 0.0284288 0.0264263 0.0250988 0.0260593 0.0280061 0.0194087 0.0232081 0.0273222 0.0248269 0.0209688 0.0269092 0.0251198 0.0256846 0.0208383 0.0219243 0.0260567 0.0270101 0.0282796 0.0247949 0.0143616
0.0274689 0.0328168 0.0286242 0.0275477 0.0298271 0.0271298 0.0286667 0.0282249 0.0313279 0.0317906 0.0285648 0.0320722 0.0329358 0.0315934  0.030682 0.0334681 0.0296865 0.0295016 0.0254329  0.029641 0.0297664 0.0257214 0.0270264  0.024307 0.0309769 0.0301638 0.0309131  0.029362 0.0305809 0.0235063 0.0287126 0.0322019 0.0298351 0.0314646 0.0289174 0.0294854         0 0.0303288 0.0308391 0.0283626  0.031405 0.0352318 0.0309382 0.0331089 0.0310589 0.0324618 0.0306139 0.0308418 0.0304348 0.0263856 0.0314334 0.0324901  0.028083 0.0267515 0.0308609 0.0286028 0.0287129 0.0346448 0.0287807 0.0321596 0.0283765 0.0303905 0.0294176 0.0278502 0.0279187 0.0282318  0.033592 0.0301099 0.0267733 0.0272331 0.0327565 0.0308427 0.0256969 0.0302936 0.0277885 0.0297678 0.0303343 0.0333782 0.0319555  0.029213 0.0278454 0.0246056 0.0309456 0.0285405  0.028839 0.0309308 0.0302309 0.0270804  0.033056 0.0291599  0.035445 0.0352336 0.0252053 0.0289644 0.0307543 0.0305588 0.0265073 0.0260087 0.0335393 0.0226238
0.0300361 0.0256969 0.0259003 0.0271458 0.0329481 0.0268388 0.0296991 0.0301684 0.0243531 0.0343772  0.025217 0.0246503 0.0235591  0.028878 0.0247883 0.0279005 0.0205591 0.0319699  0.029951 0.0265388 0.0271874 0.0246927 0.0281571 0.0320437 0.0334945 0.0248962 0.0293133 0.0188959 0.0303862 0.0279732 0.0309136 0.0315358 0.0243679 0.0263602 0.0289394 0.0195784 0.0303288         0 0.0255924 0.0310848 0.0221641 0.0322709 0.0362082 0.0269757 0.0263607 0.0268345 0.0276148 0.0324302 0.0267495 0.0230311 0.0306382 0.0256934 0.0324802 0.0282633 0.0266787 0.0262136 0.0218536 0.0312843 0.0306216  0.031949 0.0219126 0.0257336  0.029608 0.0292059 0.0228914 0.0260687 0.0279139  0.029729 0.0213704 0.0260898 0.0252239 0.0305182 0.0312168 0.0263865 0.0290183 0.0258921 0.0286876 0.0292077 0.0328045 0.0310389 0.0310605 0.0283984 0.0287447 0.0292767 0.0262191 0.0229083 0.0275176 0.0304891 0.0256675 0.0254774 0.0317152 0.0307445 0.0271226 0.0205152 0.0220536 0.0265838 0.0306232 0.0286597 0.0269664  0.019217
0.0263754 0.0225869 0.0254915 0.0278455 0.0331497  0.026366 0.0280153  0.031372   0.02063 0.0310818 0.0234622 0.0218108 0.0236288 0.0273613 0.0221641 0.0223578 0.0220769 0.0291092 0.0287015 0.0232741  0.022528 0.0255262 0.0272433 0.0338407 0.0316363 0.0225843  0.026898 0.0253617 0.0224449 0.0258507 0.0243502 0.0323698 0.0213448 0.0230033 0.0286952  0.021784 0.0308391 0.0255924         0 0.0313981 0.0218615 0.0318363 0.0333205  0.025062 0.0251572 0.0257703 0.0256258 0.0321469 0.0199104 0.0230521 0.0312232 0.0243805 0.0314063 0.0255938 0.0250956 0.0260718 0.0229519  0.031562 0.0285322 0.0320597 0.0226624 0.0274242 0.0315749 0.0313871 0.0234581 0.0245769 0.0224177 0.0325484  0.023199 0.0245325 0.0217316 0.0314506 0.0298436 0.0235535 0.0238946 0.0264371  0.028273 0.0232633 0.0337416 0.0283859 0.0279841 0.0282762 0.0231855 0.0275233 0.0281592 0.0256709 0.0227941 0.0251549 0.0249898 0.0237816 0.0282779 0.0237486 0.0253382 0.0240301 0.0232577 0.0285189 0.0300681 0.0314173 0.0249212 0.0170726
0.0318987 0.0327411 0.0317746 0.0296833 0.0223497 0.0272204  0.020906 0.0312242 0.0326822  0.025472 0.0312562  0.032189 0.0334913 0.0328868  0.031731 0.0339888 0.0295428 0.0283173 0.0312276 0.0329737 0.0292505 0.0305776 0.0287794 0.0296443 0.0263241  0.030831 0.0297077 0.0300802 0.0315359 0.0275306 0.0286097  0.025404 0.0296828 0.0326093 0.0229584 0.0300021 0.0283626 0.0310848 0.0313981         0  0.032034 0.0355884 0.0327613 0.0327285 0.0300686 0.0328776 0.0335183 0.0255865  0.030311 0.0290801 0.0245723 0.0339557 0.0306436  0.027208 0.0342949 0.0308904 0.0307981 0.0377968 0.0252304 0.0294081 0.0315126  0.030944  0.025689 0.0235949 0.0279423 0.0284742  0.035847 0.0337427 0.0307618 0.0301744 0.0325291 0.0316694 0.0289876 0.0288194 0.0304326 0.0299773 0.0330521 0.0336958  0.035025 0.0251241 0.0228133 0.0301349 0.0307924 0.0322264 0.0317606  0.031789 0.0281644 0.0304251 0.0369315 0.0324872 0.0357624 0.0343131 0.0248761 0.0298409 0.0305902 0.0316412 0.0319516 0.0285488 0.0357201 0.0242255
