Pi: 0.224061 0.242008 0.207236 0.326695
S:  0.261148  0.183159  0.126916 0.0538768  0.332608 0.0422926
