        0 0.0809686 0.0962613 0.0955658 0.0918371 0.0906536  0.103087 0.0867272 0.0958531 0.0708507 0.0761319  0.080801 0.0932048 0.0995413 0.0886303 0.0931802  0.080546 0.0938937 0.0929901 0.0918572 0.0852406 0.0782193 0.0856724 0.0779725 0.0878489 0.0777627 0.0785589 0.0703836 0.0891986 0.0794111 0.0780341 0.0875759 0.0917642 0.0991038  0.101588 0.0955338 0.0881648 0.0816837 0.0993383 0.0991468 0.0927362 0.0755211 0.0991473  0.091524  0.090484  0.096732  0.087804  0.103512 0.0864373 0.0906869 0.0789009 0.0774538 0.0869669 0.0916367 0.0779262 0.0927206 0.0940713 0.0874745 0.0845354 0.0995873 0.0893293 0.0893245 0.0732638 0.0874549 0.0938726  0.103562  0.105641 0.0859009 0.0994019  0.101144  0.101736 0.0753446 0.0819473 0.0924828 0.0853603 0.0857324 0.0849589 0.0776769 0.0783986 0.0778044  0.100652  0.086093 0.0776078 0.0776688 0.0943576  0.097668 0.0852534 0.0778868 0.0897204  0.101554 0.0827934 0.0887042  0.083963 0.0813047   0.08061 0.0910321 0.0906815 0.0794419 0.0870143 0.0645331
0.0809686         0 0.0839639 0.0944549  0.078182  0.076922 0.0874827 0.0894425 0.0853368 0.0745812 0.0881086 0.0958685  0.094797 0.0942368 0.0672483 0.0885419  0.084131 0.0784278 0.0818451 0.0840998 0.0832809 0.0880125 0.0811683 0.0894519 0.0819955 0.0952813  0.080234 0.0801264 0.0864408 0.0837112 0.0787874  0.090565 0.0895331 0.0752586 0.0911136  0.090731 0.0972067 0.0824947 0.0928566  0.103663 0.0916983 0.0861335  0.091178 0.0790943 0.0779492 0.0842377 0.0870249 0.0856427 0.0796742 0.0926959 0.0887067 0.0828428  0.087597   0.07979 0.0824796 0.0916244 0.0788766 0.0812054 0.0878435 0.0843873 0.0908731 0.0869617 0.0857481 0.0781829 0.0859225 0.0869865 0.0878802 0.0877507 0.0786899 0.0918783 0.0948573  0.090809 0.0734727 0.0943081 0.0662498 0.0762536 0.0950917 0.0861875 0.0771779 0.0865146 0.0838823 0.0876878 0.0808207 0.0830998 0.0968446  0.081598 0.0802388 0.0878149 0.0855828  0.083694 0.0861238 0.0842482 0.0832772 0.0741398 0.0865291 0.0825008 0.0938467 0.0874031 0.0949819 0.0631428
0.0962613 0.0839639         0 0.0889855 0.0791535 0.0930499 0.0966632 0.0855698 0.0771309  0.085882 0.0958093 0.0979157 0.0905563 0.0846135 0.0885446 0.0922314 0.0882287 0.0910492 0.0792971  0.078606 0.0810014  0.077781 0.0994979 0.0930179 0.0794283 0.0981245  0.083398 0.0926906 0.0962512 0.0888696 0.0866303 0.0881447  0.100426 0.0798749 0.0860629 0.0761668  0.080752 0.0668633  0.088996 0.0943101  0.101318 0.0776057  0.090278 0.0794286  0.091027 0.0791613 0.0908506  0.091487 0.0827451  0.100695 0.0969726 0.0770093 0.0793035 0.0870106 0.0774228 0.0905167  0.093243 0.0831379 0.0919052  0.099122  0.085377 0.0984138 0.0817548  0.074503 0.0884337 0.0988396 0.0940004 0.0771137 0.0886918 0.0878294 0.0943438 0.0998421 0.0914152 0.0843756 0.0903035 0.0982364 0.0909522 0.0876309 0.0865107 0.0859546 0.0936697 0.0882028 0.0770426   0.10076 0.0898496  0.078662  0.069272 0.0856058 0.0647104 0.0900141 0.0859998 0.0893515 0.0916599 0.0995985 0.0941041 0.0832909 0.0831606 0.0810687 0.0838142 0.0656724
0.0955658 0.0944549 0.0889855         0 0.0963032 0.0832045  0.108098 0.0716761 0.0816657 0.0852134 0.0975855 0.0982749 0.0759595 0.0954418  0.090251 0.0727527 0.0882189 0.0968306 0.0972225 0.0824393 0.0904482 0.0795394 0.0941662 0.0928973 0.0918156  0.102108 0.0850674 0.0939757 0.0906953 0.0937543  0.085465 0.0884381   0.10337 0.0848009  0.089806 0.0786918  0.074781 0.0776615  0.109432 0.0667138 0.0894964 0.0824525 0.0900275 0.0773015 0.0952822 0.0826054  0.100418 0.0946536 0.0966971  0.101138 0.0980898 0.0838712 0.0845024 0.0938254  0.070748  0.071631 0.0892229 0.0814503  0.096608 0.0866823 0.0931003 0.0924273 0.0814154 0.0871753 0.0745031  0.097417 0.0911795 0.0811325 0.0913791 0.0964577 0.0845281 0.0987318 0.0963895 0.0966202 0.0878359  0.093349 0.0839833 0.0874725 0.0830257 0.0859851 0.0887827 0.0927832 0.0754383 0.0910066 0.0851487 0.0900343 0.0771117 0.0857024 0.0816305 0.0937705 0.0771969 0.0917086 0.0873977  0.106055 0.0743045  0.077896 0.0867414 0.0764761  0.068404 0.0646261
0.0918371  0.078182 0.0791535 0.0963032         0 0.0854219 0.0820761  0.086763 0.0940432 0.0910892 0.0998489  0.102349  0.100662 0.0944078 0.0844507 0.0905947 0.0969755 0.0964273 0.0830755 0.0853463 0.0774401 0.0816303  0.101384 0.0964301 0.0889617 0.0958793 0.0920839 0.0915115 0.0965743  0.090805 0.0893089 0.0910976 0.0983079 0.0784502 0.0852483 0.0893221  0.094684 0.0870143 0.0965921 0.0976956  0.101936 0.0858234  0.075584 0.0808371 0.0947083 0.0936851 0.0970179 0.0758128 0.0880089   0.10338 0.0960412  0.087224  0.083901 0.0918897 0.0887291 0.0996279 0.0907924  0.100315 0.0935374  0.100687 0.0886957  0.086897 0.0880948  0.079005 0.0891425  0.089982 0.0843532 0.0907174 0.0899326 0.0997525 0.0933493  0.102131  0.101358 0.0843543 0.0843015  0.097401  0.098881  0.097614 0.0958665  0.098607 0.0741054 0.0870524 0.0876476 0.0950286 0.0987369 0.0933539 0.0831286 0.0897692  0.080643  0.069951 0.0954727  0.100822  0.082835 0.0889201 0.0915307 0.0852965 0.0862157 0.0853841 0.0919252 0.0691171
0.0906536  0.076922 0.0930499 0.0832045 0.0854219         0 0.0933516 0.0799341 0.0877946 0.0882881 0.0946843 0.0988574 0.0831161 0.0937564 0.0841375 0.0867206 0.0911824 0.0974542 0.0906146 0.0995692 0.0884671 0.0855056 0.0907223 0.0906968 0.0931264 0.0975554 0.0863435 0.0875952 0.0899289 0.0842298 0.0845443 0.0940752  0.093669 0.0762649 0.0969263 0.0837005 0.0889858 0.0848049  0.106505  0.101001  0.105873  0.087951 0.0848773 0.0640691 0.0905041 0.0870783  0.101214 0.0873695 0.0961775 0.0938648 0.0980092 0.0847215 0.0812867 0.0906575 0.0845194 0.0882854 0.0761994 0.0924876 0.0956733 0.0833489  0.092972 0.0905828 0.0853321 0.0884572 0.0768177 0.0948732 0.0916125 0.0864431 0.0852254 0.0950692 0.0988773 0.0901357 0.0919953  0.093811 0.0792126 0.0865648 0.0896338 0.0932791 0.0892802 0.0914814  0.085574 0.0832459 0.0832847 0.0854537 0.0968059 0.0961239 0.0864313 0.0869006 0.0877925 0.0973478  0.095313 0.0942887 0.0798877 0.0823914 0.0920978 0.0670841 0.0849113 0.0808108 0.0823022 0.0656603
 0.103087 0.0874827 0.0966632  0.108098 0.0820761 0.0933516         0 0.0981155   0.09512 0.0962916  0.107153  0.103737 0.0943766 0.0958171 0.0941477   0.10023 0.0900776 0.0917395 0.0861563 0.0956839 0.0900432  0.102372  0.101567  0.105062  0.094729  0.107846   0.10379  0.101798   0.10388 0.0950419  0.095086 0.0963538 0.0972763  0.091975 0.0982569 0.0987497   0.10415 0.0956199  0.105198  0.113594   0.11097 0.0989037 0.0834537 0.0869779 0.0778897  0.100393   0.11047 0.0811165 0.0977983  0.102719  0.107957 0.0892894 0.0978794  0.103724 0.0971047  0.105293 0.0868889  0.101215 0.0942321 0.0988882 0.0919235 0.0918098 0.0979582  0.098207 0.0953354 0.0766569 0.0866955 0.0896221 0.0923344 0.0941359   0.10178   0.10473  0.100482 0.0985321 0.0895812 0.0826921  0.109368  0.100639  0.102735 0.0991675  0.094875 0.0917065  0.093076  0.092532  0.098746 0.0999306 0.0954406  0.105005  0.101536 0.0874578 0.0974502 0.0938914  0.102899 0.0806537  0.101498 0.0931526 0.0988543 0.0941346 0.0988986 0.0791331
0.0867272 0.0894425 0.0855698 0.0716761  0.086763 0.0799341 0.0981155         0 0.0766793 0.0773503 0.0877073 0.0926484 0.0827052 0.0858074 0.0827213 0.0883315 0.0883061 0.0910045 0.0895155 0.0823657 0.0801741 0.0816325 0.0957529 0.0835149 0.0835363 0.0942194 0.0816753 0.0811802 0.0869193 0.0839934 0.0777032 0.0804507 0.0899229 0.0876861 0.0880907 0.0634864 0.0815448 0.0796435 0.0978049 0.0953482 0.0929751 0.0799125 0.0932676 0.0766199 0.0875786  0.086205 0.0918178  0.085729 0.0856661  0.091471 0.0910154  0.084437 0.0780808 0.0878491 0.0765106 0.0784067 0.0857557  0.079328  0.084819 0.0847091 0.0852347 0.0907854 0.0810075 0.0758313 0.0663845 0.0878473 0.0824616 0.0765718 0.0841548 0.0839996  0.085079 0.0891481 0.0874294 0.0933092 0.0809653 0.0917659 0.0811801 0.0862111 0.0767866 0.0850113 0.0780728 0.0876828 0.0687248 0.0875371 0.0800332  0.085285 0.0795878 0.0835442 0.0781007 0.0872108 0.0856617 0.0920596 0.0889572 0.0948077 0.0838805 0.0751342 0.0705086  0.064705 0.0658993 0.0568184
0.0958531 0.0853368 0.0771309 0.0816657 0.0940432 0.0877946   0.09512 0.0766793         0 0.0802553 0.0939037 0.0936347 0.0817363 0.0933749 0.0827662 0.0949436 0.0804037 0.0824682 0.0889525 0.0928873 0.0832265  0.080613 0.0953791 0.0796873 0.0891897  0.103574  0.091411 0.0888208 0.0913453 0.0857859 0.0830203 0.0792092  0.086954 0.0778175 0.0936782 0.0806427 0.0858987 0.0723017 0.0978016 0.0896969  0.101549 0.0818653 0.0869167 0.0795457  0.079246 0.0764108  0.103378 0.0981485 0.0930198 0.0935289 0.0923679 0.0796906 0.0717111 0.0879852 0.0752841  0.092361 0.0904148 0.0765954 0.0891458  0.078707 0.0856727 0.0953164 0.0743707  0.079781 0.0836149  0.094309 0.0907939 0.0736813 0.0878513 0.0806682 0.0899947 0.0927859 0.0910485 0.0879816 0.0820889 0.0846933  0.089416 0.0882206 0.0738643 0.0833319 0.0891308  0.082365  0.063183 0.0915411 0.0865247  0.082052  0.069704  0.078831 0.0839197 0.0960109 0.0829601  0.080505 0.0846401  0.096087 0.0948973 0.0873477 0.0752547 0.0738027 0.0725317 0.0633367
0.0708507 0.0745812  0.085882 0.0852134 0.0910892 0.0882881 0.0962916 0.0773503 0.0802553         0 0.0748475 0.0737949 0.0946853 0.0956167 0.0696712 0.0839992 0.0721476 0.0735265 0.0905155 0.0787366  0.082011  0.074566 0.0824898 0.0691094 0.0781797 0.0765008 0.0697489 0.0712354 0.0732683 0.0707684 0.0741046 0.0798019 0.0769539 0.0919895 0.0984124 0.0813824 0.0883384 0.0789129 0.0909135  0.091306 0.0858575 0.0687407 0.0959729 0.0852228 0.0746549 0.0844823 0.0876886 0.0909618 0.0686701 0.0795223 0.0778059 0.0756377 0.0856029 0.0786326 0.0651494 0.0842378 0.0874508   0.07228 0.0761829 0.0814028 0.0857535 0.0815891 0.0772176 0.0780916 0.0884145 0.0884713 0.0937285 0.0798831 0.0830219 0.0906021  0.100576 0.0783345 0.0716797 0.0912615 0.0769857 0.0841776 0.0841039 0.0622579 0.0656192 0.0753975 0.0909604  0.077884 0.0625291 0.0738019 0.0814306 0.0768099 0.0705577 0.0765405 0.0866506 0.0906896 0.0658192 0.0691434 0.0922361 0.0878994  0.076611 0.0857417 0.0773765 0.0731599 0.0742698 0.0532246
0.0761319 0.0881086 0.0958093 0.0975855 0.0998489 0.0946843  0.107153 0.0877073 0.0939037 0.0748475         0 0.0788225 0.0987678 0.0969678 0.0790934 0.0942786 0.0829413 0.0803907 0.0958921 0.0942468 0.0913526 0.0880075 0.0717856 0.0789021 0.0852851  0.072559 0.0793574 0.0762462 0.0809041 0.0838136 0.0729611  0.095439 0.0809468 0.0971725  0.106037 0.0893682 0.0982098 0.0899691 0.0842522  0.105731  0.077523 0.0775278  0.105139 0.0953319 0.0863585 0.0946412 0.0835581  0.101986 0.0806206 0.0756845 0.0711696 0.0839089 0.0934864 0.0893185 0.0845004 0.0933984 0.0887192 0.0846541 0.0737399 0.0917541 0.0822224 0.0918194  0.081921 0.0900269 0.0882139 0.0943584  0.094917 0.0916112 0.0914022 0.0924575 0.0982984 0.0720026 0.0754293  0.093898 0.0895695  0.083876 0.0910149  0.086161 0.0768472 0.0836913 0.0962005 0.0891345 0.0846897 0.0790577  0.101646 0.0897363 0.0914692 0.0793182  0.088999  0.105038 0.0890251  0.089846 0.0987813 0.0876719 0.0883923 0.0936204 0.0860727 0.0816283 0.0850316 0.0656285
 0.080801 0.0958685 0.0979157 0.0982749  0.102349 0.0988574  0.103737 0.0926484 0.0936347 0.0737949 0.0788225         0  0.101412  0.095239 0.0961896 0.0958329 0.0776693 0.0891236 0.0990684  0.097922  0.101916  0.086876 0.0861155 0.0736164 0.0832608 0.0689275 0.0780311   0.08321 0.0809481 0.0825447 0.0813632 0.0887743 0.0830685 0.0975403  0.109492 0.0979217 0.0878769 0.0922492 0.0872944 0.0975965 0.0909583  0.071071 0.0972274 0.0993183 0.0830891 0.0901744 0.0870445  0.108656 0.0841146 0.0739235 0.0702979 0.0812184 0.0898777 0.0850329 0.0841224  0.092154 0.0998607 0.0823009 0.0797474 0.0905406 0.0931749 0.0871185 0.0887118  0.088427 0.0936655 0.0970456  0.100945 0.0872762 0.0963866 0.0920872  0.100439 0.0738952 0.0878775 0.0953041 0.0944322 0.0890549 0.0808682 0.0825578 0.0833241 0.0844246  0.110904 0.0827617  0.080214 0.0803509 0.0984118 0.0942361 0.0851525 0.0870321 0.0946715  0.106622 0.0798231 0.0752482 0.0985813 0.0956548 0.0906976  0.095984 0.0887602 0.0795333 0.0828659 0.0672469
0.0932048  0.094797 0.0905563 0.0759595  0.100662 0.0831161 0.0943766 0.0827052 0.0817363 0.0946853 0.0987678  0.101412         0 0.0875292 0.0896747 0.0841818 0.0824326 0.0922453 0.0888594 0.0965533 0.0924116 0.0839187 0.0956263 0.0938255 0.0944345  0.106027   0.10178 0.0906663 0.0948156 0.0949487 0.0929115 0.0895358   0.09948 0.0929031 0.0878197 0.0929768 0.0901719 0.0751145  0.104599 0.0879123 0.0898492 0.0892617 0.0948855 0.0818296 0.0834498  0.100096  0.110559 0.0975421  0.104583 0.0986635  0.102958 0.0851589 0.0786332  0.100687 0.0918922 0.0778285 0.0897676 0.0946649 0.0880296 0.0892196 0.0870006 0.0923817 0.0908491  0.101424 0.0854354 0.0958069 0.0997893 0.0853512 0.0905507 0.0942488 0.0855863 0.0973047 0.0920167  0.101986 0.0922464   0.08229  0.090728 0.0967495 0.0875002 0.0835518 0.0978252 0.0954113 0.0861172 0.0900766  0.091483 0.0985682 0.0859438 0.0922984 0.0935007  0.105092 0.0893928 0.0922295 0.0898651 0.0955223   0.08541 0.0827089 0.0937809 0.0907586 0.0843049  0.070616
0.0995413 0.0942368 0.0846135 0.0954418 0.0944078 0.0937564 0.0958171 0.0858074 0.0933749 0.0956167 0.0969678  0.095239 0.0875292         0 0.0986242 0.0990549 0.0927553 0.0898351 0.0780434  0.102122 0.0949077 0.0893801  0.105848  0.100112 0.0875876 0.0985953 0.0901254 0.0967173 0.0971771  0.101668 0.0898622 0.0998906 0.0940581 0.0857355 0.0942192 0.0936723 0.0804098  0.082725  0.090252  0.106249  0.100079 0.0838764 0.0979808 0.0878009 0.0931778 0.0896509 0.0967732 0.0919537 0.0912924 0.0970727 0.0947753 0.0942867  0.083816 0.0941815 0.0956632  0.096802  0.092211 0.0940833 0.0981387 0.0954846 0.0927731 0.0928343 0.0957181 0.0883713 0.0895741 0.0965045 0.0933814 0.0951734 0.0873783 0.0762996 0.0896774 0.0948112  0.100479 0.0943689 0.0976289 0.0934322 0.0886721 0.0992914 0.0953006 0.0952959  0.100226 0.0958855 0.0880857  0.104174 0.0942405 0.0933057 0.0867874  0.092122 0.0888162  0.104335  0.103176 0.0986644  0.100192 0.0991707  0.101395 0.0808557 0.0902395 0.0899756 0.0866034 0.0739325
0.0886303 0.0672483 0.0885446  0.090251 0.0844507 0.0841375 0.0941477 0.0827213 0.0827662 0.0696712 0.0790934 0.0961896 0.0896747 0.0986242         0 0.0857679 0.0818099 0.0731081 0.0797773 0.0845888 0.0803453 0.0855341 0.0800232 0.0822864 0.0794243 0.0900897 0.0866406  0.081703 0.0742648 0.0855436 0.0834377 0.0937246  0.071784  0.078972 0.0879449 0.0903074  0.102244 0.0864928 0.0883641 0.0955593 0.0779185 0.0868404 0.0914039 0.0863159 0.0702739 0.0882122 0.0944208 0.0818061 0.0786267 0.0870091 0.0891175 0.0899434 0.0846401 0.0796908 0.0837487 0.0842075 0.0710721 0.0884883 0.0745302 0.0811962 0.0750446 0.0852086 0.0862188  0.080386 0.0858123 0.0837302 0.0845439 0.0847014 0.0678856 0.0932924 0.0882684 0.0903271 0.0756094 0.0883397 0.0661355 0.0742689 0.0973022 0.0849719 0.0737445 0.0861307 0.0811262 0.0814567 0.0807248 0.0823989  0.101154 0.0824715  0.085799 0.0850552 0.0881043 0.0850556 0.0774266 0.0835868 0.0894218 0.0801889 0.0849455 0.0794712 0.0883782 0.0860239 0.0914815 0.0610105
0.0931802 0.0885419 0.0922314 0.0727527 0.0905947 0.0867206   0.10023 0.0883315 0.0949436 0.0839992 0.0942786 0.0958329 0.0841818 0.0990549 0.0857679         0 0.0857176 0.0960925  0.090089 0.0768478 0.0866367 0.0756508 0.0936448 0.0947181 0.0923386 0.0904541 0.0848728 0.0830511 0.0877815 0.0864521 0.0903809 0.0952281 0.0952922 0.0948044 0.0900859 0.0938282 0.0893649  0.089099   0.10281 0.0728861 0.0889737 0.0852383 0.0915603 0.0834992 0.0932089 0.0929734 0.0993297 0.0944809 0.0898776 0.0964811 0.0931539 0.0853586 0.0863882 0.0920454 0.0690729 0.0719283  0.084504  0.092026 0.0938479 0.0928607 0.0870164 0.0929192  0.084822 0.0906954 0.0849688  0.100454  0.101563  0.094871 0.0970906 0.0996666 0.0885805 0.0963182  0.093987 0.0907167  0.085884 0.0981143 0.0880057 0.0872746 0.0872097 0.0970225 0.0954512  0.095167 0.0782699 0.0881056 0.0939682 0.0961152 0.0788267 0.0875253 0.0864834 0.0899384 0.0753548 0.0920238 0.0883106 0.0973366 0.0565972 0.0776789 0.0852224 0.0809146 0.0856943 0.0637695
 0.080546  0.084131 0.0882287 0.0882189 0.0969755 0.0911824 0.0900776 0.0883061 0.0804037 0.0721476 0.0829413 0.0776693 0.0824326 0.0927553 0.0818099 0.0857176         0  0.078283  0.079358 0.0896888 0.0819231 0.0825688 0.0777832 0.0752815 0.0869682 0.0852625 0.0841658 0.0823706 0.0867227 0.0774461 0.0844591 0.0814079 0.0848668 0.0965394 0.0984848 0.0930803 0.0836719 0.0748878 0.0937838 0.0933501 0.0918833 0.0827123  0.090491 0.0851934 0.0687927  0.089913 0.0963993 0.0939748 0.0861236 0.0821324 0.0788806 0.0740809 0.0818687  0.085393 0.0778926 0.0814499 0.0878137  0.084969 0.0765547 0.0801912   0.08446  0.078277  0.079082 0.0912664 0.0878518 0.0863076 0.0940736 0.0782938 0.0878039 0.0899084   0.10378 0.0892938 0.0773713 0.0975621 0.0806953 0.0699961  0.091426 0.0772198 0.0744498 0.0620976  0.103179 0.0904102 0.0795248 0.0733272 0.0941198 0.0894041 0.0781114 0.0910511 0.0889276 0.0976835 0.0793195 0.0639357 0.0924695 0.0877691 0.0825792 0.0884894 0.0920761 0.0778901 0.0878437 0.0616613
0.0938937 0.0784278 0.0910492 0.0968306 0.0964273 0.0974542 0.0917395 0.0910045 0.0824682 0.0735265 0.0803907 0.0891236 0.0922453 0.0898351 0.0731081 0.0960925  0.078283         0 0.0764132 0.0901585 0.0821219  0.090023 0.0821034 0.0879592 0.0765234 0.0944039 0.0833362 0.0871267 0.0811288 0.0949104 0.0802622 0.0971923 0.0801446 0.0870392  0.100493 0.0952298 0.0985375 0.0905721 0.0852425  0.105165 0.0847189 0.0869819  0.102741 0.0951423 0.0733595 0.0853768 0.0900566 0.0924623  0.079119   0.08661 0.0877578 0.0908011 0.0958924 0.0799273 0.0868616 0.0939966 0.0880571  0.085818 0.0824961 0.0795695 0.0891161 0.0894788 0.0907962 0.0781956 0.0933403 0.0901222 0.0890696  0.092205 0.0730145 0.0805984 0.0939492 0.0800843 0.0766518 0.0969051 0.0831545 0.0704063  0.100987 0.0813536 0.0779866 0.0822635 0.0944256 0.0893855 0.0828088 0.0819701  0.102656 0.0767746 0.0835688 0.0936117  0.090557 0.0936713  0.086769  0.077155 0.0965413 0.0900121 0.0932232 0.0875282  0.086746 0.0866877 0.0894967   0.06789
0.0929901 0.0818451 0.0792971 0.0972225 0.0830755 0.0906146 0.0861563 0.0895155 0.0889525 0.0905155 0.0958921 0.0990684 0.0888594 0.0780434 0.0797773  0.090089  0.079358 0.0764132         0 0.0905593 0.0758996 0.0845506 0.0925641 0.0958438 0.0815161 0.0989448 0.0844436 0.0900772 0.0915612 0.0944637 0.0908392  0.100291 0.0900925 0.0848169 0.0954719 0.0915787 0.0907617 0.0859948  0.091858  0.102878 0.0914252 0.0900987  0.089357  0.081229 0.0861685 0.0862567 0.0930884 0.0890828 0.0836606 0.0963632 0.0933571 0.0880536  0.089459 0.0866987 0.0865177  0.090073 0.0847822 0.0917342  0.089787 0.0863784 0.0870142 0.0870318 0.0872831   0.08059 0.0879352 0.0901944  0.092593 0.0941229 0.0802404 0.0830597 0.0943051 0.0945095 0.0920621 0.0868338 0.0789761 0.0820281   0.10039 0.0872207 0.0873188 0.0831711 0.0941525 0.0937201 0.0880598 0.0921506  0.102439 0.0861846 0.0806789 0.0927451 0.0868523 0.0862386 0.0933227 0.0896378  0.086853  0.087408 0.0891159 0.0787244 0.0887908 0.0859532 0.0921318 0.0667494
0.0918572 0.0840998  0.078606 0.0824393 0.0853463 0.0995692 0.0956839 0.0823657 0.0928873 0.0787366 0.0942468  0.097922 0.0965533  0.102122 0.0845888 0.0768478 0.0896888 0.0901585 0.0905593         0  0.070386 0.0860686 0.0986324    0.1009 0.0830076 0.0972247 0.0894351 0.0866695 0.0913639 0.0881678 0.0896912 0.0887695  0.105793 0.0965164 0.0891625  0.082228  0.090545 0.0880492  0.091415 0.0907774 0.0919769 0.0842236 0.0973521  0.087346 0.0891462 0.0874079 0.0930258 0.0876653 0.0825484 0.0975489 0.0942744 0.0848262   0.09259 0.0942497 0.0676389  0.085949 0.0930831 0.0853656 0.0897576  0.100661 0.0901894 0.0999463 0.0817068 0.0806437 0.0861932 0.0903623 0.0859872 0.0808193 0.0896939  0.100217 0.0908649  0.104062 0.0844633 0.0925389 0.0835563 0.0961134 0.0918854 0.0846681 0.0902663 0.0889095 0.0851588 0.0910821 0.0798704 0.0917584 0.0853731  0.082824 0.0785967   0.09319 0.0791798 0.0718946 0.0755185  0.094592 0.0923072 0.0961019 0.0757183 0.0879283 0.0821127 0.0755198 0.0822464 0.0629563
0.0852406 0.0832809 0.0810014 0.0904482 0.0774401 0.0884671 0.0900432 0.0801741 0.0832265  0.082011 0.0913526  0.101916 0.0924116 0.0949077 0.0803453 0.0866367 0.0819231 0.0821219 0.0758996  0.070386         0 0.0825976 0.0959021 0.0942988 0.0907929   0.10031 0.0891464 0.0856001 0.0880492 0.0824519 0.0867619  0.086641 0.0902518 0.0890343 0.0929406 0.0833975 0.0906209 0.0840143 0.0911441  0.100555 0.0949321 0.0870437 0.0952016 0.0776521 0.0851402 0.0832381 0.0897031 0.0793782 0.0853425 0.0943289 0.0924361 0.0811192 0.0819661 0.0857857 0.0776046 0.0911849 0.0886828 0.0903624  0.088206 0.0935406 0.0833313  0.100529 0.0785044 0.0720728 0.0857475 0.0960992 0.0841134 0.0862847 0.0823063 0.0942573 0.0908107  0.100396 0.0846798 0.0888702 0.0814764 0.0875878 0.0948051 0.0841966 0.0834339 0.0898111  0.081188 0.0890962 0.0810297 0.0812334 0.0883662 0.0835263 0.0771325 0.0909249 0.0814738 0.0772122 0.0899716 0.0938751 0.0862626 0.0831925 0.0823765 0.0820556 0.0815246 0.0746401   0.08207 0.0617111
0.0782193 0.0880125  0.077781 0.0795394 0.0816303 0.0855056  0.102372 0.0816325  0.080613  0.074566 0.0880075  0.086876 0.0839187 0.0893801 0.0855341 0.0756508 0.0825688  0.090023 0.0845506 0.0860686 0.0825976         0 0.0936423 0.0818335 0.0837163 0.0836367   0.07949 0.0707618 0.0869231 0.0788983 0.0811795 0.0832359 0.0882102 0.0835374 0.0911168 0.0892802 0.0725458 0.0673759 0.0932612 0.0780158 0.0952628 0.0708099 0.0879734 0.0770685 0.0933862 0.0842738 0.0930793 0.0977921 0.0828914 0.0927317 0.0817062 0.0674744 0.0738179 0.0802048 0.0685095 0.0844877 0.0885727 0.0884747 0.0913878 0.0938809 0.0766575 0.0910141 0.0772259 0.0867592 0.0874782  0.105153   0.10042 0.0824322 0.0923621 0.0943318 0.0933362 0.0860444 0.0887951 0.0878455 0.0907627 0.0924206 0.0843332 0.0809957 0.0775083 0.0841569   0.09298 0.0829938 0.0704388  0.084255 0.0839297 0.0973306 0.0558433 0.0688807 0.0805834 0.0983656 0.0798003 0.0824502 0.0698648 0.0938921 0.0737191 0.0819931 0.0787355 0.0739919 0.0773064  0.058328
0.0856724 0.0811683 0.0994979 0.0941662  0.101384 0.0907223  0.101567 0.0957529 0.0953791 0.0824898 0.0717856 0.0861155 0.0956263  0.105848 0.0800232 0.0936448 0.0777832 0.0821034 0.0925641 0.0986324 0.0959021 0.0936423         0 0.0872437 0.0940673 0.0861033 0.0830304 0.0887814 0.0828362 0.0955831 0.0877022 0.0908311 0.0908626 0.0986331 0.0994253 0.0968418 0.0958815 0.0880071 0.0956672  0.103494 0.0863497 0.0830412 0.0956407 0.0884239  0.083733  0.099537 0.0903481  0.100164 0.0939555  0.075107 0.0832795 0.0797157 0.0983921 0.0981704 0.0856179 0.0884562 0.0871555 0.0806706 0.0795644 0.0827478 0.0881925 0.0875301  0.088384 0.0932469 0.0886985 0.0915067 0.0888433 0.0875653 0.0847581 0.0942731  0.102557 0.0811212 0.0810808  0.101541 0.0876957 0.0744156 0.0960621  0.089607 0.0790037 0.0809944 0.0974379 0.0967981 0.0895135 0.0649467  0.105945 0.0968275 0.0936001 0.0842807 0.0967361  0.103351 0.0896669 0.0839049 0.0973641 0.0800438 0.0883654 0.0887311 0.0974668 0.0841303 0.0967947 0.0700283
0.0779725 0.0894519 0.0930179 0.0928973 0.0964301 0.0906968  0.105062 0.0835149 0.0796873 0.0691094 0.0789021 0.0736164 0.0938255  0.100112 0.0822864 0.0947181 0.0752815 0.0879592 0.0958438    0.1009 0.0942988 0.0818335 0.0872437         0 0.0851162 0.0811601  0.082216   0.07915 0.0877317 0.0696883  0.078844 0.0899856 0.0803181 0.0935068  0.106384 0.0919365 0.0913744 0.0789793 0.0997828 0.0950665 0.0967821 0.0835891  0.092963 0.0880501 0.0802461 0.0903182 0.0935155  0.103237  0.082594 0.0790759  0.076057 0.0844806 0.0808885 0.0856773 0.0841059 0.0856642 0.0989983 0.0905534 0.0819938 0.0863951 0.0910768 0.0895735 0.0808507 0.0893742 0.0882273 0.0985194   0.10232 0.0825327  0.090385 0.0947347  0.103262 0.0735967 0.0859649 0.0988728 0.0852405 0.0830985 0.0893562 0.0775013 0.0645787 0.0823472  0.101935 0.0840475 0.0707234 0.0813179 0.0994743 0.0917178 0.0854031   0.07924 0.0934942  0.101639 0.0771167 0.0748635 0.0926886 0.0997989 0.0846378  0.099675 0.0818329 0.0802221 0.0794664 0.0637605
0.0878489 0.0819955 0.0794283 0.0918156 0.0889617 0.0931264  0.094729 0.0835363 0.0891897 0.0781797 0.0852851 0.0832608 0.0944345 0.0875876 0.0794243 0.0923386 0.0869682 0.0765234 0.0815161 0.0830076 0.0907929 0.0837163 0.0940673 0.0851162         0 0.0812865 0.0712701 0.0837969  0.080104 0.0817158 0.0645667 0.0964246  0.086621 0.0877779 0.0992296 0.0876538 0.0891983 0.0878347 0.0893163 0.0940274 0.0891353 0.0846948 0.0942344 0.0931436 0.0801968 0.0737902 0.0831122 0.0921291 0.0612256 0.0867926 0.0832079 0.0886203 0.0854614  0.074237 0.0855895 0.0866491 0.0829473 0.0917114 0.0886568 0.0890438 0.0907787 0.0907285 0.0862851 0.0836579 0.0930206 0.0881388 0.0929388 0.0870511 0.0725882 0.0889876 0.0893174 0.0828439 0.0790798 0.0878918 0.0840967 0.0810515 0.0891701 0.0753315 0.0837688 0.0857596 0.0905047 0.0722266 0.0813906 0.0934447  0.100404 0.0685311 0.0791855 0.0879654 0.0768876 0.0920377 0.0752855 0.0823303 0.0965668 0.0980928  0.088843 0.0905757 0.0823819   0.08173 0.0835515 0.0605079
0.0777627 0.0952813 0.0981245  0.102108 0.0958793 0.0975554  0.107846 0.0942194  0.103574 0.0765008  0.072559 0.0689275  0.106027 0.0985953 0.0900897 0.0904541 0.0852625 0.0944039 0.0989448 0.0972247   0.10031 0.0836367 0.0861033 0.0811601 0.0812865         0 0.0753668 0.0792818 0.0816224 0.0845713 0.0838591 0.0958721 0.0844951  0.104752  0.103861  0.105957 0.0923887  0.094814 0.0817112  0.101297  0.082908 0.0728057  0.104272 0.0978543 0.0941012 0.0971515 0.0817746  0.106846 0.0825971 0.0709956 0.0653552 0.0809088 0.0918419 0.0931244 0.0872029 0.0956376 0.0988389 0.0913037 0.0867941  0.102477 0.0883751 0.0878396  0.085041 0.0952071 0.0930505  0.109772  0.106984 0.0933532 0.0979546   0.10061  0.100005 0.0707987 0.0928245 0.0905886  0.100301 0.0958799 0.0830385 0.0857206 0.0908298 0.0890167  0.107874 0.0900094 0.0875326 0.0803061   0.10604 0.0976488 0.0928088 0.0794547 0.0867827  0.110341 0.0897991 0.0880512 0.0982088 0.0954272  0.085985 0.0974519 0.0861849 0.0893816 0.0972037 0.0698567
0.0785589  0.080234  0.083398 0.0850674 0.0920839 0.0863435   0.10379 0.0816753  0.091411 0.0697489 0.0793574 0.0780311   0.10178 0.0901254 0.0866406 0.0848728 0.0841658 0.0833362 0.0844436 0.0894351 0.0891464   0.07949 0.0830304  0.082216 0.0712701 0.0753668         0 0.0805975 0.0718422 0.0756753 0.0665315 0.0871671 0.0858375 0.0869568  0.105076 0.0818698 0.0822411 0.0854252 0.0916243 0.0975637 0.0943745 0.0754428 0.0953659 0.0829992 0.0878674 0.0767025 0.0738901 0.0935428 0.0738128 0.0808132 0.0724366 0.0777632 0.0915762 0.0700277 0.0661121 0.0803299 0.0861755 0.0745499 0.0898847 0.0802323  0.095451  0.090141 0.0731625  0.073434 0.0861261 0.0958247 0.0946065 0.0873881 0.0850929 0.0863626   0.10285  0.070005 0.0865468 0.0797814 0.0868101 0.0895151 0.0811972 0.0651694 0.0717244 0.0852551 0.0939893 0.0813033 0.0678579 0.0851229 0.0917313 0.0783956 0.0766234 0.0787231  0.076058 0.0933631 0.0804739 0.0802612 0.0875929 0.0895766 0.0834053 0.0772632 0.0834366 0.0696793 0.0760865 0.0562682
0.0703836 0.0801264 0.0926906 0.0939757 0.0915115 0.0875952  0.101798 0.0811802 0.0888208 0.0712354 0.0762462   0.08321 0.0906663 0.0967173  0.081703 0.0830511 0.0823706 0.0871267 0.0900772 0.0866695 0.0856001 0.0707618 0.0887814   0.07915 0.0837969 0.0792818 0.0805975         0 0.0840688 0.0732462 0.0783653 0.0894114 0.0838475 0.0993531  0.104046 0.0878602 0.0858326 0.0847834 0.0909484 0.0986904 0.0938723 0.0763454  0.101436 0.0853245 0.0826487 0.0966575 0.0920317 0.0999317 0.0750515 0.0825833 0.0699838  0.080081 0.0793455 0.0838068 0.0794104  0.085767 0.0838741 0.0866827 0.0772973 0.0907389 0.0814653 0.0882124 0.0836424 0.0898706 0.0894695  0.100151  0.103002 0.0823633 0.0883956 0.0939177  0.102232 0.0807046 0.0735335 0.0940022 0.0820531  0.085286 0.0864392 0.0772438  0.077307 0.0846933 0.0987111 0.0849156 0.0760787 0.0820823 0.0873917 0.0943969 0.0762635 0.0742537 0.0887746 0.0997336 0.0824854 0.0834242  0.083879 0.0870819 0.0777857 0.0955437 0.0740121 0.0783946 0.0829034 0.0594749
0.0891986 0.0864408 0.0962512 0.0906953 0.0965743 0.0899289   0.10388 0.0869193 0.0913453 0.0732683 0.0809041 0.0809481 0.0948156 0.0971771 0.0742648 0.0877815 0.0867227 0.0811288 0.0915612 0.0913639 0.0880492 0.0869231 0.0828362 0.0877317  0.080104 0.0816224 0.0718422 0.0840688         0 0.0871083 0.0718712 0.0974284 0.0770547 0.0925779  0.105372 0.0933288 0.0922298 0.0911662 0.0847665  0.100537 0.0821575 0.0809428 0.0954073 0.0958945 0.0775711 0.0848586 0.0813221 0.0903904 0.0815923 0.0790512 0.0882316 0.0892717 0.0822527 0.0727506 0.0843995 0.0792294 0.0785742  0.086107 0.0794554 0.0756748 0.0833698 0.0930778 0.0903855 0.0833294  0.085554 0.0907275 0.0952041 0.0925886 0.0716394 0.0874522 0.0953409 0.0830471 0.0807528 0.0874147 0.0837187  0.082554 0.0808376 0.0878696 0.0797567 0.0932409 0.0940429 0.0897984 0.0814892 0.0860587 0.0981416 0.0800266 0.0863958 0.0821393 0.0890857 0.0994137 0.0837041   0.08394 0.0959556   0.09279 0.0905278 0.0845349 0.0865981 0.0839179 0.0824051 0.0627768
0.0794111 0.0837112 0.0888696 0.0937543  0.090805 0.0842298 0.0950419 0.0839934 0.0857859 0.0707684 0.0838136 0.0825447 0.0949487  0.101668 0.0855436 0.0864521 0.0774461 0.0949104 0.0944637 0.0881678 0.0824519 0.0788983 0.0955831 0.0696883 0.0817158 0.0845713 0.0756753 0.0732462 0.0871083         0 0.0728363 0.0862233 0.0833696 0.0934743  0.105653 0.0816602 0.0924259 0.0843775  0.102481 0.0972123  0.102158 0.0851511   0.09294  0.083705 0.0782501 0.0888527 0.0913128 0.0979561 0.0720062 0.0854714 0.0815568 0.0783964 0.0843188 0.0776881 0.0750226 0.0815386 0.0883852 0.0926092 0.0819329 0.0901438 0.0897981 0.0939801 0.0811498  0.091913 0.0891441 0.0967237  0.102283 0.0808292 0.0899498 0.0986136  0.106756 0.0860779 0.0883843 0.0865952 0.0785718 0.0884508 0.0898345 0.0694682 0.0712096 0.0870027  0.101861 0.0768171 0.0709492 0.0819948 0.0901069 0.0891238 0.0787198 0.0805736 0.0872059  0.100169 0.0703982 0.0797883  0.092207 0.0950082 0.0823389 0.0925265 0.0832748 0.0751554 0.0795572 0.0606776
0.0780341 0.0787874 0.0866303  0.085465 0.0893089 0.0845443  0.095086 0.0777032 0.0830203 0.0741046 0.0729611 0.0813632 0.0929115 0.0898622 0.0834377 0.0903809 0.0844591 0.0802622 0.0908392 0.0896912 0.0867619 0.0811795 0.0877022  0.078844 0.0645667 0.0838591 0.0665315 0.0783653 0.0718712 0.0728363         0 0.0885442 0.0828578 0.0830599  0.101847 0.0765899 0.0852627 0.0814724 0.0906161  0.101023 0.0909309 0.0787969 0.0928532  0.085172 0.0754684 0.0748672 0.0786166 0.0910328 0.0724959 0.0840675 0.0818468 0.0794505 0.0821931 0.0691457 0.0810336 0.0853569 0.0733478 0.0819817 0.0829022 0.0781092 0.0867135 0.0917619  0.082616 0.0839631  0.085534 0.0884851 0.0931471 0.0815019 0.0752062 0.0856183 0.0959138 0.0807428  0.082216 0.0882202 0.0760171 0.0806917 0.0787935 0.0770047 0.0736682 0.0831304 0.0918645  0.071187 0.0740977  0.082619 0.0910342 0.0695998 0.0797905 0.0790475  0.074287 0.0970201 0.0763071 0.0834447 0.0928055 0.0914593   0.08915 0.0852822 0.0843174 0.0773038 0.0756127 0.0564385
0.0875759  0.090565 0.0881447 0.0884381 0.0910976 0.0940752 0.0963538 0.0804507 0.0792092 0.0798019  0.095439 0.0887743 0.0895358 0.0998906 0.0937246 0.0952281 0.0814079 0.0971923  0.100291 0.0887695  0.086641 0.0832359 0.0908311 0.0899856 0.0964246 0.0958721 0.0871671 0.0894114 0.0974284 0.0862233 0.0885442         0 0.0993354 0.0979975 0.0875905 0.0829603 0.0908905 0.0753429   0.10266 0.0991406  0.103971 0.0797591 0.0923463 0.0856214 0.0910828 0.0920513  0.098333 0.0915302 0.0984485 0.0891342 0.0855373 0.0670035 0.0914878 0.0928111  0.082049 0.0915956 0.0963411 0.0739144 0.0828644 0.0959087 0.0874866 0.0919515 0.0791899 0.0937432 0.0899195 0.0964883 0.0874553 0.0735561  0.100257  0.092184  0.098579 0.0904048 0.0876978 0.0987564 0.0965506 0.0938064  0.086264 0.0882128 0.0833108 0.0774733 0.0918582 0.0929067 0.0728367 0.0849922 0.0777705  0.092278  0.076009 0.0893666  0.091146 0.0946879 0.0880546 0.0836359 0.0887378 0.0903059 0.0922894 0.0888418 0.0896009 0.0801964 0.0808748 0.0683681
0.0917642 0.0895331  0.100426   0.10337 0.0983079  0.093669 0.0972763 0.0899229  0.086954 0.0769539 0.0809468 0.0830685   0.09948 0.0940581  0.071784 0.0952922 0.0848668 0.0801446 0.0900925  0.105793 0.0902518 0.0882102 0.0908626 0.0803181  0.086621 0.0844951 0.0858375 0.0838475 0.0770547 0.0833696 0.0828578 0.0993354         0 0.0865032  0.101701 0.0967695  0.099508 0.0938433 0.0859996  0.104243 0.0837345 0.0884905 0.0978888 0.0937142 0.0756352 0.0877115 0.0968199  0.094241 0.0826863 0.0827763 0.0827203 0.0958376 0.0887084 0.0748718  0.092656 0.0918521 0.0787097 0.0961893  0.077414 0.0872834 0.0819256 0.0974697 0.0974293 0.0868218 0.0954187 0.0955574  0.100815 0.0936784  0.080718 0.0902281 0.0953339 0.0829004 0.0867163 0.0933125 0.0806579 0.0808966 0.0972146 0.0909741 0.0771262 0.0967048  0.101332 0.0866917 0.0855427 0.0849663  0.103889 0.0916958 0.0888928 0.0911966 0.0955788  0.106157  0.089712 0.0760134  0.102152  0.087255 0.0944663 0.0901599 0.0906886 0.0905977 0.0899148   0.06908
0.0991038 0.0752586 0.0798749 0.0848009 0.0784502 0.0762649  0.091975 0.0876861 0.0778175 0.0919895 0.0971725 0.0975403 0.0929031 0.0857355  0.078972 0.0948044 0.0965394 0.0870392 0.0848169 0.0965164 0.0890343 0.0835374 0.0986331 0.0935068 0.0877779  0.104752 0.0869568 0.0993531 0.0925779 0.0934743 0.0830599 0.0979975 0.0865032         0 0.0921544 0.0875095 0.0823423 0.0747058 0.0965119 0.0923978 0.0986846 0.0813516 0.0800504 0.0767594 0.0863038 0.0754413 0.0962037 0.0864333 0.0922202   0.10131 0.0985243 0.0896585 0.0818619 0.0836032 0.0874328 0.0960751 0.0855733 0.0874142 0.0974236 0.0886688 0.0921298 0.0947427 0.0877981 0.0743556 0.0843543 0.0924479 0.0831652 0.0856371 0.0777657 0.0850973 0.0822579 0.0911182 0.0975521  0.089966  0.079298 0.0866874 0.0896999 0.0949692 0.0844525 0.0961572 0.0879145 0.0825145 0.0770945 0.0920311 0.0982749 0.0895641 0.0801476  0.086493 0.0859011 0.0903782  0.092558 0.0889149 0.0808252 0.0844421 0.0999738 0.0766602 0.0900464 0.0818523 0.0826082 0.0681149
 0.101588 0.0911136 0.0860629  0.089806 0.0852483 0.0969263 0.0982569 0.0880907 0.0936782 0.0984124  0.106037  0.109492 0.0878197 0.0942192 0.0879449 0.0900859 0.0984848  0.100493 0.0954719 0.0891625 0.0929406 0.0911168 0.0994253  0.106384 0.0992296  0.103861  0.105076  0.104046  0.105372  0.105653  0.101847 0.0875905  0.101701 0.0921544         0 0.0977121 0.0961245 0.0859361 0.0973559 0.0936363 0.0909772 0.0943121 0.0971392 0.0900672  0.100305  0.102759  0.109361 0.0988363  0.104498  0.105678  0.104073 0.0846064 0.0932827  0.103427 0.0950838 0.0950333 0.0918901 0.0969238 0.0994235  0.105403 0.0874842  0.104136 0.0953477 0.0878353 0.0929572  0.105514 0.0980188 0.0800096  0.099407 0.0962797 0.0798513   0.10679  0.103001  0.100952 0.0959415  0.102295  0.102317  0.113333  0.100983 0.0981951 0.0980158  0.104293 0.0929741 0.0997666 0.0995531  0.101878 0.0953548 0.0953772 0.0901587 0.0983408 0.0957295  0.103574 0.0973122 0.0924097 0.0916555  0.084242 0.0976459 0.0901587  0.101772 0.0800166
0.0955338  0.090731 0.0761668 0.0786918 0.0893221 0.0837005 0.0987497 0.0634864 0.0806427 0.0813824 0.0893682 0.0979217 0.0929768 0.0936723 0.0903074 0.0938282 0.0930803 0.0952298 0.0915787  0.082228 0.0833975 0.0892802 0.0968418 0.0919365 0.0876538  0.105957 0.0818698 0.0878602 0.0933288 0.0816602 0.0765899 0.0829603 0.0967695 0.0875095 0.0977121         0  0.085869 0.0802802  0.103868  0.101311   0.10283 0.0837461 0.0919725 0.0771066 0.0898582 0.0837971 0.0930809 0.0914967 0.0825116  0.100339 0.0969234 0.0860235 0.0894897  0.088145 0.0788844  0.087548 0.0881579 0.0813719 0.0873038  0.093118 0.0917297  0.100588 0.0881663 0.0821495 0.0808126 0.0888205 0.0883784 0.0787949 0.0873542 0.0842556 0.0981222 0.0992311 0.0915451 0.0921048 0.0837161 0.0989338 0.0907793 0.0855232 0.0811596 0.0844191 0.0827821 0.0870001 0.0756993 0.0958676 0.0810695 0.0782484 0.0810451 0.0873983 0.0790277 0.0901002 0.0833759 0.0915575 0.0994327   0.10191  0.093442 0.0815286  0.081914  0.074121 0.0671867 0.0644175
0.0881648 0.0972067  0.080752  0.074781  0.094684 0.0889858   0.10415 0.0815448 0.0858987 0.0883384 0.0982098 0.0878769 0.0901719 0.0804098  0.102244 0.0893649 0.0836719 0.0985375 0.0907617  0.090545 0.0906209 0.0725458 0.0958815 0.0913744 0.0891983 0.0923887 0.0822411 0.0858326 0.0922298 0.0924259 0.0852627 0.0908905  0.099508 0.0823423 0.0961245  0.085869         0 0.0659498 0.0950175 0.0888285  0.104454 0.0760905 0.0863846 0.0774913 0.0959721 0.0796899 0.0930494  0.101491 0.0903361 0.0915348 0.0882235 0.0809983 0.0704513 0.0897077 0.0772644 0.0893799 0.0909082  0.086404 0.0984387 0.0961718 0.0931131 0.0965095 0.0853661 0.0904439 0.0850574  0.106334 0.0972294 0.0757247 0.0900457 0.0858203 0.0963984 0.0900625  0.098049 0.0959525 0.0920015 0.0960006 0.0799087 0.0914528 0.0887262 0.0859661   0.10593 0.0978171 0.0770419 0.0916751 0.0794317 0.0926313 0.0747817 0.0797933 0.0800365  0.104817  0.089208 0.0869939 0.0849538 0.0988663  0.094493 0.0848694 0.0839151 0.0751169 0.0778512  0.066497
0.0816837 0.0824947 0.0668633 0.0776615 0.0870143 0.0848049 0.0956199 0.0796435 0.0723017 0.0789129 0.0899691 0.0922492 0.0751145  0.082725 0.0864928  0.089099 0.0748878 0.0905721 0.0859948 0.0880492 0.0840143 0.0673759 0.0880071 0.0789793 0.0878347  0.094814 0.0854252 0.0847834 0.0911662 0.0843775 0.0814724 0.0753429 0.0938433 0.0747058 0.0859361 0.0802802 0.0659498         0  0.095145  0.085239  0.098038 0.0676137 0.0837005 0.0723196 0.0851504 0.0836024 0.0933386 0.0933133  0.089173 0.0919725 0.0882821 0.0657498 0.0698302 0.0903826 0.0780203 0.0879095 0.0918397 0.0757073 0.0888356 0.0925379  0.081596 0.0933955 0.0722672 0.0853018 0.0828788 0.0989991 0.0917513 0.0669904 0.0870424 0.0851925 0.0902533 0.0901615 0.0850355 0.0965567 0.0848414 0.0853074 0.0793293 0.0839318 0.0785539 0.0758532 0.0931756  0.089346 0.0697632 0.0899348 0.0775716 0.0878451 0.0677335 0.0749974 0.0800649 0.0982143 0.0828824 0.0779979 0.0822278  0.093514 0.0902543 0.0836217 0.0863337 0.0768703 0.0775557 0.0615842
0.0993383 0.0928566  0.088996  0.109432 0.0965921  0.106505  0.105198 0.0978049 0.0978016 0.0909135 0.0842522 0.0872944  0.104599  0.090252 0.0883641   0.10281 0.0937838 0.0852425  0.091858  0.091415 0.0911441 0.0932612 0.0956672 0.0997828 0.0893163 0.0817112 0.0916243 0.0909484 0.0847665  0.102481 0.0906161   0.10266 0.0859996 0.0965119 0.0973559  0.103868 0.0950175  0.095145         0  0.115806 0.0860063 0.0835813  0.104415  0.099019 0.0890212 0.0953069 0.0895437  0.104317 0.0881753 0.0848907 0.0855387 0.0929013 0.0942999 0.0912309 0.0973512   0.10675 0.0978836 0.0923951 0.0880493  0.105268 0.0884241  0.103824 0.0969057 0.0839505 0.0996708   0.10716 0.0997648 0.0934567 0.0931897 0.0877504 0.0986321 0.0861596 0.0925305 0.0951924  0.100207 0.0943384 0.0948815  0.103291 0.0921899 0.0978843  0.103246 0.0984154 0.0896846 0.0966502  0.104713 0.0895105 0.0948011 0.0930393 0.0864378  0.101903  0.102016 0.0965047  0.106813 0.0963781  0.104463  0.098452 0.0952342 0.0991901 0.0962314  0.075481
0.0991468  0.103663 0.0943101 0.0667138 0.0976956  0.101001  0.113594 0.0953482 0.0896969  0.091306  0.105731 0.0975965 0.0879123  0.106249 0.0955593 0.0728861 0.0933501  0.105165  0.102878 0.0907774  0.100555 0.0780158  0.103494 0.0950665 0.0940274  0.101297 0.0975637 0.0986904  0.100537 0.0972123  0.101023 0.0991406  0.104243 0.0923978 0.0936363  0.101311 0.0888285  0.085239  0.115806         0 0.0942033 0.0842794 0.0942026 0.0955041  0.105367 0.0962501  0.113292  0.106798  0.100581  0.108743 0.0954882 0.0908117 0.0865273  0.100165 0.0796734 0.0806285  0.103951  0.100629  0.103329  0.105945 0.0995486  0.097814 0.0893413 0.0950415 0.0942576  0.106998  0.106378 0.0931198  0.103089  0.109655 0.0848566  0.104174  0.106941 0.0951818 0.0965126  0.103382 0.0909059 0.0959007 0.0918709 0.0983421  0.102299 0.0965927 0.0853803 0.0985733 0.0983507  0.109003 0.0819216 0.0900316 0.0948059  0.101271 0.0778758  0.096243 0.0902553  0.107299 0.0740479 0.0978007 0.0889042 0.0836942 0.0859613 0.0764249
