Pi:  0.27028 0.204619 0.240929 0.284171
S:  0.109545  0.185207  0.157477 0.0698528   0.36578  0.112139
