Pi: 0.267109 0.203632 0.250711 0.278548
S:  0.109003  0.190373  0.153949 0.0695161  0.372051  0.105108
