Pi: 0.215218 0.253315 0.291443 0.240024
S: 0.0862827  0.147044 0.0670841  0.252095  0.340368  0.107126
