Pi:  0.23274 0.217065 0.178534 0.371661
S:  0.185294  0.159472  0.115056 0.0259038  0.492467 0.0218074
