Pi:  0.24263 0.256779 0.186173 0.314417
S:  0.364819  0.158971  0.111181 0.0357532  0.304988 0.0242873
