Pi: 0.243122 0.257349 0.186022 0.313508
S:  0.366712  0.158662  0.108946 0.0369051  0.304493 0.0242818
