
Alignment summary:
Caecomyces_communis: -=130 A=413 C=310 G=399 N=1 T=407
Absidia_glauca: -=143 A=417 C=307 G=392 T=401
Rhizopus_oryzae: -=141 A=415 C=308 G=402 T=394
Mucor_hiemalis: -=159 A=418 C=301 G=393 T=389
Mortierella_polycephala: -=182 A=423 C=302 G=373 T=380
Echinosporangium_transversale: -=241 A=390 C=289 G=368 T=372
Mortierella_wolfii: -=214 A=391 C=287 G=387 T=381
Piromyces_communis: -=194 A=403 C=297 G=382 S=1 T=383
Kickxella_alabastrina: -=194 A=418 C=305 G=380 R=1 S=2 T=360
Linderina_pennispora: -=211 A=401 C=293 G=382 T=373
Dipsacomyces_acuminosporus: -=188 A=391 C=300 G=396 S=1 T=384
Entomophthora_muscae: -=160 A=412 C=307 G=400 T=381
Conidiobolus_coronatus: -=176 A=414 C=293 G=391 T=386
Smittium_culisetae: -=183 A=421 C=295 G=385 T=376
Furculomyces_boomerangus: -=182 A=418 C=288 G=377 T=395
Capniomyces_stellatus: -=164 A=429 C=283 G=390 N=1 T=393
Blastocladiella_emersonii: -=211 A=414 C=266 G=371 T=398
Chytridium_confervae: -=216 A=407 C=279 G=362 T=396
Neocallimastix_frontalis: -=219 A=404 C=275 G=376 T=386
Ustilago_hordii: -=217 A=417 C=279 G=376 T=371
Endogone_pisiforme: -=225 A=395 C=277 G=395 T=368
Glomus_mossae: -=240 A=400 C=282 G=371 T=367
Gigaspora_margarita: -=176 A=418 C=296 G=374 T=396
Coprinus_cinereus: -=188 A=417 C=287 G=373 T=395
Boletus_satanas: -=221 A=404 C=270 G=377 R=1 T=387
Morchella_elata: -=237 A=401 C=264 G=377 T=381
Peziza_badia: -=237 A=403 C=272 G=364 T=384
Saccharomyces_cerevisiae: -=202 A=410 C=282 G=367 T=399
Pneumocystis_carinii: -=191 A=423 C=269 G=369 T=408
Eurotium_rubrum: -=195 A=417 C=268 G=372 T=408
Neurospora_crassa: -=190 A=416 C=276 G=368 T=410
Taphrina_deformans: -=189 A=410 C=284 G=381 T=396
Schizosaccharomyces_pombe: -=234 A=403 C=265 G=366 T=392
Caenorhabditis_drosophilae: -=217 A=406 C=278 G=362 T=397
Hydra_littoralis: -=171 A=404 C=296 G=390 T=399
Calanus_pacificus: -=135 A=431 C=300 G=392 T=402
Coleochaete_scutata: -=135 A=426 C=293 G=399 T=407
Physcomitrella_patens: -=131 A=419 C=287 G=410 T=413
Arabidopsis_thaliana: -=125 A=426 C=284 G=405 T=420
Zea_mays: -=131 A=415 C=293 G=411 T=410
Mesostigma_viride: -=127 A=431 C=301 G=398 T=403
Xenopus_laevis: -=125 A=422 C=304 G=409 T=400
Gallus_gallus: -=126 A=417 C=305 G=408 T=404

Seed = 2001315762

Jukes-Cantor Distance Matrix:

        0  0.104722  0.139957  0.153734  0.144155  0.159111  0.158482   0.15166  0.143547  0.146581  0.167659  0.157765  0.146143  0.168049  0.171981   0.16621  0.150699  0.175462  0.143142   0.16325  0.166518  0.176431  0.166886  0.176829  0.164362  0.144155  0.136101  0.136741  0.142271  0.136741  0.142782  0.142782  0.137923  0.130565  0.138175   0.12783   0.15346  0.133556  0.127553  0.153009  0.151609  0.142007  0.120085
 0.104722         0  0.107557   0.14297  0.125384  0.149666  0.143847  0.146752  0.143586  0.138117  0.165367  0.149477  0.143908  0.170365  0.158604  0.160058  0.142619  0.166425  0.139208  0.147851  0.173494  0.160525  0.161292  0.170023   0.16024  0.159624   0.13449  0.138952  0.142706  0.123078  0.129083   0.13093  0.132652  0.132743  0.140767  0.134634  0.134931  0.135536  0.128481  0.149908  0.155537  0.129179  0.129086
 0.139957  0.107557         0  0.124677  0.124108  0.147331  0.146069  0.141135  0.144655  0.135266  0.162545  0.147533  0.154705   0.16649  0.172719  0.173179  0.159234  0.189249  0.158482  0.166465  0.170664  0.172391  0.164983  0.168538  0.170527  0.165113  0.144723  0.146468  0.156157  0.141135  0.147202  0.144058  0.148033  0.146182  0.152942  0.143821  0.149645  0.152478  0.148432  0.163813  0.188915  0.158247  0.155435
 0.153734   0.14297  0.124677         0  0.112592  0.143031  0.154071  0.145469  0.141866  0.138566  0.144813  0.149162  0.153833  0.184437  0.175708  0.186262  0.181752  0.203412  0.180183  0.187559  0.180036  0.168089  0.181174  0.182448  0.164481  0.167403  0.151471  0.146635  0.153138   0.14635  0.145667  0.160474  0.154243  0.161262  0.166011   0.15288  0.164013  0.163517  0.163247   0.17612  0.185888  0.176036   0.17179
 0.144155  0.125384  0.124108  0.112592         0  0.103665  0.115468  0.130568   0.12089  0.131411   0.15209  0.144099  0.154529  0.169926  0.167137  0.171095  0.160665  0.197737  0.162621  0.181154  0.180223  0.166246  0.161617  0.169826  0.156292  0.160049  0.140506  0.142835   0.15118  0.126368  0.132571  0.140288  0.154177  0.146926  0.155499  0.138391  0.134993  0.155096  0.145593  0.158361  0.159327  0.163316  0.158121
 0.159111  0.149666  0.147331  0.143031  0.103665         0  0.109396  0.122485  0.130424  0.129257  0.168974  0.161697  0.157321   0.18203  0.177046  0.198442  0.178458  0.209958  0.172921   0.19062   0.19574  0.188985   0.18785  0.184965  0.180819  0.180239  0.157939  0.161953  0.161663  0.149795  0.158218  0.177989  0.177913  0.170639  0.177341  0.161018  0.167895  0.173151  0.157854  0.175861  0.179528  0.189249  0.158733
 0.158482  0.143847  0.146069  0.154071  0.115468  0.109396         0 0.0878801  0.108459  0.127818  0.155938   0.15974  0.152936  0.170297  0.170926  0.168927  0.174626  0.197945  0.164702  0.177192  0.182742  0.186049  0.189418  0.189742  0.174209  0.176435   0.16168  0.163988  0.166302  0.147285  0.156419  0.161202  0.170931  0.161244  0.177243  0.164721  0.164333  0.162713  0.165046  0.170617  0.183997  0.180141  0.156388
  0.15166  0.146752  0.141135  0.145469  0.130568  0.122485 0.0878801         0 0.0863948  0.113249  0.142206  0.153907   0.14905  0.157225  0.156223  0.175827   0.17695  0.194009  0.159785  0.165695  0.173256  0.170654  0.178249  0.178934  0.158873  0.151252  0.149052  0.150909  0.157714    0.1444  0.148217  0.151871   0.16273  0.149197  0.170938  0.158114  0.157869  0.156037  0.150005  0.164502  0.177891  0.179087  0.177614
 0.143547  0.143586  0.144655  0.141866   0.12089  0.130424  0.108459 0.0863948         0 0.0722105  0.120535  0.135058  0.132721  0.151336  0.157225  0.158106  0.151927  0.179442  0.145196  0.168608  0.172109  0.160342  0.167268   0.16876   0.15264  0.150962  0.131264  0.132474  0.139029  0.130454   0.13609  0.144169  0.148211  0.140279  0.158608  0.150891  0.154568  0.147034  0.151311  0.157256  0.166838  0.164248  0.163134
 0.146581  0.138117  0.135266  0.138566  0.131411  0.129257  0.127818  0.113249 0.0722105         0 0.0875499  0.122283  0.115999  0.142013  0.165972  0.158861  0.142631  0.170322   0.14145  0.152832  0.152421  0.143732  0.146044  0.155266  0.146324  0.139473  0.131371  0.123459  0.135029  0.126624  0.128665  0.134818  0.134968   0.13381  0.150503    0.1447   0.15515  0.143513  0.143696  0.155271  0.164433  0.149649  0.166921
 0.167659  0.165367  0.162545  0.144813   0.15209  0.168974  0.155938  0.142206  0.120535 0.0875499         0   0.11151  0.133276  0.171085  0.166386  0.178747  0.159765  0.171194  0.159518  0.171326  0.149806  0.154004  0.172319  0.170512  0.157964  0.163363  0.141219  0.138124  0.146295  0.139489  0.141486  0.144252  0.164409  0.162518   0.17245  0.156409  0.166709  0.161666  0.164951   0.18084   0.18274  0.172581  0.184215
 0.157765  0.149477  0.147533  0.149162  0.144099  0.161697   0.15974  0.153907  0.135058  0.122283   0.11151         0 0.0992284  0.141169  0.161883  0.176699  0.162606   0.19355  0.157596   0.16664  0.164614  0.147046   0.16058  0.173821  0.173226  0.157838  0.128785  0.134818  0.149796   0.13398  0.146008   0.14099  0.152174  0.147158  0.163307  0.151789  0.165705  0.160763  0.156575  0.174543  0.170873  0.178147  0.171263
 0.146143  0.143908  0.154705  0.153833  0.154529  0.157321  0.152936   0.14905  0.132721  0.115999  0.133276 0.0992284         0  0.115785  0.158482  0.172581   0.15573   0.18128  0.150463  0.155799  0.159636  0.146749  0.160222  0.167801  0.159121  0.145499  0.134979  0.124964  0.139317  0.134069  0.136635  0.139739  0.131435  0.131214  0.145491  0.145359  0.160058  0.153526  0.151757  0.172512  0.167956  0.164165  0.168942
 0.168049  0.170365   0.16649  0.184437  0.169926   0.18203  0.170297  0.157225  0.151336  0.142013  0.171085  0.141169  0.115785         0  0.125666  0.162362  0.168957   0.19219  0.165548  0.174723  0.168866   0.17369  0.173759  0.185883  0.157966  0.163853   0.15405  0.149337   0.16306  0.148386  0.155454  0.142687  0.161512  0.145565  0.172939  0.170439  0.174257  0.186856  0.160673  0.188042  0.190408  0.181153   0.18893
 0.171981  0.158604  0.172719  0.175708  0.167137  0.177046  0.170926  0.156223  0.157225  0.165972  0.166386  0.161883  0.158482  0.125666         0  0.124016  0.148071  0.176624  0.163981  0.175698  0.172676  0.167033  0.177197  0.163664  0.157582  0.171895  0.167265  0.159759  0.164451  0.154307  0.149828  0.150185  0.166661  0.162865  0.173419  0.163134  0.159335  0.168179  0.153526  0.185097   0.18893  0.173179  0.179823
  0.16621  0.160058  0.173179  0.186262  0.171095  0.198442  0.168927  0.175827  0.158106  0.158861  0.178747  0.176699  0.172581  0.162362  0.124016         0  0.132159  0.168021  0.159487  0.169963  0.170159   0.14758  0.145791  0.168771  0.156325  0.155912  0.144678  0.150582  0.155239  0.152241  0.151525  0.143142  0.149851  0.139663  0.170691    0.1532  0.168168  0.158963  0.152049  0.177065  0.177201  0.175666   0.17363
 0.150699  0.142619  0.159234  0.181752  0.160665  0.178458  0.174626   0.17695  0.151927  0.142631  0.159765  0.162606   0.15573  0.168957  0.148071  0.132159         0  0.117812  0.124165  0.168139  0.167543  0.164075  0.155578  0.151372  0.149885  0.155295  0.127284  0.131011  0.131602  0.131918  0.137288  0.149773  0.142216  0.135517  0.148335  0.146637  0.159227  0.133686  0.137161  0.157987  0.163203  0.143918  0.165954
 0.175462  0.166425  0.189249  0.203412  0.197737  0.209958  0.197945  0.194009  0.179442  0.170322  0.171194   0.19355   0.18128   0.19219  0.176624  0.168021  0.117812         0  0.105133  0.151363  0.183254  0.180154   0.17912  0.177146  0.146284  0.169398   0.14601  0.140734  0.146154  0.149973  0.148472  0.151927  0.149955  0.141799  0.168401  0.181112  0.189091  0.171772   0.16819  0.195754  0.187283  0.189689   0.18563
 0.143142  0.139208  0.158482  0.180183  0.162621  0.172921  0.164702  0.159785  0.145196   0.14145  0.159518  0.157596  0.150463  0.165548  0.163981  0.159487  0.124165  0.105133         0  0.104351  0.137965  0.157152  0.155315  0.157582  0.140898  0.141507  0.129867  0.132877  0.144725   0.12372   0.12659   0.12986  0.135262  0.137301  0.154764  0.155607  0.156234  0.145604  0.145038  0.175407   0.17362  0.160727  0.148817
  0.16325  0.147851  0.166465  0.187559  0.181154   0.19062  0.177192  0.165695  0.168608  0.152832  0.171326   0.16664  0.155799  0.174723  0.175698  0.169963  0.168139  0.151363  0.104351         0 0.0870316  0.121231  0.141596  0.155534  0.155472  0.147787  0.137197  0.135078  0.143833  0.128278  0.130381  0.136301    0.1356  0.135058  0.153993  0.163508  0.172112  0.158607  0.153644  0.190764  0.184402  0.172932  0.160105
 0.166518  0.173494  0.170664  0.180036  0.180223   0.19574  0.182742  0.173256  0.172109  0.152421  0.149806  0.164614  0.159636  0.168866  0.172676  0.170159  0.167543  0.183254  0.137965 0.0870316         0 0.0737217  0.121375  0.148931  0.136852  0.152201  0.144438  0.143683  0.153671   0.13807  0.147166  0.134979  0.145263  0.142738  0.153099  0.158231  0.167714  0.162885  0.164883  0.185294  0.189858  0.181838  0.170603
 0.176431  0.160525  0.172391  0.168089  0.166246  0.188985  0.186049  0.170654  0.160342  0.143732  0.154004  0.147046  0.146749   0.17369  0.167033   0.14758  0.164075  0.180154  0.157152  0.121231 0.0737217         0 0.0877971  0.136083  0.133595  0.148033  0.137079  0.133135  0.140227  0.133942  0.146869  0.150752  0.135695  0.135037  0.161363  0.156827  0.163849  0.171693  0.160514  0.192048   0.19096  0.183882  0.175807
 0.166886  0.161292  0.164983  0.181174  0.161617   0.18785  0.189418  0.178249  0.167268  0.146044  0.172319   0.16058  0.160222  0.173759  0.177197  0.145791  0.155578   0.17912  0.155315  0.141596  0.121375 0.0877971         0  0.113081   0.13899  0.132523   0.12111  0.124186  0.136208  0.124257  0.130596  0.130495  0.126227  0.122706  0.156868  0.147533  0.163464  0.160785  0.157758  0.173642  0.175374  0.178158  0.170061
 0.176829  0.170023  0.168538  0.182448  0.169826  0.184965  0.189742  0.178934   0.16876  0.155266  0.170512  0.173821  0.167801  0.185883  0.163664  0.168771  0.151372  0.177146  0.157582  0.155534  0.148931  0.136083  0.113081         0  0.109905  0.141909  0.139939   0.13566  0.137495  0.139332  0.127371   0.14073  0.142118  0.136083  0.159867  0.163283  0.172181  0.162651  0.161541  0.178309  0.177847  0.175266   0.17803
 0.164362   0.16024  0.170527  0.164481  0.156292  0.180819  0.174209  0.158873   0.15264  0.146324  0.157964  0.173226  0.159121  0.157966  0.157582  0.156325  0.149885  0.146284  0.140898  0.155472  0.136852  0.133595   0.13899  0.109905         0 0.0926424  0.123968  0.123599  0.121206  0.113735  0.125887   0.12685  0.138677  0.121428  0.139585   0.14744  0.161107  0.156737  0.145781  0.167888  0.166386  0.173545  0.161602
 0.144155  0.159624  0.165113  0.167403  0.160049  0.180239  0.176435  0.151252  0.150962  0.139473  0.163363  0.157838  0.145499  0.163853  0.171895  0.155912  0.155295  0.169398  0.141507  0.147787  0.152201  0.148033  0.132523  0.141909 0.0926424         0 0.0735346  0.102576  0.121792  0.112612  0.123918  0.123346  0.124589  0.115928  0.137073   0.14073  0.157344  0.145822  0.139317  0.170451  0.170588  0.159994  0.170177
 0.136101   0.13449  0.144723  0.151471  0.140506  0.157939   0.16168  0.149052  0.131264  0.131371  0.141219  0.128785  0.134979   0.15405  0.167265  0.144678  0.127284   0.14601  0.129867  0.137197  0.144438  0.137079   0.12111  0.139939  0.123968 0.0735346         0 0.0534597 0.0869089  0.104394  0.111286  0.115035  0.118083  0.117796  0.126691  0.124739  0.149592  0.133965  0.122675  0.144268  0.163664  0.140377  0.154105
 0.136741  0.138952  0.146468  0.146635  0.142835  0.161953  0.163988  0.150909  0.132474  0.123459  0.138124  0.134818  0.124964  0.149337  0.159759  0.150582  0.131011  0.140734  0.132877  0.135078  0.143683  0.133135  0.124186   0.13566  0.123599  0.102576 0.0534597         0 0.0708277 0.0858078  0.109815  0.107086  0.111315  0.109298  0.118888    0.1251  0.139153  0.127289  0.120438  0.146301  0.154309  0.143547  0.150542
 0.142271  0.142706  0.156157  0.153138   0.15118  0.161663  0.166302  0.157714  0.139029  0.135029  0.146295  0.149796  0.139317   0.16306  0.164451  0.155239  0.131602  0.146154  0.144725  0.143833  0.153671  0.140227  0.136208  0.137495  0.121206  0.121792 0.0869089 0.0708277         0 0.0705217 0.0970515  0.114607  0.112374  0.111315  0.131458  0.132084   0.14351  0.133636  0.129944  0.148321  0.161417   0.15315  0.148208
 0.136741  0.123078  0.141135   0.14635  0.126368  0.149795  0.147285    0.1444  0.130454  0.126624  0.139489   0.13398  0.134069  0.148386  0.154307  0.152241  0.131918  0.149973   0.12372  0.128278   0.13807  0.133942  0.124257  0.139332  0.113735  0.112612  0.104394 0.0858078 0.0705217         0 0.0828126 0.0997041  0.101812 0.0985886 0.0986361  0.109569  0.119986  0.111093  0.115498  0.146977  0.137989  0.148321  0.135188
 0.142782  0.129083  0.147202  0.145667  0.132571  0.158218  0.156419  0.148217   0.13609  0.128665  0.141486  0.146008  0.136635  0.155454  0.149828  0.151525  0.137288  0.148472   0.12659  0.130381  0.147166  0.146869  0.130596  0.127371  0.125887  0.123918  0.111286  0.109815 0.0970515 0.0828126         0 0.0852445 0.0974258  0.105702  0.113338  0.122062  0.134983  0.119447  0.128017  0.148095   0.14748  0.136948  0.144524
 0.142782   0.13093  0.144058  0.160474  0.140288  0.177989  0.161202  0.151871  0.144169  0.134818  0.144252   0.14099  0.139739  0.142687  0.150185  0.143142  0.149773  0.151927   0.12986  0.136301  0.134979  0.150752  0.130495   0.14073   0.12685  0.123346  0.115035  0.107086  0.114607 0.0997041 0.0852445         0 0.0879384  0.108221  0.130534  0.131885   0.13757  0.125855  0.128017   0.15909  0.163614  0.152799  0.148095
 0.137923  0.132652  0.148033  0.154243  0.154177  0.177913  0.170931   0.16273  0.148211  0.134968  0.164409  0.152174  0.131435  0.161512  0.166661  0.149851  0.142216  0.149955  0.135262    0.1356  0.145263  0.135695  0.126227  0.142118  0.138677  0.124589  0.118083  0.111315  0.112374  0.101812 0.0974258 0.0879384         0 0.0866272  0.110311  0.120817  0.129167  0.121375  0.128665  0.144268  0.154083  0.154348  0.153839
 0.130565  0.132743  0.146182  0.161262  0.146926  0.170639  0.161244  0.149197  0.140279   0.13381  0.162518  0.147158  0.131214  0.145565  0.162865  0.139663  0.135517  0.141799  0.137301  0.135058  0.142738  0.135037  0.122706  0.136083  0.121428  0.115928  0.117796  0.109298  0.111315 0.0985886  0.105702  0.108221 0.0866272         0 0.0978511  0.111371  0.124749  0.110165  0.106439  0.129533  0.136426  0.134964  0.136636
 0.138175  0.140767  0.152942  0.166011  0.155499  0.177341  0.177243  0.170938  0.158608  0.150503   0.17245  0.163307  0.145491  0.172939  0.173419  0.170691  0.148335  0.168401  0.154764  0.153993  0.153099  0.161363  0.156868  0.159867  0.139585  0.137073  0.126691  0.118888  0.131458 0.0986361  0.113338  0.130534  0.110311 0.0978511         0  0.106076  0.116719   0.12721  0.121142  0.135113  0.151675  0.151935  0.147083
  0.12783  0.134634  0.143821   0.15288  0.138391  0.161018  0.164721  0.158114  0.150891    0.1447  0.156409  0.151789  0.145359  0.170439  0.163134    0.1532  0.146637  0.181112  0.155607  0.163508  0.158231  0.156827  0.147533  0.163283   0.14744   0.14073  0.124739    0.1251  0.132084  0.109569  0.122062  0.131885  0.120817  0.111371  0.106076         0 0.0982116  0.124597  0.127094  0.150687  0.143431  0.144299  0.148044
  0.15346  0.134931  0.149645  0.164013  0.134993  0.167895  0.164333  0.157869  0.154568   0.15515  0.166709  0.165705  0.160058  0.174257  0.159335  0.168168  0.159227  0.189091  0.156234  0.172112  0.167714  0.163849  0.163464  0.172181  0.161107  0.157344  0.149592  0.139153   0.14351  0.119986  0.134983   0.13757  0.129167  0.124749  0.116719 0.0982116         0  0.127277  0.133092  0.161757  0.151054  0.163497  0.149439
 0.133556  0.135536  0.152478  0.163517  0.155096  0.173151  0.162713  0.156037  0.147034  0.143513  0.161666  0.160763  0.153526  0.186856  0.168179  0.158963  0.133686  0.171772  0.145604  0.158607  0.162885  0.171693  0.160785  0.162651  0.156737  0.145822  0.133965  0.127289  0.133636  0.111093  0.119447  0.125855  0.121375  0.110165   0.12721  0.124597  0.127277         0  0.105126  0.132592  0.148199  0.141596   0.13813
 0.127553  0.128481  0.148432  0.163247  0.145593  0.157854  0.165046  0.150005  0.151311  0.143696  0.164951  0.156575  0.151757  0.160673  0.153526  0.152049  0.137161   0.16819  0.145038  0.153644  0.164883  0.160514  0.157758  0.161541  0.145781  0.139317  0.122675  0.120438  0.129944  0.115498  0.128017  0.128017  0.128665  0.106439  0.121142  0.127094  0.133092  0.105126         0  0.113585  0.133206  0.129205  0.142185
 0.153009  0.149908  0.163813   0.17612  0.158361  0.175861  0.170617  0.164502  0.157256  0.155271   0.18084  0.174543  0.172512  0.188042  0.185097  0.177065  0.157987  0.195754  0.175407  0.190764  0.185294  0.192048  0.173642  0.178309  0.167888  0.170451  0.144268  0.146301  0.148321  0.146977  0.148095   0.15909  0.144268  0.129533  0.135113  0.150687  0.161757  0.132592  0.113585         0  0.132209  0.123772   0.15153
 0.151609  0.155537  0.188915  0.185888  0.159327  0.179528  0.183997  0.177891  0.166838  0.164433   0.18274  0.170873  0.167956  0.190408   0.18893  0.177201  0.163203  0.187283   0.17362  0.184402  0.189858   0.19096  0.175374  0.177847  0.166386  0.170588  0.163664  0.154309  0.161417  0.137989   0.14748  0.163614  0.154083  0.136426  0.151675  0.143431  0.151054  0.148199  0.133206  0.132209         0  0.142567  0.158366
 0.142007  0.129179  0.158247  0.176036  0.163316  0.189249  0.180141  0.179087  0.164248  0.149649  0.172581  0.178147  0.164165  0.181153  0.173179  0.175666  0.143918  0.189689  0.160727  0.172932  0.181838  0.183882  0.178158  0.175266  0.173545  0.159994  0.140377  0.143547   0.15315  0.148321  0.136948  0.152799  0.154348  0.134964  0.151935  0.144299  0.163497  0.141596  0.129205  0.123772  0.142567         0  0.134775
 0.120085  0.129086  0.155435   0.17179  0.158121  0.158733  0.156388  0.177614  0.163134  0.166921  0.184215  0.171263  0.168942   0.18893  0.179823   0.17363  0.165954   0.18563  0.148817  0.160105  0.170603  0.175807  0.170061   0.17803  0.161602  0.170177  0.154105  0.150542  0.148208  0.135188  0.144524  0.148095  0.153839  0.136636  0.147083  0.148044  0.149439   0.13813  0.142185   0.15153  0.158366  0.134775         0


JC Tree topology:
(1,2,((((((((3,4),((5,6),(7,8))),(((9,10),11),(12,13))),(((14,15),16),(17,(18,19)))),((((20,(21,22)),(23,24)),(25,26)),((((27,28),29),30),(31,(32,33))))),(34,(35,(36,37)))),((38,39),((40,42),41))),43));

Putting MLE Branch Lengths
p: 0.279217 0.195231 0.260162  0.26539
s: 0.0978946  0.239261  0.142469  0.089219  0.306167   0.12499
Q: 
-0.858874  0.175302   0.42845  0.255122
 0.250714  -1.26332  0.228495  0.784112
 0.459831  0.171468 -0.871516  0.240216
 0.268414  0.576824  0.235483  -1.08072

(((31:0.0469177,(32:0.0455019,33:0.0454744):0.0133663):0.0095251,(((27:0.0406156,28:0.0157412):0.0266967,29:0.0319294):0.0212584,30:0.0301998):0.0203491):0.0128393,(((24:0.0623256,23:0.0543440):0.0224147,((22:0.0482897,21:0.0277043):0.0243763,20:0.0497641):0.0370231):0.0164197,(25:0.0462037,26:0.0467465):0.0303244):0.0141117,(((((11:0.0612482,(10:0.0252025,9:0.0515446):0.0157976):0.0192562,(13:0.0507932,12:0.0517306):0.0313168):0.0166215,((4:0.0622291,3:0.0667005):0.0224736,((5:0.0452953,6:0.0605713):0.0188926,(8:0.0450599,7:0.0446995):0.0300439):0.0133538):0.0206532):0.0210283,((17:0.0555977,(19:0.0493994,18:0.0586670):0.0250320):0.0271363,(16:0.0713479,(14:0.0726148,15:0.0573282):0.0276099):0.0209002):0.0191572):0.0059992,((((1:0.0531079,2:0.0556571):0.0231731,43:0.0788621):0.0199753,(((40:0.0618528,42:0.0672689):0.0095905,41:0.0802798):0.0165305,(38:0.0584257,39:0.0542387):0.0100003):0.0081404):0.0127063,((35:0.0555950,(36:0.0428590,37:0.0595679):0.0163096):0.0070349,34:0.0587170):0.0141088):0.0185929):0.0109252);
Seed = 3316503033
Seeds per chain: 
     3195019222
     3601860574
     3416184339
     1247672830
stationary acceptance: 0.210673
symmetric acceptance: 0.144688
branch length acceptance: 0.469101
avgP: 0.268514 0.216101 0.270994 0.244391
sP: 7.51989e-05 5.97871e-05 6.06797e-05 5.66661e-05
avgS: 0.0854947  0.241167  0.142804 0.0780655  0.334697  0.117772
sS: 2.81135e-05 0.000103814 4.07328e-05 3.05602e-05 0.000121117  3.6674e-05
0.268514 0.216101 0.270994 0.244391
0.0854947  0.241167  0.142804 0.0780655  0.334697  0.117772

-0.87419 0.159199 0.449076 0.265914
0.197812 -1.15284 0.180623 0.774401
0.444967 0.144036  -0.8063 0.217297
0.292162 0.684757  0.24095 -1.21787

stationary acceptance: 0.205458
symmetric acceptance: 0.130663
branch length acceptance: 0.456623
avgP: 0.268269 0.216179 0.271171 0.244381
sP: 7.47328e-05 5.89114e-05 6.11939e-05 5.63599e-05
avgS: 0.0855053  0.241109  0.142825 0.0781075   0.33464  0.117814
sS: 2.84548e-05 0.000107236 4.03061e-05 3.01462e-05 0.000121717 3.59021e-05
0.268269 0.216179 0.271171 0.244381
0.0855053  0.241109  0.142825 0.0781075   0.33464  0.117814

-0.874941  0.159365  0.449379  0.266197
 0.197765  -1.15241  0.180654  0.773987
 0.444569  0.144019  -0.80582  0.217232
 0.292217  0.684668  0.241046  -1.21793

stationary acceptance: 0.19778
symmetric acceptance: 0.142659
branch length acceptance: 0.461665
avgP: 0.268282 0.216251  0.27112 0.244347
sP: 7.43987e-05 5.84609e-05 6.02702e-05 5.64009e-05
avgS: 0.0855304  0.241181   0.14277 0.0780818  0.334651  0.117786
sS: 2.82158e-05 0.000105806 4.03595e-05 3.01589e-05 0.000122905 3.60752e-05
0.268282 0.216251  0.27112 0.244347
0.0855304  0.241181   0.14277 0.0780818  0.334651  0.117786

-0.874976  0.159404  0.449491  0.266082
 0.197758  -1.15205  0.180535  0.773756
 0.444787  0.143999 -0.806007  0.217221
 0.292146  0.684785  0.241022  -1.21795

stationary acceptance: 0.217061
symmetric acceptance: 0.142598
branch length acceptance: 0.467384
avgP: 0.268354  0.21624 0.271002 0.244405
sP: 7.58199e-05 5.87892e-05 5.99854e-05 5.68947e-05
avgS: 0.0854931  0.241085   0.14281 0.0780021  0.334783  0.117827
sS: 2.76302e-05 0.000105732 4.02657e-05 3.02329e-05 0.000124163 3.58833e-05
0.268354  0.21624 0.271002 0.244405
0.0854931  0.241085   0.14281 0.0780021  0.334783  0.117827

-0.87457 0.159292 0.449193 0.266086
0.197681 -1.15214  0.18036 0.774099
0.444804 0.143915 -0.80611 0.217392
0.292159 0.684894 0.241049  -1.2181

GTR Distance Matrix:

        0  0.104985  0.141409  0.155163  0.144821  0.160812  0.160135  0.153404  0.145263  0.147947  0.168635  0.159108  0.147528  0.169892  0.173529  0.168322  0.152982  0.177292  0.144325   0.16526  0.169592  0.178924  0.169065  0.179056  0.165687  0.145866  0.136953  0.138055  0.143425  0.137702  0.143131  0.143603  0.138849  0.131417  0.139372  0.129113  0.154869  0.134745  0.128172  0.155245    0.1534  0.142692   0.12056
 0.104985         0   0.10803  0.144226  0.125436   0.15059  0.144689  0.148016  0.145035  0.139195   0.16682  0.150528   0.14535  0.172443  0.159708  0.161254  0.144767  0.168267  0.140233  0.149415   0.17588  0.162006  0.162131  0.171856  0.161518  0.160481  0.135119  0.140038  0.143635  0.123844  0.129817  0.131853  0.133498  0.133545  0.141693  0.135649  0.135631  0.136799  0.129067  0.151602  0.156742  0.130066  0.129796
 0.141409   0.10803         0  0.125634  0.124772  0.148715  0.147283  0.142685  0.146607  0.136801  0.164173  0.149681   0.15634  0.169323  0.174924  0.176034  0.162062  0.193154  0.161249  0.169362  0.174118   0.17559  0.167245   0.17149  0.173351  0.167324  0.145916  0.148462   0.15798   0.14231  0.148101    0.1457  0.149772  0.147496  0.155117  0.146069  0.151873  0.154775  0.150244  0.166518  0.192156  0.160603   0.15768
 0.155163  0.144226  0.125634         0  0.113346   0.14482  0.155645  0.147349  0.143928  0.140663  0.146877  0.151202  0.155715  0.187546   0.17856  0.189954  0.185049  0.206938  0.183115  0.191063   0.18391  0.171402  0.183826  0.185176  0.166952  0.169431  0.152715  0.148378  0.155195  0.148275  0.146916  0.162503  0.155577  0.162807   0.16845  0.155206  0.166526  0.165681  0.165741  0.179499   0.18935  0.178742  0.174119
 0.144821  0.125436  0.124772  0.113346         0  0.103829  0.115622  0.131221  0.121516  0.132254   0.15326  0.145653  0.155856  0.171712    0.1685  0.173271  0.162703  0.199825  0.163972  0.183152  0.183178  0.169142  0.163406  0.171801  0.158185  0.161327  0.140921  0.143807  0.152386   0.12729  0.133289  0.141253  0.155166  0.147211  0.156888  0.139762  0.136073  0.156458  0.146711  0.160482  0.160972  0.164392   0.15927
 0.160812   0.15059  0.148715   0.14482  0.103829         0  0.109925  0.122251  0.131388  0.130387  0.170456  0.163392  0.158828   0.18334  0.178095  0.201083  0.180745   0.21332  0.175375  0.193152  0.198947  0.191583   0.18984  0.186905  0.183702  0.182433  0.158625  0.163465  0.163466  0.151053  0.158953   0.17967  0.178952  0.171608  0.179516  0.163038  0.169133  0.174855  0.159672  0.177949  0.181561  0.191389  0.160139
 0.160135  0.144689  0.147283  0.155645  0.115622  0.109925         0 0.0877642  0.109071  0.128103  0.156478  0.161062  0.153931  0.172689  0.173448  0.172009  0.177577  0.201103  0.167271  0.180082   0.18646  0.189553   0.19212  0.192586   0.17673  0.178071  0.162261  0.165477  0.168086  0.148617  0.157495  0.163007  0.172999   0.16306  0.180266  0.167166  0.166475  0.164755  0.167102  0.173463  0.186458  0.182367  0.158149
 0.153404  0.148016  0.142685  0.147349  0.131221  0.122251 0.0877642         0 0.0871572  0.113873  0.143312  0.155775  0.150107  0.158776  0.157906  0.179414  0.179928  0.197277  0.162435  0.168428  0.176338  0.173615  0.180757  0.181297  0.161075  0.152991  0.150038  0.152743  0.160173  0.146167  0.149655  0.153827  0.164713  0.150873   0.17382  0.160671  0.160172  0.158488  0.152663  0.167491  0.180286  0.181451  0.179644
 0.145263  0.145035  0.146607  0.143928  0.121516  0.131388  0.109071 0.0871572         0 0.0725324  0.121466  0.137034   0.13417  0.153271  0.159566  0.161168   0.15491  0.182808  0.147848  0.171906   0.17604  0.163443  0.169927   0.17158   0.15519  0.153325  0.131751  0.133871  0.140925  0.131985  0.137372  0.146096   0.14986  0.141539  0.161376  0.153455  0.156284  0.149346  0.153447  0.160245  0.169354  0.166361  0.165236
 0.147947  0.139195  0.136801  0.140663  0.132254  0.130387  0.128103  0.113873 0.0725324         0 0.0875429  0.122943   0.11633  0.142968  0.166957  0.160972   0.14478  0.172634  0.143455  0.154723  0.154975  0.146131  0.148154  0.157479  0.148311  0.141364  0.132305  0.124643   0.13676  0.127835  0.129494  0.136135  0.136356  0.135104  0.152801  0.146585  0.156521  0.145311  0.145664  0.157884  0.166663  0.151254  0.168324
 0.168635   0.16682  0.164173  0.146877   0.15326  0.170456  0.156478  0.143312  0.121466 0.0875429         0  0.112062  0.133404  0.172697  0.167896  0.181412  0.162113   0.17286  0.161355  0.173288   0.15193   0.15654  0.174296  0.172843  0.159314  0.164602  0.141731  0.138684   0.14759  0.140204  0.141765   0.14518  0.165332  0.162742  0.174365  0.158099  0.168761  0.163071  0.166541  0.183205   0.18514  0.174606  0.185055
 0.159108  0.150528  0.149681  0.151202  0.145653  0.163392  0.161062  0.155775  0.137034  0.122943  0.112062         0 0.0994904  0.142713  0.163158  0.178427  0.164451  0.195036  0.159265  0.168341  0.166721  0.149241  0.162729  0.176071  0.174914   0.15975  0.129556  0.135778  0.150825  0.134838  0.146863  0.142141  0.153414  0.148141  0.165223  0.153457  0.167377  0.163156  0.158159  0.177237  0.172979  0.180479  0.172806
 0.147528   0.14535   0.15634  0.155715  0.155856  0.158828  0.153931  0.150107   0.13417   0.11633  0.133404 0.0994904         0  0.116778  0.159574  0.174468  0.157321  0.182888   0.15231  0.158521   0.16221  0.148772  0.162026   0.16975  0.160711  0.146955  0.135614   0.12619  0.140309  0.135083  0.137339  0.140564  0.132662  0.132166  0.147339  0.146721  0.161259  0.155212  0.153277   0.17429  0.169319    0.1658  0.170069
 0.169892  0.172443  0.169323  0.187546  0.171712   0.18334  0.172689  0.158776  0.153271  0.142968  0.172697  0.142713  0.116778         0  0.126676  0.164982  0.171184  0.194657  0.167586  0.177424  0.172401  0.177265  0.177003   0.18909  0.160346  0.166534   0.15615  0.151919  0.165431  0.149989   0.15663  0.144378  0.163745  0.147031   0.17528  0.172448  0.175852  0.189619  0.162904  0.191153  0.193206  0.183281  0.190783
 0.173529  0.159708  0.174924   0.17856    0.1685  0.178095  0.173448  0.157906  0.159566  0.166957  0.167896  0.163158  0.159574  0.126676         0  0.125466  0.149389  0.178693  0.165225  0.177527  0.174668  0.169228  0.178858   0.16535  0.159802  0.173547  0.168026  0.161357  0.166302  0.155716  0.150641  0.151311    0.1681  0.163976  0.174928  0.165353  0.160941  0.170327  0.154957  0.187013  0.191394  0.174152  0.181174
 0.168322  0.161254  0.176034  0.189954  0.173271  0.201083  0.172009  0.179414  0.161168  0.160972  0.181412  0.178427  0.174468  0.164982  0.125466         0  0.133578  0.169982  0.161283  0.172409  0.173408  0.150052   0.14761  0.171339  0.158303  0.158003  0.146271  0.152759  0.157481  0.153936  0.152818  0.144471  0.150975  0.141167  0.172766  0.155134  0.170397   0.16128   0.15426  0.180001  0.180118  0.177105  0.174588
 0.152982  0.144767  0.162062  0.185049  0.162703  0.180745  0.177577  0.179928   0.15491   0.14478  0.162113  0.164451  0.157321  0.171184  0.149389  0.133578         0  0.118671  0.125141  0.171608  0.170656  0.165981  0.157502  0.153166  0.152071   0.15781  0.129024  0.132834  0.133505  0.133533  0.138773  0.151566   0.14419  0.136772  0.150503  0.148821  0.161331  0.135415  0.138552  0.160342  0.165856   0.14581  0.167745
 0.177292  0.168267  0.193154  0.206938  0.199825   0.21332  0.201103  0.197277  0.182808  0.172634   0.17286  0.195036  0.182888  0.194657  0.178693  0.169982  0.118671         0  0.105718   0.15337  0.185601   0.18182  0.182467   0.18005  0.148091  0.171626  0.148048  0.142967  0.147992  0.151623  0.149477  0.152918  0.151532  0.143038  0.170496   0.18342  0.191659   0.17408  0.170108  0.198173  0.190088  0.191734  0.187324
 0.144325  0.140233  0.161249  0.183115  0.163972  0.175375  0.167271  0.162435  0.147848  0.143455  0.161355  0.159265   0.15231  0.167586  0.165225  0.161283  0.125141  0.105718         0  0.105588    0.1398   0.15949  0.157486  0.159847  0.142048  0.142876  0.130905  0.134218  0.146013   0.12457  0.127201  0.130432  0.136356    0.1381  0.156407  0.156719  0.157594   0.14739   0.14596  0.177841  0.176092  0.162512  0.149572
  0.16526  0.149415  0.169362  0.191063  0.183152  0.193152  0.180082  0.168428  0.171906  0.154723  0.173288  0.168341  0.158521  0.177424  0.177527  0.172409  0.171608   0.15337  0.105588         0 0.0878585  0.122388  0.143433  0.158282  0.157527  0.150481     0.139     0.137  0.145438  0.129516  0.131617  0.137672  0.137299  0.136092  0.156206  0.165795  0.174776  0.161817  0.155725  0.194484  0.187855  0.175256  0.161472
 0.169592   0.17588  0.174118   0.18391  0.183178  0.198947   0.18646  0.176338   0.17604  0.154975   0.15193  0.166721   0.16221  0.172401  0.174668  0.173408  0.170656  0.185601    0.1398 0.0878585         0  0.074268   0.12283  0.151565  0.138711  0.155245  0.146249  0.145687  0.155333  0.139219  0.148565  0.136567   0.14732   0.14426  0.155724   0.16083  0.170852  0.166674  0.167869  0.189624  0.193574   0.18524  0.172814
 0.178924  0.162006   0.17559  0.171402  0.169142  0.191583  0.189553  0.173615  0.163443  0.146131   0.15654  0.149241  0.148772  0.177265  0.169228  0.150052  0.165981   0.18182   0.15949  0.122388  0.074268         0 0.0881909  0.137875  0.135305   0.15017  0.138148  0.134687  0.141646  0.135329  0.147933  0.152289  0.137411  0.136356  0.163721  0.159194  0.166922   0.17494  0.162622  0.195797  0.194049  0.186724  0.177791
 0.169065  0.162131  0.167245  0.183826  0.163406   0.18984   0.19212  0.180757  0.169927  0.148154  0.174296  0.162729  0.162026  0.177003  0.178858   0.14761  0.157502  0.182467  0.157486  0.143433   0.12283 0.0881909         0  0.114061  0.139875  0.133955  0.122227  0.125475  0.137622  0.125376  0.131432  0.131632   0.12741  0.123497  0.158501  0.148962  0.165298  0.162877  0.159283  0.175938  0.177767   0.17992  0.171079
 0.179056  0.171856   0.17149  0.185176  0.171801  0.186905  0.192586  0.181297   0.17158  0.157479  0.172843  0.176071   0.16975   0.18909   0.16535  0.171339  0.153166   0.18005  0.159847  0.158282  0.151565  0.137875  0.114061         0  0.110935  0.143285   0.14122  0.136624  0.138743   0.14061  0.128052  0.141774  0.143505  0.136508  0.161891  0.165082  0.174146  0.164518  0.163054  0.180695  0.179924  0.176998  0.179363
 0.165687  0.161518  0.173351  0.166952  0.158185  0.183702   0.17673  0.161075   0.15519  0.148311  0.159314  0.174914  0.160711  0.160346  0.159802  0.158303  0.152071  0.148091  0.142048  0.157527  0.138711  0.135305  0.139875  0.110935         0 0.0929649  0.124322   0.12421  0.121899  0.114183  0.125977  0.127102  0.139527  0.121875  0.141053  0.149083  0.162807  0.158347  0.146845  0.169886  0.168682  0.174942  0.162202
 0.145866  0.160481  0.167324  0.169431  0.161327  0.182433  0.178071  0.152991  0.153325  0.141364  0.164602   0.15975  0.146955  0.166534  0.173547  0.158003   0.15781  0.171626  0.142876  0.150481  0.155245   0.15017  0.133955  0.143285 0.0929649         0   0.07365  0.103029  0.122872  0.113435   0.12456  0.124023  0.125563  0.116688  0.139201  0.142786  0.159601  0.148083  0.141041  0.172664  0.172783  0.161453  0.171198
 0.136953  0.135119  0.145916  0.152715  0.140921  0.158625  0.162261  0.150038  0.131751  0.132305  0.141731  0.129556  0.135614   0.15615  0.168026  0.146271  0.129024  0.148048  0.130905     0.139  0.146249  0.138148  0.122227   0.14122  0.124322   0.07365         0  0.053383 0.0871691  0.104749  0.111861  0.115619  0.118929  0.118433  0.127822  0.125724  0.150619  0.135316  0.123555  0.145832    0.1649  0.141246  0.154603
 0.138055  0.140038  0.148462  0.148378  0.143807  0.163465  0.165477  0.152743  0.133871  0.124643  0.138684  0.135778   0.12619  0.151919  0.161357  0.152759  0.132834  0.142967  0.134218     0.137  0.145687  0.134687  0.125475  0.136624   0.12421  0.103029  0.053383         0 0.0707291 0.0857825  0.110261  0.107828  0.112102  0.109748   0.11998   0.12599  0.140182  0.128523  0.121556  0.148233  0.155999  0.145064  0.151523
 0.143425  0.143635   0.15798  0.155195  0.152386  0.163466  0.168086  0.160173  0.140925   0.13676   0.14759  0.150825  0.140309  0.165431  0.166302  0.157481  0.133505  0.147992  0.146013  0.145438  0.155333  0.141646  0.137622  0.138743  0.121899  0.122872 0.0871691 0.0707291         0 0.0704342 0.0972076  0.115414  0.112776  0.111812  0.132737  0.133341  0.144331  0.134936  0.130949  0.149807  0.163319  0.154074  0.148916
 0.137702  0.123844   0.14231  0.148275   0.12729  0.151053  0.148617  0.146167  0.131985  0.127835  0.140204  0.134838  0.135083  0.149989  0.155716  0.153936  0.133533  0.151623   0.12457  0.129516  0.139219  0.135329  0.125376   0.14061  0.114183  0.113435  0.104749 0.0857825 0.0704342         0 0.0829069  0.100228  0.102061 0.0985914 0.0995193  0.110386  0.120889  0.112151  0.116339  0.148526  0.139771  0.148906  0.135897
 0.143131  0.129817  0.148101  0.146916  0.133289  0.158953  0.157495  0.149655  0.137372  0.129494  0.141765  0.146863  0.137339   0.15663  0.150641  0.152818  0.138773  0.149477  0.127201  0.131617  0.148565  0.147933  0.131432  0.128052  0.125977   0.12456  0.111861  0.110261 0.0972076 0.0829069         0 0.0853377 0.0972854  0.105418  0.113829   0.12243  0.135446  0.119913  0.128554  0.148938  0.148193  0.136852  0.144416
 0.143603  0.131853    0.1457  0.162503  0.141253   0.17967  0.163007  0.153827  0.146096  0.136135   0.14518  0.142141  0.140564  0.144378  0.151311  0.144471  0.151566  0.152918  0.130432  0.137672  0.136567  0.152289  0.131632  0.141774  0.127102  0.124023  0.115619  0.107828  0.115414  0.100228 0.0853377         0 0.0880779  0.108068  0.130751  0.132306  0.138304  0.126777  0.128378  0.160476  0.164909  0.153203  0.148271
 0.138849  0.133498  0.149772  0.155577  0.155166  0.178952  0.172999  0.164713   0.14986  0.136356  0.165332  0.153414  0.132662  0.163745    0.1681  0.150975   0.14419  0.151532  0.136356  0.137299   0.14732  0.137411   0.12741  0.143505  0.139527  0.125563  0.118929  0.112102  0.112776  0.102061 0.0972854 0.0880779         0 0.0865676  0.111158  0.121601  0.129763   0.12219  0.129243  0.145668  0.155331  0.154744  0.153995
 0.131417  0.133545  0.147496  0.162807  0.147211  0.171608   0.16306  0.150873  0.141539  0.135104  0.162742  0.148141  0.132166  0.147031  0.163976  0.141167  0.136772  0.143038    0.1381  0.136092   0.14426  0.136356  0.123497  0.136508  0.121875  0.116688  0.118433  0.109748  0.111812 0.0985914  0.105418  0.108068 0.0865676         0 0.0982029  0.111555  0.124994  0.110639  0.106932  0.130508  0.137212  0.135078  0.136606
 0.139372  0.141693  0.155117   0.16845  0.156888  0.179516  0.180266   0.17382  0.161376  0.152801  0.174365  0.165223  0.147339   0.17528  0.174928  0.172766  0.150503  0.170496  0.156407  0.156206  0.155724  0.163721  0.158501  0.161891  0.141053  0.139201  0.127822   0.11998  0.132737 0.0995193  0.113829  0.130751  0.111158 0.0982029         0  0.106731  0.117393  0.128414  0.121881  0.136459  0.153468  0.152349   0.14789
