
Alignment summary:
Caecomyces_communis: -=130 A=413 C=310 G=399 N=1 T=407
Absidia_glauca: -=143 A=417 C=307 G=392 T=401
Rhizopus_oryzae: -=141 A=415 C=308 G=402 T=394
Mucor_hiemalis: -=159 A=418 C=301 G=393 T=389
Mortierella_polycephala: -=182 A=423 C=302 G=373 T=380
Echinosporangium_transversale: -=241 A=390 C=289 G=368 T=372
Mortierella_wolfii: -=214 A=391 C=287 G=387 T=381
Piromyces_communis: -=194 A=403 C=297 G=382 S=1 T=383
Kickxella_alabastrina: -=194 A=418 C=305 G=380 R=1 S=2 T=360
Linderina_pennispora: -=211 A=401 C=293 G=382 T=373
Dipsacomyces_acuminosporus: -=188 A=391 C=300 G=396 S=1 T=384
Entomophthora_muscae: -=160 A=412 C=307 G=400 T=381
Conidiobolus_coronatus: -=176 A=414 C=293 G=391 T=386
Smittium_culisetae: -=183 A=421 C=295 G=385 T=376
Furculomyces_boomerangus: -=182 A=418 C=288 G=377 T=395
Capniomyces_stellatus: -=164 A=429 C=283 G=390 N=1 T=393
Blastocladiella_emersonii: -=211 A=414 C=266 G=371 T=398
Chytridium_confervae: -=216 A=407 C=279 G=362 T=396
Neocallimastix_frontalis: -=219 A=404 C=275 G=376 T=386
Ustilago_hordii: -=217 A=417 C=279 G=376 T=371
Endogone_pisiforme: -=225 A=395 C=277 G=395 T=368
Glomus_mossae: -=240 A=400 C=282 G=371 T=367
Gigaspora_margarita: -=176 A=418 C=296 G=374 T=396
Coprinus_cinereus: -=188 A=417 C=287 G=373 T=395
Boletus_satanas: -=221 A=404 C=270 G=377 R=1 T=387
Morchella_elata: -=237 A=401 C=264 G=377 T=381
Peziza_badia: -=237 A=403 C=272 G=364 T=384
Saccharomyces_cerevisiae: -=202 A=410 C=282 G=367 T=399
Pneumocystis_carinii: -=191 A=423 C=269 G=369 T=408
Eurotium_rubrum: -=195 A=417 C=268 G=372 T=408
Neurospora_crassa: -=190 A=416 C=276 G=368 T=410
Taphrina_deformans: -=189 A=410 C=284 G=381 T=396
Schizosaccharomyces_pombe: -=234 A=403 C=265 G=366 T=392
Caenorhabditis_drosophilae: -=217 A=406 C=278 G=362 T=397
Hydra_littoralis: -=171 A=404 C=296 G=390 T=399
Calanus_pacificus: -=135 A=431 C=300 G=392 T=402
Coleochaete_scutata: -=135 A=426 C=293 G=399 T=407
Physcomitrella_patens: -=131 A=419 C=287 G=410 T=413
Arabidopsis_thaliana: -=125 A=426 C=284 G=405 T=420
Zea_mays: -=131 A=415 C=293 G=411 T=410
Mesostigma_viride: -=127 A=431 C=301 G=398 T=403
Xenopus_laevis: -=125 A=422 C=304 G=409 T=400
Gallus_gallus: -=126 A=417 C=305 G=408 T=404

Seed = 3016211248

Jukes-Cantor Distance Matrix:

        0  0.104722  0.139957  0.153734  0.144155  0.159111  0.158482   0.15166  0.143547  0.146581  0.167659  0.157765  0.146143  0.168049  0.171981   0.16621  0.150699  0.175462  0.143142   0.16325  0.166518  0.176431  0.166886  0.176829  0.164362  0.144155  0.136101  0.136741  0.142271  0.136741  0.142782  0.142782  0.137923  0.130565  0.138175   0.12783   0.15346  0.133556  0.127553  0.153009  0.151609  0.142007  0.120085
 0.104722         0  0.107557   0.14297  0.125384  0.149666  0.143847  0.146752  0.143586  0.138117  0.165367  0.149477  0.143908  0.170365  0.158604  0.160058  0.142619  0.166425  0.139208  0.147851  0.173494  0.160525  0.161292  0.170023   0.16024  0.159624   0.13449  0.138952  0.142706  0.123078  0.129083   0.13093  0.132652  0.132743  0.140767  0.134634  0.134931  0.135536  0.128481  0.149908  0.155537  0.129179  0.129086
 0.139957  0.107557         0  0.124677  0.124108  0.147331  0.146069  0.141135  0.144655  0.135266  0.162545  0.147533  0.154705   0.16649  0.172719  0.173179  0.159234  0.189249  0.158482  0.166465  0.170664  0.172391  0.164983  0.168538  0.170527  0.165113  0.144723  0.146468  0.156157  0.141135  0.147202  0.144058  0.148033  0.146182  0.152942  0.143821  0.149645  0.152478  0.148432  0.163813  0.188915  0.158247  0.155435
 0.153734   0.14297  0.124677         0  0.112592  0.143031  0.154071  0.145469  0.141866  0.138566  0.144813  0.149162  0.153833  0.184437  0.175708  0.186262  0.181752  0.203412  0.180183  0.187559  0.180036  0.168089  0.181174  0.182448  0.164481  0.167403  0.151471  0.146635  0.153138   0.14635  0.145667  0.160474  0.154243  0.161262  0.166011   0.15288  0.164013  0.163517  0.163247   0.17612  0.185888  0.176036   0.17179
 0.144155  0.125384  0.124108  0.112592         0  0.103665  0.115468  0.130568   0.12089  0.131411   0.15209  0.144099  0.154529  0.169926  0.167137  0.171095  0.160665  0.197737  0.162621  0.181154  0.180223  0.166246  0.161617  0.169826  0.156292  0.160049  0.140506  0.142835   0.15118  0.126368  0.132571  0.140288  0.154177  0.146926  0.155499  0.138391  0.134993  0.155096  0.145593  0.158361  0.159327  0.163316  0.158121
 0.159111  0.149666  0.147331  0.143031  0.103665         0  0.109396  0.122485  0.130424  0.129257  0.168974  0.161697  0.157321   0.18203  0.177046  0.198442  0.178458  0.209958  0.172921   0.19062   0.19574  0.188985   0.18785  0.184965  0.180819  0.180239  0.157939  0.161953  0.161663  0.149795  0.158218  0.177989  0.177913  0.170639  0.177341  0.161018  0.167895  0.173151  0.157854  0.175861  0.179528  0.189249  0.158733
 0.158482  0.143847  0.146069  0.154071  0.115468  0.109396         0 0.0878801  0.108459  0.127818  0.155938   0.15974  0.152936  0.170297  0.170926  0.168927  0.174626  0.197945  0.164702  0.177192  0.182742  0.186049  0.189418  0.189742  0.174209  0.176435   0.16168  0.163988  0.166302  0.147285  0.156419  0.161202  0.170931  0.161244  0.177243  0.164721  0.164333  0.162713  0.165046  0.170617  0.183997  0.180141  0.156388
  0.15166  0.146752  0.141135  0.145469  0.130568  0.122485 0.0878801         0 0.0863948  0.113249  0.142206  0.153907   0.14905  0.157225  0.156223  0.175827   0.17695  0.194009  0.159785  0.165695  0.173256  0.170654  0.178249  0.178934  0.158873  0.151252  0.149052  0.150909  0.157714    0.1444  0.148217  0.151871   0.16273  0.149197  0.170938  0.158114  0.157869  0.156037  0.150005  0.164502  0.177891  0.179087  0.177614
 0.143547  0.143586  0.144655  0.141866   0.12089  0.130424  0.108459 0.0863948         0 0.0722105  0.120535  0.135058  0.132721  0.151336  0.157225  0.158106  0.151927  0.179442  0.145196  0.168608  0.172109  0.160342  0.167268   0.16876   0.15264  0.150962  0.131264  0.132474  0.139029  0.130454   0.13609  0.144169  0.148211  0.140279  0.158608  0.150891  0.154568  0.147034  0.151311  0.157256  0.166838  0.164248  0.163134
 0.146581  0.138117  0.135266  0.138566  0.131411  0.129257  0.127818  0.113249 0.0722105         0 0.0875499  0.122283  0.115999  0.142013  0.165972  0.158861  0.142631  0.170322   0.14145  0.152832  0.152421  0.143732  0.146044  0.155266  0.146324  0.139473  0.131371  0.123459  0.135029  0.126624  0.128665  0.134818  0.134968   0.13381  0.150503    0.1447   0.15515  0.143513  0.143696  0.155271  0.164433  0.149649  0.166921
 0.167659  0.165367  0.162545  0.144813   0.15209  0.168974  0.155938  0.142206  0.120535 0.0875499         0   0.11151  0.133276  0.171085  0.166386  0.178747  0.159765  0.171194  0.159518  0.171326  0.149806  0.154004  0.172319  0.170512  0.157964  0.163363  0.141219  0.138124  0.146295  0.139489  0.141486  0.144252  0.164409  0.162518   0.17245  0.156409  0.166709  0.161666  0.164951   0.18084   0.18274  0.172581  0.184215
 0.157765  0.149477  0.147533  0.149162  0.144099  0.161697   0.15974  0.153907  0.135058  0.122283   0.11151         0 0.0992284  0.141169  0.161883  0.176699  0.162606   0.19355  0.157596   0.16664  0.164614  0.147046   0.16058  0.173821  0.173226  0.157838  0.128785  0.134818  0.149796   0.13398  0.146008   0.14099  0.152174  0.147158  0.163307  0.151789  0.165705  0.160763  0.156575  0.174543  0.170873  0.178147  0.171263
 0.146143  0.143908  0.154705  0.153833  0.154529  0.157321  0.152936   0.14905  0.132721  0.115999  0.133276 0.0992284         0  0.115785  0.158482  0.172581   0.15573   0.18128  0.150463  0.155799  0.159636  0.146749  0.160222  0.167801  0.159121  0.145499  0.134979  0.124964  0.139317  0.134069  0.136635  0.139739  0.131435  0.131214  0.145491  0.145359  0.160058  0.153526  0.151757  0.172512  0.167956  0.164165  0.168942
 0.168049  0.170365   0.16649  0.184437  0.169926   0.18203  0.170297  0.157225  0.151336  0.142013  0.171085  0.141169  0.115785         0  0.125666  0.162362  0.168957   0.19219  0.165548  0.174723  0.168866   0.17369  0.173759  0.185883  0.157966  0.163853   0.15405  0.149337   0.16306  0.148386  0.155454  0.142687  0.161512  0.145565  0.172939  0.170439  0.174257  0.186856  0.160673  0.188042  0.190408  0.181153   0.18893
 0.171981  0.158604  0.172719  0.175708  0.167137  0.177046  0.170926  0.156223  0.157225  0.165972  0.166386  0.161883  0.158482  0.125666         0  0.124016  0.148071  0.176624  0.163981  0.175698  0.172676  0.167033  0.177197  0.163664  0.157582  0.171895  0.167265  0.159759  0.164451  0.154307  0.149828  0.150185  0.166661  0.162865  0.173419  0.163134  0.159335  0.168179  0.153526  0.185097   0.18893  0.173179  0.179823
  0.16621  0.160058  0.173179  0.186262  0.171095  0.198442  0.168927  0.175827  0.158106  0.158861  0.178747  0.176699  0.172581  0.162362  0.124016         0  0.132159  0.168021  0.159487  0.169963  0.170159   0.14758  0.145791  0.168771  0.156325  0.155912  0.144678  0.150582  0.155239  0.152241  0.151525  0.143142  0.149851  0.139663  0.170691    0.1532  0.168168  0.158963  0.152049  0.177065  0.177201  0.175666   0.17363
 0.150699  0.142619  0.159234  0.181752  0.160665  0.178458  0.174626   0.17695  0.151927  0.142631  0.159765  0.162606   0.15573  0.168957  0.148071  0.132159         0  0.117812  0.124165  0.168139  0.167543  0.164075  0.155578  0.151372  0.149885  0.155295  0.127284  0.131011  0.131602  0.131918  0.137288  0.149773  0.142216  0.135517  0.148335  0.146637  0.159227  0.133686  0.137161  0.157987  0.163203  0.143918  0.165954
 0.175462  0.166425  0.189249  0.203412  0.197737  0.209958  0.197945  0.194009  0.179442  0.170322  0.171194   0.19355   0.18128   0.19219  0.176624  0.168021  0.117812         0  0.105133  0.151363  0.183254  0.180154   0.17912  0.177146  0.146284  0.169398   0.14601  0.140734  0.146154  0.149973  0.148472  0.151927  0.149955  0.141799  0.168401  0.181112  0.189091  0.171772   0.16819  0.195754  0.187283  0.189689   0.18563
 0.143142  0.139208  0.158482  0.180183  0.162621  0.172921  0.164702  0.159785  0.145196   0.14145  0.159518  0.157596  0.150463  0.165548  0.163981  0.159487  0.124165  0.105133         0  0.104351  0.137965  0.157152  0.155315  0.157582  0.140898  0.141507  0.129867  0.132877  0.144725   0.12372   0.12659   0.12986  0.135262  0.137301  0.154764  0.155607  0.156234  0.145604  0.145038  0.175407   0.17362  0.160727  0.148817
  0.16325  0.147851  0.166465  0.187559  0.181154   0.19062  0.177192  0.165695  0.168608  0.152832  0.171326   0.16664  0.155799  0.174723  0.175698  0.169963  0.168139  0.151363  0.104351         0 0.0870316  0.121231  0.141596  0.155534  0.155472  0.147787  0.137197  0.135078  0.143833  0.128278  0.130381  0.136301    0.1356  0.135058  0.153993  0.163508  0.172112  0.158607  0.153644  0.190764  0.184402  0.172932  0.160105
 0.166518  0.173494  0.170664  0.180036  0.180223   0.19574  0.182742  0.173256  0.172109  0.152421  0.149806  0.164614  0.159636  0.168866  0.172676  0.170159  0.167543  0.183254  0.137965 0.0870316         0 0.0737217  0.121375  0.148931  0.136852  0.152201  0.144438  0.143683  0.153671   0.13807  0.147166  0.134979  0.145263  0.142738  0.153099  0.158231  0.167714  0.162885  0.164883  0.185294  0.189858  0.181838  0.170603
 0.176431  0.160525  0.172391  0.168089  0.166246  0.188985  0.186049  0.170654  0.160342  0.143732  0.154004  0.147046  0.146749   0.17369  0.167033   0.14758  0.164075  0.180154  0.157152  0.121231 0.0737217         0 0.0877971  0.136083  0.133595  0.148033  0.137079  0.133135  0.140227  0.133942  0.146869  0.150752  0.135695  0.135037  0.161363  0.156827  0.163849  0.171693  0.160514  0.192048   0.19096  0.183882  0.175807
 0.166886  0.161292  0.164983  0.181174  0.161617   0.18785  0.189418  0.178249  0.167268  0.146044  0.172319   0.16058  0.160222  0.173759  0.177197  0.145791  0.155578   0.17912  0.155315  0.141596  0.121375 0.0877971         0  0.113081   0.13899  0.132523   0.12111  0.124186  0.136208  0.124257  0.130596  0.130495  0.126227  0.122706  0.156868  0.147533  0.163464  0.160785  0.157758  0.173642  0.175374  0.178158  0.170061
 0.176829  0.170023  0.168538  0.182448  0.169826  0.184965  0.189742  0.178934   0.16876  0.155266  0.170512  0.173821  0.167801  0.185883  0.163664  0.168771  0.151372  0.177146  0.157582  0.155534  0.148931  0.136083  0.113081         0  0.109905  0.141909  0.139939   0.13566  0.137495  0.139332  0.127371   0.14073  0.142118  0.136083  0.159867  0.163283  0.172181  0.162651  0.161541  0.178309  0.177847  0.175266   0.17803
 0.164362   0.16024  0.170527  0.164481  0.156292  0.180819  0.174209  0.158873   0.15264  0.146324  0.157964  0.173226  0.159121  0.157966  0.157582  0.156325  0.149885  0.146284  0.140898  0.155472  0.136852  0.133595   0.13899  0.109905         0 0.0926424  0.123968  0.123599  0.121206  0.113735  0.125887   0.12685  0.138677  0.121428  0.139585   0.14744  0.161107  0.156737  0.145781  0.167888  0.166386  0.173545  0.161602
 0.144155  0.159624  0.165113  0.167403  0.160049  0.180239  0.176435  0.151252  0.150962  0.139473  0.163363  0.157838  0.145499  0.163853  0.171895  0.155912  0.155295  0.169398  0.141507  0.147787  0.152201  0.148033  0.132523  0.141909 0.0926424         0 0.0735346  0.102576  0.121792  0.112612  0.123918  0.123346  0.124589  0.115928  0.137073   0.14073  0.157344  0.145822  0.139317  0.170451  0.170588  0.159994  0.170177
 0.136101   0.13449  0.144723  0.151471  0.140506  0.157939   0.16168  0.149052  0.131264  0.131371  0.141219  0.128785  0.134979   0.15405  0.167265  0.144678  0.127284   0.14601  0.129867  0.137197  0.144438  0.137079   0.12111  0.139939  0.123968 0.0735346         0 0.0534597 0.0869089  0.104394  0.111286  0.115035  0.118083  0.117796  0.126691  0.124739  0.149592  0.133965  0.122675  0.144268  0.163664  0.140377  0.154105
 0.136741  0.138952  0.146468  0.146635  0.142835  0.161953  0.163988  0.150909  0.132474  0.123459  0.138124  0.134818  0.124964  0.149337  0.159759  0.150582  0.131011  0.140734  0.132877  0.135078  0.143683  0.133135  0.124186   0.13566  0.123599  0.102576 0.0534597         0 0.0708277 0.0858078  0.109815  0.107086  0.111315  0.109298  0.118888    0.1251  0.139153  0.127289  0.120438  0.146301  0.154309  0.143547  0.150542
 0.142271  0.142706  0.156157  0.153138   0.15118  0.161663  0.166302  0.157714  0.139029  0.135029  0.146295  0.149796  0.139317   0.16306  0.164451  0.155239  0.131602  0.146154  0.144725  0.143833  0.153671  0.140227  0.136208  0.137495  0.121206  0.121792 0.0869089 0.0708277         0 0.0705217 0.0970515  0.114607  0.112374  0.111315  0.131458  0.132084   0.14351  0.133636  0.129944  0.148321  0.161417   0.15315  0.148208
 0.136741  0.123078  0.141135   0.14635  0.126368  0.149795  0.147285    0.1444  0.130454  0.126624  0.139489   0.13398  0.134069  0.148386  0.154307  0.152241  0.131918  0.149973   0.12372  0.128278   0.13807  0.133942  0.124257  0.139332  0.113735  0.112612  0.104394 0.0858078 0.0705217         0 0.0828126 0.0997041  0.101812 0.0985886 0.0986361  0.109569  0.119986  0.111093  0.115498  0.146977  0.137989  0.148321  0.135188
 0.142782  0.129083  0.147202  0.145667  0.132571  0.158218  0.156419  0.148217   0.13609  0.128665  0.141486  0.146008  0.136635  0.155454  0.149828  0.151525  0.137288  0.148472   0.12659  0.130381  0.147166  0.146869  0.130596  0.127371  0.125887  0.123918  0.111286  0.109815 0.0970515 0.0828126         0 0.0852445 0.0974258  0.105702  0.113338  0.122062  0.134983  0.119447  0.128017  0.148095   0.14748  0.136948  0.144524
 0.142782   0.13093  0.144058  0.160474  0.140288  0.177989  0.161202  0.151871  0.144169  0.134818  0.144252   0.14099  0.139739  0.142687  0.150185  0.143142  0.149773  0.151927   0.12986  0.136301  0.134979  0.150752  0.130495   0.14073   0.12685  0.123346  0.115035  0.107086  0.114607 0.0997041 0.0852445         0 0.0879384  0.108221  0.130534  0.131885   0.13757  0.125855  0.128017   0.15909  0.163614  0.152799  0.148095
 0.137923  0.132652  0.148033  0.154243  0.154177  0.177913  0.170931   0.16273  0.148211  0.134968  0.164409  0.152174  0.131435  0.161512  0.166661  0.149851  0.142216  0.149955  0.135262    0.1356  0.145263  0.135695  0.126227  0.142118  0.138677  0.124589  0.118083  0.111315  0.112374  0.101812 0.0974258 0.0879384         0 0.0866272  0.110311  0.120817  0.129167  0.121375  0.128665  0.144268  0.154083  0.154348  0.153839
 0.130565  0.132743  0.146182  0.161262  0.146926  0.170639  0.161244  0.149197  0.140279   0.13381  0.162518  0.147158  0.131214  0.145565  0.162865  0.139663  0.135517  0.141799  0.137301  0.135058  0.142738  0.135037  0.122706  0.136083  0.121428  0.115928  0.117796  0.109298  0.111315 0.0985886  0.105702  0.108221 0.0866272         0 0.0978511  0.111371  0.124749  0.110165  0.106439  0.129533  0.136426  0.134964  0.136636
 0.138175  0.140767  0.152942  0.166011  0.155499  0.177341  0.177243  0.170938  0.158608  0.150503   0.17245  0.163307  0.145491  0.172939  0.173419  0.170691  0.148335  0.168401  0.154764  0.153993  0.153099  0.161363  0.156868  0.159867  0.139585  0.137073  0.126691  0.118888  0.131458 0.0986361  0.113338  0.130534  0.110311 0.0978511         0  0.106076  0.116719   0.12721  0.121142  0.135113  0.151675  0.151935  0.147083
  0.12783  0.134634  0.143821   0.15288  0.138391  0.161018  0.164721  0.158114  0.150891    0.1447  0.156409  0.151789  0.145359  0.170439  0.163134    0.1532  0.146637  0.181112  0.155607  0.163508  0.158231  0.156827  0.147533  0.163283   0.14744   0.14073  0.124739    0.1251  0.132084  0.109569  0.122062  0.131885  0.120817  0.111371  0.106076         0 0.0982116  0.124597  0.127094  0.150687  0.143431  0.144299  0.148044
  0.15346  0.134931  0.149645  0.164013  0.134993  0.167895  0.164333  0.157869  0.154568   0.15515  0.166709  0.165705  0.160058  0.174257  0.159335  0.168168  0.159227  0.189091  0.156234  0.172112  0.167714  0.163849  0.163464  0.172181  0.161107  0.157344  0.149592  0.139153   0.14351  0.119986  0.134983   0.13757  0.129167  0.124749  0.116719 0.0982116         0  0.127277  0.133092  0.161757  0.151054  0.163497  0.149439
 0.133556  0.135536  0.152478  0.163517  0.155096  0.173151  0.162713  0.156037  0.147034  0.143513  0.161666  0.160763  0.153526  0.186856  0.168179  0.158963  0.133686  0.171772  0.145604  0.158607  0.162885  0.171693  0.160785  0.162651  0.156737  0.145822  0.133965  0.127289  0.133636  0.111093  0.119447  0.125855  0.121375  0.110165   0.12721  0.124597  0.127277         0  0.105126  0.132592  0.148199  0.141596   0.13813
 0.127553  0.128481  0.148432  0.163247  0.145593  0.157854  0.165046  0.150005  0.151311  0.143696  0.164951  0.156575  0.151757  0.160673  0.153526  0.152049  0.137161   0.16819  0.145038  0.153644  0.164883  0.160514  0.157758  0.161541  0.145781  0.139317  0.122675  0.120438  0.129944  0.115498  0.128017  0.128017  0.128665  0.106439  0.121142  0.127094  0.133092  0.105126         0  0.113585  0.133206  0.129205  0.142185
 0.153009  0.149908  0.163813   0.17612  0.158361  0.175861  0.170617  0.164502  0.157256  0.155271   0.18084  0.174543  0.172512  0.188042  0.185097  0.177065  0.157987  0.195754  0.175407  0.190764  0.185294  0.192048  0.173642  0.178309  0.167888  0.170451  0.144268  0.146301  0.148321  0.146977  0.148095   0.15909  0.144268  0.129533  0.135113  0.150687  0.161757  0.132592  0.113585         0  0.132209  0.123772   0.15153
 0.151609  0.155537  0.188915  0.185888  0.159327  0.179528  0.183997  0.177891  0.166838  0.164433   0.18274  0.170873  0.167956  0.190408   0.18893  0.177201  0.163203  0.187283   0.17362  0.184402  0.189858   0.19096  0.175374  0.177847  0.166386  0.170588  0.163664  0.154309  0.161417  0.137989   0.14748  0.163614  0.154083  0.136426  0.151675  0.143431  0.151054  0.148199  0.133206  0.132209         0  0.142567  0.158366
 0.142007  0.129179  0.158247  0.176036  0.163316  0.189249  0.180141  0.179087  0.164248  0.149649  0.172581  0.178147  0.164165  0.181153  0.173179  0.175666  0.143918  0.189689  0.160727  0.172932  0.181838  0.183882  0.178158  0.175266  0.173545  0.159994  0.140377  0.143547   0.15315  0.148321  0.136948  0.152799  0.154348  0.134964  0.151935  0.144299  0.163497  0.141596  0.129205  0.123772  0.142567         0  0.134775
 0.120085  0.129086  0.155435   0.17179  0.158121  0.158733  0.156388  0.177614  0.163134  0.166921  0.184215  0.171263  0.168942   0.18893  0.179823   0.17363  0.165954   0.18563  0.148817  0.160105  0.170603  0.175807  0.170061   0.17803  0.161602  0.170177  0.154105  0.150542  0.148208  0.135188  0.144524  0.148095  0.153839  0.136636  0.147083  0.148044  0.149439   0.13813  0.142185   0.15153  0.158366  0.134775         0


JC Tree topology:
(1,2,((((((((3,4),((5,6),(7,8))),(((9,10),11),(12,13))),(((14,15),16),(17,(18,19)))),((((20,(21,22)),(23,24)),(25,26)),((((27,28),29),30),(31,(32,33))))),(34,(35,(36,37)))),((38,39),((40,42),41))),43));

Putting MLE Branch Lengths
p: 0.279217 0.195231 0.260162  0.26539
s: 0.0978946  0.239261  0.142469  0.089219  0.306167   0.12499
Q: 
-0.858874  0.175302   0.42845  0.255122
 0.250714  -1.26332  0.228495  0.784112
 0.459831  0.171468 -0.871516  0.240216
 0.268414  0.576824  0.235483  -1.08072

((22:0.0482966,21:0.0277064):0.0243794,((24:0.0623487,23:0.0543264):0.0224207,((((30:0.0301975,(29:0.0319270,(27:0.0406236,28:0.0157420):0.0267003):0.0212576):0.0203427,((32:0.0454960,33:0.0454701):0.0133640,31:0.0469178):0.0095245):0.0128443,(((((41:0.0802589,(42:0.0672624,40:0.0618481):0.0095873):0.0165128,(38:0.0584393,39:0.0542207):0.0099974):0.0081407,((1:0.0531116,2:0.0556604):0.0231688,43:0.0788484):0.0199792):0.0127066,((35:0.0555895,(37:0.0595620,36:0.0428568):0.0163115):0.0070312,34:0.0587153):0.0141073):0.0185968,(((17:0.0555993,(19:0.0493921,18:0.0586669):0.0250343):0.0271292,(16:0.0713282,(14:0.0726204,15:0.0573185):0.0276086):0.0208985):0.0191592,(((4:0.0622204,3:0.0666991):0.0224751,((8:0.0450477,7:0.0447045):0.0300391,(5:0.0452918,6:0.0605724):0.0188994):0.0133526):0.0206471,((13:0.0507917,12:0.0517303):0.0313243,((9:0.0515337,10:0.0252060):0.0157951,11:0.0612564):0.0192548):0.0166172):0.0210248):0.0059995):0.0109277):0.0140930,(26:0.0467295,25:0.0462201):0.0303252):0.0164390):0.0370082,20:0.0497629);
Seed = 313185135
Seeds per chain: 
      138263524
     2530490122
     3860141498
     1686672604
stationary acceptance: 0.208835
symmetric acceptance: 0.136507
branch length acceptance: 0.47466
avgP:  0.26862  0.21561 0.271705 0.244065
sP: 7.12619e-05 5.91928e-05 7.29388e-05 6.12456e-05
avgS: 0.0853165  0.242487  0.142991 0.0779542  0.333855  0.117397
sS: 2.89645e-05 7.91343e-05 4.24655e-05 2.60363e-05 9.97178e-05 3.35542e-05
 0.26862  0.21561 0.271705 0.244065
0.0853165  0.242487  0.142991 0.0779542  0.333855  0.117397

-0.876318  0.158805  0.451356  0.266157
 0.197849  -1.15284  0.180776  0.774211
 0.446231  0.143454 -0.805724  0.216038
 0.292935  0.683946  0.240504  -1.21739

stationary acceptance: 0.212065
symmetric acceptance: 0.140426
branch length acceptance: 0.466242
avgP: 0.268596 0.215705 0.271746 0.243952
sP: 7.22424e-05 6.04504e-05 7.29257e-05  6.0828e-05
avgS:  0.085277  0.242535  0.143006 0.0779607   0.33379  0.117431
sS: 2.82549e-05 7.97083e-05 4.23668e-05 2.66636e-05 9.89256e-05 3.29272e-05
0.268596 0.215705 0.271746 0.243952
 0.085277  0.242535  0.143006 0.0779607   0.33379  0.117431

-0.876444  0.158746  0.451487  0.266211
  0.19767   -1.1521  0.180711  0.773717
 0.446253  0.143444 -0.805764  0.216067
 0.293103  0.684128  0.240684  -1.21792

stationary acceptance: 0.20204
symmetric acceptance: 0.137992
branch length acceptance: 0.44116
avgP: 0.268655  0.21566 0.271761 0.243924
sP: 7.14154e-05 6.05729e-05 7.26819e-05 5.98822e-05
avgS: 0.0852727  0.242442  0.143033 0.0779764  0.333857  0.117419
sS: 2.88765e-05  7.8737e-05 4.17469e-05 2.57572e-05 9.90544e-05 3.37853e-05
0.268655  0.21566 0.271761 0.243924
0.0852727  0.242442  0.143033 0.0779764  0.333857  0.117419

-0.876121  0.158703  0.451215  0.266203
 0.197701  -1.15252  0.180785  0.774034
 0.446058  0.143465 -0.805557  0.216034
 0.293192  0.684345  0.240687  -1.21822

stationary acceptance: 0.20029
symmetric acceptance: 0.139747
branch length acceptance: 0.463913
avgP: 0.268479  0.21573 0.271855 0.243936
sP: 7.16621e-05 5.97536e-05 7.14145e-05 5.99906e-05
avgS: 0.0853329  0.242392  0.142999 0.0779997  0.333949  0.117328
sS: 2.88893e-05 7.82354e-05 4.15985e-05 2.65462e-05 9.79035e-05 3.33009e-05
0.268479  0.21573 0.271855 0.243936
0.0853329  0.242392  0.142999 0.0779997  0.333949  0.117328

-0.876646  0.158919  0.451416  0.266312
 0.197777  -1.15256  0.180781  0.773999
  0.44581  0.143458  -0.80506  0.215792
 0.293107  0.684503   0.24049   -1.2181

GTR Distance Matrix:

        0  0.105009  0.141449  0.155208  0.144859  0.160863  0.160184  0.153447  0.145299  0.147989  0.168687  0.159154  0.147569  0.169941  0.173582  0.168371  0.153033  0.177343  0.144367  0.165304  0.169647  0.178977  0.169113  0.179111  0.165739   0.14591  0.136991  0.138095  0.143468  0.137743  0.143172  0.143645  0.138891  0.131453  0.139412  0.129148  0.154915  0.134786   0.12821  0.155292  0.153447  0.142734  0.120591
 0.105009         0  0.108057  0.144265  0.125465  0.150634  0.144732  0.148057  0.145069  0.139233  0.166872  0.150569  0.145388  0.172494  0.159755    0.1613  0.144813  0.168318  0.140272  0.149454  0.175938  0.162054  0.162174  0.171906  0.161568  0.160529  0.135154  0.140078  0.143677  0.123879  0.129851  0.131888  0.133537  0.133582  0.141732  0.135686  0.135667   0.13684  0.129105  0.151648  0.156788    0.1301  0.129831
 0.141449  0.108057         0  0.125667  0.124804   0.14876  0.147329  0.142726  0.146648   0.13684  0.164222  0.149725  0.156386  0.169372   0.17498  0.176089  0.162115   0.19322  0.161302  0.169413  0.174174  0.175644  0.167293  0.171547  0.173408  0.167379  0.145957  0.148508   0.15803  0.142356  0.148147  0.145744  0.149822  0.147541  0.155168  0.146115   0.15192  0.154824  0.150289  0.166572  0.192221  0.160651  0.157727
 0.155208  0.144265  0.125667         0  0.113372   0.14486  0.155692   0.14739  0.143963  0.140703  0.146921  0.151244  0.155759  0.187605  0.178616  0.190014  0.185116  0.207008  0.183174  0.191117  0.183971  0.171454  0.183878  0.185235  0.167007  0.169484  0.152758  0.148426  0.155245  0.148323   0.14696  0.162554  0.155628  0.162859  0.168501  0.155252  0.166577  0.165733  0.165795  0.179555  0.189413  0.178798  0.174171
 0.144859  0.125465  0.124804  0.113372         0  0.103854  0.115649  0.131252   0.12154  0.132286  0.153302  0.145688  0.155896  0.171759  0.168547  0.173321  0.162755  0.199887  0.164019  0.183202  0.183233   0.16919   0.16345  0.171851  0.158232  0.161375  0.140956  0.143848  0.152431  0.127325  0.133326  0.141292  0.155215  0.147252  0.156932  0.139798  0.136111  0.156504  0.146754  0.160531  0.161019  0.164439  0.159314
 0.160863  0.150634   0.14876   0.14486  0.103854         0  0.109953  0.122279   0.13142  0.130421  0.170507  0.163438  0.158874  0.183396  0.178148  0.201151  0.180807  0.213395   0.17543  0.193206  0.199017  0.191643  0.189897  0.186967  0.183766  0.182495  0.158672  0.163519  0.163519  0.151103  0.159003  0.179728  0.179013  0.171662  0.179574  0.163087  0.169184  0.174913  0.159725  0.178007  0.181619   0.19145  0.160185
 0.160184  0.144732  0.147329  0.155692  0.115649  0.109953         0 0.0877846  0.109095  0.128138  0.156524  0.161109  0.153974  0.172746  0.173505  0.172067   0.17764  0.201173  0.167325  0.180136  0.186525  0.189615  0.192183  0.192654  0.176795  0.178135  0.162311  0.165533  0.168144  0.148666  0.157548  0.163059  0.173063  0.163116  0.180328   0.16722   0.16653  0.164811   0.16716  0.173524  0.186521  0.182427  0.158195
 0.153447  0.148057  0.142726   0.14739  0.131252  0.122279 0.0877846         0 0.0871735    0.1139  0.143351  0.155817  0.150146  0.158818   0.15795   0.17947  0.179988  0.197342  0.162484  0.168474  0.176395   0.17367   0.18081  0.181352  0.161125  0.153037   0.15008   0.15279  0.160223  0.146213    0.1497  0.153871  0.164769  0.150921  0.173875  0.160718  0.160222  0.158538  0.152711  0.167545  0.180342  0.181507  0.179698
 0.145299  0.145069  0.146648  0.143963   0.12154   0.13142  0.109095 0.0871735         0 0.0725466  0.121494  0.137065  0.134199   0.15331  0.159608  0.161211  0.154959  0.182858  0.147888  0.171946   0.17609  0.163486  0.169969  0.171628  0.155234  0.153367   0.13178  0.133904  0.140962   0.13202  0.137407  0.146133  0.149903  0.141576  0.161421  0.153494  0.156326  0.149387   0.15349   0.16029  0.169398  0.166406  0.165279
 0.147989  0.139233   0.13684  0.140703  0.132286  0.130421  0.128138    0.1139 0.0725466         0 0.0875624  0.122973  0.116357  0.143008  0.167006  0.161019  0.144825  0.172687  0.143499  0.154762  0.155023  0.146172  0.148193  0.157524  0.148356  0.141405   0.13234  0.124678  0.136801  0.127872  0.129531  0.136173  0.136399  0.135145  0.152846  0.146627  0.156567  0.145355  0.145708  0.157935   0.16671  0.151299  0.168373
 0.168687  0.166872  0.164222  0.146921  0.153302  0.170507  0.156524  0.143351  0.121494 0.0875624         0  0.112091  0.133438  0.172748  0.167947   0.18147  0.162169  0.172915  0.161406  0.173335  0.151978  0.156588  0.174346  0.172895  0.159365  0.164654  0.141772  0.138723  0.147639  0.140246  0.141805  0.145222  0.165387  0.162792  0.174421   0.15815  0.168814  0.163123  0.166596  0.183268  0.185198  0.174662  0.185113
 0.159154  0.150569  0.149725  0.151244  0.145688  0.163438  0.161109  0.155817  0.137065  0.122973  0.112091         0 0.0995142  0.142751  0.163205   0.17848  0.164505  0.195099  0.159313  0.168384  0.166772  0.149284  0.162773  0.176122   0.17497    0.1598  0.129589  0.135817  0.150871  0.134878  0.146906  0.142181  0.153462  0.148184  0.165272  0.153501  0.167426  0.163207  0.158209  0.177295  0.173031  0.180534  0.172854
 0.147569  0.145388  0.156386  0.155759  0.155896  0.158874  0.153974  0.150146  0.134199  0.116357  0.133438 0.0995142         0  0.116807  0.159624   0.17452  0.157373  0.182947  0.152354  0.158563  0.162259  0.148813  0.162069  0.169799  0.160762     0.147   0.13565  0.126226  0.140353  0.135123  0.137378  0.140602  0.132702  0.132204  0.147382  0.146764  0.161307   0.15526  0.153323  0.174346  0.169371  0.165851  0.170117
 0.169941  0.172494  0.169372  0.187605  0.171759  0.183396  0.172746  0.158818   0.15331  0.143008  0.172748  0.142751  0.116807         0  0.126711  0.165028  0.171241   0.19472  0.167638  0.177471  0.172453  0.177317  0.177052  0.189149  0.160397  0.166586  0.156194  0.151965  0.165481  0.150033  0.156676  0.144418  0.163797  0.147074  0.175335  0.172499  0.175905  0.189682  0.162954  0.191215  0.193268  0.183337  0.190841
 0.173582  0.159755   0.17498  0.178616  0.168547  0.178148  0.173505   0.15795  0.159608  0.167006  0.167947  0.163205  0.159624  0.126711         0  0.125499  0.149435  0.178751  0.165278  0.177577  0.174725  0.169279  0.178912  0.165401  0.159858  0.173607  0.168075   0.16141  0.166356  0.155766  0.150689  0.151358  0.168156  0.164028  0.174985  0.165405  0.160991  0.170382  0.155005  0.187073  0.191456  0.174203  0.181229
 0.168371    0.1613  0.176089  0.190014  0.173321  0.201151  0.172067   0.17947  0.161211  0.161019   0.18147   0.17848   0.17452  0.165028  0.125499         0  0.133618  0.170036  0.161335  0.172461  0.173468  0.150097  0.147653  0.171396  0.158355  0.158055  0.146316  0.152809  0.157532  0.153986  0.152867  0.144514  0.151023  0.141209   0.17282  0.155177  0.170449  0.161331  0.154309  0.180059  0.180176  0.177158  0.174639
 0.153033  0.144813  0.162115  0.185116  0.162755  0.180807   0.17764  0.179988  0.154959  0.144825  0.162169  0.164505  0.157373  0.171241  0.149435  0.133618         0  0.118707  0.125182  0.171662   0.17072  0.166034  0.157551  0.153218  0.152128  0.157864  0.129063  0.132875  0.133546  0.133575  0.138817  0.151614  0.144235  0.136813  0.150551  0.148867  0.161383  0.135458  0.138594  0.160393  0.165908  0.145853  0.167799
 0.177343  0.168318   0.19322  0.207008  0.199887  0.213395  0.201173  0.197342  0.182858  0.172687  0.172915  0.195099  0.182947   0.19472  0.178751  0.170036  0.118707         0  0.105749  0.153412  0.185667  0.181878  0.182527  0.180109  0.148139  0.171683  0.148093  0.143011  0.148038   0.15167  0.149523  0.152962  0.151578   0.14308  0.170551   0.18348  0.191724  0.174139  0.170164  0.198238  0.190149  0.191797  0.187385
 0.144367  0.140272  0.161302  0.183174  0.164019   0.17543  0.167325  0.162484  0.147888  0.143499  0.161406  0.159313  0.152354  0.167638  0.165278  0.161335  0.125182  0.105749         0  0.105616  0.139848  0.159543  0.157537    0.1599  0.142095  0.142924  0.130943  0.134257   0.14606  0.124606  0.127239  0.130468  0.136398  0.138141  0.156456  0.156766  0.157645  0.147438  0.146005  0.177902   0.17615  0.162565  0.149615
 0.165304  0.149454  0.169413  0.191117  0.183202  0.193206  0.180136  0.168474  0.171946  0.154762  0.173335  0.168384  0.158563  0.177471  0.177577  0.172461  0.171662  0.153412  0.105616         0 0.0878797  0.122421  0.143473  0.158327  0.157574  0.150526  0.139036  0.137037   0.14548  0.129549  0.131653  0.137708  0.137339  0.136128   0.15625  0.165841  0.174827  0.161866  0.155769  0.194547  0.187912  0.175309  0.161511
 0.169647  0.175938  0.174174  0.183971  0.183233  0.199017  0.186525  0.176395   0.17609  0.155023  0.151978  0.166772  0.162259  0.172453  0.174725  0.173468   0.17072  0.185667  0.139848 0.0878797         0 0.0742866  0.122867  0.151614  0.138757  0.155298  0.146295  0.145733  0.155383   0.13926  0.148613  0.136608  0.147369  0.144305  0.155777  0.160885   0.17091  0.166734  0.167927  0.189695  0.193639  0.185306  0.172866
 0.178977  0.162054  0.175644  0.171454   0.16919  0.191643  0.189615   0.17367  0.163486  0.146172  0.156588  0.149284  0.148813  0.177317  0.169279  0.150097  0.166034  0.181878  0.159543  0.122421 0.0742866         0 0.0882117  0.137915  0.135347  0.150216  0.138188  0.134725  0.141689  0.135368  0.147977  0.152334  0.137452  0.136395  0.163772  0.159244  0.166976  0.174998  0.162673  0.195865   0.19411  0.186784  0.177842
 0.169113  0.162174  0.167293  0.183878   0.16345  0.189897  0.192183   0.18081  0.169969  0.148193  0.174346  0.162773  0.162069  0.177052  0.178912  0.147653  0.157551  0.182527  0.157537  0.143473  0.122867 0.0882117         0  0.114091  0.139917  0.133993   0.12226  0.125509  0.137662  0.125411  0.131469  0.131668  0.127446  0.123531   0.15855  0.149004  0.165349  0.162926   0.15933  0.175996  0.177822  0.179974  0.171125
 0.179111  0.171906  0.171547  0.185235  0.171851  0.186967  0.192654  0.181352  0.171628  0.157524  0.172895  0.176122  0.169799  0.189149  0.165401  0.171396  0.153218  0.180109    0.1599  0.158327  0.151614  0.137915  0.114091         0  0.110966  0.143329  0.141261  0.136661  0.138783  0.140652  0.128088  0.141812  0.143547  0.136547  0.161941  0.165132    0.1742  0.164569  0.163105  0.180755   0.17998  0.177053  0.179417
 0.165739  0.161568  0.173408  0.167007  0.158232  0.183766  0.176795  0.161125  0.155234  0.148356  0.159365   0.17497  0.160762  0.160397  0.159858  0.158355  0.152128  0.148139  0.142095  0.157574  0.138757  0.135347  0.139917  0.110966         0 0.0929904  0.124358  0.124245  0.121936  0.114215  0.126014  0.127137   0.13957  0.121911  0.141098   0.14913   0.16286  0.158399   0.14689  0.169942  0.168733  0.174997  0.162251
  0.14591  0.160529  0.167379  0.169484  0.161375  0.182495  0.178135  0.153037  0.153367  0.141405  0.164654    0.1598     0.147  0.166586  0.173607  0.158055  0.157864  0.171683  0.142924  0.150526  0.155298  0.150216  0.133993  0.143329 0.0929904         0 0.0736695  0.103058  0.122911  0.113469  0.124597  0.124061  0.125602  0.116724  0.139248   0.14283  0.159654  0.148131  0.141086  0.172722  0.172838  0.161505  0.171251
 0.136991  0.135154  0.145957  0.152758  0.140956  0.158672  0.162311   0.15008   0.13178   0.13234  0.141772  0.129589   0.13565  0.156194  0.168075  0.146316  0.129063  0.148093  0.130943  0.139036  0.146295  0.138188   0.12226  0.141261  0.124358 0.0736695         0 0.0533955 0.0871939  0.104779  0.111893   0.11565  0.118965  0.118469   0.12786   0.12576  0.150664  0.135356  0.123591  0.145875  0.164951  0.141287  0.154646
 0.138095  0.140078  0.148508  0.148426  0.143848  0.163519  0.165533   0.15279  0.133904  0.124678  0.138723  0.135817  0.126226  0.151965   0.16141  0.152809  0.132875  0.143011  0.134257  0.137037  0.145733  0.134725  0.125509  0.136661  0.124245  0.103058 0.0533955         0 0.0707464  0.085804  0.110292  0.107859  0.112136   0.10978  0.120014  0.126025  0.140222  0.128562  0.121593   0.14828  0.156045  0.145108  0.151566
 0.143468  0.143677   0.15803  0.155245  0.152431  0.163519  0.168144  0.160223  0.140962  0.136801  0.147639  0.150871  0.140353  0.165481  0.166356  0.157532  0.133546  0.148038   0.14606   0.14548  0.155383  0.141689  0.137662  0.138783  0.121936  0.122911 0.0871939 0.0707464         0 0.0704525 0.0972355  0.115448  0.112811  0.111844  0.132777   0.13338  0.144375   0.13498   0.13099  0.149855  0.163372  0.154122  0.148959
 0.137743  0.123879  0.142356  0.148323  0.127325  0.151103  0.148666  0.146213   0.13202  0.127872  0.140246  0.134878  0.135123  0.150033  0.155766  0.153986  0.133575   0.15167  0.124606  0.129549   0.13926  0.135368  0.125411  0.140652  0.114215  0.113469  0.104779  0.085804 0.0704525         0   0.08293  0.100256  0.102092 0.0986197 0.0995479  0.110417  0.120925  0.112186  0.116373  0.148574  0.139814  0.148951  0.135936
 0.143172  0.129851  0.148147   0.14696  0.133326  0.159003  0.157548    0.1497  0.137407  0.129531  0.141805  0.146906  0.137378  0.156676  0.150689  0.152867  0.138817  0.149523  0.127239  0.131653  0.148613  0.147977  0.131469  0.128088  0.126014  0.124597  0.111893  0.110292 0.0972355   0.08293         0 0.0853584 0.0973141  0.105447  0.113861  0.122465  0.135486  0.119949  0.128593  0.148984  0.148236  0.136891  0.144456
 0.143645  0.131888  0.145744  0.162554  0.141292  0.179728  0.163059  0.153871  0.146133  0.136173  0.145222  0.142181  0.140602  0.144418  0.151358  0.144514  0.151614  0.152962  0.130468  0.137708  0.136608  0.152334  0.131668  0.141812  0.127137  0.124061   0.11565  0.107859  0.115448  0.100256 0.0853584         0 0.0881014  0.108096  0.130786  0.132342  0.138346  0.126816  0.128416  0.160527   0.16496  0.153248   0.14831
 0.138891  0.133537  0.149822  0.155628  0.155215  0.179013  0.173063  0.164769  0.149903  0.136399  0.165387  0.153462  0.132702  0.163797  0.168156  0.151023  0.144235  0.151578  0.136398  0.137339  0.147369  0.137452  0.127446  0.143547   0.13957  0.125602  0.118965  0.112136  0.112811  0.102092 0.0973141 0.0881014         0 0.0865913   0.11119  0.121637  0.129803  0.122229  0.129282  0.145715  0.155379  0.154793  0.154042
 0.131453  0.133582  0.147541  0.162859  0.147252  0.171662  0.163116  0.150921  0.141576  0.135145  0.162792  0.148184  0.132204  0.147074  0.164028  0.141209  0.136813   0.14308  0.138141  0.136128  0.144305  0.136395  0.123531  0.136547  0.121911  0.116724  0.118469   0.10978  0.111844 0.0986197  0.105447  0.108096 0.0865913         0 0.0982295  0.111585   0.12503  0.110671  0.106962  0.130547  0.137253  0.135117  0.136642
 0.139412  0.141732  0.155168  0.168501  0.156932  0.179574  0.180328  0.173875  0.161421  0.152846  0.174421  0.165272  0.147382  0.175335  0.174985   0.17282  0.150551  0.170551  0.156456   0.15625  0.155777  0.163772   0.15855  0.161941  0.141098  0.139248   0.12786  0.120014  0.132777 0.0995479  0.113861  0.130786   0.11119 0.0982295         0  0.106759  0.117426  0.128452  0.121917  0.136499  0.153514  0.152392  0.147932
