Pi:  0.23354 0.222733 0.186014 0.357713
S:  0.173076  0.173672 0.0956848 0.0203129  0.523503 0.0137516
