        0 0.0403896 0.0477411 0.0500058 0.0492526 0.0462303 0.0437408 0.0453804  0.052715 0.0408549 0.0545216 0.0411048 0.0483934 0.0410666 0.0386975 0.0481161 0.0486035 0.0413818 0.0480504 0.0499354 0.0533693 0.0454816 0.0449877   0.05266 0.0536968 0.0486358  0.045369 0.0449181 0.0420245 0.0489796 0.0322793 0.0336112 0.0442197 0.0340341  0.045856 0.0525688 0.0429695 0.0438176 0.0434714 0.0471303 0.0471687 0.0499031 0.0454243 0.0466144 0.0329435 0.0545945 0.0414613  0.050662 0.0497097   0.04597 0.0475769 0.0511193 0.0526638 0.0396622 0.0447352 0.0530366 0.0443086 0.0497619 0.0455905 0.0465154 0.0503164 0.0494159 0.0521362 0.0401659 0.0401293 0.0466917  0.050141 0.0419246 0.0402036 0.0436888 0.0452867 0.0501135 0.0477639 0.0525406 0.0512329 0.0474191 0.0418031 0.0523493  0.034638 0.0458684 0.0479112  0.043804 0.0494723 0.0513966  0.050467 0.0558168 0.0511683 0.0453107 0.0492318 0.0417412 0.0492032 0.0505802 0.0366917  0.055095 0.0493623 0.0459467 0.0479565 0.0467558  0.046659 0.0379684
0.0403896         0 0.0486339 0.0521648 0.0505513 0.0447106 0.0449184 0.0468469 0.0456915 0.0476594 0.0414211 0.0460209 0.0418452 0.0118062 0.0415471 0.0414528 0.0482082 0.0500192 0.0534854  0.038069 0.0458409 0.0490559 0.0504028 0.0506282 0.0512193 0.0431207 0.0460059 0.0460892 0.0440932 0.0443969 0.0338801 0.0400889 0.0452805 0.0435338 0.0516814  0.040761 0.0484468 0.0344421 0.0378028 0.0508176  0.035128 0.0526992 0.0486898 0.0477866 0.0400216 0.0427505 0.0385893 0.0368557 0.0381403 0.0507127 0.0386787 0.0547032 0.0447818 0.0413301 0.0505909 0.0507977 0.0315761 0.0384552 0.0482437 0.0400161 0.0459941 0.0503458 0.0555157 0.0467843 0.0412912 0.0497422 0.0490993 0.0440313 0.0439661 0.0425238 0.0451798  0.051038 0.0520795 0.0470271 0.0504504 0.0495284 0.0411446 0.0557729 0.0419894  0.049543 0.0518886 0.0500064 0.0512352 0.0528721 0.0517392  0.049614 0.0518018 0.0486221 0.0452692 0.0445297 0.0406345 0.0410307 0.0455961 0.0460655 0.0527467 0.0489571 0.0397192 0.0499469 0.0503331 0.0397507
0.0477411 0.0486339         0 0.0349119 0.0352714 0.0329174 0.0465127 0.0482931 0.0475587 0.0424496 0.0464742 0.0427762 0.0460659 0.0482894 0.0417807  0.048916 0.0426041 0.0441608 0.0407725  0.048973 0.0473792 0.0420842 0.0412903  0.046954 0.0386364  0.047033 0.0433602 0.0432849 0.0461081 0.0349329 0.0428323 0.0465939  0.044075 0.0408571 0.0466396 0.0496217 0.0378896  0.053538 0.0475782 0.0332359 0.0404632 0.0324682 0.0252771 0.0295943 0.0490851 0.0527153 0.0414833 0.0435758 0.0483499 0.0430662 0.0402935 0.0407997 0.0445077 0.0483968  0.046847 0.0426298 0.0474886 0.0381936 0.0308718 0.0479207 0.0433835  0.043357 0.0459703 0.0427276 0.0451556 0.0405491 0.0464704 0.0516965 0.0344317 0.0458965 0.0434619 0.0282084  0.037365 0.0461316 0.0372945 0.0414661 0.0494911 0.0375058 0.0491095 0.0314457 0.0361805 0.0401113 0.0400039 0.0367885  0.043271 0.0443474 0.0393597 0.0394267 0.0503736 0.0351426 0.0470867 0.0506096 0.0451467 0.0403622 0.0358695 0.0401891 0.0478582 0.0364816 0.0339123 0.0294608
0.0500058 0.0521648 0.0349119         0 0.0413745 0.0347332 0.0397407  0.044599 0.0403677 0.0363128 0.0497898 0.0319446 0.0406571 0.0527739 0.0430003 0.0425897 0.0459912 0.0382167 0.0384033 0.0490374 0.0400395 0.0359381 0.0332687 0.0445084 0.0362091 0.0429571 0.0385449 0.0378337 0.0470481 0.0391685 0.0501984 0.0398829 0.0446824 0.0428074 0.0438165 0.0491562 0.0308742 0.0533358 0.0486061  0.042235 0.0459272 0.0195799 0.0344624 0.0386568 0.0430956  0.053754 0.0498703 0.0512459 0.0484866 0.0347947 0.0472717 0.0246083 0.0402437 0.0422968  0.036188 0.0369148 0.0525245 0.0488935 0.0377662 0.0425035 0.0377856  0.039775  0.040792 0.0330857 0.0393705 0.0387578 0.0389141 0.0460857 0.0411443 0.0485127  0.038662 0.0379152    0.0251 0.0404924 0.0399828 0.0383516 0.0444686 0.0308365 0.0403929  0.038296 0.0233667 0.0378734 0.0275053 0.0424045 0.0350528 0.0386437 0.0286172 0.0361565 0.0447954 0.0389842 0.0430429 0.0521358 0.0370006 0.0424022 0.0148524 0.0344768 0.0460512  0.024175 0.0215471  0.024478
0.0492526 0.0505513 0.0352714 0.0413745         0 0.0381809 0.0515512 0.0423729 0.0489982 0.0478471 0.0378471  0.046329 0.0528744 0.0521064 0.0397511  0.053444 0.0324535 0.0474857 0.0253302 0.0392474 0.0489917 0.0493728 0.0466609 0.0399284 0.0386514  0.052698  0.050786  0.047562 0.0350955 0.0399261 0.0478615 0.0513109 0.0343224  0.040229  0.045516  0.040645 0.0466803 0.0512978 0.0475673 0.0352525 0.0472667 0.0401109 0.0342092 0.0386523 0.0513704 0.0436684 0.0476597 0.0534532 0.0402243 0.0466756 0.0437224 0.0414549 0.0491773 0.0508086 0.0491831 0.0432071  0.052756 0.0502405 0.0330592 0.0508127 0.0514541 0.0389531 0.0397201 0.0467217 0.0489081 0.0399408  0.041109 0.0537602 0.0432313 0.0390935 0.0501928 0.0321642  0.044227 0.0413426 0.0302125 0.0478974 0.0529902 0.0351802 0.0523761 0.0311959 0.0434145  0.043265 0.0400526 0.0204648 0.0431042 0.0383763 0.0343321 0.0460788 0.0459848 0.0364453 0.0521952 0.0404429 0.0502841 0.0488731 0.0435297  0.046205 0.0530408 0.0435177 0.0415007 0.0338652
0.0462303 0.0447106 0.0329174 0.0347332 0.0381809         0 0.0472033 0.0455257 0.0475968 0.0433651 0.0464054 0.0463989 0.0469731 0.0459864  0.038919 0.0533287 0.0412228 0.0490974  0.042593 0.0426009  0.045201 0.0473666 0.0460582 0.0436429 0.0423977 0.0483268 0.0459201  0.048921 0.0393231  0.033249 0.0394756 0.0469469 0.0376414 0.0376449 0.0503186 0.0424603 0.0420179 0.0501766 0.0466757 0.0378169 0.0370145 0.0393267 0.0325635 0.0330948 0.0473701 0.0505392 0.0485032 0.0454185 0.0416456 0.0461973 0.0434455 0.0411796 0.0483472 0.0510379 0.0493069 0.0472887 0.0489977 0.0419489 0.0343553 0.0491815 0.0457933 0.0470138 0.0470622 0.0446951 0.0496682 0.0447311 0.0460811 0.0531025   0.03136 0.0404926 0.0453702 0.0345875 0.0400387 0.0458922 0.0351309 0.0477384 0.0490303 0.0431387 0.0471053 0.0380382 0.0397562 0.0465157 0.0381183 0.0411929  0.045522 0.0439607 0.0396008 0.0466628 0.0474227 0.0360636 0.0457288 0.0439814 0.0462192 0.0482476 0.0371605 0.0466002 0.0505918 0.0316955 0.0385714 0.0321508
0.0437408 0.0449184 0.0465127 0.0397407 0.0515512 0.0472033         0 0.0391616 0.0373763 0.0380481 0.0498528 0.0427965 0.0213121 0.0458495 0.0529045 0.0408346 0.0487913 0.0449133 0.0473591 0.0455337 0.0391861 0.0295874 0.0429606 0.0485865 0.0470141 0.0279397 0.0247112 0.0328055 0.0432629 0.0481892  0.048655 0.0374023 0.0467605 0.0515714 0.0524721 0.0456898  0.032827 0.0496814 0.0528387  0.051709 0.0441523 0.0406046 0.0463981 0.0467549 0.0375515 0.0513355 0.0458073 0.0374969 0.0441443 0.0434493 0.0502694 0.0429714 0.0365372  0.033513 0.0472023 0.0360724 0.0498471 0.0395894 0.0469102 0.0473086 0.0290208 0.0398793 0.0507227 0.0417107 0.0409629 0.0475831 0.0387922 0.0375199 0.0429623 0.0422501 0.0249677 0.0513373 0.0327907 0.0420169 0.0530022 0.0328754 0.0435815 0.0449277 0.0379925 0.0463862 0.0351486 0.0405967 0.0430238 0.0537561 0.0383461 0.0493877 0.0451914 0.0278957 0.0370765 0.0486549  0.035236 0.0482743 0.0326324 0.0422612 0.0384373 0.0304072 0.0395258 0.0361379 0.0336368 0.0318294
0.0453804 0.0468469 0.0482931  0.044599 0.0423729 0.0455257 0.0391616         0 0.0381337 0.0456758 0.0438649 0.0501338 0.0400997 0.0485143 0.0514596 0.0495106 0.0387828  0.052121 0.0381584 0.0375608 0.0370597 0.0387079 0.0491761 0.0351764  0.044894  0.041816 0.0410644 0.0454633 0.0315022 0.0508714 0.0475108 0.0417307 0.0363023 0.0515483 0.0474226 0.0395503 0.0378756 0.0538477 0.0563636 0.0515703 0.0441456 0.0445569 0.0492078 0.0514463  0.042031 0.0468849 0.0515585 0.0468381 0.0384293 0.0498262 0.0529365 0.0407553 0.0468076 0.0430053 0.0521704 0.0404554  0.052835 0.0436923 0.0488236 0.0506922 0.0397251 0.0297048 0.0404283 0.0488428 0.0438517 0.0435047  0.029514 0.0480213 0.0432398 0.0352406  0.039528 0.0456143 0.0458417 0.0330802 0.0461525 0.0438009 0.0472834 0.0432117 0.0441836 0.0499864 0.0457404 0.0488116 0.0410699 0.0451691 0.0364985 0.0377457 0.0328724 0.0408386 0.0288781 0.0495953 0.0423807 0.0380401 0.0412421 0.0468183 0.0429428 0.0403248  0.046364 0.0408665 0.0437042 0.0353511
 0.052715 0.0456915 0.0475587 0.0403677 0.0489982 0.0475968 0.0373763 0.0381337         0 0.0464681  0.044257 0.0482461  0.032248 0.0470136 0.0546693 0.0395083 0.0472815 0.0504826 0.0482007 0.0380027 0.0206556 0.0404221 0.0486621 0.0448225 0.0414194 0.0290724 0.0350325 0.0394869 0.0452697 0.0528214 0.0522502 0.0434179 0.0427071 0.0552164 0.0535115 0.0397376 0.0349054 0.0519807 0.0544379 0.0547872 0.0392298 0.0378305 0.0502326 0.0536538 0.0455124  0.047569 0.0518775 0.0460224 0.0386155 0.0507449 0.0528321 0.0376085 0.0421825  0.042973 0.0507597 0.0342366 0.0508518 0.0398216 0.0516727 0.0463078 0.0249539 0.0411435 0.0512849  0.047229  0.044114 0.0509254 0.0380282 0.0446279 0.0472126 0.0441665 0.0330012 0.0461735  0.044485 0.0347972 0.0503941 0.0435191 0.0439082 0.0388792 0.0437907 0.0528552 0.0455125 0.0479284 0.0404731 0.0506885 0.0373964 0.0435226 0.0433934 0.0412141 0.0303235 0.0528037 0.0372235 0.0399661 0.0410475 0.0404556 0.0393259 0.0412691 0.0435677 0.0374685 0.0428156 0.0352694
0.0408549 0.0476594 0.0424496 0.0363128 0.0478471 0.0433651 0.0380481 0.0456758 0.0464681         0 0.0544238 0.0323575 0.0406628   0.04908 0.0432444 0.0426842 0.0524105 0.0341514 0.0455206 0.0505816 0.0458585 0.0378779 0.0266329 0.0417657 0.0436579  0.038876 0.0374676 0.0342809 0.0509761 0.0434904 0.0436047 0.0336286 0.0484483 0.0430355 0.0415568 0.0526588 0.0352917 0.0512145 0.0477477 0.0438935 0.0504757 0.0370858 0.0451579 0.0428278 0.0374692   0.05803 0.0474711 0.0490406 0.0510735 0.0315033 0.0435297  0.037657 0.0428329 0.0404348 0.0359189 0.0444842 0.0489463 0.0507874 0.0411509 0.0408207 0.0422313 0.0442729 0.0449767 0.0330358 0.0368404 0.0340286 0.0465898 0.0412928 0.0448838 0.0510774 0.0370576 0.0461801 0.0325456 0.0480774 0.0482133 0.0388713 0.0365135 0.0399628 0.0333886 0.0400048 0.0319729 0.0289661 0.0395122 0.0497955 0.0439444 0.0484072  0.040876 0.0370459 0.0454743  0.037434 0.0460532  0.053128 0.0254301 0.0463903 0.0349864 0.0367051 0.0403005 0.0343945 0.0326656 0.0300422
0.0545216 0.0414211 0.0464742 0.0497898 0.0378471 0.0464054 0.0498528 0.0438649  0.044257 0.0544238         0 0.0529133  0.046529  0.042435 0.0478045 0.0448394 0.0307198 0.0554674 0.0396986 0.0266849 0.0445866 0.0494335 0.0519609 0.0443079 0.0439127 0.0473524  0.050837 0.0453704 0.0387498 0.0442467 0.0519593 0.0549705 0.0399118 0.0492634 0.0530135 0.0292667 0.0514095 0.0433595 0.0464292 0.0465548 0.0396957 0.0476389 0.0437833 0.0453923 0.0551224 0.0348603 0.0459634 0.0444692 0.0293111 0.0525485 0.0404934  0.050149 0.0406356 0.0491847 0.0560811 0.0408231 0.0434347 0.0445377 0.0433061 0.0495468 0.0468433 0.0390657 0.0507595 0.0538489 0.0473466 0.0481842  0.040309 0.0515311 0.0484647 0.0390878 0.0494424 0.0475338 0.0512063 0.0356971 0.0401412 0.0464897 0.0533036 0.0485177   0.05537 0.0444161 0.0502969 0.0503737 0.0493471 0.0387962 0.0424141  0.039594 0.0434781 0.0448976 0.0399297 0.0443334  0.046627  0.032178 0.0532861 0.0411452 0.0499207 0.0451868 0.0446995 0.0516416  0.048561  0.038526
0.0411048 0.0460209 0.0427762 0.0319446  0.046329 0.0463989 0.0427965 0.0501338 0.0482461 0.0323575 0.0529133         0 0.0459325 0.0475994 0.0350368 0.0354396 0.0515478 0.0284032  0.042776 0.0539917 0.0505689 0.0406997 0.0267438 0.0496274  0.042193 0.0466459 0.0441947 0.0339826 0.0532059 0.0443799 0.0437889 0.0309904 0.0511298 0.0367527 0.0387398 0.0556017 0.0397378 0.0490717 0.0415464  0.045427 0.0539674 0.0309101 0.0422452 0.0418266 0.0331805 0.0568213 0.0408741 0.0549593 0.0536606 0.0294427 0.0446351 0.0353852 0.0433451 0.0337948 0.0276015 0.0443862 0.0439414 0.0552231 0.0422895 0.0325115 0.0461704 0.0455863 0.0434276 0.0229449 0.0279522 0.0370516 0.0463916 0.0394169 0.0496656 0.0542035 0.0436044 0.0457832 0.0324746 0.0471546  0.045037  0.041997 0.0367413 0.0392735 0.0296615 0.0430826 0.0315584 0.0308956 0.0357549 0.0482715  0.042419 0.0464265 0.0405574 0.0397662 0.0506692  0.037789 0.0484585 0.0576999 0.0347893 0.0479074 0.0308018 0.0379113 0.0438803 0.0368582 0.0316386 0.0295193
0.0483934 0.0418452 0.0460659 0.0406571 0.0528744 0.0469731 0.0213121 0.0400997  0.032248 0.0406628  0.046529 0.0459325         0 0.0419795 0.0538295 0.0375093 0.0500065 0.0474947 0.0509998 0.0427761 0.0320922  0.032662 0.0440894  0.048059 0.0467748 0.0230404  0.026511 0.0349805 0.0457931 0.0483264 0.0493938  0.038815 0.0473529 0.0528165 0.0533357 0.0425884 0.0358014 0.0473404 0.0509689 0.0520755  0.041299 0.0420311 0.0483149 0.0480769 0.0419465 0.0488217 0.0469411 0.0332996 0.0416037 0.0452881 0.0481753  0.044846 0.0342488 0.0375833 0.0487231 0.0382051 0.0471973 0.0349269 0.0479114 0.0450745 0.0241235 0.0417812  0.052186 0.0446095 0.0423588  0.048777 0.0405476 0.0389246 0.0433266 0.0427996 0.0253575 0.0517365 0.0359395 0.0397431 0.0523804 0.0368761 0.0435336  0.046313 0.0413564 0.0477612 0.0378009 0.0437325 0.0443933 0.0537413 0.0415241 0.0476317 0.0463653 0.0326805 0.0353384 0.0485843 0.0327397 0.0452605 0.0367185 0.0379641 0.0405064 0.0334239 0.0366496 0.0390186 0.0364462 0.0334212
0.0410666 0.0118062 0.0482894 0.0527739 0.0521064 0.0459864 0.0458495 0.0485143 0.0470136   0.04908  0.042435 0.0475994 0.0419795         0  0.042464 0.0417621 0.0493691 0.0505108 0.0551131 0.0403846 0.0478228 0.0495142 0.0509544 0.0529973 0.0534814 0.0445868 0.0469968 0.0468708 0.0459242 0.0449401 0.0341813   0.04016 0.0464068 0.0443448 0.0524505 0.0424699 0.0491216 0.0354793 0.0380264 0.0518063 0.0354342 0.0537326 0.0486681 0.0473416 0.0421387 0.0435525 0.0377253 0.0364298 0.0397013 0.0518445 0.0387123 0.0566878 0.0462711 0.0413255 0.0514224 0.0526196 0.0314872 0.0372753 0.0492006 0.0418925 0.0466537  0.051599 0.0572324 0.0476587 0.0425679 0.0511747 0.0503285 0.0449641 0.0438896 0.0433863 0.0456537 0.0525767  0.052988 0.0484491 0.0516783 0.0498731 0.0424709 0.0577471  0.043289 0.0499951 0.0529023 0.0512773 0.0533798 0.0538459 0.0538116 0.0521758  0.053485 0.0496929 0.0468316 0.0456468 0.0432853 0.0423477 0.0457852 0.0477317 0.0533951 0.0502112 0.0409256 0.0513128 0.0507443 0.0410711
0.0386975 0.0415471 0.0417807 0.0430003 0.0397511  0.038919 0.0529045 0.0514596 0.0546693 0.0432444 0.0478045 0.0350368 0.0538295  0.042464         0 0.0474322 0.0451152 0.0418653 0.0429173 0.0493668  0.055994 0.0513222 0.0399493 0.0505457 0.0478806 0.0544318 0.0522494 0.0451924 0.0460368 0.0364803 0.0376783 0.0430615 0.0440718 0.0218494 0.0417565 0.0511987 0.0496889 0.0441674 0.0381798 0.0333705 0.0496238  0.044576 0.0386873 0.0388713 0.0419816 0.0516655 0.0412631 0.0539013 0.0495754 0.0396859 0.0377176 0.0448466 0.0520802  0.045253 0.0418919 0.0523514 0.0433002  0.053343 0.0305665 0.0407665 0.0548373 0.0502162 0.0480856 0.0370979 0.0413731 0.0389839 0.0495474 0.0482189  0.044815 0.0470492  0.051169 0.0403368 0.0446246 0.0496628 0.0368059 0.0502675 0.0447253  0.049105 0.0434141 0.0368183 0.0432054 0.0419096 0.0426813 0.0431525 0.0507646 0.0477639  0.043238 0.0488688  0.054732 0.0235954 0.0547641  0.051195 0.0455004 0.0541084 0.0436022 0.0490488 0.0494231 0.0455953 0.0414945 0.0358926
0.0481161 0.0414528  0.048916 0.0425897  0.053444 0.0533287 0.0408346 0.0495106 0.0395083 0.0426842 0.0448394 0.0354396 0.0375093 0.0417621 0.0474322         0 0.0497425 0.0414281 0.0505623 0.0508871 0.0415646 0.0403349 0.0393643 0.0517085 0.0461917 0.0375907 0.0410152 0.0336028 0.0550445 0.0513692 0.0490339 0.0370646 0.0540294 0.0476791 0.0462752 0.0531166 0.0439027 0.0458515 0.0456265 0.0528297 0.0496665 0.0403802 0.0509842 0.0512237 0.0400302 0.0513219 0.0388446 0.0502517 0.0510314 0.0418338 0.0472844 0.0453421 0.0358949 0.0303662 0.0395636 0.0379884 0.0395078 0.0484481 0.0512601 0.0342954 0.0384467 0.0428829 0.0510523 0.0376077 0.0274679 0.0450385 0.0431552 0.0373883 0.0544835 0.0541254 0.0396695 0.0547815 0.0432793 0.0411311 0.0521829 0.0381327 0.0387633 0.0449833 0.0383384 0.0502179 0.0425665 0.0404772 0.0436092 0.0533096 0.0411596 0.0483241 0.0468994 0.0356051 0.0438925 0.0476648 0.0457752 0.0538928 0.0409802 0.0401199 0.0429787 0.0359002 0.0369676 0.0449079   0.04144 0.0343878
0.0486035 0.0482082 0.0426041 0.0459912 0.0324535 0.0412228 0.0487913 0.0387828 0.0472815 0.0524105 0.0307198 0.0515478 0.0500065 0.0493691 0.0451152 0.0497425         0 0.0534925 0.0341294 0.0369163 0.0474747 0.0428298 0.0502005 0.0446182 0.0433111 0.0503801 0.0486789 0.0449895 0.0283668 0.0433154 0.0465039 0.0511791  0.030597 0.0460952 0.0518992 0.0386932 0.0462504  0.047636 0.0503808 0.0408789 0.0436781 0.0444717 0.0386262 0.0407389 0.0510144 0.0406153 0.0460228 0.0503116 0.0385739 0.0509883  0.043975 0.0471217 0.0447446 0.0461633  0.053713 0.0380725 0.0498686 0.0485886 0.0375584 0.0532256 0.0488534 0.0328869 0.0478182 0.0522832 0.0431825 0.0462046 0.0387954 0.0516138 0.0412997 0.0311502 0.0480135 0.0436854 0.0482225 0.0394695 0.0350728 0.0414812 0.0539247 0.0443298 0.0524696 0.0392142 0.0471261  0.048811 0.0462578 0.0333195 0.0363783  0.042029 0.0400652 0.0395377 0.0432679 0.0399737 0.0503153 0.0392006 0.0491409 0.0442835 0.0471684 0.0396274 0.0480889 0.0488357 0.0448518 0.0360582
0.0413818 0.0500192 0.0441608 0.0382167 0.0474857 0.0490974 0.0449133  0.052121 0.0504826 0.0341514 0.0554674 0.0284032 0.0474947 0.0505108 0.0418653 0.0414281 0.0534925         0  0.045199 0.0557229 0.0529989 0.0444005 0.0331148 0.0517556 0.0456557  0.047374 0.0456143 0.0375109 0.0554398 0.0481326 0.0468134 0.0361332 0.0529463 0.0389706 0.0283975 0.0574823 0.0425688 0.0442904 0.0386108 0.0484646 0.0554923 0.0366708  0.045294 0.0449512 0.0400954 0.0533796 0.0453267 0.0563943 0.0555097 0.0362205 0.0468458 0.0405169 0.0479464 0.0396048 0.0250188 0.0467093 0.0456172 0.0571685 0.0455567 0.0409254 0.0488246 0.0476692 0.0406281 0.0278205 0.0356096  0.038252 0.0489837 0.0340957  0.050589 0.0550416 0.0452367 0.0484168 0.0363863 0.0503762 0.0493398 0.0434474 0.0425414 0.0411802 0.0365914 0.0442181 0.0361119   0.03289  0.039777 0.0473741 0.0459481 0.0511987   0.04435 0.0410747 0.0520419 0.0416614 0.0516434 0.0590907 0.0370897 0.0507099  0.038345 0.0406909 0.0476346 0.0410052 0.0354406 0.0327848
0.0480504 0.0534854 0.0407725 0.0384033 0.0253302  0.042593 0.0473591 0.0381584 0.0482007 0.0455206 0.0396986  0.042776 0.0509998 0.0551131 0.0429173 0.0505623 0.0341294  0.045199         0 0.0412546  0.048636 0.0472995 0.0432926 0.0373264 0.0387489 0.0513452 0.0476969 0.0434767 0.0375667 0.0439836 0.0511613 0.0493352 0.0360187 0.0441847 0.0418144 0.0422278 0.0450097 0.0542458 0.0501226 0.0407646 0.0500624  0.037119 0.0372618 0.0404991 0.0483343  0.047915  0.051394  0.055199 0.0425499 0.0433991 0.0475813 0.0374654 0.0487724 0.0479965 0.0457021 0.0399912 0.0550338 0.0548775 0.0371926 0.0514015 0.0496497 0.0341914 0.0356456 0.0444104 0.0464112 0.0359938 0.0350486 0.0517138 0.0456194 0.0412086 0.0479584 0.0378923 0.0405783 0.0357274  0.032393  0.045216 0.0526687 0.0344646 0.0487685 0.0370398 0.0389868 0.0390969 0.0378663 0.0301835 0.0391619 0.0358658  0.028159 0.0419137 0.0399591 0.0390606 0.0516418 0.0441999 0.0465497 0.0501775 0.0389281 0.0434494 0.0528695 0.0417043 0.0381041 0.0320321
0.0499354  0.038069  0.048973 0.0490374 0.0392474 0.0426009 0.0455337 0.0375608 0.0380027 0.0505816 0.0266849 0.0539917 0.0427761 0.0403846 0.0493668 0.0508871 0.0369163 0.0557229 0.0412546         0 0.0378756 0.0495733 0.0538731 0.0382769 0.0439787 0.0421655 0.0442558 0.0483571 0.0317424 0.0441556  0.047154 0.0501786  0.030975 0.0499674 0.0542283 0.0135083 0.0452834 0.0423305 0.0471787 0.0487266 0.0314832 0.0494437 0.0465442 0.0472993 0.0499828   0.03413 0.0512133 0.0388951 0.0127124 0.0541224 0.0440925  0.049126 0.0440766  0.050215 0.0562814 0.0447432 0.0469546 0.0417301 0.0454493 0.0505707 0.0412945  0.041427 0.0495852  0.054069 0.0510745  0.050557 0.0407903 0.0500454 0.0412556 0.0320508 0.0435393  0.046865 0.0509627 0.0371766 0.0410174 0.0504253 0.0481481 0.0493117 0.0493798 0.0469741 0.0509416 0.0523729 0.0480672 0.0405467 0.0455056 0.0396831 0.0441742 0.0481323 0.0322288  0.046778 0.0387397 0.0169688 0.0479057 0.0447201  0.050324 0.0482545 0.0452492 0.0480099 0.0488961 0.0385536
0.0533693 0.0458409 0.0473792 0.0400395 0.0489917  0.045201 0.0391861 0.0370597 0.0206556 0.0458585 0.0445866 0.0505689 0.0320922 0.0478228  0.055994 0.0415646 0.0474747 0.0529989  0.048636 0.0378756         0  0.041447 0.0501718 0.0421596 0.0409714  0.031002 0.0368015 0.0433272 0.0442056 0.0515344 0.0516715 0.0453048  0.043297 0.0560885 0.0535452 0.0388363 0.0358435 0.0515892 0.0549078 0.0532421  0.038074 0.0397064 0.0493896 0.0534284 0.0469306 0.0484323 0.0539268 0.0445788 0.0375511 0.0516798 0.0535939 0.0385996 0.0395786 0.0451177 0.0522528 0.0353988 0.0522366 0.0382816 0.0504384 0.0458331 0.0240549 0.0410346 0.0488043  0.049608 0.0467039 0.0505589 0.0374314 0.0465062 0.0452159 0.0440773  0.035983 0.0458476 0.0449979  0.035714 0.0497189 0.0443854 0.0441498 0.0384516  0.046168 0.0516379 0.0454236 0.0498231 0.0406823 0.0497065 0.0373142 0.0406791 0.0418664 0.0417521 0.0299314 0.0524673  0.035384  0.039432 0.0431413 0.0386875 0.0403011 0.0421753 0.0432164 0.0384194 0.0440177 0.0358153
0.0454816 0.0490559 0.0420842 0.0359381 0.0493728 0.0473666 0.0295874 0.0387079 0.0404221 0.0378779 0.0494335 0.0406997  0.032662 0.0495142 0.0513222 0.0403349 0.0428298 0.0444005 0.0472995 0.0495733  0.041447         0 0.0391737 0.0498349 0.0458196 0.0351702 0.0301802 0.0341424 0.0451818 0.0463692 0.0473316 0.0357808 0.0459359 0.0502366 0.0507439 0.0506985 0.0284832 0.0505556 0.0530627 0.0469262  0.045495 0.0362711 0.0444042 0.0452881 0.0404971 0.0514994 0.0447674 0.0448229 0.0489029 0.0417328 0.0480955 0.0399573 0.0347568 0.0307963  0.045537 0.0356625  0.049146 0.0437607 0.0439403 0.0461418 0.0335739 0.0338941 0.0494287 0.0408751 0.0312026 0.0439841 0.0411104 0.0411355 0.0413547  0.044804 0.0297509 0.0484356 0.0320054 0.0433371 0.0509766 0.0254057 0.0441336 0.0411115 0.0388509 0.0422885 0.0332601 0.0403311 0.0433156 0.0519376 0.0341648 0.0473041 0.0422968 0.0231902 0.0438267 0.0458839 0.0415223  0.051604 0.0307114 0.0386055 0.0338436 0.0206797 0.0349693 0.0367718 0.0319579 0.0302161
0.0449877 0.0504028 0.0412903 0.0332687 0.0466609 0.0460582 0.0429606 0.0491761 0.0486621 0.0266329 0.0519609 0.0267438 0.0440894 0.0509544 0.0399493 0.0393643 0.0502005 0.0331148 0.0432926 0.0538731 0.0501718 0.0391737         0 0.0485242 0.0417309 0.0444136 0.0427359 0.0282203 0.0546595 0.0422695 0.0486391 0.0374448 0.0524942 0.0398017   0.04017 0.0567262   0.04035 0.0524764 0.0451566 0.0410532 0.0536427 0.0322054 0.0421787 0.0389151 0.0418011 0.0584372 0.0450391 0.0528012 0.0546663 0.0213066 0.0394993 0.0338213 0.0414736 0.0409068 0.0304845 0.0436167 0.0472992 0.0544458  0.039162 0.0381371 0.0473434 0.0447225 0.0440716 0.0298137 0.0342154 0.0300926 0.0458826 0.0429382 0.0499648 0.0542465 0.0409763  0.045515 0.0310657 0.0462114 0.0447221 0.0374577 0.0414008 0.0370983  0.037794 0.0387191 0.0278161 0.0238677  0.036964 0.0481079 0.0432094 0.0467859 0.0392344 0.0361199 0.0502593 0.0329562 0.0499594 0.0567452 0.0309982 0.0446295 0.0311248 0.0351844 0.0406665 0.0380658 0.0273434 0.0290892
  0.05266 0.0506282  0.046954 0.0445084 0.0399284 0.0436429 0.0485865 0.0351764 0.0448225 0.0417657 0.0443079 0.0496274  0.048059 0.0529973 0.0505457 0.0517085 0.0446182 0.0517556 0.0373264 0.0382769 0.0421596 0.0498349 0.0485242         0 0.0360097  0.047669 0.0468582 0.0492617 0.0427482 0.0456152 0.0515581 0.0487669 0.0405588 0.0510367  0.045583 0.0399762 0.0449841 0.0540779 0.0518668 0.0491993 0.0475453 0.0453287 0.0491002 0.0494538 0.0497379 0.0487212 0.0551293 0.0505492  0.039658 0.0497729 0.0479278 0.0423394 0.0447137 0.0519698 0.0504276 0.0452012   0.05369 0.0508996 0.0466142  0.046464 0.0458332  0.039171 0.0398404 0.0492679 0.0502863 0.0414026 0.0383571 0.0521717  0.048327 0.0450388 0.0466131 0.0442399 0.0463076 0.0367042 0.0427947 0.0493721 0.0403693 0.0420569 0.0483931 0.0479306 0.0456956 0.0470703 0.0408167 0.0426451  0.045164  0.028202 0.0336144 0.0481941 0.0342678  0.047066 0.0450537 0.0399151 0.0469261 0.0465285 0.0443191 0.0477082 0.0478196 0.0427625 0.0443844 0.0357098
0.0536968 0.0512193 0.0386364 0.0362091 0.0386514 0.0423977 0.0470141  0.044894 0.0414194 0.0436579 0.0439127  0.042193 0.0467748 0.0534814 0.0478806 0.0461917 0.0433111 0.0456557 0.0387489 0.0439787 0.0409714 0.0458196 0.0417309 0.0360097         0 0.0483214 0.0453027 0.0429436 0.0473291 0.0411722 0.0536136  0.047287 0.0448786  0.048054 0.0453369 0.0461124 0.0409693  0.053085  0.048213 0.0449561 0.0469431 0.0325013 0.0405416 0.0437725 0.0477812 0.0502629 0.0512101 0.0509709 0.0451261  0.043577 0.0434229 0.0339343 0.0400494 0.0476547 0.0450862 0.0345399 0.0508771 0.0504413 0.0417022 0.0431237 0.0431455 0.0404909  0.042425   0.04365 0.0453816 0.0395264 0.0408138 0.0496698 0.0484404 0.0490963 0.0444504 0.0378276 0.0392159 0.0397695 0.0398933 0.0423619 0.0432051 0.0294699 0.0472242   0.04119 0.0378352 0.0376261 0.0321707 0.0390735 0.0361065 0.0333383 0.0373408 0.0427468 0.0446226 0.0435397 0.0397156 0.0480013  0.045395  0.034335 0.0354009 0.0412144  0.041877 0.0391461  0.037345 0.0299499
0.0486358 0.0431207  0.047033 0.0429571  0.052698 0.0483268 0.0279397  0.041816 0.0290724  0.038876 0.0473524 0.0466459 0.0230404 0.0445868 0.0544318 0.0375907 0.0503801  0.047374 0.0513452 0.0421655  0.031002 0.0351702 0.0444136  0.047669 0.0483214         0 0.0263371 0.0348826 0.0477783 0.0479552 0.0499714 0.0414347 0.0481379 0.0528945 0.0540189 0.0440595 0.0361074 0.0498099 0.0514686 0.0510778 0.0394975 0.0423854  0.049467 0.0493041 0.0445324 0.0504297 0.0476948 0.0382006 0.0430289 0.0466689 0.0483783 0.0456317 0.0371316 0.0408641 0.0488568 0.0384538 0.0476384 0.0376252 0.0486749 0.0445417 0.0234704 0.0421943 0.0525654  0.045304 0.0426583 0.0499719 0.0409174 0.0415587 0.0451097 0.0457623 0.0259295 0.0520408 0.0393633 0.0401796 0.0535794 0.0375532 0.0436444 0.0462463 0.0425655 0.0484866 0.0400536 0.0433359 0.0465619 0.0541708  0.042621 0.0478671  0.046216 0.0335986 0.0344857 0.0494493 0.0376502 0.0444248 0.0363937 0.0402634 0.0425342 0.0344423 0.0388321 0.0386483 0.0380926 0.0344024
 0.045369 0.0460059 0.0433602 0.0385449  0.050786 0.0459201 0.0247112 0.0410644 0.0350325 0.0374676  0.050837 0.0441947  0.026511 0.0469968 0.0522494 0.0410152 0.0486789 0.0456143 0.0476969 0.0442558 0.0368015 0.0301802 0.0427359 0.0468582 0.0453027 0.0263371         0 0.0356484 0.0443749 0.0466944 0.0465413  0.036891 0.0436676 0.0508695 0.0517584 0.0449147 0.0301768 0.0505806 0.0525321 0.0485579 0.0401868 0.0392735 0.0461618  0.046517 0.0386363 0.0516715 0.0465639 0.0395316 0.0435889 0.0429597 0.0491625 0.0432264 0.0384142 0.0379717 0.0464285 0.0362643 0.0501388 0.0398553 0.0452269 0.0468626 0.0273564  0.042097 0.0503643 0.0429367 0.0414723 0.0466012 0.0407098 0.0381775 0.0393937 0.0434224  0.013753 0.0488444 0.0349471 0.0427123 0.0511364 0.0322573 0.0414669 0.0437019 0.0371737 0.0443947 0.0364461  0.040439 0.0423966 0.0519293  0.039991 0.0478271 0.0441683  0.031673 0.0376016 0.0469405 0.0358859 0.0458343 0.0305824 0.0400426 0.0386057  0.032275 0.0383615 0.0374872 0.0342322 0.0312736
0.0449181 0.0460892 0.0432849 0.0378337  0.047562  0.048921 0.0328055 0.0454633 0.0394869 0.0342809 0.0453704 0.0339826 0.0349805 0.0468708 0.0451924 0.0336028 0.0449895 0.0375109 0.0434767 0.0483571 0.0433272 0.0341424 0.0282203 0.0492617 0.0429436 0.0348826 0.0356484         0 0.0497558 0.0459478 0.0489457 0.0395257  0.049956     0.045 0.0445658 0.0508262 0.0391776  0.047847 0.0452928 0.0464782 0.0487917 0.0352609  0.042944 0.0426347 0.0416176 0.0520532 0.0395913 0.0477657 0.0488443 0.0319841 0.0401903 0.0397676 0.0364172 0.0343418 0.0381081 0.0335037 0.0442182 0.0470136   0.04174 0.0385053 0.0382981 0.0387231 0.0471266  0.036004 0.0315451 0.0373339 0.0352926 0.0359022 0.0481397 0.0485684 0.0336412 0.0484286 0.0350275 0.0362386   0.04881 0.0316388 0.0432225 0.0395944 0.0404105 0.0412036 0.0339389 0.0296988 0.0411266 0.0487313  0.037142 0.0467078 0.0423631 0.0291431 0.0416725 0.0384187 0.0453671 0.0527316 0.0331311 0.0397061 0.0361966 0.0307673 0.0376064 0.0404852 0.0327434 0.0277725
0.0420245 0.0440932 0.0461081 0.0470481 0.0350955 0.0393231 0.0432629 0.0315022 0.0452697 0.0509761 0.0387498 0.0532059 0.0457931 0.0459242 0.0460368 0.0550445 0.0283668 0.0554398 0.0375667 0.0317424 0.0442056 0.0451818 0.0546595 0.0427482 0.0473291 0.0477783 0.0443749 0.0497558         0 0.0469709 0.0435237 0.0470408  0.026349 0.0467932 0.0545442 0.0314841 0.0415006 0.0490667 0.0533216 0.0454495 0.0399119 0.0484104 0.0426332 0.0468456 0.0445793 0.0412542 0.0497407 0.0463736 0.0325129  0.054127 0.0503404 0.0477338 0.0494778 0.0467476  0.056558 0.0448403 0.0531158 0.0444163  0.042281 0.0551576 0.0456584 0.0385893 0.0487941 0.0527854 0.0494476 0.0495648 0.0395922 0.0519753 0.0357394 0.0227973 0.0447278 0.0430938 0.0491997 0.0421409 0.0396188 0.0479833 0.0518797 0.0483307 0.0472317 0.0438814 0.0491637 0.0531699 0.0457783 0.0382035 0.0407641 0.0440309 0.0417188 0.0452737 0.0384279 0.0446803 0.0440488 0.0322821 0.0464007 0.0505075 0.0480827 0.0450428 0.0513152  0.044801 0.0465377 0.0378565
0.0489796 0.0443969 0.0349329 0.0391685 0.0399261  0.033249 0.0481892 0.0508714 0.0528214 0.0434904 0.0442467 0.0443799 0.0483264 0.0449401 0.0364803 0.0513692 0.0433154 0.0481326 0.0439836 0.0441556 0.0515344 0.0463692 0.0422695 0.0456152 0.0411722 0.0479552 0.0466944 0.0459478 0.0469709         0 0.0442875 0.0499222 0.0435731 0.0376226 0.0498858 0.0464671 0.0471459 0.0475271  0.040238  0.031739 0.0390889 0.0422485  0.033031 0.0279539 0.0513978 0.0487506 0.0470868 0.0430415 0.0448714 0.0431444 0.0330106  0.045695 0.0442556 0.0514714 0.0480173 0.0490906 0.0456276  0.045629 0.0288237 0.0451101 0.0487227 0.0475848 0.0472556 0.0449395 0.0494855 0.0433284 0.0468855 0.0534999  0.041322 0.0454456  0.046702 0.0395332 0.0383019 0.0462512 0.0353832 0.0443619 0.0482701 0.0462376 0.0513997 0.0329164 0.0355763 0.0426182 0.0433101 0.0418717 0.0508998 0.0409628 0.0402933  0.044981 0.0513551    0.0324 0.0478154 0.0466674 0.0467188 0.0459042 0.0403676 0.0447866 0.0453807 0.0427799 0.0352489 0.0335726
0.0322793 0.0338801 0.0428323 0.0501984 0.0478615 0.0394756  0.048655 0.0475108 0.0522502 0.0436047 0.0519593 0.0437889 0.0493938 0.0341813 0.0376783 0.0490339 0.0465039 0.0468134 0.0511613  0.047154 0.0516715 0.0473316 0.0486391 0.0515581 0.0536136 0.0499714 0.0465413 0.0489457 0.0435237 0.0442875         0 0.0337981  0.038691 0.0398905 0.0482569 0.0491562 0.0430396  0.044999 0.0455099 0.0436435  0.041926 0.0505686 0.0439496 0.0421577 0.0362668 0.0516877 0.0408063  0.046913 0.0461089 0.0498143  0.044698 0.0526175 0.0537285 0.0431357 0.0475272 0.0545488 0.0436697 0.0451444 0.0425676 0.0457679 0.0500519 0.0512929 0.0530204 0.0447722 0.0416623 0.0481343  0.053031 0.0468817 0.0345803 0.0408925 0.0466277 0.0472846 0.0504476 0.0535085 0.0461461 0.0499272 0.0390863 0.0533196 0.0357378 0.0458962 0.0505973 0.0486877  0.050812 0.0501389 0.0528453 0.0550723  0.051128 0.0487445 0.0501397 0.0404197 0.0495273 0.0470452 0.0397023 0.0540413 0.0511412 0.0490391 0.0482068 0.0479144 0.0485171 0.0393212
0.0336112 0.0400889 0.0465939 0.0398829 0.0513109 0.0469469 0.0374023 0.0417307 0.0434179 0.0336286 0.0549705 0.0309904  0.038815   0.04016 0.0430615 0.0370646 0.0511791 0.0361332 0.0493352 0.0501786 0.0453048 0.0357808 0.0374448 0.0487669  0.047287 0.0414347  0.036891 0.0395257 0.0470408 0.0499222 0.0337981         0 0.0446917 0.0433321 0.0437424 0.0517626  0.030956 0.0483204 0.0474833 0.0501083 0.0482686 0.0396507 0.0486483 0.0488953 0.0209164 0.0547619 0.0421858 0.0485353 0.0494488 0.0413248 0.0492855 0.0419703 0.0456259 0.0295065 0.0354084 0.0466388 0.0451284 0.0486935  0.047708 0.0377969 0.0414437 0.0447456 0.0485654  0.031266 0.0300795 0.0436566 0.0482335 0.0374949 0.0440679 0.0467596 0.0364451  0.050163 0.0389629 0.0490869 0.0514222 0.0408979 0.0300505 0.0453069  0.018091 0.0479121 0.0393254 0.0395991 0.0409523 0.0529674 0.0434744 0.0517493 0.0463743 0.0385906 0.0464574 0.0451602 0.0422296 0.0515391 0.0250822  0.048018 0.0397806 0.0371207 0.0415364 0.0382306 0.0373942 0.0325152
0.0442197 0.0452805  0.044075 0.0446824 0.0343224 0.0376414 0.0467605 0.0363023 0.0427071 0.0484483 0.0399118 0.0511298 0.0473529 0.0464068 0.0440718 0.0540294  0.030597 0.0529463 0.0360187  0.030975  0.043297 0.0459359 0.0524942 0.0405588 0.0448786 0.0481379 0.0436676  0.049956  0.026349 0.0435731  0.038691 0.0446917         0 0.0460489 0.0515186  0.031705 0.0385245 0.0491137 0.0511011 0.0426131 0.0395709 0.0451057 0.0409335 0.0427371 0.0444803  0.041892 0.0523936 0.0478264  0.032607 0.0523911  0.047922  0.045347 0.0504109 0.0488431 0.0537638 0.0459051 0.0541348 0.0469952  0.039131 0.0536777 0.0462044 0.0395358 0.0467244 0.0508314 0.0494546 0.0469483 0.0417501 0.0522267 0.0333786 0.0263406 0.0438522 0.0425501 0.0474395 0.0416175 0.0337119 0.0481617 0.0475683 0.0457045 0.0443361 0.0419642 0.0473817 0.0506163  0.044696 0.0363777 0.0438874 0.0438187 0.0407596  0.046701 0.0402078 0.0422503 0.0462112 0.0317453 0.0417281 0.0512872  0.045974 0.0466713 0.0512328 0.0438677 0.0452424 0.0362304
0.0340341 0.0435338 0.0408571 0.0428074  0.040229 0.0376449 0.0515714 0.0515483 0.0552164 0.0430355 0.0492634 0.0367527 0.0528165 0.0443448 0.0218494 0.0476791 0.0460952 0.0389706 0.0441847 0.0499674 0.0560885 0.0502366 0.0398017 0.0510367  0.048054 0.0528945 0.0508695     0.045 0.0467932 0.0376226 0.0398905 0.0433321 0.0460489         0  0.039689 0.0523897  0.049369  0.041871 0.0347284 0.0348121 0.0486134 0.0443083 0.0376826 0.0377696 0.0434338 0.0520585 0.0398256 0.0531645 0.0500478 0.0398581 0.0394153 0.0465736 0.0503191 0.0460504 0.0408934 0.0524884 0.0406374 0.0526505 0.0331835 0.0423441 0.0539664 0.0502854 0.0475857 0.0346041 0.0421222 0.0391713 0.0492246 0.0464459 0.0441471 0.0479233 0.0497977 0.0423718 0.0432514 0.0496612 0.0397298 0.0483665 0.0455642 0.0485847 0.0438227 0.0355126 0.0412416 0.0415496 0.0425784  0.043038 0.0510775 0.0483379 0.0443509 0.0474581 0.0545384 0.0275983 0.0535049 0.0516833 0.0452401 0.0529806  0.043742 0.0473584 0.0489583  0.044371 0.0407431 0.0347113
 0.045856 0.0516814 0.0466396 0.0438165  0.045516 0.0503186 0.0524721 0.0474226 0.0535115 0.0415568 0.0530135 0.0387398 0.0533357 0.0524505 0.0417565 0.0462752 0.0518992 0.0283975 0.0418144 0.0542283 0.0535452 0.0507439   0.04017  0.045583 0.0453369 0.0540189 0.0517584 0.0445658 0.0545442 0.0498858 0.0482569 0.0437424 0.0515186  0.039689         0 0.0564727 0.0481222 0.0448635 0.0432746 0.0461974 0.0567677 0.0423783 0.0476617 0.0478361 0.0461739 0.0511283 0.0500796 0.0594898 0.0542749 0.0421937  0.049601 0.0425971 0.0514582 0.0466376 0.0325637 0.0488575  0.049234 0.0588224   0.04479  0.045714 0.0531171 0.0443977 0.0339642 0.0381606 0.0416245 0.0289603  0.045106 0.0409912 0.0526086 0.0535965 0.0510101 0.0476884 0.0445622 0.0458149 0.0459857 0.0487185 0.0455494 0.0423577 0.0444466 0.0445669 0.0435655 0.0400916 0.0421547  0.044679 0.0483386 0.0462733 0.0391561 0.0477039 0.0476337  0.040842 0.0553045 0.0564471 0.0444887 0.0527351 0.0435434 0.0476133 0.0504637  0.046892 0.0427259 0.0363022
0.0525688  0.040761 0.0496217 0.0491562  0.040645 0.0424603 0.0456898 0.0395503 0.0397376 0.0526588 0.0292667 0.0556017 0.0425884 0.0424699 0.0511987 0.0531166 0.0386932 0.0574823 0.0422278 0.0135083 0.0388363 0.0506985 0.0567262 0.0399762 0.0461124 0.0440595 0.0449147 0.0508262 0.0314841 0.0464671 0.0491562 0.0517626  0.031705 0.0523897 0.0564727         0 0.0458842 0.0443682 0.0491621 0.0508259 0.0328682 0.0502382 0.0469788 0.0483322 0.0511411  0.035708 0.0538917 0.0400063 0.0140367 0.0564925 0.0468686 0.0506062 0.0455199 0.0518673 0.0583748 0.0463426 0.0499664 0.0421902 0.0462171 0.0528046 0.0411302  0.042945 0.0509963 0.0556262 0.0538167 0.0527643 0.0430222 0.0520879 0.0405648   0.03233 0.0446443 0.0481726 0.0513597 0.0394402 0.0416432 0.0523571 0.0508306 0.0512697 0.0502977 0.0481781 0.0519865  0.054649 0.0491663 0.0418866 0.0463783 0.0411261 0.0457005 0.0498647 0.0333083 0.0487366 0.0389021 0.0179143 0.0497971 0.0469122 0.0508427 0.0498634  0.048181 0.0478335 0.0495957 0.0404025
0.0429695 0.0484468 0.0378896 0.0308742 0.0466803 0.0420179  0.032827 0.0378756 0.0349054 0.0352917 0.0514095 0.0397378 0.0358014 0.0491216 0.0496889 0.0439027 0.0462504 0.0425688 0.0450097 0.0452834 0.0358435 0.0284832   0.04035 0.0449841 0.0409693 0.0361074 0.0301768 0.0391776 0.0415006 0.0471459 0.0430396  0.030956 0.0385245  0.049369 0.0481222 0.0458842         0 0.0531046 0.0531184 0.0465188 0.0413515 0.0299727 0.0413549 0.0456217 0.0356309 0.0528256 0.0494719 0.0447663 0.0449803 0.0434958 0.0505903 0.0340726 0.0407425 0.0375732 0.0433454 0.0377705 0.0527279 0.0422218  0.043884 0.0458685 0.0304713 0.0380517  0.046258 0.0385315 0.0379347 0.0439291 0.0426345 0.0434046 0.0350958 0.0419399 0.0306913 0.0423751 0.0326556 0.0445471 0.0478332 0.0364568 0.0387186 0.0373666 0.0310733 0.0439174 0.0339591 0.0414134 0.0369991 0.0486145 0.0345086 0.0468946 0.0410065  0.033144 0.0417551 0.0462695  0.037081 0.0468449 0.0257265 0.0404612  0.030311 0.0310503 0.0430513 0.0278055 0.0308638 0.0280441
0.0438176 0.0344421  0.053538 0.0533358 0.0512978 0.0501766 0.0496814 0.0538477 0.0519807 0.0512145 0.0433595 0.0490717 0.0473404 0.0354793 0.0441674 0.0458515  0.047636 0.0442904 0.0542458 0.0423305 0.0515892 0.0505556 0.0524764 0.0540779  0.053085 0.0498099 0.0505806  0.047847 0.0490667 0.0475271  0.044999 0.0483204 0.0491137  0.041871 0.0448635 0.0443682 0.0531046         0 0.0309368 0.0511667 0.0444089 0.0544682 0.0512103 0.0501407 0.0492114 0.0338957 0.0445099 0.0459365 0.0418472 0.0528985 0.0415359 0.0570312 0.0449874 0.0448361  0.047943 0.0512844 0.0369758 0.0497494 0.0475674 0.0466985  0.049766 0.0511047 0.0527636  0.049903 0.0445276 0.0516238 0.0524554 0.0354096 0.0485348 0.0465505 0.0499838 0.0562574 0.0538083 0.0514931    0.0513 0.0507433 0.0468819 0.0572957 0.0488438 0.0482328 0.0543955 0.0519511 0.0539693 0.0510934 0.0525686 0.0531691 0.0551735 0.0493035  0.049345 0.0445326 0.0454783 0.0457649 0.0500207 0.0470602 0.0552839 0.0494033 0.0411206 0.0549929 0.0523467 0.0421724
0.0434714 0.0378028 0.0475782 0.0486061 0.0475673 0.0466757 0.0528387 0.0563636 0.0544379 0.0477477 0.0464292 0.0415464 0.0509689 0.0380264 0.0381798 0.0456265 0.0503808 0.0386108 0.0501226 0.0471787 0.0549078 0.0530627 0.0451566 0.0518668  0.048213 0.0514686 0.0525321 0.0452928 0.0533216  0.040238 0.0455099 0.0474833 0.0511011 0.0347284 0.0432746 0.0491621 0.0531184 0.0309368         0 0.0473352 0.0461834 0.0493192 0.0444316 0.0425397 0.0483919 0.0458506 0.0435959 0.0496076 0.0475696 0.0452321 0.0326613 0.0537249 0.0469999 0.0477244 0.0407663 0.0530388 0.0368628 0.0525447 0.0443493 0.0404025 0.0535709 0.0524633 0.0482934  0.043012 0.0437871 0.0472234  0.052622 0.0421818 0.0488414 0.0521707 0.0515718 0.0508728 0.0484896 0.0504316 0.0475654  0.050231 0.0467181 0.0532191 0.0476705 0.0444712 0.0473825 0.0447356 0.0494208 0.0477991 0.0541129 0.0472576 0.0511592 0.0496499 0.0541189 0.0396975 0.0506175  0.051576  0.049162 0.0503215 0.0507288 0.0497139 0.0465399 0.0520991 0.0467504 0.0382639
0.0471303 0.0508176 0.0332359  0.042235 0.0352525 0.0378169  0.051709 0.0515703 0.0547872 0.0438935 0.0465548  0.045427 0.0520755 0.0518063 0.0333705 0.0528297 0.0408789 0.0484646 0.0407646 0.0487266 0.0532421 0.0469262 0.0410532 0.0491993 0.0449561 0.0510778 0.0485579 0.0464782 0.0454495  0.031739 0.0436435 0.0501083 0.0426131 0.0348121 0.0461974 0.0508259 0.0465188 0.0511667 0.0473352         0 0.0471245 0.0405156 0.0306556 0.0294102 0.0518684 0.0530936 0.0483372  0.050663 0.0500735 0.0429669 0.0392243 0.0450341 0.0480239 0.0531067  0.047779 0.0487952 0.0523185 0.0501413 0.0175366 0.0504629 0.0515339 0.0473304 0.0464356 0.0462001 0.0492941 0.0393729 0.0500138   0.05531 0.0409598   0.04518 0.0486278 0.0370352 0.0426473 0.0493563 0.0310617 0.0455177 0.0510731 0.0435682 0.0520801 0.0259388 0.0400939 0.0421117 0.0454017 0.0376088 0.0494235 0.0475622 0.0419311 0.0441832 0.0534322 0.0228367 0.0537536 0.0493468 0.0470756 0.0489506 0.0436784 0.0447408 0.0491296 0.0455057  0.038394 0.0348979
