
Alignment summary:
Didelphis_virginiana: A=551 C=503 G=245 T=513
Equus_caballus: A=556 C=494 G=241 T=521
Rhinoceros_unicornis: ?=1 A=568 C=491 G=232 T=520
Bos_tarus: A=567 C=508 G=230 T=507
Hippopotamus_amphibius: ?=3 A=565 C=501 G=237 T=506
Balaenoptera_physalus: A=578 C=486 G=234 T=514
Physeter_macrocephalus: A=553 C=510 G=231 T=518
Ursus_americanus: A=571 C=502 G=235 T=504
Canis_familiaris: A=563 C=496 G=237 T=516
Felis_catus: A=559 C=494 G=239 T=520
Homo_sapiens: A=553 C=504 G=247 T=508
Pan_troglodytes: A=556 C=512 G=246 T=498
Gorilla_gorilla: A=560 C=489 G=237 T=526
Pongo_pygmaeus: A=550 C=514 G=243 T=505
Macaca_mulatta: A=543 C=528 G=240 T=501
Callithrix_jacchus: A=547 C=504 G=244 T=517
Loris_tardigradus: A=552 C=518 G=239 T=503
Galago_crassicaudatus: ?=1 A=530 C=517 G=236 T=528
Daubentonia_madagascariensis: A=538 C=522 G=236 T=516
Varecia_variegata: A=554 C=525 G=239 T=494
Eulemur_mongoz: ?=2 A=537 C=516 G=236 T=521
Lemur_catta: A=557 C=505 G=236 T=514
Hapalemur_griseus: A=534 C=522 G=245 T=511
Propithecus_tattersalli: A=540 C=516 G=248 T=508
Lepilemur_edwardsi: A=550 C=525 G=234 T=503
Cheirogaleus_medius: A=539 C=531 G=250 T=492
Mirza_coquereli: A=529 C=539 G=241 T=503
Microcebus_murinus: -=1 A=546 C=553 G=235 T=477
Microcebus_griseorufus: A=553 C=537 G=238 T=484
Microcebus_myoxinus: A=551 C=542 G=242 T=477
Microcebus_berthae: A=560 C=520 G=234 T=498
Microcebus_rufus_1: A=550 C=523 G=241 T=498
Microcebus_tavaratra: A=538 C=540 G=246 T=488
Microcebus_rufus_2: A=555 C=520 G=228 T=509
Microcebus_sambiranensis: A=545 C=532 G=238 T=497
Microcebus_ravelobensis: ?=5 A=545 C=504 G=246 T=512

Seed = 3084445050
Jukes-Cantor Distance Matrix:

       0 0.194899 0.192877 0.205711 0.235789  0.23533 0.262242 0.266955 0.281271 0.282879 0.276468 0.293414 0.303271 0.312423  0.31662  0.32679 0.327643  0.33044  0.33021 0.306586 0.308671  0.32679 0.318305 0.307417 0.302445 0.305756 0.309916 0.266344 0.268532  0.25368  0.24598 0.243685 0.220375 0.207893 0.193469 0.171485
0.194899        0  0.16622 0.194184 0.209751 0.228563 0.247513 0.251361  0.24598 0.252906 0.276468 0.283684 0.313261 0.315779 0.325085 0.317462 0.321688 0.314314 0.325937 0.311586 0.312851 0.315779 0.309916 0.295866 0.305756 0.313261 0.312423  0.29198 0.283684 0.274874 0.266955 0.244449 0.233821 0.220375 0.204261 0.180582
0.192877  0.16622        0 0.167599 0.184703 0.197174 0.228711 0.236996 0.226467 0.249213 0.253072 0.281459 0.297707 0.300999 0.310128 0.303478 0.309293 0.317899 0.321909 0.318524 0.301409 0.318524 0.315155 0.310128 0.320215 0.313475 0.300999 0.281648 0.287916 0.279854 0.260069 0.261633 0.255397 0.226467 0.222742 0.203587
0.205711 0.194184 0.167599        0 0.156825 0.194899  0.20209 0.225575 0.233821  0.23533 0.256005 0.278866 0.290156  0.29423 0.313261 0.321688 0.303271 0.321062 0.311586 0.311586 0.309505 0.315779 0.322536 0.301619 0.292598 0.298326 0.300795 0.286297 0.292598 0.281271 0.274079 0.267743 0.255229 0.240636  0.24598 0.220341
0.235789 0.209751 0.184703 0.156825        0 0.168499 0.211215 0.199584 0.223774 0.223774 0.235789 0.259631 0.280229 0.289117 0.303892 0.312227 0.289117 0.309929 0.304721 0.302235 0.313496 0.318118 0.315588 0.318118 0.306383 0.312227 0.320657 0.298314 0.285064 0.284256 0.283449 0.277823 0.261979 0.233521 0.238823 0.227494
 0.23533 0.228563 0.197174 0.194899 0.168499        0 0.189196 0.205711 0.218157 0.230812 0.226321 0.256782 0.266955 0.278866 0.296685 0.289344 0.296685 0.296066 0.309082 0.297505 0.302857 0.327643 0.331068 0.314099 0.314099 0.308249 0.304099 0.284681 0.271696 0.280468 0.275671 0.281271 0.264595 0.242921 0.236086 0.234581
0.262242 0.247513 0.228711  0.20209 0.211215 0.189196        0  0.18636 0.206438 0.218895 0.221115 0.247513 0.268532 0.277267 0.286105 0.292598 0.300795 0.293612 0.320841 0.299971 0.298731 0.315779 0.318305 0.313261 0.290969 0.296685 0.327643 0.288727 0.287723 0.296685 0.285297 0.297505 0.273284 0.279667 0.274874 0.246017
0.266955 0.251361 0.236996 0.225575 0.199584 0.205711  0.18636        0 0.170261  0.20935 0.202813 0.223342 0.248281  0.25059 0.264595 0.299971 0.273284 0.297707 0.300795 0.276468 0.297909 0.314099 0.323384 0.311586 0.299971 0.331927 0.323384 0.298529 0.296685 0.281271 0.274874 0.286913 0.267743 0.270904 0.269322 0.262326
0.281271  0.24598 0.226467 0.233821 0.223774 0.218157 0.206438 0.170261        0 0.191329 0.208621 0.231563 0.241397 0.258338 0.268532 0.280468 0.282074 0.292796 0.293414 0.290156 0.298731 0.314938 0.338831 0.322536 0.297505 0.321688 0.325937 0.327016 0.295866 0.289344 0.292598 0.270112 0.278866 0.278866 0.285297 0.269426
0.282879 0.252906 0.249213  0.23533 0.223774 0.230812 0.218895  0.20935 0.191329        0 0.184946 0.218895 0.229312 0.242159 0.256782 0.271696 0.277267 0.290352 0.306586 0.296685 0.281648 0.318305 0.320841 0.299148 0.304927 0.325937 0.323384 0.312637 0.295048 0.309082 0.311586 0.286913 0.296685 0.286105 0.277267 0.273399
0.276468 0.276468 0.253072 0.256005 0.235789 0.226321 0.221115 0.202813 0.208621 0.184946        0 0.205711 0.210811 0.221115 0.243685 0.259898 0.258338  0.25773 0.275671 0.276468 0.284872 0.297505 0.301619 0.298326 0.300795 0.308249 0.307417 0.298529 0.287723 0.286913 0.293414 0.286105 0.278866 0.276468  0.27249 0.274197
0.293414 0.283684 0.281459 0.278866 0.259631 0.256782 0.247513 0.223342 0.231563 0.218895 0.205711        0 0.184241 0.204986 0.228563 0.252133  0.26381 0.273466  0.28449 0.296685 0.292994 0.311586 0.322536 0.304099  0.29423 0.314099 0.309916 0.305965 0.290969 0.279667 0.298326 0.295866 0.288533 0.290156  0.27249  0.28141
0.303271 0.313261 0.297707 0.290156 0.280229 0.266955 0.268532 0.248281 0.241397 0.229312 0.210811 0.184241        0 0.177218 0.204986 0.218895 0.232315 0.267132 0.287723 0.274874 0.281648 0.301619 0.309082 0.303271 0.303271 0.314938 0.314938 0.296886 0.304927 0.297505 0.304099 0.315779 0.302445 0.303271 0.300795 0.303477
0.312423 0.315779 0.300999  0.29423 0.289117 0.278866 0.277267  0.25059 0.258338 0.242159 0.221115 0.204986 0.177218        0 0.177917 0.213741 0.223342  0.26085 0.266167 0.266167 0.283258 0.297505 0.322536  0.31662 0.312423 0.327643 0.307417 0.314314 0.319995 0.303271 0.314938 0.321688 0.315779 0.308249 0.305756 0.309305
 0.31662 0.325085 0.310128 0.313261 0.303892 0.296685 0.286105 0.264595 0.268532 0.256782 0.243685 0.228563 0.204986 0.177917        0 0.194899 0.225575 0.252299  0.25368  0.25756 0.271265  0.28449 0.303271 0.300795 0.296685 0.320841  0.31662 0.315996 0.319995 0.313261 0.306586  0.31662  0.32679 0.318305 0.323384 0.320251
 0.32679 0.317462 0.303478 0.321688 0.312227 0.289344 0.292598 0.299971 0.280468 0.271696 0.259898 0.252133 0.218895 0.213741 0.194899        0 0.192755 0.233219 0.244449 0.265381 0.271265 0.297505 0.313261 0.295866 0.314938 0.338831 0.314938 0.315996 0.321688 0.317462 0.314099 0.311586 0.310751 0.337965  0.33021 0.324504
0.327643 0.321688 0.309293 0.303271 0.289117 0.296685 0.300795 0.273284 0.282074 0.277267 0.258338  0.26381 0.232315 0.223342 0.225575 0.192755        0 0.185062 0.207165  0.21521 0.240188 0.266167 0.282879 0.295048 0.296685 0.319995 0.314938 0.305965 0.317462  0.31915 0.321688 0.311586 0.297505 0.305756 0.309916 0.315179
 0.33044 0.314314 0.317899 0.321062 0.309929 0.296066 0.293612 0.297707 0.292796 0.290352  0.25773 0.273466 0.267132  0.26085 0.252299 0.233219 0.185062        0 0.175233  0.20439 0.221542 0.237754 0.254622 0.281459 0.301825 0.295247 0.321909 0.311176   0.3118 0.322758 0.321062 0.324458   0.3118 0.306796 0.320215 0.307846
 0.33021 0.325937 0.321909 0.311586 0.304721 0.309082 0.320841 0.300795 0.293414 0.306586 0.275671  0.28449 0.287723 0.266167  0.25368 0.244449 0.207165 0.175233        0 0.172341 0.212546 0.236086  0.25368 0.275671 0.293414 0.309082 0.290969 0.302651 0.302445 0.299971 0.309916 0.319995 0.307417 0.301619 0.314938 0.318557
0.306586 0.311586 0.318524 0.311586 0.302235 0.297505 0.299971 0.276468 0.290156 0.296685 0.276468 0.296685 0.274874 0.266167  0.25756 0.265381  0.21521  0.20439 0.172341        0 0.182355 0.218157 0.243685 0.256782 0.262242 0.287723 0.286913 0.290352 0.297505 0.300795 0.303271 0.314938 0.314938 0.311586 0.307417 0.299341
0.308671 0.312851 0.301409 0.309505 0.313496 0.302857 0.298731 0.297909 0.298731 0.281648 0.284872 0.292994 0.281648 0.283258 0.271265 0.271265 0.240188 0.221542 0.212546 0.182355        0 0.190857 0.212546 0.237909  0.26968 0.268098  0.31034 0.291559 0.297909 0.292178 0.302857 0.324683 0.311176  0.31453 0.316213 0.298923
 0.32679 0.315779 0.318524 0.315779 0.318118 0.327643 0.315779 0.314099 0.314938 0.318305 0.297505 0.311586 0.301619 0.297505  0.28449 0.297505 0.266167 0.237754 0.236086 0.218157 0.190857        0 0.187068 0.230812 0.247513 0.258338 0.303271 0.287106 0.299148 0.299148 0.306586 0.324234 0.322536 0.319995 0.325085 0.320251
0.318305 0.309916 0.315155 0.322536 0.315588 0.331068 0.318305 0.323384 0.338831 0.320841 0.301619 0.322536 0.309082 0.322536 0.303271 0.313261 0.282879 0.254622  0.25368 0.243685 0.212546 0.187068        0 0.202813 0.225575 0.243685 0.295866 0.292796  0.29423 0.304927 0.286913 0.313261 0.309916 0.303271 0.291783 0.298516
0.307417 0.295866 0.310128 0.301619 0.318118 0.314099 0.313261 0.311586 0.322536 0.299148 0.298326 0.304099 0.303271  0.31662 0.300795 0.295866 0.295048 0.281459 0.275671 0.256782 0.237909 0.230812 0.202813        0 0.200646 0.232315 0.254454 0.260069 0.281271 0.291783 0.297505 0.304927 0.292598 0.305756 0.295048 0.295228
0.302445 0.305756 0.320215 0.292598 0.306383 0.314099 0.290969 0.299971 0.297505 0.304927 0.300795  0.29423 0.303271 0.312423 0.296685 0.314938 0.296685 0.301825 0.293414 0.262242  0.26968 0.247513 0.225575 0.200646        0 0.208621 0.246746  0.24614  0.26146 0.270904 0.278866 0.292598 0.289344 0.290969 0.286913 0.273399
0.305756 0.313261 0.313475 0.298326 0.312227 0.308249 0.296685 0.331927 0.321688 0.325937 0.308249 0.314099 0.314938 0.327643 0.320841 0.338831 0.319995 0.295247 0.309082 0.287723 0.268098 0.258338 0.243685 0.232315 0.208621        0 0.240636 0.240793 0.252133 0.280468 0.300795 0.300795 0.307417 0.308249 0.309916 0.302648
0.309916 0.312423 0.300999 0.300795 0.320657 0.304099 0.327643 0.323384 0.325937 0.323384 0.307417 0.309916 0.314938 0.307417  0.31662 0.314938 0.314938 0.321909 0.290969 0.286913  0.31034 0.303271 0.295866 0.254454 0.246746 0.240636        0 0.230211 0.242159  0.28449  0.27249 0.299148  0.28449 0.301619 0.287723 0.298516
0.266344  0.29198 0.281648 0.286297 0.298314 0.284681 0.288727 0.298529 0.327016 0.312637 0.298529 0.305965 0.296886 0.314314 0.315996 0.315996 0.305965 0.311176 0.302651 0.290352 0.291559 0.287106 0.292796 0.260069  0.24614 0.240793 0.230211        0 0.199331 0.234727 0.252299  0.26792 0.256951 0.274261 0.260069 0.250805
0.268532 0.283684 0.287916 0.292598 0.285064 0.271696 0.287723 0.296685 0.295866 0.295048 0.287723 0.290969 0.304927 0.319995 0.319995 0.321688 0.317462   0.3118 0.302445 0.297505 0.297909 0.299148  0.29423 0.281271  0.26146 0.252133 0.242159 0.199331        0 0.192755 0.213741 0.239876 0.255229 0.267743 0.255229 0.246017
 0.25368 0.274874 0.279854 0.281271 0.284256 0.280468 0.296685 0.281271 0.289344 0.309082 0.286913 0.279667 0.297505 0.303271 0.313261 0.317462  0.31915 0.322758 0.299971 0.300795 0.292178 0.299148 0.304927 0.291783 0.270904 0.280468  0.28449 0.234727 0.192755        0 0.189906 0.223342 0.243685  0.23533 0.234575 0.223317
 0.24598 0.266955 0.260069 0.274079 0.283449 0.275671 0.285297 0.274874 0.292598 0.311586 0.293414 0.298326 0.304099 0.314938 0.306586 0.314099 0.321688 0.321062 0.309916 0.303271 0.302857 0.306586 0.286913 0.297505 0.278866 0.300795  0.27249 0.252299 0.213741 0.189906        0 0.177917 0.219635 0.232315 0.224086 0.237613
0.243685 0.244449 0.261633 0.267743 0.277823 0.281271 0.297505 0.286913 0.270112 0.286913 0.286105 0.295866 0.315779 0.321688  0.31662 0.311586 0.311586 0.324458 0.319995 0.314938 0.324683 0.324234 0.313261 0.304927 0.292598 0.300795 0.299148  0.26792 0.239876 0.223342 0.177917        0 0.180721 0.210811 0.206438 0.212954
0.220375 0.233821 0.255397 0.255229 0.261979 0.264595 0.273284 0.267743 0.278866 0.296685 0.278866 0.288533 0.302445 0.315779  0.32679 0.310751 0.297505   0.3118 0.307417 0.314938 0.311176 0.322536 0.309916 0.292598 0.289344 0.307417  0.28449 0.256951 0.255229 0.243685 0.219635 0.180721        0 0.187068 0.194899 0.190505
0.207893 0.220375 0.226467 0.240636 0.233521 0.242921 0.279667 0.270904 0.278866 0.286105 0.276468 0.290156 0.303271 0.308249 0.318305 0.337965 0.305756 0.306796 0.301619 0.311586  0.31453 0.319995 0.303271 0.305756 0.290969 0.308249 0.301619 0.274261 0.267743  0.23533 0.232315 0.210811 0.187068        0 0.156537 0.172877
0.193469 0.204261 0.222742  0.24598 0.238823 0.236086 0.274874 0.269322 0.285297 0.277267  0.27249  0.27249 0.300795 0.305756 0.323384  0.33021 0.309916 0.320215 0.314938 0.307417 0.316213 0.325085 0.291783 0.295048 0.286913 0.309916 0.287723 0.260069 0.255229 0.234575 0.224086 0.206438 0.194899 0.156537        0 0.152258
0.171485 0.180582 0.203587 0.220341 0.227494 0.234581 0.246017 0.262326 0.269426 0.273399 0.274197  0.28141 0.303477 0.309305 0.320251 0.324504 0.315179 0.307846 0.318557 0.299341 0.298923 0.320251 0.298516 0.295228 0.273399 0.302648 0.298516 0.250805 0.246017 0.223317 0.237613 0.212954 0.190505 0.172877 0.152258        0


JC Tree topology:
(1,((((2,3),(4,5)),(6,(7,((8,9),(10,(11,(12,(((13,(14,15)),(16,17)),(((18,19),20),(21,(22,23))))))))))),(((((24,25),26),27),(28,29)),(30,(31,32)))),(33,((34,35),36)));

Putting MLE Branch Lengths
p: 0.304252
0.284319
0.131955
0.279474
s:  0.222109
 0.150928
 0.154256
0.0352589
   0.4113
0.0261474
Q: -0.866542  0.365009  0.248032  0.253501
 0.390599  -1.17591 0.0620059  0.723306
 0.571892  0.133602  -0.80457 0.0990768
 0.275977  0.735846 0.0467798   -1.0586
(34:0.0870921,35:0.0723952,(36:0.0738936,(33:0.1227164,(1:0.1060134,(((6:0.0876691,(7:0.0928628,((10:0.0980451,(11:0.0862433,((((16:0.0923980,17:0.1049360):0.0514471,(13:0.1013492,(15:0.1082605,14:0.0726004):0.0248070):0.0180093):0.0149693,(((19:0.0816620,18:0.0982399):0.0299348,20:0.0871132):0.0154296,(21:0.0763550,(23:0.1086265,22:0.0821314):0.0507030):0.0412404):0.1004274):0.0407608,12:0.0967724):0.0390092):0.0287784):0.0334516,(9:0.0895738,8:0.0855770):0.0232655):0.0387589):0.0365099):0.0417696,((4:0.0770954,5:0.0848283):0.0288552,(2:0.0984987,3:0.0723504):0.0316504):0.0141280):0.0514839,((((26:0.1053873,(24:0.1166004,25:0.0929348):0.0376210):0.0420468,27:0.1177474):0.0501611,(29:0.0950078,28:0.1071912):0.0120198):0.0508405,((32:0.0988253,31:0.0832714):0.0318595,30:0.1064610):0.0268399):0.0582096):0.0144660):0.0177657):0.0111240):0.0252760);
stationary acceptance: 0.187131
symmetric acceptance: 0.114599
branch length acceptance: 0.841625
avgP: 0.232372 0.220959  0.18659 0.360079
sP: 4.53592e-05  2.7643e-05 5.07684e-05 7.41812e-05
avgS:  0.173655  0.173776 0.0967014 0.0204612  0.521311 0.0140951
sS: 2.24786e-05 3.88973e-05  1.8151e-05 4.20371e-06 8.31974e-05 5.38729e-06
0.232372 0.220959  0.18659 0.360079
 0.173655  0.173776 0.0967014 0.0204612  0.521311 0.0140951

-0.955652  0.373658  0.373919  0.208075
 0.392957  -1.61891 0.0463009   1.17965
 0.465664 0.0548295 -0.558263 0.0377702
 0.134278  0.723884 0.0195722 -0.877734

GTR Distance Matrix:

       0 0.187449 0.187291 0.201081 0.229949 0.234193 0.260037 0.264525 0.281055 0.281935 0.277134 0.294072  0.30497 0.313561 0.317463 0.331081 0.330099 0.336909 0.334267 0.309698    0.311 0.330327 0.317303 0.307818 0.302479 0.306047 0.308097 0.260507 0.264828 0.250157 0.241137  0.23847  0.21362 0.200173  0.18466 0.164735
0.187449        0 0.159135 0.186226 0.202041 0.224902 0.243731 0.246596 0.243093 0.250242 0.274695 0.283319 0.312169 0.315192 0.323005 0.320308 0.322424 0.318928  0.32873 0.313679  0.31307 0.318243 0.310011 0.296998 0.305807 0.314298 0.311115 0.287203 0.283619 0.272948  0.26181  0.24061 0.227876 0.211912 0.196703 0.174786
0.187291 0.159135        0 0.160623 0.178774 0.194513 0.224974 0.233291 0.223839 0.247411 0.252648 0.281922 0.298415  0.30192 0.308252 0.306195 0.310281 0.321921 0.326775 0.319436 0.300917 0.322666 0.314595 0.312312 0.319876 0.313611 0.298711 0.275608 0.285954 0.277124 0.255221 0.258328 0.248747 0.219235 0.215155 0.198142
0.201081 0.186226 0.160623        0 0.149194 0.187506 0.196873 0.218773 0.228109 0.231991 0.251489 0.275646 0.286976 0.291203 0.307401 0.319426 0.301346  0.32151 0.313848 0.312139 0.307101 0.317026  0.32225  0.30244 0.291936 0.297306  0.30097 0.279373 0.291294 0.279459 0.267639 0.264263 0.248985 0.232437 0.237641 0.214665
0.229949 0.202041 0.178774 0.149194        0 0.162533 0.204923 0.193405 0.218241 0.218399 0.232997 0.257641 0.278449  0.28694 0.301794 0.312596 0.289013 0.311717 0.306974 0.302847 0.312963 0.320989 0.316292 0.318311 0.306562 0.312568 0.317651 0.293929 0.284269 0.283166  0.27977 0.274484 0.255097 0.226936 0.232301 0.222558
0.234193 0.224902 0.194513 0.187506 0.162533        0 0.183564 0.198969 0.214338 0.227132 0.223158 0.255512 0.266922 0.278119  0.29508 0.291316 0.295522 0.298576 0.313306  0.29952 0.304375 0.334349  0.33499 0.318707 0.318153 0.310911 0.305641 0.281994 0.273134 0.282019 0.273756 0.281978 0.261713 0.238669  0.23107 0.232304
0.260037 0.243731 0.224974 0.196873 0.204923 0.183564        0 0.180107 0.199978 0.212891 0.216028  0.24305 0.265172 0.272059 0.282049 0.291704 0.296996 0.292802 0.321987 0.299375 0.296761 0.317221  0.31852  0.31362  0.29044 0.296703  0.32813 0.283181 0.286759 0.296081 0.281752 0.296941 0.268237 0.273353 0.267328 0.243354
0.264525 0.246596 0.233291 0.218773 0.193405 0.198969 0.180107        0 0.163749 0.202718 0.197832 0.218832 0.243131 0.247149 0.260178 0.299239 0.270287 0.297994 0.302628 0.276083 0.296221 0.316715 0.325571 0.314042  0.30223 0.332743 0.324579 0.293757  0.29484 0.278521 0.269388 0.284945 0.262232 0.265941 0.261897 0.258844
0.281055 0.243093 0.223839 0.228109 0.218241 0.214338 0.199978 0.163749        0 0.185456 0.203413 0.225513 0.236015  0.25508 0.264873 0.280892  0.27856 0.294845 0.296295 0.289845 0.298352 0.317328 0.339984 0.327592 0.300032 0.324374 0.328506 0.323149   0.2964 0.289089  0.28928 0.270688 0.275836 0.275573 0.279128 0.267074
0.281935 0.250242 0.247411 0.231991 0.218399 0.227132 0.212891 0.202718 0.185456        0 0.178974 0.212041 0.222804  0.23538 0.249919 0.268547 0.274059 0.290992 0.307685 0.295605 0.279513 0.318048 0.320205 0.300656 0.305798 0.328122 0.323485 0.308163   0.2964 0.309289 0.309315 0.286025 0.293509 0.282558  0.27192 0.272841
0.277134 0.274695 0.252648 0.251489 0.232997 0.223158 0.216028 0.197832 0.203413 0.178974        0 0.197591 0.205008 0.214958 0.237397 0.257635 0.254497 0.257269 0.278045 0.277249 0.283313 0.301213 0.302156 0.299265 0.300405 0.308266 0.305716  0.29392 0.289678 0.288767 0.292319 0.286947 0.277264 0.274476 0.267925 0.272258
0.294072 0.283319 0.281922 0.275646 0.257641 0.255512  0.24305 0.218832 0.225513 0.212041 0.197591        0 0.177313 0.195414 0.221409 0.247293 0.257547 0.270396  0.28427 0.293138 0.290792 0.313154 0.322031 0.306514 0.294133 0.315548 0.308781 0.301535 0.290576 0.279765 0.297698 0.296976 0.286758 0.288142 0.268228 0.280105
 0.30497 0.312169 0.298415 0.286976 0.278449 0.266922 0.265172 0.243131 0.236015 0.222804 0.205008 0.177313        0  0.16923 0.196892 0.214859 0.227442  0.26366 0.288095 0.271827  0.28021 0.304619 0.310282 0.305502 0.304539 0.315875   0.3158 0.294608 0.306964 0.301144 0.305198 0.317965 0.302752 0.302691 0.297404 0.304722
0.313561 0.315192  0.30192 0.291203  0.28694 0.278119 0.272059 0.247149  0.25508  0.23538 0.214958 0.195414  0.16923        0 0.169221 0.207507 0.217923 0.256515 0.263607 0.263769 0.281171 0.298433 0.321267 0.315269 0.310555 0.327131 0.306859 0.311178 0.318167 0.303185 0.314903 0.323942 0.313673 0.306627 0.301243 0.309264
0.317463 0.323005 0.308252 0.307401 0.301794  0.29508 0.282049 0.260178 0.264873 0.249919 0.237397 0.221409 0.196892 0.169221        0 0.187539 0.217951 0.246573 0.249427 0.254184 0.267555 0.283042 0.299343 0.298722 0.293608 0.318875 0.314968 0.310858 0.318891   0.3148 0.305448 0.317911 0.323937  0.31631 0.317895 0.319364
0.331081 0.320308 0.306195 0.319426 0.312596 0.291316 0.291704 0.299239 0.280892 0.268547 0.257635 0.247293 0.214859 0.207507 0.187539        0 0.186039 0.228368 0.240955 0.262646 0.268968 0.296741 0.313271 0.295388 0.315402 0.340086 0.316918 0.314283 0.324626 0.323302  0.31721 0.317318 0.310874  0.33869 0.328059   0.3274
0.330099 0.322424 0.310281 0.301346 0.289013 0.295522 0.296996 0.270287  0.27856 0.274059 0.254497 0.257547 0.227442 0.217923 0.217951 0.186039        0 0.177071 0.201068   0.2091 0.234657 0.262904 0.279452 0.293873  0.29616 0.317018 0.312623 0.302357 0.316977 0.322671 0.320915  0.31295 0.295321  0.30451 0.307556 0.315515
0.336909 0.318928 0.321921  0.32151 0.311717 0.298576 0.292802 0.297994 0.294845 0.290992 0.257269 0.270396  0.26366 0.256515 0.246573 0.228368 0.177071        0 0.168084 0.197632 0.215873 0.233799 0.252261 0.280378 0.300019  0.29447 0.322579 0.308416 0.316251  0.32942 0.322925  0.33121 0.313169 0.308912 0.320978 0.313221
0.334267  0.32873 0.326775 0.313848 0.306974 0.313306 0.321987 0.302628 0.296295 0.307685 0.278045  0.28427 0.288095 0.263607 0.249427 0.240955 0.201068 0.168084        0 0.165126   0.2056 0.230104 0.248464 0.270459 0.290088 0.304834 0.289218 0.300046 0.304254 0.303643  0.30832 0.321696 0.307136 0.302552 0.314936 0.322781
0.309698 0.313679 0.319436 0.312139 0.302847  0.29952 0.299375 0.276083 0.289845 0.295605 0.277249 0.293138 0.271827 0.263769 0.254184 0.262646   0.2091 0.197632 0.165126        0 0.174701 0.210985 0.238221 0.251227  0.25741  0.28151 0.282204 0.286278 0.295935 0.300981 0.300789 0.315082 0.312517 0.309039 0.305474 0.300518
   0.311  0.31307 0.300917 0.307101 0.312963 0.304375 0.296761 0.296221 0.298352 0.279513 0.283313 0.290792  0.28021 0.281171 0.267555 0.268968 0.234657 0.215873   0.2056 0.174701        0 0.183608 0.206262 0.231803 0.262536 0.263629 0.306847 0.285798 0.299972 0.292691 0.302014 0.325095 0.308192 0.311033 0.312122 0.299246
0.330327 0.318243 0.322666 0.317026 0.320989 0.334349 0.317221 0.316715 0.317328 0.318048 0.301213 0.313154 0.304619 0.298433 0.283042 0.296741 0.262904 0.233799 0.230104 0.210985 0.183608        0 0.178979 0.225279 0.239591 0.252407 0.300708 0.284648 0.300672 0.300536 0.306382 0.324355  0.31972 0.319283  0.32321 0.322361
0.317303 0.310011 0.314595  0.32225 0.316292  0.33499  0.31852 0.325571 0.339984 0.320205 0.302156 0.322031 0.310282 0.321267 0.299343 0.313271 0.279452 0.252261 0.248464 0.238221 0.206262 0.178979        0 0.194785 0.216101 0.235615 0.289534 0.286957 0.292711 0.304243 0.284697 0.311965 0.305477 0.299989 0.286938 0.297203
0.307818 0.296998 0.312312  0.30244 0.318311 0.318707  0.31362 0.314042 0.327592 0.300656 0.299265 0.306514 0.305502 0.315269 0.298722 0.295388 0.293873 0.280378 0.270459 0.251227 0.231803 0.225279 0.194785        0 0.194001 0.224034 0.247689 0.253045 0.277791  0.28984 0.293969 0.302309 0.287692  0.30212 0.291221 0.294029
0.302479 0.305807 0.319876 0.291936 0.306562 0.318153  0.29044  0.30223 0.300032 0.305798 0.300405 0.294133 0.304539 0.310555 0.293608 0.315402  0.29616 0.300019 0.290088  0.25741 0.262536 0.239591 0.216101 0.194001        0 0.198061 0.240425 0.239116 0.259228  0.26917 0.275211 0.292267 0.286582 0.288758 0.283766 0.272068
0.306047 0.314298 0.313611 0.297306 0.312568 0.310911 0.296703 0.332743 0.324374 0.328122 0.308266 0.315548 0.315875 0.327131 0.318875 0.340086 0.317018  0.29447 0.304834  0.28151 0.263629 0.252407 0.235615 0.224034 0.198061        0 0.230282 0.230692 0.247099 0.276749 0.296799 0.299426 0.303394 0.304375 0.305538 0.300361
0.308097 0.311115 0.298711  0.30097 0.317651 0.305641  0.32813 0.324579 0.328506 0.323485 0.305716 0.308781   0.3158 0.306859 0.314968 0.316918 0.312623 0.322579 0.289218 0.282204 0.306847 0.300708 0.289534 0.247689 0.240425 0.230282        0 0.219207 0.232919 0.277595 0.267182 0.292592 0.278621 0.294333  0.28147 0.294183
0.260507 0.287203 0.275608 0.279373 0.293929 0.281994 0.283181 0.293757 0.323149 0.308163  0.29392 0.301535 0.294608 0.311178 0.310858 0.314283 0.302357 0.308416 0.300046 0.286278 0.285798 0.284648 0.286957 0.253045 0.239116 0.230692 0.219207        0 0.190032 0.224976 0.243813 0.258887 0.247939 0.265039 0.251031 0.243877
0.264828 0.283619 0.285954 0.291294 0.284269 0.273134 0.286759  0.29484   0.2964   0.2964 0.289678 0.290576 0.306964 0.318167 0.318891 0.324626 0.316977 0.316251 0.304254 0.295935 0.299972 0.300672 0.292711 0.277791 0.259228 0.247099 0.232919 0.190032        0 0.184717 0.206466 0.233324 0.248895 0.260055 0.246703 0.240563
0.250157 0.272948 0.277124 0.279459 0.283166 0.282019 0.296081 0.278521 0.289089 0.309289 0.288767 0.279765 0.301144 0.303185   0.3148 0.323302 0.322671  0.32942 0.303643 0.300981 0.292691 0.300536 0.304243  0.28984  0.26917 0.276749 0.277595 0.224976 0.184717        0 0.180767 0.215034  0.23652 0.228488 0.227753 0.219457
0.241137  0.26181 0.255221 0.267639  0.27977 0.273756 0.281752 0.269388  0.28928 0.309315 0.292319 0.297698 0.305198 0.314903 0.305448  0.31721 0.320915 0.322925  0.30832 0.300789 0.302014 0.306382 0.284697 0.293969 0.275211 0.296799 0.267182 0.243813 0.206466 0.180767        0 0.169591 0.209659 0.222824 0.215351  0.23076
 0.23847  0.24061 0.258328 0.264263 0.274484 0.281978 0.296941 0.284945 0.270688 0.286025 0.286947 0.296976 0.317965 0.323942 0.317911 0.317318  0.31295  0.33121 0.321696 0.315082 0.325095 0.324355 0.311965 0.302309 0.292267 0.299426 0.292592 0.258887 0.233324 0.215034 0.169591        0 0.172484 0.202074 0.198168 0.207278
 0.21362 0.227876 0.248747 0.248985 0.255097 0.261713 0.268237 0.262232 0.275836 0.293509 0.277264 0.286758 0.302752 0.313673 0.323937 0.310874 0.295321 0.313169 0.307136 0.312517 0.308192  0.31972 0.305477 0.287692 0.286582 0.303394 0.278621 0.247939 0.248895  0.23652 0.209659 0.172484        0 0.177241 0.185104 0.184129
0.200173 0.211912 0.219235 0.232437 0.226936 0.238669 0.273353 0.265941 0.275573 0.282558 0.274476 0.288142 0.302691 0.306627  0.31631  0.33869  0.30451 0.308912 0.302552 0.309039 0.311033 0.319283 0.299989  0.30212 0.288758 0.304375 0.294333 0.265039 0.260055 0.228488 0.222824 0.202074 0.177241        0 0.148014 0.165051
 0.18466 0.196703 0.215155 0.237641 0.232301  0.23107 0.267328 0.261897 0.279128  0.27192 0.267925 0.268228 0.297404 0.301243 0.317895 0.328059 0.307556 0.320978 0.314936 0.305474 0.312122  0.32321 0.286938 0.291221 0.283766 0.305538  0.28147 0.251031 0.246703 0.227753 0.215351 0.198168 0.185104 0.148014        0 0.145251
0.164735 0.174786 0.198142 0.214665 0.222558 0.232304 0.243354 0.258844 0.267074 0.272841 0.272258 0.280105 0.304722 0.309264 0.319364   0.3274 0.315515 0.313221 0.322781 0.300518 0.299246 0.322361 0.297203 0.294029 0.272068 0.300361 0.294183 0.243877 0.240563 0.219457  0.23076 0.207278 0.184129 0.165051 0.145251        0

meanTree = (1:0.0900587,(((2:0.082438,3:0.0766526):0.00788622,(((4:0.0749766,5:0.0743399):0.00780933,6:0.0852069):0.00195514,((7:0.0930418,(8:0.0784297,9:0.0850593):0.0106438):0.00222498,((10:0.0902669,11:0.0875516):0.00627818,(12:0.092103,((13:0.0860217,(14:0.0825107,15:0.086653):0.00730886):0.00462408,(16:0.0978881,17:0.0876975):0.00921569):0.00489426):0.0043777):0.00232459):0.00255993):0.00189025):0.00276332,((((((18:0.0855283,19:0.083361):0.00915526,20:0.0821196):0.00692814,(21:0.0888677,(22:0.09015,23:0.0894551):0.014901):0.0079957):0.00825773,(((24:0.100404,(25:0.0915311,26:0.105675):0.00588026):0.00774302,27:0.119761):0.00481741,(28:0.0957076,29:0.0919098):0.00542043):0.00288002):0.00204377,(30:0.0933646,(31:0.0847739,32:0.0854666):0.0096805):0.00329263):0.00169862,33:0.0879633):0.00196412):0.00192235,((34:0.0777555,35:0.0698226):0.00741257,36:0.0699156):0.00350522);
(1,(((2,((3,(4,5)),(6,(7,(8,(9,10)))))),((((11,(12,(13,(14,(15,16))))),((17,((18,19),20)),(21,(22,23)))),(((((24,25),26),27),28),((29,30),(31,32)))),33)),(34,35)),36); 0.0946496
(1,((((((((((((2,3),4),5),6),7),8),9),(10,11)),(12,((13,14),15))),((16,(17,(18,19))),((20,21),(22,23)))),(((((24,25),26),27),28),(29,30))),((31,32),33)),((34,35),36)); 0.102943
(1,((2,3),((4,(5,6)),(7,((8,9),((10,11),((12,13),((14,15),(16,17)))))))),(((((((((((18,19),20),21),(22,23)),24),(25,(26,27))),(28,29)),(30,31)),(32,33)),(34,35)),36)); 0.0872756
(1,((2,3),(4,(5,(6,(7,((8,9),((10,11),((12,(13,(14,15))),((16,17),((18,19),(20,21))))))))))),(((((((((22,23),24),(25,26)),27),28),(29,30)),(31,32)),33),((34,35),36))); 0.0887589
(1,(2,(3,(4,(5,(6,(7,((8,9),((10,11),((12,((13,14),((15,16),17))),(((((18,19),20),(21,(22,23))),((24,(25,26)),27)),((28,29),(30,31)))))))))))),((32,33),((34,35),36))); 0.0947381
(1,(((2,3),((4,5),(6,(7,((8,9),(10,(11,(12,(((13,(14,15)),(16,17)),(((18,19),20),(21,(22,23)))))))))))),((((24,(25,26)),27),(28,29)),((30,31),(32,33)))),((34,35),36)); 0.0855279
(1,(2,(3,(((4,5),6),(7,((8,9),((10,11),(12,(13,((14,15),16))))))))),(((((((((17,18),(19,20)),(21,(22,23))),(((24,25),26),27)),(28,29)),((30,31),32)),33),(34,35)),36)); 0.0878407
(1,(2,((3,4),((5,6),((7,(8,9)),((10,11),(12,(13,(14,15)))))))),((((((((((16,17),((18,19),20)),(21,(22,23))),(((24,25),26),27)),(28,29)),30),(31,32)),33),(34,35)),36)); 0.083572
(1,(((2,3),((4,5),(6,(7,((8,9),((10,11),((12,(13,(14,15))),(((16,17),(18,19)),((20,21),(22,23)))))))))),(((24,((25,26),27)),(28,29)),(30,(31,32)))),(33,((34,35),36))); 0.0903648
(1,(2,(3,(4,(5,6)))),(((((((7,(8,9)),((10,11),(12,((13,(14,15)),(16,17))))),(((((18,19),(20,21)),(22,23)),((24,25),26)),(27,28))),((29,30),(31,32))),(33,34)),35),36)); 0.0846771
(1,((2,3),(4,(5,(6,(7,((8,9),(((10,11),(12,(13,(14,(15,16))))),(((17,(18,19)),(20,21)),(22,23))))))))),((((((((24,25),26),27),28),(29,30)),(31,32)),33),((34,35),36))); 0.100563
(1,((2,3),(((((((((4,5),6),7),(8,9)),10),11),12),(((13,(14,15)),(16,17)),((18,(19,20)),21))),(((((22,23),24),(25,26)),27),((28,29),(30,(31,32)))))),((33,(34,35)),36)); 0.0997537
(1,2,(3,(4,(5,(6,(7,((8,9),((10,11),((12,(13,(14,(15,16)))),(((((17,((18,19),20)),(21,(22,23))),(((24,25),26),27)),((28,29),30)),(((31,32),33),(34,(35,36))))))))))))); 0.0951463
(1,(2,(3,((4,5),(6,((7,8),((9,10),((11,12),((13,(14,(15,16))),((17,18),(19,20)))))))))),(((((((((21,(22,23)),24),(25,26)),27),28),((29,30),(31,32))),33),(34,35)),36)); 0.102356
(1,((2,((3,(4,(5,6))),(7,((8,9),((10,11),(12,(13,((14,15),(16,17))))))))),(((((((18,19),(20,21)),((((22,23),24),(25,26)),27)),(28,29)),(30,31)),(32,33)),(34,35))),36); 0.0882222
(1,((2,3),(((4,5),(6,7)),((8,9),(((10,11),12),(((13,(14,15)),(16,17)),(((18,19),20),(21,(22,23)))))))),(((((((24,25),26),27),(28,29)),((30,31),32)),33),((34,35),36))); 0.0833378
(1,(2,((3,4),(5,(6,(7,(8,9)))))),((((((((10,11),(12,(13,((14,15),16)))),((17,(18,(19,20))),(21,(22,23)))),(((24,(25,26)),27),(28,29))),(((30,31),32),33)),34),35),36)); 0.0938782
(1,((((((((2,3),(4,5)),6),7),(8,9)),(10,11)),(12,((13,(14,15)),(16,17)))),(((((18,19),20),21),(22,23)),((((24,25),26),27),(28,29)))),((30,(31,32)),(33,((34,35),36)))); 0.0786568
(1,2,(3,((((4,5),6),((7,8),(9,(10,(11,(((12,13),(((14,15),16),(17,(18,(19,20))))),((21,(22,23)),(24,25)))))))),(((((26,27),28),29),(30,(31,32))),(33,((34,35),36)))))); 0.0998072
(1,((2,3),((4,5),(6,(7,((8,9),((10,11),((12,(13,14)),((15,16),((17,18),((19,20),21)))))))))),((((((((((22,23),24),(25,26)),27),(28,29)),(30,(31,32))),33),34),35),36)); 0.0972832
(1,2,(3,((((4,5),((6,7),((8,9),(10,(11,(12,(13,((14,15),(16,17))))))))),((((18,19),(20,21)),(22,23)),((((24,25),26),27),28))),((((29,30),31),(32,33)),((34,35),36))))); 0.0953461
(1,(2,(3,(((4,5),6),(7,((8,9),((10,11),(12,(((13,(14,15)),(16,17)),(18,(19,20)))))))))),(((((((((21,(22,23)),24),(25,26)),27),((28,29),30)),(31,32)),33),(34,35)),36)); 0.0821163
(1,(((2,3),((4,5),(6,(7,((8,9),(10,(11,12))))))),(((((((13,(14,15)),16),(17,18)),((19,20),21)),(((((22,23),24),25),26),(27,28))),((29,30),(31,32))),(33,(34,35)))),36); 0.0969521
(1,((((2,3),((4,5),(6,(7,(8,(9,(10,(11,(12,(13,((14,15),16))))))))))),((((17,18),(19,20)),(((21,22),(23,24)),(25,26))),(27,(28,(29,30))))),((31,(32,33)),(34,35))),36); 0.10993
(1,(2,((3,4),((5,6),((7,(8,9)),(10,((11,12),(((13,(14,15)),(16,17)),((18,19),(20,21))))))))),((((((((22,23),24),(25,26)),(27,28)),((29,30),(31,32))),33),(34,35)),36)); 0.107832
(1,((2,3),(((4,5),6),(7,(8,(9,(10,((11,12),((((13,14),15),(16,17)),(((18,19),20),(21,(22,23))))))))))),((((((24,25),26),27),(28,29)),(30,(31,32))),(33,(34,(35,36))))); 0.0803385
(1,((2,3),((4,5),(6,(7,(8,9))))),(((((((((10,11),(12,((13,14),15))),(((16,17),(18,(19,20))),(21,(22,23)))),(((24,25),26),(27,28))),29),30),31),(32,33)),((34,35),36))); 0.0835955
(1,((2,3),((4,5),(6,((7,(8,9)),(10,(11,(12,((13,(14,15)),(16,(17,(18,19))))))))))),(((((((((20,21),(22,23)),(24,(25,26))),((27,28),(29,30))),(31,32)),33),34),35),36)); 0.0901082
(1,(((2,3),(((4,5),6),((7,(8,9)),((10,11),((12,((13,(14,15)),(16,17))),((((18,19),20),(21,(22,23))),((24,(25,26)),(27,(28,29))))))))),((30,31),(32,33))),((34,35),36)); 0.078875
(1,(2,(3,((4,5),(6,(7,((8,9),(10,11))))))),(((((((12,13),((14,15),(16,17))),((((18,19),(20,21)),(22,23)),(((24,25),26),27))),(((28,29),30),31)),(32,33)),(34,35)),36)); 0.086999
(1,(2,(3,((4,(5,6)),(7,((8,9),((10,11),(12,(13,(14,15))))))))),((((((((16,17),(18,19)),(20,21)),(22,23)),((24,(25,26)),(27,28))),(29,30)),((31,32),33)),((34,35),36))); 0.0950333
(1,((2,3),((4,5),(6,(7,((8,9),(10,(11,12))))))),(((((((13,(14,15)),(16,17)),(((18,19),20),(21,(22,23)))),(((((24,25),26),27),(28,29)),(30,31))),(32,33)),(34,35)),36)); 0.0882297
(1,(2,(3,((4,5),(6,(7,((8,9),(10,(11,(12,(13,((14,15),16))))))))))),((((((((17,(18,19)),(20,21)),((((22,23),24),(25,26)),(27,28))),((29,30),(31,32))),33),34),35),36)); 0.0999892
(1,(((((2,3),4),5),(6,(7,((8,9),(10,(11,((12,(13,((14,15),16))),((17,18),((19,20),21))))))))),(((((22,23),24),(25,26)),(27,28)),((29,30),31))),((32,33),((34,35),36))); 0.104239
(1,((2,3),(((4,5),6),((7,(8,9)),((10,11),(12,((13,(14,15)),(16,17))))))),(((((((18,19),(20,21)),(((((22,23),24),25),26),27)),(28,29)),(30,31)),(32,33)),((34,35),36))); 0.0919735
(1,(2,((3,4),((5,6),((7,(8,9)),((10,11),(12,((13,14),(15,(16,17))))))))),(((((((((18,19),(20,21)),((22,23),(24,(25,26)))),((27,28),29)),((30,31),32)),33),34),35),36)); 0.0893523
(1,(2,((3,4),((5,6),(7,((8,9),((10,11),(12,((13,(14,15)),(16,17))))))))),((((((((18,(19,20)),(21,22)),((23,24),(25,26))),((27,28),29)),(30,31)),(32,33)),34),(35,36))); 0.096957
(1,((2,3),((4,5),((6,7),((8,9),(((10,11),12),(((13,14),(15,16)),((17,18),(19,20)))))))),(((((((21,(22,23)),24),(25,26)),((27,28),29)),(30,31)),(32,33)),((34,35),36))); 0.0902626
(1,(((2,3),((4,5),(6,(7,((8,9),(10,(11,(12,((13,(14,15)),(16,(17,(18,19)))))))))))),((((((20,21),(22,23)),((24,25),26)),27),((28,29),30)),((31,32),33))),(34,(35,36))); 0.0888533
(1,((2,3),(((4,5),6),(((7,8),9),(10,(11,(12,((13,14),15))))))),((((((((16,17),(18,(19,20))),(21,(22,23))),((((24,25),26),27),28)),(29,30)),(31,32)),33),((34,35),36))); 0.0952098
(1,((((((2,3),4),(5,6)),((7,(8,9)),((10,11),(12,(13,((14,15),(16,17))))))),(((((18,19),20),(21,(22,23))),((24,25),26)),((27,28),(29,30)))),((31,32),33)),((34,35),36)); 0.0848038
(1,2,(((3,4),((5,6),(7,((8,9),((10,11),((12,(13,((14,15),(16,17)))),((((18,19),20),(21,(22,23))),(((((24,25),26),27),28),(29,30))))))))),(((31,32),33),(34,(35,36))))); 0.086829
(1,((2,3),(((4,5),(6,(7,(8,9)))),(((10,11),(12,(13,(14,15)))),((16,17),((18,19),(20,21)))))),(((((((((22,23),24),(25,26)),27),28),(29,30)),(31,32)),(33,34)),(35,36))); 0.0944026
(1,(((((((((((2,3),4),5),6),(7,8)),(9,10)),11),12),(((13,(14,15)),(16,17)),(((18,19),20),(21,(22,23))))),((((24,(25,26)),27),(28,29)),(30,(31,32)))),(33,(34,35))),36); 0.090085
(1,(2,3),(((((((4,5),(6,7)),(((8,9),(10,11)),(12,(13,((14,15),16))))),((((17,(18,19)),((20,21),(22,23))),((24,25),26)),(27,28))),((((29,30),31),32),33)),(34,35)),36)); 0.0992568
(1,((2,3),((4,(5,6)),(7,((8,9),(((10,11),12),(((13,(14,15)),(16,17)),(((18,19),20),(21,(22,23))))))))),((((((24,(25,26)),(27,28)),(29,30)),((31,32),33)),(34,35)),36)); 0.0813084
(1,(2,(3,((4,5),(6,(7,(8,(9,(10,(11,(((12,13),((14,15),((16,17),((18,19),20)))),((((21,(22,23)),24),(25,26)),((27,28),29)))))))))))),(((30,(31,32)),33),((34,35),36))); 0.0920702
(1,((((2,3),4),((5,6),((7,((8,9),(10,(11,(12,(13,((14,15),(16,17)))))))),((((18,19),20),(21,(22,23))),(((24,(25,26)),27),(28,(29,30))))))),(((31,32),33),(34,35))),36); 0.0887903
(1,((2,3),((4,5),(6,(7,(8,(9,(10,(11,((12,(13,14)),(((15,16),17),(((18,19),20),21))))))))))),((((((((22,23),24),(25,26)),27),(28,29)),(30,31)),(32,33)),((34,35),36))); 0.0959425
(1,(((2,3),((4,5),(6,(7,(8,(9,(10,(11,((12,((13,14),(15,16))),(((17,(18,(19,20))),(21,(22,23))),(24,(25,26)))))))))))),((((27,28),29),(30,31)),(32,33))),((34,35),36)); 0.100494
(1,((2,3),((4,5),(6,(7,((8,9),(10,(11,((12,13),(((14,15),16),((17,18),((19,20),21))))))))))),(((((((((22,23),24),(25,26)),27),(28,29)),((30,31),32)),33),(34,35)),36)); 0.0947852
(1,(2,(3,((4,(5,6)),((7,(8,9)),((10,11),((12,(13,((14,15),16))),(((17,18),(19,20)),(21,(22,23))))))))),((((((((24,25),26),27),28),(29,30)),((31,32),33)),(34,35)),36)); 0.093213
(1,(2,((3,4),((5,6),(7,(8,(((9,10),11),(12,(13,((14,15),16))))))))),((((((((17,18),(19,20)),(21,(22,23))),((((24,25),26),27),(28,29))),(30,(31,32))),33),(34,35)),36)); 0.104373
(1,(2,((3,4),((5,6),(7,((8,9),((10,11),(12,(((13,14),15),(16,17))))))))),(((((((((18,19),20),(21,22)),((23,24),(25,26))),(27,28)),(((29,30),31),32)),33),(34,35)),36)); 0.103768
(1,((2,3),((4,5),(6,((7,8),(9,(10,11)))))),((((((((12,13),((14,15),(16,17))),(((18,19),20),(21,(22,23)))),(((24,(25,26)),27),28)),(((29,30),31),32)),33),(34,35)),36)); 0.0911779
(1,(2,(3,(4,((5,6),(7,(8,9)))))),((((((((10,11),((12,(13,14)),(15,16))),(((17,(18,19)),20),21)),(((((22,23),24),(25,26)),27),28)),(((29,30),31),32)),33),(34,35)),36)); 0.109883
(1,(2,(((3,(4,5)),6),((7,(8,9)),((10,11),(12,(13,(14,(15,16)))))))),(((((((((17,18),((19,20),21)),(((22,23),26),(24,25))),((27,29),28)),((30,31),32)),33),34),35),36)); 0.0948016
(1,(2,(3,(4,(5,(6,(7,((8,9),(10,(11,(12,((13,(14,15)),(16,17)))))))))))),((((((((18,19),20),21),(22,23)),((((24,25),26),27),28)),((29,30),(31,32))),33),((34,35),36))); 0.0833543
(1,2,(3,((4,5),(6,(7,((8,9),((10,11),((12,((13,14),((15,16),17))),((((18,(19,20)),(21,(22,23))),((((24,25),26),27),28)),((((29,30),31),32),(33,((34,35),36)))))))))))); 0.0988158
(1,2,(3,((4,5),(6,((7,(8,9)),(10,((11,12),(((13,(14,15)),((16,17),((18,19),(20,21)))),((((((22,23),24),(25,26)),27),(28,29)),((30,(31,32)),(33,(34,(35,36))))))))))))); 0.092463
(1,(2,(3,((4,5),(6,((7,(8,9)),((10,11),(12,(13,((14,15),16))))))))),(((((((((17,18),(19,20)),(21,(22,23))),((24,(25,26)),27)),(28,(29,30))),(31,32)),33),(34,35)),36)); 0.0856134
(1,(2,(3,((4,5),(6,((7,(8,9)),((10,11),((12,(13,(14,15))),((16,17),((18,19),(20,21)))))))))),((((((((22,23),24),25),26),((27,28),29)),((30,31),(32,33))),(34,35)),36)); 0.0921238
(1,2,((((((3,4),5),6),(7,((8,9),((10,11),(12,((13,14),(15,16))))))),((((((17,18),19),20),(21,22)),((23,24),(25,26))),((27,(28,29)),(30,31)))),((32,33),((34,35),36)))); 0.0985931
(1,(2,(3,((4,5),(6,((7,(8,9)),((10,11),((12,13),((14,15),(16,17))))))))),(((((((((18,19),(20,21)),((22,23),24)),(((25,26),27),28)),(29,30)),(31,32)),33),34),(35,36))); 0.0846069
(1,(2,((3,(4,(5,6))),((7,(8,9)),(((10,11),12),(((13,(14,15)),(16,17)),(((18,19),20),21)))))),((((((((((22,23),24),25),(26,27)),28),(29,30)),(31,32)),33),(34,35)),36)); 0.0950685
(1,((2,3),(4,(5,(6,(7,((8,9),(10,(11,((12,13),(((14,15),16),(17,(18,(19,20))))))))))))),(((((((21,(22,23)),24),(25,26)),((27,28),29)),(30,31)),(32,33)),((34,35),36))); 0.0908669
(1,(2,(3,(4,(5,(6,(7,((8,9),(10,(11,(12,(13,((14,15),(16,17))))))))))))),((((((18,19),(20,21)),(22,23)),((24,25),26)),(27,(28,29))),((30,(31,32)),(33,((34,35),36))))); 0.080193
(1,((((2,3),4),((5,6),(7,((8,9),((10,11),(12,(((13,(14,15)),16),((17,18),(19,20))))))))),((((21,((22,23),24)),(25,26)),(27,(28,29))),((30,31),(32,33)))),((34,35),36)); 0.0940465
