Pi: 0.266281 0.205126 0.251295 0.277298
S: 0.107978 0.190701 0.153573 0.070454 0.370935 0.106358
