Pi: 0.270084 0.214695 0.270855 0.244367
S: 0.0854675  0.242316   0.14335 0.0773282   0.33328  0.118258
