Pi: 0.226552 0.221479 0.181951 0.370018
S:  0.174838  0.168373 0.0965183 0.0198927  0.526957 0.0134213
