Pi: 0.225883 0.222905 0.182352  0.36886
S:  0.175922  0.168082 0.0945693 0.0201096   0.52808  0.013236
