Pi: 0.271645 0.203204  0.24303 0.282121
S:   0.10813  0.186605  0.157503 0.0709314  0.365114  0.111716
