Pi: 0.231596  0.22138 0.187056 0.359968
S:  0.172994  0.173744 0.0950952 0.0202645  0.522983 0.0149188
