Pi: 0.215426 0.253364 0.289475 0.241735
S: 0.0857389  0.143667 0.0701712   0.24778  0.342974  0.109669
