
Alignment summary:
Oryctolagus_cuniculus: -=318 A=372 C=441 G=443 U=375
Homo_sapiens: -=337 A=375 C=420 G=446 U=371
Rattus_norvegicus: -=292 A=390 C=421 G=465 U=381
Mus_musculus: -=348 A=371 C=406 G=438 U=386
Gallus_gallus: -=304 A=371 C=419 G=482 U=373
Turdus_migratorius: -=321 A=380 C=417 G=464 U=367
Alligator_mississippiensis: -=333 A=357 C=428 G=459 U=372
Sceloporus_undulatus: -=371 A=377 C=393 G=440 U=368
Heterodon_platyrhinos: -=385 A=367 C=393 G=441 U=363
Trachemys_scripta: -=457 A=357 C=378 G=407 U=350
Typhlonectes_natans: -=390 A=367 C=408 G=425 U=359
Hypogeophis_rostratus: -=436 A=353 C=388 G=417 U=355
Grandisonia_alternans: -=417 A=359 C=393 G=424 U=356
Ichthyophis_bannanicus: -=419 A=348 C=404 G=430 U=348
Plethodon_yonhalossee: -=360 A=379 C=407 G=440 U=363
Ambystoma_mexicanum: -=423 A=347 C=401 G=431 U=347
Amphiuma_tridactylum: -=430 A=363 C=397 G=413 U=346
Siren_intermedia: -=535 A=348 C=355 G=394 U=317
Gastrophryne_carolinensis: -=538 A=338 C=363 G=396 U=314
Hyla_cinerea: -=533 A=330 C=358 G=389 U=339
Bufo_valliceps: -=438 A=357 C=380 G=427 U=347
Eleutherodactylus_cuneatus: -=467 A=352 C=385 G=421 U=324
Nesomantis_thomasseti: -=391 A=368 C=406 G=438 U=346
Scaphiopus_holbrooki: -=431 A=365 C=379 G=441 U=333
Xenopus_laevis: -=367 A=369 C=406 G=449 U=358
Discoglossus_pictus: -=404 A=354 C=397 G=429 U=365
Latimeria_chalumnae: -=301 A=390 C=407 G=473 U=378

Seed = 1667466829
Jukes-Cantor Distance Matrix:

        0 0.0253738 0.0306641 0.0340494 0.0319197 0.0396251 0.0380647 0.0479279 0.0412849 0.0428044 0.0498641 0.0451877 0.0459176 0.0434051 0.0415404 0.0468216 0.0500677 0.0342561 0.0474842 0.0590574 0.0481409 0.0402481 0.0443408 0.0395417 0.0373931 0.0325195  0.018814
0.0253738         0 0.0270604 0.0240341 0.0279578 0.0368984 0.0409032 0.0459144 0.0393416 0.0446582 0.0470219 0.0470942 0.0506429  0.048276 0.0473955 0.0448867 0.0509534 0.0341497 0.0482481 0.0511826 0.0504582 0.0380696 0.0378721 0.0333472  0.037817 0.0307552 0.0205211
0.0306641 0.0270604         0 0.0234656 0.0248123 0.0317435 0.0389066  0.049198 0.0394828 0.0440009 0.0459434 0.0426518 0.0500912 0.0457991 0.0472816 0.0463468 0.0508054 0.0410425 0.0585778 0.0599058 0.0489821 0.0434691 0.0509029 0.0429323 0.0445991 0.0315082 0.0272335
0.0340494 0.0240341 0.0234656         0 0.0222538 0.0258764 0.0314731 0.0463881 0.0443408 0.0462797 0.0541853  0.049305 0.0554458 0.0514073 0.0538251 0.0548453 0.0583952 0.0519051 0.0558769 0.0717243 0.0594594 0.0475631 0.0497379 0.0396333 0.0432143 0.0351235 0.0311033
0.0319197 0.0279578 0.0248123 0.0222538         0 0.0239637  0.028364 0.0473615 0.0377347 0.0418304 0.0451426 0.0376463 0.0520526 0.0471321 0.0516333 0.0493408 0.0572485 0.0469625 0.0609234 0.0639188 0.0514025 0.0471359 0.0551957 0.0502688 0.0515193 0.0412881  0.032138
0.0396251 0.0368984 0.0317435 0.0258764 0.0239637         0 0.0308474 0.0372879 0.0367244 0.0406114  0.048556 0.0450248 0.0526004  0.052286 0.0553348  0.056164 0.0610737 0.0542646 0.0648923  0.072611 0.0604041 0.0519786 0.0582009 0.0675118 0.0575895 0.0550979 0.0449172
0.0380647 0.0409032 0.0389066 0.0314731  0.028364 0.0308474         0 0.0338324 0.0311733 0.0376396 0.0460135 0.0407407   0.05264 0.0476587 0.0531588 0.0556786 0.0613049 0.0561009 0.0704105 0.0709189 0.0568661  0.054656 0.0588982 0.0655132 0.0588391 0.0519367 0.0427162
0.0479279 0.0459144  0.049198 0.0463881 0.0473615 0.0372879 0.0338324         0 0.0231923 0.0245193 0.0421214 0.0354048 0.0492726 0.0516285 0.0572545 0.0662026 0.0632676 0.0496313 0.0638326 0.0743871   0.06273 0.0555362 0.0561225  0.070426  0.066916  0.062568 0.0481566
0.0412849 0.0393416 0.0394828 0.0443408 0.0377347 0.0367244 0.0311733 0.0231923         0 0.0158927 0.0223532 0.0284083 0.0350685 0.0375631 0.0447576   0.05306 0.0542047  0.039544 0.0545695 0.0583672 0.0500314 0.0459765 0.0465382 0.0439456 0.0508026 0.0471758 0.0379284
0.0428044 0.0446582 0.0440009 0.0462797 0.0418304 0.0406114 0.0376396 0.0245193 0.0158927         0 0.0223789 0.0259157  0.034532  0.038441 0.0418304 0.0485727 0.0498777 0.0389293 0.0511468 0.0585546 0.0534117 0.0475595 0.0474374 0.0472341 0.0548691 0.0485906  0.042996
0.0498641 0.0470219 0.0459434 0.0541853 0.0451426  0.048556 0.0460135 0.0421214 0.0223532 0.0223789         0 0.0183022 0.0262562  0.023523 0.0360239 0.0383956 0.0449193 0.0296528 0.0426274 0.0502806   0.04052 0.0382443 0.0442606 0.0381568 0.0498201 0.0437593    0.0486
0.0451877 0.0470942 0.0426518  0.049305 0.0376463 0.0450248 0.0407407 0.0354048 0.0284083 0.0259157 0.0183022         0 0.0271224 0.0241784    0.0339 0.0370537 0.0417811 0.0312545 0.0444886  0.047571 0.0382966 0.0365345 0.0404472 0.0374785 0.0463826 0.0391852 0.0388745
0.0459176 0.0506429 0.0500912 0.0554458 0.0520526 0.0526004   0.05264 0.0492726 0.0350685  0.034532 0.0262562 0.0271224         0 0.0186034  0.025062 0.0379545  0.042422 0.0343969 0.0475159 0.0473498 0.0424715 0.0356288 0.0361516 0.0391427 0.0507496 0.0427053 0.0474034
0.0434051  0.048276 0.0457991 0.0514073 0.0471321  0.052286 0.0476587 0.0516285 0.0375631  0.038441  0.023523 0.0241784 0.0186034         0 0.0126853 0.0223951  0.030706 0.0235498 0.0353006 0.0420523 0.0321104 0.0317221 0.0315836 0.0311248 0.0420814 0.0322308 0.0408066
0.0415404 0.0473955 0.0472816 0.0538251 0.0516333 0.0553348 0.0531588 0.0572545 0.0447576 0.0418304 0.0360239    0.0339  0.025062 0.0126853         0 0.0219511 0.0316214 0.0250974  0.040247 0.0427023 0.0423676 0.0332649 0.0382847 0.0397792  0.046583 0.0369442 0.0409634
0.0468216 0.0448867 0.0463468 0.0548453 0.0493408  0.056164 0.0556786 0.0662026   0.05306 0.0485727 0.0383956 0.0370537 0.0379545 0.0223951 0.0219511         0 0.0251521  0.018667 0.0331546 0.0422978 0.0398091 0.0351685 0.0380111 0.0361326  0.040642 0.0387471 0.0414953
0.0500677 0.0509534 0.0508054 0.0583952 0.0572485 0.0610737 0.0613049 0.0632676 0.0542047 0.0498777 0.0449193 0.0417811  0.042422  0.030706 0.0316214 0.0251521         0  0.017766 0.0352159  0.043233 0.0398765 0.0329471 0.0422442 0.0425646 0.0488598  0.045434 0.0436487
0.0342561 0.0341497 0.0410425 0.0519051 0.0469625 0.0542646 0.0561009 0.0496313  0.039544 0.0389293 0.0296528 0.0312545 0.0343969 0.0235498 0.0250974  0.018667  0.017766         0 0.0181777 0.0263691 0.0244244 0.0265514 0.0286203 0.0301044 0.0308318 0.0298106 0.0285015
0.0474842 0.0482481 0.0585778 0.0558769 0.0609234 0.0648923 0.0704105 0.0638326 0.0545695 0.0511468 0.0426274 0.0444886 0.0475159 0.0353006  0.040247 0.0331546 0.0352159 0.0181777         0 0.0391467  0.035615 0.0422978 0.0386419  0.037305 0.0451573 0.0402444 0.0447191
0.0590574 0.0511826 0.0599058 0.0717243 0.0639188  0.072611 0.0709189 0.0743871 0.0583672 0.0585546 0.0502806  0.047571 0.0473498 0.0420523 0.0427023 0.0422978  0.043233 0.0263691 0.0391467         0 0.0313299 0.0353878 0.0412662 0.0493655 0.0502348  0.047571 0.0513764
0.0481409 0.0504582 0.0489821 0.0594594 0.0514025 0.0604041 0.0568661   0.06273 0.0500314 0.0534117   0.04052 0.0382966 0.0424715 0.0321104 0.0423676 0.0398091 0.0398765 0.0244244  0.035615 0.0313299         0 0.0251932 0.0301142 0.0326717 0.0400196 0.0406879 0.0407768
0.0402481 0.0380696 0.0434691 0.0475631 0.0471359 0.0519786  0.054656 0.0555362 0.0459765 0.0475595 0.0382443 0.0365345 0.0356288 0.0317221 0.0332649 0.0351685 0.0329471 0.0265514 0.0422978 0.0353878 0.0251932         0  0.023624 0.0195696 0.0320905 0.0296528 0.0354048
0.0443408 0.0378721 0.0509029 0.0497379 0.0551957 0.0582009 0.0588982 0.0561225 0.0465382 0.0474374 0.0442606 0.0404472 0.0361516 0.0315836 0.0382847 0.0380111 0.0422442 0.0286203 0.0386419 0.0412662 0.0301142  0.023624         0 0.0245741 0.0336724 0.0322308 0.0366184
0.0395417 0.0333472 0.0429323 0.0396333 0.0502688 0.0675118 0.0655132  0.070426 0.0439456 0.0472341 0.0381568 0.0374785 0.0391427 0.0311248 0.0397792 0.0361326 0.0425646 0.0301044  0.037305 0.0493655 0.0326717 0.0195696 0.0245741         0 0.0339458 0.0308856 0.0351455
0.0373931  0.037817 0.0445991 0.0432143 0.0515193 0.0575895 0.0588391  0.066916 0.0508026 0.0548691 0.0498201 0.0463826 0.0507496 0.0420814  0.046583  0.040642 0.0488598 0.0308318 0.0451573 0.0502348 0.0400196 0.0320905 0.0336724 0.0339458         0 0.0301116 0.0384788
0.0325195 0.0307552 0.0315082 0.0351235 0.0412881 0.0550979 0.0519367  0.062568 0.0471758 0.0485906 0.0437593 0.0391852 0.0427053 0.0322308 0.0369442 0.0387471  0.045434 0.0298106 0.0402444  0.047571 0.0406879 0.0296528 0.0322308 0.0308856 0.0301116         0 0.0362356
 0.018814 0.0205211 0.0272335 0.0311033  0.032138 0.0449172 0.0427162 0.0481566 0.0379284  0.042996    0.0486 0.0388745 0.0474034 0.0408066 0.0409634 0.0414953 0.0436487 0.0285015 0.0447191 0.0513764 0.0407768 0.0354048 0.0366184 0.0351455 0.0384788 0.0362356         0


JC Tree topology:
(1,(2,((3,((4,(5,6)),7)),(((((((((((8,9),10),11),12),13),(14,15)),((16,17),(18,19))),(20,21)),((22,24),23)),25),26))),27);

Putting MLE Branch Lengths
p: 0.234114
0.256704
0.279915
0.229267
s:  0.102007
 0.183877
0.0610378
 0.192236
 0.364097
0.0967453
Q: -0.740925  0.217858  0.392708  0.130359
 0.198686  -1.28229  0.374431  0.709176
 0.328452  0.343383 -0.844646  0.172812
 0.133115  0.794047  0.210989  -1.13815
((7:0.0229716,(3:0.0112603,((2:0.0113280,(27:0.0143287,1:0.0081984):0.0083293):0.0000100,(((((24:0.0116741,22:0.0135547):0.0049072,23:0.0139325):0.0064370,((((14:0.0017047,15:0.0118261):0.0043209,(13:0.0116770,(12:0.0096245,(11:0.0069125,(10:0.0083698,(8:0.0226612,9:0.0075133):0.0040087):0.0129127):0.0054402):0.0078109):0.0062318):0.0128040,((18:0.0008476,19:0.0189274):0.0046984,(16:0.0137287,17:0.0137352):0.0042340):0.0064078):0.0041536,(21:0.0145437,20:0.0206803):0.0100411):0.0074526):0.0083879,25:0.0205913):0.0046911,26:0.0161204):0.0177357):0.0098130):0.0068280):0.0000100,(6:0.0144914,5:0.0095583):0.0034744,4:0.0129586);
stationary acceptance: 0.379868
symmetric acceptance: 0.513532
branch length acceptance: 0.931423
avgP: 0.213426 0.252889 0.292256 0.241429
sP: 6.73302e-05 5.73233e-05 9.65924e-05 7.70349e-05
avgS: 0.0839952  0.145702 0.0667368  0.250331  0.346155   0.10708
sS:  7.5565e-05 0.000217646 0.000111817 0.000289159 0.000347121 0.000142621
0.213426 0.252889 0.292256 0.241429
0.0839952  0.145702 0.0667368  0.250331  0.346155   0.10708

-0.694465  0.196778   0.34134  0.156346
 0.166072  -1.34542  0.494943  0.684403
 0.249271  0.428273 -0.860739  0.183195
 0.138212  0.716889  0.221762  -1.07686

GTR Distance Matrix:

        0 0.0253566 0.0308507 0.0341477 0.0319939 0.0398194 0.0379854 0.0480902 0.0414963 0.0431288 0.0499879 0.0453016 0.0460712  0.043491 0.0419838 0.0470489 0.0504394 0.0346456 0.0479807 0.0594197 0.0486459 0.0406579 0.0446091 0.0400334 0.0376557 0.0327107 0.0189633
0.0253566         0 0.0271482 0.0241287 0.0279965 0.0371841 0.0408888 0.0463404 0.0395384 0.0449476 0.0473142 0.0472748  0.050922  0.048427 0.0477743 0.0449703 0.0513202 0.0344916 0.0485267 0.0513443 0.0507509 0.0382692 0.0379638 0.0336863 0.0380339 0.0309299 0.0206635
0.0308507 0.0271482         0 0.0235573 0.0249392 0.0320034  0.038915 0.0496965 0.0398917 0.0444887 0.0463483 0.0429345 0.0505371  0.045975 0.0478841 0.0466845 0.0513673 0.0417012 0.0594312 0.0604769 0.0495107 0.0439244 0.0513036 0.0436321 0.0450315 0.0317543 0.0275523
0.0341477 0.0241287 0.0235573         0 0.0222993 0.0260933 0.0315288 0.0468859  0.044657 0.0466991 0.0546556 0.0496764 0.0559021  0.051603 0.0542645  0.055078 0.0589065 0.0525577 0.0563577 0.0722799 0.0600258 0.0479143 0.0501054  0.040171 0.0436125 0.0354334 0.0314114
0.0319939 0.0279965 0.0249392 0.0222993         0 0.0240932 0.0283613 0.0477941 0.0380481 0.0421352 0.0454157 0.0378138 0.0523456  0.047196 0.0521425 0.0494352 0.0576846 0.0474459 0.0615113 0.0642494 0.0518803 0.0474736 0.0555523 0.0511269 0.0521098 0.0415635 0.0325616
0.0398194 0.0371841 0.0320034 0.0260933 0.0240932         0 0.0309268 0.0377205 0.0371705 0.0409783 0.0490345 0.0453835 0.0530913 0.0526088 0.0559867 0.0565391 0.0618455 0.0550317 0.0655633 0.0733246 0.0610895 0.0524208 0.0587425 0.0686845 0.0583543 0.0558075 0.0455401
0.0379854 0.0408888  0.038915 0.0315288 0.0283613 0.0309268         0 0.0339987 0.0313079 0.0379015 0.0461198 0.0408169 0.0527455 0.0475361 0.0533258 0.0555764 0.0613896 0.0564891 0.0706302 0.0710153 0.0570688 0.0547241 0.0589439 0.0661057 0.0592197 0.0521323 0.0429168
0.0480902 0.0463404 0.0496965 0.0468859 0.0477941 0.0377205 0.0339987         0 0.0234466 0.0247522 0.0425102 0.0357302 0.0498438  0.052032 0.0579637  0.066853 0.0639488 0.0502555 0.0645184 0.0749045 0.0636121 0.0561839 0.0568598 0.0718272 0.0679016 0.0633071  0.048754
0.0414963 0.0395384 0.0398917  0.044657 0.0380481 0.0371705 0.0313079 0.0234466         0 0.0160572 0.0225384 0.0286481  0.035404 0.0377698 0.0452073 0.0534145 0.0546869 0.0400947  0.055174 0.0587647 0.0506395 0.0464572 0.0470115 0.0445239 0.0514605 0.0476873 0.0383017
0.0431288 0.0449476 0.0444887 0.0466991 0.0421352 0.0409783 0.0379015 0.0247522 0.0160572         0 0.0226041 0.0262254 0.0348639  0.038803 0.0422964 0.0490051 0.0504116 0.0394322 0.0515934 0.0591393  0.054178 0.0479266 0.0479954 0.0480144 0.0556587 0.0492574  0.043602
0.0499879 0.0473142 0.0463483 0.0546556 0.0454157 0.0490345 0.0461198 0.0425102 0.0225384 0.0226041         0 0.0183812 0.0264465 0.0235714 0.0363168 0.0385325 0.0452339  0.030038 0.0429131 0.0506425 0.0408645 0.0385628 0.0446831 0.0386259 0.0503918 0.0441955 0.0491911
0.0453016 0.0472748 0.0429345 0.0496764 0.0378138 0.0453835 0.0408169 0.0357302 0.0286481 0.0262254 0.0183812         0 0.0272739 0.0242195  0.034183 0.0372444 0.0420584  0.031602 0.0447698 0.0478892  0.038542 0.0367002 0.0406338 0.0378487 0.0468299 0.0394839  0.039258
0.0460712  0.050922 0.0505371 0.0559021 0.0523456 0.0530913 0.0527455 0.0498438  0.035404 0.0348639 0.0264465 0.0272739         0 0.0186281 0.0252128 0.0381214 0.0427671 0.0348054 0.0478749 0.0475796 0.0429776 0.0359135 0.0364084 0.0396928 0.0514308 0.0431119 0.0479151
 0.043491  0.048427  0.045975  0.051603  0.047196 0.0526088 0.0475361  0.052032 0.0377698  0.038803 0.0235714 0.0242195 0.0186281         0 0.0127192 0.0224054 0.0308459 0.0237938 0.0354641 0.0422067 0.0323073 0.0318706 0.0316786 0.0314128 0.0424014  0.032448 0.0411772
0.0419838 0.0477743 0.0478841 0.0542645 0.0521425 0.0559867 0.0533258 0.0579637 0.0452073 0.0422964 0.0363168  0.034183 0.0252128 0.0127192         0 0.0220748 0.0318931 0.0254554 0.0407678 0.0429905 0.0429473  0.033651 0.0387668 0.0405194 0.0472909 0.0374202 0.0416065
0.0470489 0.0449703 0.0466845  0.055078 0.0494352 0.0565391 0.0555764  0.066853 0.0534145 0.0490051 0.0385325 0.0372444 0.0381214 0.0224054 0.0220748         0 0.0252844 0.0188521 0.0333736 0.0424164 0.0400501 0.0353436 0.0382167 0.0365405 0.0410033 0.0390766 0.0419093
0.0504394 0.0513202 0.0513673 0.0589065 0.0576846 0.0618455 0.0613896 0.0639488 0.0546869 0.0504116 0.0452339 0.0420584 0.0427671 0.0308459 0.0318931 0.0252844         0 0.0180074 0.0355899 0.0435797 0.0402457 0.0332874 0.0426203 0.0431996 0.0494623 0.0459839 0.0442272
0.0346456 0.0344916 0.0417012 0.0525577 0.0474459 0.0550317 0.0564891 0.0502555 0.0400947 0.0394322  0.030038  0.031602 0.0348054 0.0237938 0.0254554 0.0188521 0.0180074         0 0.0184544 0.0266255  0.024699 0.0269023 0.0289786 0.0306725 0.0312536 0.0302519 0.0289488
0.0479807 0.0485267 0.0594312 0.0563577 0.0615113 0.0655633 0.0706302 0.0645184  0.055174 0.0515934 0.0429131 0.0447698 0.0478749 0.0354641 0.0407678 0.0333736 0.0355899 0.0184544         0 0.0393718 0.0360333 0.0426996 0.0390822 0.0378631 0.0458264 0.0407239 0.0455469
0.0594197 0.0513443 0.0604769 0.0722799 0.0642494 0.0733246 0.0710153 0.0749045 0.0587647 0.0591393 0.0506425 0.0478892 0.0475796 0.0422067 0.0429905 0.0424164 0.0435797 0.0266255 0.0393718         0 0.0316319  0.035649 0.0415903 0.0500776  0.050681 0.0480624 0.0520629
0.0486459 0.0507509 0.0495107 0.0600258 0.0518803 0.0610895 0.0570688 0.0636121 0.0506395  0.054178 0.0408645  0.038542 0.0429776 0.0323073 0.0429473 0.0400501 0.0402457  0.024699 0.0360333 0.0316319         0 0.0254613 0.0304236  0.033213 0.0405406  0.041187 0.0413731
0.0406579 0.0382692 0.0439244 0.0479143 0.0474736 0.0524208 0.0547241 0.0561839 0.0464572 0.0479266 0.0385628 0.0367002 0.0359135 0.0318706  0.033651 0.0353436 0.0332874 0.0269023 0.0426996  0.035649 0.0254613         0 0.0238468 0.0197918 0.0324351 0.0300053  0.035922
0.0446091 0.0379638 0.0513036 0.0501054 0.0555523 0.0587425 0.0589439 0.0568598 0.0470115 0.0479954 0.0446831 0.0406338 0.0364084 0.0316786 0.0387668 0.0382167 0.0426203 0.0289786 0.0390822 0.0415903 0.0304236 0.0238468         0 0.0248496 0.0339078 0.0324736 0.0369886
0.0400334 0.0336863 0.0436321  0.040171 0.0511269 0.0686845 0.0661057 0.0718272 0.0445239 0.0480144 0.0386259 0.0378487 0.0396928 0.0314128 0.0405194 0.0365405 0.0431996 0.0306725 0.0378631 0.0500776  0.033213 0.0197918 0.0248496         0  0.034509 0.0313762 0.0358401
0.0376557 0.0380339 0.0450315 0.0436125 0.0521098 0.0583543 0.0592197 0.0679016 0.0514605 0.0556587 0.0503918 0.0468299 0.0514308 0.0424014 0.0472909 0.0410033 0.0494623 0.0312536 0.0458264  0.050681 0.0405406 0.0324351 0.0339078  0.034509         0 0.0303184 0.0390183
0.0327107 0.0309299 0.0317543 0.0354334 0.0415635 0.0558075 0.0521323 0.0633071 0.0476873 0.0492574 0.0441955 0.0394839 0.0431119  0.032448 0.0374202 0.0390766 0.0459839 0.0302519 0.0407239 0.0480624  0.041187 0.0300053 0.0324736 0.0313762 0.0303184         0 0.0366696
0.0189633 0.0206635 0.0275523 0.0314114 0.0325616 0.0455401 0.0429168  0.048754 0.0383017  0.043602 0.0491911  0.039258 0.0479151 0.0411772 0.0416065 0.0419093 0.0442272 0.0289488 0.0455469 0.0520629 0.0413731  0.035922 0.0369886 0.0358401 0.0390183 0.0366696         0

meanTree = (1:0.0109689,((2:0.0105468,(3:0.011275,((4:0.0107877,(5:0.00913928,6:0.014067):0.000874451):0.00109645,7:0.0152778):0.0024294):0.00220264):0.000725144,(((((((8:0.0163327,9:0.00623449):0.000880474,10:0.0075113):0.00566246,(11:0.0090449,12:0.00822803):0.00159177):0.00299912,(13:0.0127954,(14:0.00394015,15:0.00866093):0.00217321):0.00181836):0.00175163,(((16:0.010599,17:0.0141991):0.00172124,(18:0.00227757,19:0.0154664):0.00116324):0.0014872,(20:0.0194938,21:0.0122228):0.00300336):0.000840328):0.00101196,((22:0.00821426,24:0.011031):0.00136343,23:0.012038):0.00109836):0.00165849,(25:0.0167874,26:0.0124199):0.00157337):0.0040878):0.00204013,27:0.00796391);
(1,((2,(3,(4,((5,6),(7,((8,10),9)))))),(((((((11,12),13),(14,((15,17),16))),(22,24)),(((18,(19,20)),21),23)),26),25)),27); 0.0224079
(1,((2,((3,4),(5,(6,7)))),((((((((((((8,9),10),11),12),(13,14)),15),((16,17),(18,19))),(20,21)),23),(22,24)),26),25)),27); 0.0195084
(1,((2,27),(3,(4,5))),(((((((((6,7),((8,10),9)),11),12),(13,(14,15))),((((16,17),18),19),(20,21))),((22,23),24)),25),26)); 0.0238238
(1,(2,(3,((((4,(5,6)),7),((8,10),9)),(((11,12),(13,(14,15))),(((((16,17),18),19),(20,21)),(((22,24),23),(25,26))))))),27); 0.0235136
(1,(2,((3,((4,5),((6,8),7))),(((((((9,10),11),12),13),(14,15)),(16,17)),(((((((18,19),20),21),23),(22,24)),25),26)))),27); 0.0220395
(1,((2,(3,(4,((5,6),7)))),((((((8,10),9),(11,12)),13),(((((14,15),16),17),(18,(19,(20,21)))),(22,(23,24)))),(25,26))),27); 0.0185356
(1,(2,27),((3,((4,(5,6)),(7,8))),(((9,10),(11,12)),(((((13,14),15),(16,17)),((18,19),(20,21))),((22,(23,24)),(25,26)))))); 0.0248432
(1,((2,(((((((((8,10),9),(11,12)),(13,(14,15))),(((16,17),(18,19)),(20,21))),(22,24)),23),25),26)),(3,(((4,6),5),7))),27); 0.0205611
(1,(2,(3,(4,(5,6)))),((((((((((((7,8),9),10),11),12),((13,15),14)),(((((16,17),18),19),20),21)),22),(23,24)),25),26),27)); 0.0248832
(1,2,((((3,((4,(5,6)),7)),((8,9),10)),(((11,12),13),((14,15),((((16,17),(18,19)),(20,21)),((22,(23,24)),(25,26)))))),27)); 0.0186606
(1,((2,(3,((4,5),(6,7)))),((((((((8,9),10),11),12),13),(((((14,15),16),(17,18)),19),(20,21))),((22,24),23)),(25,26))),27); 0.0202369
(1,(2,((3,(((4,6),5),7)),(((((((((8,9),10),11),12),13),(14,15)),((16,17),(18,(19,(20,21))))),((22,23),24)),(25,26)))),27); 0.0176872
(1,(2,((3,((4,6),5)),(((7,8),(9,10)),((11,12),((13,(14,15)),((((16,17),(18,19)),(20,21)),(((22,24),(25,26)),23))))))),27); 0.0254046
(1,((2,(3,((4,6),5))),((((((((((7,8),9),10),(11,12)),13),((14,15),(16,17))),((18,19),(20,21))),((22,23),24)),26),25)),27); 0.022064
(1,(((2,4),(3,(5,6))),27),(((7,8),(9,10)),(((((((((11,12),13),14),15),16),17),(18,19)),((20,21),(22,(23,24)))),(25,26)))); 0.027465
(1,2,(((3,((4,(5,6)),(7,8))),(((((((9,10),11),12),(13,(14,15))),((((16,17),18),19),(20,21))),(22,23)),(24,(25,26)))),27)); 0.0270127
(1,((2,(3,(4,(5,(6,7))))),((((((((8,(9,10)),11),12),(13,14)),23),((((15,16),17),(18,19)),(20,21))),(22,24)),(25,26))),27); 0.0190114
(1,((2,((3,((4,6),5)),((7,8),(9,10)))),((((11,12),((((13,15),14),16),(((17,18),19),20))),((21,((22,24),23)),25)),26)),27); 0.0235417
(1,(2,(3,(4,(5,6)))),(((((((7,8),10),9),11),12),(((13,(((14,15),16),17)),(((((18,19),20),21),23),(22,24))),(25,26))),27)); 0.0284324
(1,((2,(3,(4,(5,(6,7))))),((((((((((((8,10),9),11),12),13),(14,15)),((16,(17,18)),19)),23),(20,21)),(22,24)),25),26)),27); 0.0178653
(1,((2,(3,((4,(6,7)),5))),(((((((((8,9),10),11),12),(13,(14,15))),((16,17),(18,19))),((20,21),(22,23))),25),(24,26))),27); 0.0177254
(1,(((2,4),(5,(6,7))),((3,26),(((((8,10),9),(11,12)),(13,(14,15))),(((((16,17),(18,19)),(20,21)),((22,24),23)),25)))),27); 0.0190975
(1,(2,(((3,(4,(5,6))),(7,((8,9),10))),((((11,12),13),(((14,15),(16,17)),(18,(19,(20,21))))),(((22,25),(23,24)),26)))),27); 0.0236395
(1,2,((((3,((4,6),5)),7),(((((((8,10),9),12),11),(13,(14,15))),((((((16,17),19),18),(20,21)),23),(22,24))),(25,26))),27)); 0.0194451
(1,(((2,(4,(5,(6,7)))),3),((((((((((8,10),9),11),12),13),(14,15)),(16,17)),(((18,19),20),21)),((22,24),23)),(25,26))),27); 0.0193445
(1,((2,(3,(4,((5,6),7)))),(((((((8,9),10),11),12),(13,(14,15))),(((16,17),(18,19)),(20,21))),(((22,24),26),(23,25)))),27); 0.0172327
(1,((2,(3,((4,(5,6)),7))),(((((((((8,10),9),11),12),13),(((14,15),16),(17,(18,(19,20))))),(21,(22,23))),24),(25,26))),27); 0.0175049
(1,((2,(3,((4,(5,6)),7))),(((((((8,9),10),11),12),((((((13,14),15),16),(17,18)),(19,20)),(21,22))),(23,24)),(25,26))),27); 0.0218145
(1,((2,((3,4),((5,6),7))),((((((((((8,9),10),11),12),(13,14)),15),((((16,17),18),19),(20,21))),((22,24),23)),25),26)),27); 0.0162659
(1,((2,(3,(4,((5,6),7)))),((((((((((8,9),10),12),11),13),((14,15),(16,17))),((18,19),(20,21))),23),(22,24)),(25,26))),27); 0.0251359
(1,(((2,(4,5)),3),(((6,7),(8,(9,10))),(((11,12),(13,14)),(((((15,16),17),19),(18,20)),(21,(((22,24),26),(23,25))))))),27); 0.0240969
(1,(2,((3,((4,5),(6,7))),(((((((8,(9,10)),(11,12)),13),(14,15)),((16,(17,(18,19))),(20,21))),((22,24),23)),(25,26)))),27); 0.0179936
(1,((2,(3,((4,(5,6)),7))),(((((((8,10),9),(11,12)),(13,(14,15))),((16,17),(18,19))),(((20,21),22),(23,24))),(25,26))),27); 0.0184226
(1,(2,(((3,4),((5,6),7)),(((((((((8,10),9),11),12),(13,(14,15))),(((16,17),(18,19)),(20,21))),((22,23),24)),25),26))),27); 0.014891
(1,(2,((3,(4,(5,6))),((7,((8,10),9)),((11,12),(((13,(14,15)),(16,(17,((18,19),(20,21))))),(((22,24),23),(25,26))))))),27); 0.0234284
(1,(((((2,4),((5,7),6)),3),(8,(9,10))),(((((11,12),(13,(14,15))),(((((16,17),19),18),20),21)),22),((23,24),(25,26)))),27); 0.022826
(1,((2,(3,(4,(5,(6,7))))),(((((((((((((8,10),9),11),12),13),14),15),16),(17,(18,19))),(20,21)),22),(23,24)),(25,26))),27); 0.0199516
(1,(2,((((3,4),(5,6)),7),(((((((((8,9),10),11),12),13),(14,15)),(16,17)),((18,19),(20,(21,((22,24),23))))),(25,26)))),27); 0.0205364
(1,((2,(3,(((4,6),5),7))),(((((((((8,9),10),(11,12)),(13,(14,15))),(((16,17),(18,19)),(20,21))),(22,24)),23),26),25)),27); 0.015556
(1,((2,(3,(4,((5,6),7)))),((((((((((8,10),9),11),12),13),(((((14,15),16),17),18),(19,(20,21)))),23),(22,24)),25),26)),27); 0.0237486
(1,(((2,3),(((4,5),6),7)),(((8,10),9),((((11,12),13),(14,15)),((((16,(17,18)),19),(20,21)),(((22,(24,25)),26),23))))),27); 0.0183063
(1,(2,((3,(((4,6),5),7)),(((8,10),9),(((11,12),13),((((14,15),16),(17,(18,19))),((20,21),(22,(23,(24,(25,26)))))))))),27); 0.0189258
(1,(2,((3,(((4,6),7),5)),(((8,9),10),(((((11,12),(13,(14,15))),(((16,17),(18,19)),(20,21))),((22,23),24)),(25,26))))),27); 0.0187569
(1,(2,(3,((4,5),(6,7)))),((((((((((8,9),10),11),12),13),((14,15),16)),(17,(18,19))),(((20,21),23),(22,24))),(25,26)),27)); 0.0227807
(1,(2,((3,((4,(5,6)),7)),((((((((8,10),9),(11,12)),13),((14,15),(16,17))),((18,19),(20,21))),((22,24),23)),(25,26)))),27); 0.0179982
(1,((2,(3,(4,(5,((6,(8,(9,10))),7))))),(((11,12),((13,(14,15)),((16,17),((18,19),(20,21))))),(((22,23),24),(25,26)))),27); 0.0209185
(1,(((2,(4,(5,6))),3),(((((((((8,9),10),11),12),(13,(14,15))),(16,(17,(18,19)))),(((20,21),(22,24)),23)),(25,26)),27)),7); 0.0199175
(1,((2,(3,((4,6),(5,7)))),((((((8,10),9),11),12),(((((13,14),15),16),(17,((18,20),19))),(21,((22,24),23)))),(25,26))),27); 0.0184873
(1,((2,(3,(4,((5,6),7)))),(((((((((8,(9,10)),11),12),((13,15),14)),(((16,17),18),19)),((20,21),22)),(23,24)),25),26)),27); 0.0168153
(1,(2,(3,((4,(5,6)),7))),(((((((((((8,10),9),11),12),(13,(14,15))),((16,((17,18),19)),20)),(21,23)),22),24),(25,26)),27)); 0.0210541
(1,((2,(3,((4,6),5))),((7,((8,10),9)),((((((11,12),13),(14,15)),(16,(17,(18,19)))),((((20,21),22),23),24)),(25,26)))),27); 0.0213118
(1,(2,27),((3,((((4,6),5),7),((8,10),9))),(((((((11,12),13),(14,15)),((16,17),(18,19))),((20,21),22)),((23,24),25)),26))); 0.0206566
(1,(2,27),(((3,4),((5,6),7)),((((((((8,9),10),11),12),(13,14)),((15,16),((17,18),19))),((20,21),((22,24),23))),(25,26)))); 0.0181759
(1,((2,(3,(4,((5,6),7)))),((((((((8,10),9),12),11),(13,(14,15))),(((16,17),18),(19,(20,21)))),((22,24),23)),(25,26))),27); 0.0162112
(1,((2,27),((3,4),(5,(6,7)))),(((8,9),10),((((11,(18,19)),(((20,21),(22,23)),(24,(25,26)))),((13,14),((15,16),17))),12))); 0.0204921
(1,((2,(3,(((4,6),5),7))),((((((((((8,10),9),11),12),13),(14,15)),(16,17)),(18,(19,(20,21)))),((22,(23,24)),25)),26)),27); 0.0195698
(1,(((2,4),(3,(5,(6,7)))),((((((((((8,10),9),11),12),13),(((14,15),16),(17,(18,19)))),((20,21),22)),(23,25)),24),26)),27); 0.0199445
(1,((2,((3,4),(5,6))),((7,((8,9),10)),(((11,12),13),((((14,15),16),((17,(18,19)),(20,21))),((((22,24),25),26),23))))),27); 0.0203286
(1,((2,(3,(4,(5,(6,7))))),(((((((((8,10),9),11),12),(13,(14,15))),((16,17),(18,(19,20)))),((21,(22,24)),23)),25),26)),27); 0.0166956
(1,((2,(3,(4,(5,6)))),(((((((((7,8),9),10),12),11),(((13,14),15),(16,17))),((18,19),(20,21))),((22,24),23)),(25,26))),27); 0.0229262
(1,((2,(3,((4,(5,6)),7))),(((((((((8,9),10),(11,12)),(13,(14,15))),(((16,17),18),19)),((20,21),22)),(23,24)),25),26)),27); 0.019902
(1,((2,27),(3,(4,((5,6),7)))),((((((((8,10),(9,11)),12),(13,(14,15))),(((16,(17,18)),19),(20,21))),(22,(23,24))),25),26)); 0.0203785
(1,(((2,(((4,6),5),(7,8))),3),27),((((9,10),11),12),(((13,14),((15,16),17)),((18,(19,(20,21))),(((22,24),23),(25,26)))))); 0.024287
(1,((2,(3,(((4,6),5),7))),(((((((((8,10),9),11),12),(((13,(14,15)),16),17)),(((18,19),20),21)),((22,24),23)),26),25)),27); 0.0220699
(1,((2,(3,(((4,6),7),5))),(((((((8,9),10),11),12),(((13,14),15),(((16,17),(18,19)),(20,21)))),(22,(23,24))),(25,26))),27); 0.0180294
(1,((2,(3,(4,(5,(6,7))))),(((((((8,10),9),(11,12)),13),(((((14,15),16),17),(18,19)),((20,21),(22,23)))),24),(25,26))),27); 0.0185452
(1,(((2,4),(3,((5,7),6))),(((((8,9),10),11),12),(((((13,(14,15)),(16,((17,18),19))),(20,(21,22))),23),(24,(25,26))))),27); 0.0206576
(1,(((2,4),(3,(5,(6,(7,((8,9),10)))))),((((11,12),((13,15),14)),((16,17),((18,19),(20,21)))),(((22,24),23),(25,26)))),27); 0.0232403
(1,(2,27),((3,(4,((5,6),7))),(((((((((((8,10),9),12),11),(((13,14),15),16)),17),(18,19)),(20,21)),((22,24),23)),25),26))); 0.0195413
(1,(2,((3,4),(5,(6,7)))),((((((8,9),10),11),12),((13,((14,15),(16,17))),(((((18,19),(20,21)),23),(22,24)),(25,26)))),27)); 0.0196342
(1,(((2,(4,((5,6),7))),3),(((((((((((8,(9,10)),11),12),13),(14,15)),((16,17),(18,19))),(20,21)),22),(23,24)),25),26)),27); 0.0200909
(1,(((2,4),((((((((13,14),15),(16,17)),(18,19)),((20,(21,22)),23)),24),25),26)),(3,(((5,6),7),((((8,9),10),11),12)))),27); 0.0226204
(1,(2,((3,((4,(5,6)),7)),(((((8,10),9),(11,12)),(13,(14,15))),((((((16,17),18),19),(20,21)),((22,23),24)),(25,26))))),27); 0.0167442
(1,((2,(((3,5),6),4)),(((7,((8,9),10)),(11,12)),(((((13,14),15),16),(17,(18,19))),(((((20,21),22),23),24),(25,26))))),27); 0.0189889
(1,((2,(3,((4,6),(5,7)))),(((((((((((8,10),9),11),12),((13,14),15)),16),((17,18),19)),((20,21),22)),23),24),(25,26))),27); 0.0198493
(1,((2,((3,((4,6),5)),(7,((8,10),9)))),(((((((11,12),13),(14,15)),(((16,(17,18)),19),20)),(21,22)),(23,24)),(25,26))),27); 0.0214142
(1,(2,(((3,4),(5,(6,7))),(((((((((8,10),9),12),11),13),(14,15)),((((16,17),18),19),(20,21))),(22,(23,24))),(25,26)))),27); 0.0178326
(1,((2,(3,(((4,6),5),7))),(((((((((8,9),10),11),12),13),(14,15)),((((16,17),18),19),(20,21))),((22,24),23)),(25,26))),27); 0.0156616
(1,((2,(3,(4,(5,(6,7))))),((((((((8,(9,10)),11),12),13),(14,15)),((16,17),((18,19),(20,21)))),((22,23),24)),(25,26))),27); 0.0203352
(1,(((2,((4,5),(6,7))),3),(((((((8,(9,10)),11),12),((13,14),15)),((((16,17),18),19),(20,21))),((22,24),(23,25))),26)),27); 0.0153903
(1,((2,(3,(4,((5,6),7)))),((((((((8,(9,10)),11),12),(13,(14,15))),((((16,17),18),19),(20,21))),(22,(23,24))),25),26)),27); 0.0211226
(1,((2,((3,4),(5,(6,7)))),(((8,(9,10)),(11,12)),((((((((13,14),15),16),17),((18,19),(20,21))),23),(22,24)),(25,26)))),27); 0.0207586
(1,((2,(3,(4,(5,(6,7))))),(((((((((((8,(9,10)),(11,12)),((13,14),15)),16),17),18),20),19),21),22),((23,24),(25,26)))),27); 0.0185466
(1,((2,(3,((4,5),(6,7)))),(((((((((((8,9),10),11),12),13),(14,15)),((16,(17,(18,19))),(20,21))),(22,24)),23),25),26)),27); 0.0165785
(1,2,((3,(((4,6),5),7)),((((((((((((8,10),9),11),12),13),(((14,15),16),((17,18),19))),20),21),22),(23,24)),(25,26)),27))); 0.021984
(1,(2,((3,(((4,6),5),7)),(((((((((8,10),9),11),12),(13,(14,15))),(((16,17),(18,19)),(20,21))),((22,24),23)),25),26))),27); 0.0159134
(1,((2,27),((((((((8,10),9),(11,12)),((13,14),15)),((((16,17),18),19),(20,21))),((22,24),23)),25),26)),(3,(4,((5,6),7)))); 0.0173855
(1,((2,(3,((4,6),5))),((((((((((7,8),9),10),(11,12)),13),(14,15)),((16,17),((18,19),(20,21)))),22),(23,24)),(25,26))),27); 0.0201919
(1,((2,(((3,4),(5,6)),(7,(8,(9,10))))),(((((11,12),13),(14,15)),(((16,17),18),(19,(20,21)))),(((22,25),(23,24)),26))),27); 0.0189365
(1,((2,(3,((4,(5,6)),(7,8)))),((((((9,10),11),12),(13,(14,15))),(((16,17),((18,19),20)),21)),((22,24),(23,(25,26))))),27); 0.0221549
(1,((2,(3,((4,6),(5,7)))),(((((((((8,9),10),11),12),((13,14),15)),((16,17),((18,19),(20,21)))),22),(23,24)),(25,26))),27); 0.0200314
(1,((2,27),(3,(4,((5,6),7)))),(((((((((((8,9),10),11),12),13),(14,15)),((16,17),(18,19))),(20,21)),(22,24)),23),(25,26))); 0.0179277
(1,2,((((3,((4,6),5)),7),((((((((8,10),9),11),12),13),(((((14,15),16),17),(18,19)),(20,21))),((22,24),23)),(25,26))),27)); 0.0204772
(1,((2,(3,(4,(5,6)))),(((7,(8,9)),10),((11,12),((((13,14),15),(16,17)),(((18,19),(20,21)),(((22,24),23),(25,26))))))),27); 0.0252236
(1,(2,((3,((4,5),(6,7))),(((((((((8,9),10),12),11),13),(14,15)),(((16,17),(18,19)),(20,21))),((22,24),23)),(25,26)))),27); 0.0189721
(1,((2,(3,(4,((5,7),6)))),27),((((((((8,9),10),11),12),((13,14),15)),(((16,17),(18,19)),20)),((21,22),(23,24))),(25,26))); 0.0155348
(1,((2,(3,(((4,6),7),5))),(((((((((8,9),10),(11,12)),(13,14)),((15,16),(17,18))),((19,20),21)),(22,(23,24))),25),26)),27); 0.018997
(1,(2,(((3,((4,6),5)),(7,((8,10),9))),(((((((11,12),13),(14,15)),((16,17),(18,(19,20)))),22),(21,(23,24))),(25,26)))),27); 0.0218647
(1,(2,((3,((4,(5,6)),7)),(((((((((8,10),9),(11,12)),13),(14,(15,16))),(((17,(18,19)),20),21)),((22,24),23)),25),26))),27); 0.0207574
(1,(2,27),(((3,4),(5,(6,7))),(((((((((((8,9),10),11),12),13),(14,15)),(((16,17),18),(19,(20,21)))),22),(23,24)),25),26))); 0.0214145
(1,((2,(3,(((4,6),5),7))),(((((((((8,10),9),(11,12)),13),((14,15),16)),(17,((18,19),(20,21)))),23),(22,24)),(25,26))),27); 0.0175139
(1,((2,(3,(4,((5,6),7)))),((((((((8,10),9),11),12),13),(14,15)),((((16,17),18),(19,20)),21)),((22,((23,25),24)),26))),27); 0.0161201
(1,((2,(3,(((4,6),5),7))),(((((((((8,10),9),11),12),13),(14,15)),(((16,17),(18,19)),(20,21))),((22,24),23)),(25,26))),27); 0.0177827
(1,((2,(3,(4,(5,6)))),(((((((((7,8),(9,10)),11),12),(13,14)),((15,16),17)),((18,19),(20,21))),((22,24),23)),(25,26))),27); 0.0257053
(1,((2,(3,(((4,6),5),7))),(((((((((((((8,9),10),(11,12)),13),(14,15)),16),17),(18,19)),(20,21)),23),(22,24)),25),26)),27); 0.0183091
(1,((2,(3,((4,(6,7)),5))),(((((((((((8,(9,10)),11),12),13),(14,15)),(16,((17,18),(19,20)))),21),(22,23)),24),25),26)),27); 0.0192814
(1,((2,(3,(4,((5,6),7)))),27),((((((((((8,9),10),11),12),(13,(14,15))),16),(17,(18,(19,(20,21))))),((22,23),24)),25),26)); 0.0171991
(1,(2,((3,(4,((5,6),7))),((((((((((((((8,9),10),11),12),13),14),15),16),17),19),18),(20,21)),((22,24),23)),(25,26)))),27); 0.0166567
(1,((2,(3,((4,(5,6)),7))),(((((((((((8,9),10),11),12),13),(14,15)),(16,(17,18))),19),(20,21)),((22,24),(23,25))),26)),27); 0.0169335
(1,((2,(3,(((4,5),(6,7)),((8,9),10)))),(((((((11,12),13),(14,15)),((16,17),(18,19))),(20,21)),((22,24),23)),(25,26))),27); 0.0219212
(1,(2,27),((3,((4,(5,6)),7)),((((((((((((8,9),10),11),12),13),14),(15,16)),((17,(18,19)),(20,21))),22),(23,24)),25),26))); 0.0189348
(1,((2,27),(3,(((4,6),5),(7,8)))),(((((9,10),11),12),(13,(14,15))),(((((16,17),18),(19,20)),21),((22,24),((23,26),25))))); 0.0226887
(1,((2,((3,4),(5,6))),(((7,((8,10),9)),(11,12)),(((((((13,(14,15)),16),(17,(18,19))),20),21),((22,24),23)),(25,26)))),27); 0.0257124
(1,(2,(3,(((((4,6),5),(7,8)),(9,10)),(((11,13),12),((((((((14,15),16),17),18),19),20),21),(22,((23,24),(25,26)))))))),27); 0.0243497
(1,(((2,(4,(5,6))),3),(((7,((8,10),9)),(11,12)),(((((13,14),15),16),(((17,18),19),20)),((((21,22),24),23),(25,26))))),27); 0.0270435
(1,((2,(3,((4,(5,6)),7))),(((((((8,9),10),11),12),(13,(14,15))),(((16,17),(18,(19,20))),21)),(((22,24),(23,25)),26))),27); 0.015714
(1,((2,(3,(4,(5,(6,7))))),((((((((((8,10),9),12),11),((13,14),(15,16))),(17,(18,19))),(20,21)),((22,24),23)),25),26)),27); 0.0210504
(1,((2,(3,(4,(5,(6,7))))),(((((((8,9),10),11),12),((13,14),15)),((((16,17),(18,19)),(20,21)),(((22,24),23),25))),26)),27); 0.0201525
(1,(2,(((((((((8,9),10),11),12),13),(14,15)),(16,(17,(18,19)))),(((20,21),((22,24),23)),(25,26))),27)),(3,((4,(5,6)),7))); 0.0158501
(1,(2,((3,((4,(5,6)),7)),(((((((((8,9),10),11),12),(13,(14,15))),((16,17),((18,19),20))),((21,(23,24)),22)),25),26))),27); 0.0187815
(1,((((2,4),(5,(6,7))),3),((((8,10),9),(((11,12),(13,(14,15))),((16,17),((18,(19,21)),20)))),((((22,23),24),25),26))),27); 0.0206727
(1,(((2,4),(3,(5,6))),(((7,8),(9,10)),((11,12),(((13,(14,15)),(16,17)),((18,19),(((20,21),(22,(23,24))),(25,26))))))),27); 0.0222278
(1,(((2,(4,(5,(6,7)))),3),(((((((((8,9),10),11),12),(13,(14,15))),(((16,17),(18,19)),(20,21))),23),(22,(24,26))),25)),27); 0.0191208
(1,((2,27),(((8,10),9),((11,12),(((((((13,14),15),16),((17,18),19)),20),((21,23),(22,24))),(25,26))))),(3,(((4,6),5),7))); 0.0196159
(1,(2,((3,((4,5),(6,7))),((((((((((((8,10),9),11),12),(13,(14,15))),(16,17)),(18,19)),20),21),(22,(23,24))),25),26))),27); 0.0171946
(1,(2,(((3,(((4,6),7),5)),(8,(9,10))),(((11,12),(13,(14,15))),(((((16,17),18),19),(20,21)),(((22,23),24),(25,26)))))),27); 0.0185041
(1,((2,27),(3,((4,6),5))),(((((((((7,(8,10)),9),(11,12)),13),(14,15)),16),(((17,18),19),(20,21))),(22,(23,24))),(25,26))); 0.0225461
(1,((2,(((3,4),5),(6,7))),((((((((((8,9),10),11),12),(13,(14,15))),(16,17)),((18,(19,20)),21)),((22,24),23)),26),25)),27); 0.0171499
(1,(2,27),((3,(((4,6),5),7)),((((((((((((8,10),9),11),12),(((13,14),15),16)),17),((18,19),20)),21),(22,24)),23),25),26))); 0.0211207
(1,((2,(3,(4,((5,7),6)))),((((((((((8,10),9),11),12),(13,(14,(15,16)))),((17,18),19)),(20,21)),(22,(23,24))),26),25)),27); 0.0223585
(1,(2,(((3,5),(4,(6,7))),((((((((((((8,9),10),11),12),(13,14)),15),16),(17,18)),(20,21)),19),(((22,24),23),25)),26))),27); 0.0190455
(1,((2,(3,((4,5),(6,7)))),(((((((((((8,10),9),11),12),(13,(14,15))),16),(17,18)),19),((((20,21),22),23),24)),25),26)),27); 0.0205726
(1,(2,((((((((((8,10),9),(11,12)),13),(14,15)),16),((17,(18,20)),19)),(21,((22,24),23))),(25,26)),27)),(3,(((4,6),7),5))); 0.021745
(1,((2,(3,(4,(5,(6,7))))),((((((((((((8,9),10),11),12),(13,14)),15),((16,17),(18,19))),(20,21)),23),(22,24)),25),26)),27); 0.0204306
(1,(2,((3,((4,(6,7)),5)),((((((((8,9),10),12),11),13),((((14,15),(16,17)),(18,19)),(20,21))),((22,(23,24)),25)),26))),27); 0.020969
(1,(((2,(4,(5,(6,(7,((8,10),9)))))),3),(((((11,12),(13,(14,15))),(16,(17,(18,19)))),(((((20,21),22),23),24),25)),26)),27); 0.0233693
(1,(2,(((3,(4,(5,6))),7),((((((((((((8,9),10),11),12),13),(14,15)),((16,17),((18,19),20))),21),22),24),23),(25,26)))),27); 0.0184083
(1,((2,((3,(5,(6,(7,((8,10),9))))),4)),((((11,12),(13,(14,15))),((16,(((17,18),19),(20,21))),(22,(23,24)))),(25,26))),27); 0.0233887
(1,(2,(((4,6),5),7)),(3,((((((((((((8,9),10),11),12),13),14),((15,16),17)),(18,(19,(20,21)))),((22,23),24)),25),26),27))); 0.0183926
(1,((2,((((3,4),6),5),7)),(((((((((8,9),10),11),12),13),(14,15)),((((16,17),(18,19)),(20,21)),((22,24),23))),26),25)),27); 0.0175089
(1,((2,(4,(5,6))),3),(((((((((((7,8),10),9),11),12),13),(14,15)),(((16,(17,(18,19))),20),21)),(22,(23,24))),(25,26)),27)); 0.0226632
(1,((2,((3,(5,6)),4)),(((((((((((((7,8),9),10),11),12),(13,14)),15),16),((17,18),19)),20),21),((22,24),23)),(25,26))),27); 0.0262139
(1,(((2,((4,6),5)),3),((((((7,8),10),9),(11,12)),13),(((((14,15),16),17),(18,19)),(((((20,21),22),23),(24,25)),26)))),27); 0.0245649
(1,(((2,((4,(6,7)),5)),3),(((((((((8,9),10),11),12),(13,(14,15))),(16,17)),((18,19),20)),(21,((22,24),23))),(25,26))),27); 0.0178679
(1,(((2,(3,(4,(5,6)))),7),((((((((((8,9),10),11),12),13),(14,15)),(((16,17),18),19)),(20,21)),((22,24),(23,25))),26)),27); 0.0234918
(1,((2,(3,(4,((5,6),7)))),27),(((((((((8,9),10),11),12),13),(14,15)),(16,((17,19),18))),((20,21),((22,24),23))),(25,26))); 0.0152915
(1,(2,((3,(((4,6),5),7)),(((((((((((((8,9),10),12),11),13),(14,15)),((16,17),(18,19))),(20,21)),23),22),24),25),26))),27); 0.0136659
(1,((2,(3,(4,(5,(6,7))))),(((((((((8,10),9),(11,12)),(13,(14,15))),(16,17)),((18,19),(20,21))),(22,(23,24))),26),25)),27); 0.0154601
(1,(2,(3,((4,6),(5,7)))),(((((((((((8,9),10),11),12),13),(14,15)),(16,17)),((18,19),20)),((21,22),(23,24))),(25,26)),27)); 0.0186998
(1,((2,(3,(4,5))),(((((((6,8),7),(9,10)),(11,12)),13),((14,15),16)),((((17,(18,19)),(20,21)),((22,24),23)),(25,26)))),27); 0.024229
(1,((2,((3,4),5)),((6,(7,((8,10),9))),((((11,12),13),(14,15)),((16,17),((18,(19,((20,21),((22,24),23)))),(25,26)))))),27); 0.0194928
(1,((2,(3,(4,(5,6)))),((7,((8,10),9)),(((((((((11,12),13),(14,15)),16),(17,18)),19),(20,21)),((22,24),(23,25))),26))),27); 0.0233827
(1,(2,(3,((((4,(5,6)),7),((8,9),10)),(((((11,12),((13,15),14)),((16,17),(18,19))),((((20,21),22),(23,24)),25)),26)))),27); 0.0219946
(1,(2,((3,(4,((5,7),6))),(((((((((8,9),10),(11,12)),13),(14,15)),(((16,17),18),(19,(20,21)))),((22,24),23)),25),26))),27); 0.0166335
(1,(2,((((((3,((4,5),((6,8),7))),((9,(10,11)),12)),(13,(14,15))),(((16,17),(18,19)),20)),((21,22),(23,24))),(25,26))),27); 0.0211636
(1,((2,(3,(4,5))),((((((((((6,7),(8,9)),10),12),11),((13,14),15)),(((16,17),(18,19)),(20,21))),((22,24),23)),26),25)),27); 0.0207644
(1,((2,(((7,8),(9,10)),((((11,12),((13,15),14)),(((((16,19),17),18),(20,21)),((22,24),23))),(25,26)))),(3,((4,6),5))),27); 0.0248515
(1,((2,(3,((4,5),6))),((((((7,8),(9,10)),(11,12)),(13,(14,15))),((((16,(17,18)),19),(20,21)),((22,24),23))),(25,26))),27); 0.0249146
(1,2,(((3,4),((5,6),7)),((((((((8,10),9),11),12),(((13,15),14),(16,17))),(18,19)),((((20,21),23),(22,24)),(25,26))),27))); 0.018376
(1,(((2,(4,((5,6),7))),3),(((((((((8,9),10),(11,12)),(((13,14),15),16)),((17,18),19)),20),(21,((22,24),23))),25),26)),27); 0.0188325
(1,((2,((3,4),(5,(6,7)))),(((((((((8,10),9),11),12),13),(14,15)),((16,17),(18,19))),(20,21)),(((22,24),25),(23,26)))),27); 0.0208708
(1,(2,((3,(((4,6),5),7)),((((((8,9),10),11),12),((13,(14,15)),16)),((((17,18),19),(20,21)),((((22,24),23),25),26))))),27); 0.0172379
