
Alignment summary:
Oryctolagus_cuniculus: -=318 A=372 C=441 G=443 U=375
Homo_sapiens: -=337 A=375 C=420 G=446 U=371
Rattus_norvegicus: -=292 A=390 C=421 G=465 U=381
Mus_musculus: -=348 A=371 C=406 G=438 U=386
Gallus_gallus: -=304 A=371 C=419 G=482 U=373
Turdus_migratorius: -=321 A=380 C=417 G=464 U=367
Alligator_mississippiensis: -=333 A=357 C=428 G=459 U=372
Sceloporus_undulatus: -=371 A=377 C=393 G=440 U=368
Heterodon_platyrhinos: -=385 A=367 C=393 G=441 U=363
Trachemys_scripta: -=457 A=357 C=378 G=407 U=350
Typhlonectes_natans: -=390 A=367 C=408 G=425 U=359
Hypogeophis_rostratus: -=436 A=353 C=388 G=417 U=355
Grandisonia_alternans: -=417 A=359 C=393 G=424 U=356
Ichthyophis_bannanicus: -=419 A=348 C=404 G=430 U=348
Plethodon_yonhalossee: -=360 A=379 C=407 G=440 U=363
Ambystoma_mexicanum: -=423 A=347 C=401 G=431 U=347
Amphiuma_tridactylum: -=430 A=363 C=397 G=413 U=346
Siren_intermedia: -=535 A=348 C=355 G=394 U=317
Gastrophryne_carolinensis: -=538 A=338 C=363 G=396 U=314
Hyla_cinerea: -=533 A=330 C=358 G=389 U=339
Bufo_valliceps: -=438 A=357 C=380 G=427 U=347
Eleutherodactylus_cuneatus: -=467 A=352 C=385 G=421 U=324
Nesomantis_thomasseti: -=391 A=368 C=406 G=438 U=346
Scaphiopus_holbrooki: -=431 A=365 C=379 G=441 U=333
Xenopus_laevis: -=367 A=369 C=406 G=449 U=358
Discoglossus_pictus: -=404 A=354 C=397 G=429 U=365
Latimeria_chalumnae: -=301 A=390 C=407 G=473 U=378

Seed = 4039560609

Jukes-Cantor Distance Matrix:

        0 0.0253738 0.0306641 0.0340494 0.0319197 0.0396251 0.0380647 0.0479279 0.0412849 0.0428044 0.0498641 0.0451877 0.0459176 0.0434051 0.0415404 0.0468216 0.0500677 0.0342561 0.0474842 0.0590574 0.0481409 0.0402481 0.0443408 0.0395417 0.0373931 0.0325195  0.018814
0.0253738         0 0.0270604 0.0240341 0.0279578 0.0368984 0.0409032 0.0459144 0.0393416 0.0446582 0.0470219 0.0470942 0.0506429  0.048276 0.0473955 0.0448867 0.0509534 0.0341497 0.0482481 0.0511826 0.0504582 0.0380696 0.0378721 0.0333472  0.037817 0.0307552 0.0205211
0.0306641 0.0270604         0 0.0234656 0.0248123 0.0317435 0.0389066  0.049198 0.0394828 0.0440009 0.0459434 0.0426518 0.0500912 0.0457991 0.0472816 0.0463468 0.0508054 0.0410425 0.0585778 0.0599058 0.0489821 0.0434691 0.0509029 0.0429323 0.0445991 0.0315082 0.0272335
0.0340494 0.0240341 0.0234656         0 0.0222538 0.0258764 0.0314731 0.0463881 0.0443408 0.0462797 0.0541853  0.049305 0.0554458 0.0514073 0.0538251 0.0548453 0.0583952 0.0519051 0.0558769 0.0717243 0.0594594 0.0475631 0.0497379 0.0396333 0.0432143 0.0351235 0.0311033
0.0319197 0.0279578 0.0248123 0.0222538         0 0.0239637  0.028364 0.0473615 0.0377347 0.0418304 0.0451426 0.0376463 0.0520526 0.0471321 0.0516333 0.0493408 0.0572485 0.0469625 0.0609234 0.0639188 0.0514025 0.0471359 0.0551957 0.0502688 0.0515193 0.0412881  0.032138
0.0396251 0.0368984 0.0317435 0.0258764 0.0239637         0 0.0308474 0.0372879 0.0367244 0.0406114  0.048556 0.0450248 0.0526004  0.052286 0.0553348  0.056164 0.0610737 0.0542646 0.0648923  0.072611 0.0604041 0.0519786 0.0582009 0.0675118 0.0575895 0.0550979 0.0449172
0.0380647 0.0409032 0.0389066 0.0314731  0.028364 0.0308474         0 0.0338324 0.0311733 0.0376396 0.0460135 0.0407407   0.05264 0.0476587 0.0531588 0.0556786 0.0613049 0.0561009 0.0704105 0.0709189 0.0568661  0.054656 0.0588982 0.0655132 0.0588391 0.0519367 0.0427162
0.0479279 0.0459144  0.049198 0.0463881 0.0473615 0.0372879 0.0338324         0 0.0231923 0.0245193 0.0421214 0.0354048 0.0492726 0.0516285 0.0572545 0.0662026 0.0632676 0.0496313 0.0638326 0.0743871   0.06273 0.0555362 0.0561225  0.070426  0.066916  0.062568 0.0481566
0.0412849 0.0393416 0.0394828 0.0443408 0.0377347 0.0367244 0.0311733 0.0231923         0 0.0158927 0.0223532 0.0284083 0.0350685 0.0375631 0.0447576   0.05306 0.0542047  0.039544 0.0545695 0.0583672 0.0500314 0.0459765 0.0465382 0.0439456 0.0508026 0.0471758 0.0379284
0.0428044 0.0446582 0.0440009 0.0462797 0.0418304 0.0406114 0.0376396 0.0245193 0.0158927         0 0.0223789 0.0259157  0.034532  0.038441 0.0418304 0.0485727 0.0498777 0.0389293 0.0511468 0.0585546 0.0534117 0.0475595 0.0474374 0.0472341 0.0548691 0.0485906  0.042996
0.0498641 0.0470219 0.0459434 0.0541853 0.0451426  0.048556 0.0460135 0.0421214 0.0223532 0.0223789         0 0.0183022 0.0262562  0.023523 0.0360239 0.0383956 0.0449193 0.0296528 0.0426274 0.0502806   0.04052 0.0382443 0.0442606 0.0381568 0.0498201 0.0437593    0.0486
0.0451877 0.0470942 0.0426518  0.049305 0.0376463 0.0450248 0.0407407 0.0354048 0.0284083 0.0259157 0.0183022         0 0.0271224 0.0241784    0.0339 0.0370537 0.0417811 0.0312545 0.0444886  0.047571 0.0382966 0.0365345 0.0404472 0.0374785 0.0463826 0.0391852 0.0388745
0.0459176 0.0506429 0.0500912 0.0554458 0.0520526 0.0526004   0.05264 0.0492726 0.0350685  0.034532 0.0262562 0.0271224         0 0.0186034  0.025062 0.0379545  0.042422 0.0343969 0.0475159 0.0473498 0.0424715 0.0356288 0.0361516 0.0391427 0.0507496 0.0427053 0.0474034
0.0434051  0.048276 0.0457991 0.0514073 0.0471321  0.052286 0.0476587 0.0516285 0.0375631  0.038441  0.023523 0.0241784 0.0186034         0 0.0126853 0.0223951  0.030706 0.0235498 0.0353006 0.0420523 0.0321104 0.0317221 0.0315836 0.0311248 0.0420814 0.0322308 0.0408066
0.0415404 0.0473955 0.0472816 0.0538251 0.0516333 0.0553348 0.0531588 0.0572545 0.0447576 0.0418304 0.0360239    0.0339  0.025062 0.0126853         0 0.0219511 0.0316214 0.0250974  0.040247 0.0427023 0.0423676 0.0332649 0.0382847 0.0397792  0.046583 0.0369442 0.0409634
0.0468216 0.0448867 0.0463468 0.0548453 0.0493408  0.056164 0.0556786 0.0662026   0.05306 0.0485727 0.0383956 0.0370537 0.0379545 0.0223951 0.0219511         0 0.0251521  0.018667 0.0331546 0.0422978 0.0398091 0.0351685 0.0380111 0.0361326  0.040642 0.0387471 0.0414953
0.0500677 0.0509534 0.0508054 0.0583952 0.0572485 0.0610737 0.0613049 0.0632676 0.0542047 0.0498777 0.0449193 0.0417811  0.042422  0.030706 0.0316214 0.0251521         0  0.017766 0.0352159  0.043233 0.0398765 0.0329471 0.0422442 0.0425646 0.0488598  0.045434 0.0436487
0.0342561 0.0341497 0.0410425 0.0519051 0.0469625 0.0542646 0.0561009 0.0496313  0.039544 0.0389293 0.0296528 0.0312545 0.0343969 0.0235498 0.0250974  0.018667  0.017766         0 0.0181777 0.0263691 0.0244244 0.0265514 0.0286203 0.0301044 0.0308318 0.0298106 0.0285015
0.0474842 0.0482481 0.0585778 0.0558769 0.0609234 0.0648923 0.0704105 0.0638326 0.0545695 0.0511468 0.0426274 0.0444886 0.0475159 0.0353006  0.040247 0.0331546 0.0352159 0.0181777         0 0.0391467  0.035615 0.0422978 0.0386419  0.037305 0.0451573 0.0402444 0.0447191
0.0590574 0.0511826 0.0599058 0.0717243 0.0639188  0.072611 0.0709189 0.0743871 0.0583672 0.0585546 0.0502806  0.047571 0.0473498 0.0420523 0.0427023 0.0422978  0.043233 0.0263691 0.0391467         0 0.0313299 0.0353878 0.0412662 0.0493655 0.0502348  0.047571 0.0513764
0.0481409 0.0504582 0.0489821 0.0594594 0.0514025 0.0604041 0.0568661   0.06273 0.0500314 0.0534117   0.04052 0.0382966 0.0424715 0.0321104 0.0423676 0.0398091 0.0398765 0.0244244  0.035615 0.0313299         0 0.0251932 0.0301142 0.0326717 0.0400196 0.0406879 0.0407768
0.0402481 0.0380696 0.0434691 0.0475631 0.0471359 0.0519786  0.054656 0.0555362 0.0459765 0.0475595 0.0382443 0.0365345 0.0356288 0.0317221 0.0332649 0.0351685 0.0329471 0.0265514 0.0422978 0.0353878 0.0251932         0  0.023624 0.0195696 0.0320905 0.0296528 0.0354048
0.0443408 0.0378721 0.0509029 0.0497379 0.0551957 0.0582009 0.0588982 0.0561225 0.0465382 0.0474374 0.0442606 0.0404472 0.0361516 0.0315836 0.0382847 0.0380111 0.0422442 0.0286203 0.0386419 0.0412662 0.0301142  0.023624         0 0.0245741 0.0336724 0.0322308 0.0366184
0.0395417 0.0333472 0.0429323 0.0396333 0.0502688 0.0675118 0.0655132  0.070426 0.0439456 0.0472341 0.0381568 0.0374785 0.0391427 0.0311248 0.0397792 0.0361326 0.0425646 0.0301044  0.037305 0.0493655 0.0326717 0.0195696 0.0245741         0 0.0339458 0.0308856 0.0351455
0.0373931  0.037817 0.0445991 0.0432143 0.0515193 0.0575895 0.0588391  0.066916 0.0508026 0.0548691 0.0498201 0.0463826 0.0507496 0.0420814  0.046583  0.040642 0.0488598 0.0308318 0.0451573 0.0502348 0.0400196 0.0320905 0.0336724 0.0339458         0 0.0301116 0.0384788
0.0325195 0.0307552 0.0315082 0.0351235 0.0412881 0.0550979 0.0519367  0.062568 0.0471758 0.0485906 0.0437593 0.0391852 0.0427053 0.0322308 0.0369442 0.0387471  0.045434 0.0298106 0.0402444  0.047571 0.0406879 0.0296528 0.0322308 0.0308856 0.0301116         0 0.0362356
 0.018814 0.0205211 0.0272335 0.0311033  0.032138 0.0449172 0.0427162 0.0481566 0.0379284  0.042996    0.0486 0.0388745 0.0474034 0.0408066 0.0409634 0.0414953 0.0436487 0.0285015 0.0447191 0.0513764 0.0407768 0.0354048 0.0366184 0.0351455 0.0384788 0.0362356         0


JC Tree topology:
(1,(2,((3,((4,(5,6)),7)),(((((((((((8,9),10),11),12),13),(14,15)),((16,17),(18,19))),(20,21)),((22,24),23)),25),26))),27);

Putting MLE Branch Lengths
p: 0.234114 0.256704 0.279915 0.229267
s:  0.102007  0.183877 0.0610378  0.192236  0.364097 0.0967453
Q: 
-0.740925  0.217858  0.392708  0.130359
 0.198686  -1.28229  0.374431  0.709176
 0.328452  0.343383 -0.844646  0.172812
 0.133115  0.794047  0.210989  -1.13815

(((16:0.0137275,17:0.0137390):0.0042237,(19:0.0189265,18:0.0008469):0.0047035):0.0064073,((20:0.0207215,21:0.0145304):0.0100145,((25:0.0205651,((((1:0.0081972,27:0.0143267):0.0083291,2:0.0113269):0.0000100,(3:0.0112597,((4:0.0129640,(6:0.0144920,5:0.0095587):0.0034719):0.0000100,7:0.0229694):0.0068292):0.0098133):0.0177401,26:0.0161090):0.0046961):0.0084021,((22:0.0135351,24:0.0116853):0.0049095,23:0.0139416):0.0064263):0.0074390):0.0041727,((14:0.0017038,15:0.0118252):0.0043220,(13:0.0116781,((11:0.0069124,(10:0.0083691,(9:0.0075146,8:0.0226625):0.0040082):0.0129149):0.0054405,12:0.0096259):0.0078107):0.0062319):0.0128080);
Seed = 361725835
Seeds per chain: 
     3583126472
     1493532939
      225065219
     1189443022
stationary acceptance: 0.339085
symmetric acceptance: 0.39181
branch length acceptance: 0.678665
avgP: 0.214986 0.253676  0.29105 0.240288
sP: 9.42385e-05 0.000104485 0.000116225 0.000100582
avgS: 0.0867155  0.146126 0.0670507  0.251421   0.34222  0.106466
sS: 0.000114248 0.000196984 9.53355e-05 0.000277715 0.000377366 0.000145829
0.214986 0.253676  0.29105 0.240288
0.0867155  0.146126 0.0670507  0.251421   0.34222  0.106466

-0.697471  0.201677  0.339851  0.155942
 0.170918    -1.341  0.495556  0.674522
 0.251033   0.43192 -0.865854  0.182901
 0.139521  0.712103  0.221539  -1.07316

stationary acceptance: 0.339574
symmetric acceptance: 0.402962
branch length acceptance: 0.70881
avgP: 0.215021  0.25374 0.291032 0.240207
sP: 9.47567e-05 0.000105256 0.000116942 9.80905e-05
avgS: 0.0867044  0.146092 0.0671361  0.251342  0.342213  0.106511
sS: 0.000111001 0.000191593 9.32855e-05 0.000281774 0.000368839 0.000143509
0.215021  0.25374 0.291032 0.240207
0.0867044  0.146092 0.0671361  0.251342  0.342213  0.106511

-0.697449  0.201618  0.339716  0.156115
 0.170853  -1.34047  0.495276   0.67434
  0.25099  0.431812 -0.865791  0.182989
 0.139746   0.71233  0.221707  -1.07378

stationary acceptance: 0.347903
symmetric acceptance: 0.416014
branch length acceptance: 0.716492
avgP: 0.214945 0.253578 0.290998 0.240478
sP: 9.34192e-05 0.000101406 0.000116414 9.95914e-05
avgS: 0.0867184  0.146107 0.0671907   0.25111  0.342481  0.106393
sS: 0.000111145  0.00019525 9.34274e-05 0.000276511 0.000378621 0.000145045
0.214945 0.253578 0.290998 0.240478
0.0867184  0.146107 0.0671907   0.25111  0.342481  0.106393

-0.697889  0.201722   0.33987  0.156297
 0.170989  -1.34142  0.495133  0.675297
 0.251044  0.431464 -0.865314  0.182806
 0.139702  0.712084  0.221211    -1.073

stationary acceptance: 0.339161
symmetric acceptance: 0.408942
branch length acceptance: 0.713403
avgP: 0.215019 0.253587 0.290936 0.240458
sP: 9.39218e-05 0.000102732 0.000114363 9.90357e-05
avgS:  0.086671   0.14622 0.0671143  0.251214  0.342376  0.106405
sS: 0.000111871   0.0001958 9.31545e-05 0.000279105 0.000374511 0.000142795
0.215019 0.253587 0.290936 0.240458
 0.086671   0.14622 0.0671143  0.251214  0.342376  0.106405

-0.697624  0.201543  0.340016  0.156066
  0.17089  -1.34128  0.495321  0.675066
 0.251292  0.431734 -0.865893  0.182867
 0.139555  0.711924  0.221255  -1.07273

GTR Distance Matrix:

        0 0.0253464 0.0308346 0.0341337 0.0319781 0.0397987 0.0379697  0.048066 0.0414749 0.0431058 0.0499656 0.0452793 0.0460495 0.0434677 0.0419577  0.047023 0.0504091 0.0346241 0.0479486 0.0593869 0.0486147   0.04063 0.0445841  0.040006 0.0376339 0.0326947 0.0189543
0.0253464         0  0.027135 0.0241187 0.0279832 0.0371627 0.0408697 0.0463119 0.0395159 0.0449229 0.0472859 0.0472492 0.0508927 0.0483987 0.0477461 0.0449473 0.0512886 0.0344707 0.0484978 0.0513171 0.0507198 0.0382449 0.0379437 0.0336635 0.0380117 0.0309145 0.0206532
0.0308346  0.027135         0 0.0235479 0.0249258 0.0319856 0.0388969 0.0496653 0.0398664 0.0444613 0.0463218 0.0429111 0.0505073 0.0459494 0.0478522  0.046657 0.0513346 0.0416722 0.0593842 0.0604408 0.0494786 0.0438929 0.0512702 0.0435975 0.0450011 0.0317375 0.0275358
0.0341337 0.0241187 0.0235479         0 0.0222902 0.0260802 0.0315156 0.0468588 0.0446326 0.0466731 0.0546237 0.0496493 0.0558686 0.0515745 0.0542335 0.0550478   0.05887 0.0525227  0.056322 0.0722367 0.0599886 0.0478828 0.0500758 0.0401444 0.0435869 0.0354156 0.0313962
0.0319781 0.0279832 0.0249258 0.0222902         0 0.0240797 0.0283466 0.0477619 0.0380243 0.0421105 0.0453902 0.0377932 0.0523147 0.0471676 0.0521065 0.0494066 0.0576464  0.047413 0.0614639 0.0642095 0.0518424  0.047439 0.0555116 0.0510803 0.0520678 0.0415388 0.0325387
0.0397987 0.0371627 0.0319856 0.0260802 0.0240797         0 0.0309107 0.0376953 0.0371463 0.0409545 0.0490048 0.0453568 0.0530567 0.0525734 0.0559484 0.0565021 0.0617984 0.0549911 0.0655157 0.0732744 0.0610466 0.0523842 0.0587003 0.0686192 0.0583076 0.0557647 0.0455077
0.0379697 0.0408697 0.0388969 0.0315156 0.0283466 0.0309107         0 0.0339807 0.0312913 0.0378821 0.0460969 0.0407968 0.0527183 0.0475119 0.0532974 0.0555486 0.0613552 0.0564535 0.0705845 0.0709775 0.0570368 0.0546926 0.0589104 0.0660531 0.0591788 0.0521036 0.0428927
 0.048066 0.0463119 0.0496653 0.0468588 0.0477619 0.0376953 0.0339807         0 0.0234333 0.0247396 0.0424855 0.0357092  0.049811 0.0519966 0.0579246 0.0668064 0.0639043 0.0502213 0.0644719 0.0748566 0.0635655  0.056142 0.0568179 0.0717603 0.0678457 0.0632631 0.0487201
0.0414749 0.0395159 0.0398664 0.0446326 0.0380243 0.0371463 0.0312913 0.0234333         0 0.0160488 0.0225264 0.0286314 0.0353827 0.0377475 0.0451796 0.0533809 0.0546515 0.0400676 0.0551348 0.0587305 0.0506061 0.0464249 0.0469811 0.0444941  0.051424 0.0476579 0.0382806
0.0431058 0.0449229 0.0444613 0.0466731 0.0421105 0.0409545 0.0378821 0.0247396 0.0160488         0 0.0225928 0.0262097 0.0348448 0.0387796 0.0422723 0.0489753 0.0503792 0.0394074 0.0515629 0.0591054 0.0541404 0.0478976 0.0479657  0.047981 0.0556191 0.0492263 0.0435756
0.0499656 0.0472859 0.0463218 0.0546237 0.0453902 0.0490048 0.0460969 0.0424855 0.0225264 0.0225928         0 0.0183735 0.0264345 0.0235606 0.0362989 0.0385137 0.0452108 0.0300204 0.0428901  0.050615  0.040843 0.0385412  0.044658 0.0386034 0.0503595  0.044172 0.0491625
0.0452793 0.0472492 0.0429111 0.0496493 0.0377932 0.0453568 0.0407968 0.0357092 0.0286314 0.0262097 0.0183735         0 0.0272608 0.0242086 0.0341646 0.0372245 0.0420351 0.0315833 0.0447432 0.0478631 0.0385225 0.0366798 0.0406122 0.0378255    0.0468 0.0394634  0.039236
0.0460495 0.0508927 0.0505073 0.0558686 0.0523147 0.0530567 0.0527183  0.049811 0.0353827 0.0348448 0.0264345 0.0272608         0 0.0186204 0.0252017 0.0381033  0.042743 0.0347842 0.0478473 0.0475575 0.0429516 0.0358932 0.0363897 0.0396673 0.0513959  0.043089 0.0478868
0.0434677 0.0483987 0.0459494 0.0515745 0.0471676 0.0525734 0.0475119 0.0519966 0.0377475 0.0387796 0.0235606 0.0242086 0.0186204         0 0.0127139 0.0223947 0.0308296 0.0237791 0.0354429 0.0421849 0.0322896 0.0318516 0.0316621 0.0313923 0.0423741 0.0324302 0.0411525
0.0419577 0.0477461 0.0478522 0.0542335 0.0521065 0.0559484 0.0532974 0.0579246 0.0451796 0.0422723 0.0362989 0.0341646 0.0252017 0.0127139         0  0.022064 0.0318771 0.0254402 0.0407416   0.04297 0.0429183 0.0336278 0.0387414 0.0404876 0.0472553 0.0373972 0.0415789
 0.047023 0.0449473  0.046657 0.0550478 0.0494066 0.0565021 0.0555486 0.0668064 0.0533809 0.0489753 0.0385137 0.0372245 0.0381033 0.0223947  0.022064         0 0.0252725 0.0188418 0.0333542 0.0423946 0.0400267  0.035323 0.0381945  0.036517 0.0409787 0.0390544 0.0418858
0.0504091 0.0512886 0.0513346   0.05887 0.0576464 0.0617984 0.0613552 0.0639043 0.0546515 0.0503792 0.0452108 0.0420351  0.042743 0.0308296 0.0318771 0.0252725         0 0.0179965 0.0355681 0.0435556 0.0402226 0.0332662 0.0425943 0.0431686 0.0494282 0.0459548 0.0441992
0.0346241 0.0344707 0.0416722 0.0525227  0.047413 0.0549911 0.0564535 0.0502213 0.0400676 0.0394074 0.0300204 0.0315833 0.0347842 0.0237791 0.0254402 0.0188418 0.0179965         0 0.0184427 0.0266108 0.0246837 0.0268833 0.0289597 0.0306481 0.0312323 0.0302322 0.0289306
0.0479486 0.0484978 0.0593842  0.056322 0.0614639 0.0655157 0.0705845 0.0644719 0.0551348 0.0515629 0.0428901 0.0447432 0.0478473 0.0354429 0.0407416 0.0333542 0.0355681 0.0184427         0 0.0393511 0.0360077 0.0426691  0.039056 0.0378343 0.0457896 0.0406967 0.0455128
0.0593869 0.0513171 0.0604408 0.0722367 0.0642095 0.0732744 0.0709775 0.0748566 0.0587305 0.0591054  0.050615 0.0478631 0.0475575 0.0421849   0.04297 0.0423946 0.0435556 0.0266108 0.0393511         0 0.0316135 0.0356285 0.0415679 0.0500432 0.0506503 0.0480367 0.0520304
0.0486147 0.0507198 0.0494786 0.0599886 0.0518424 0.0610466 0.0570368 0.0635655 0.0506061 0.0541404  0.040843 0.0385225 0.0429516 0.0322896 0.0429183 0.0400267 0.0402226 0.0246837 0.0360077 0.0316135         0 0.0254443 0.0304034 0.0331869 0.0405108   0.04116 0.0413456
  0.04063 0.0382449 0.0438929 0.0478828  0.047439 0.0523842 0.0546926  0.056142 0.0464249 0.0478976 0.0385412 0.0366798 0.0358932 0.0318516 0.0336278  0.035323 0.0332662 0.0268833 0.0426691 0.0356285 0.0254443         0 0.0238312 0.0197786 0.0324128 0.0299853 0.0358965
0.0445841 0.0379437 0.0512702 0.0500758 0.0555116 0.0587003 0.0589104 0.0568179 0.0469811 0.0479657  0.044658 0.0406122 0.0363897 0.0316621 0.0387414 0.0381945 0.0425943 0.0289597  0.039056 0.0415679 0.0304034 0.0238312         0 0.0248323 0.0338876 0.0324565 0.0369661
 0.040006 0.0336635 0.0435975 0.0401444 0.0510803 0.0686192 0.0660531 0.0717603 0.0444941  0.047981 0.0386034 0.0378255 0.0396673 0.0313923 0.0404876  0.036517 0.0431686 0.0306481 0.0378343 0.0500432 0.0331869 0.0197786 0.0248323         0 0.0344824 0.0313524 0.0358116
0.0376339 0.0380117 0.0450011 0.0435869 0.0520678 0.0583076 0.0591788 0.0678457  0.051424 0.0556191 0.0503595    0.0468 0.0513959 0.0423741 0.0472553 0.0409787 0.0494282 0.0312323 0.0457896 0.0506503 0.0405108 0.0324128 0.0338876 0.0344824         0 0.0303024 0.0389902
0.0326947 0.0309145 0.0317375 0.0354156 0.0415388 0.0557647 0.0521036 0.0632631 0.0476579 0.0492263  0.044172 0.0394634  0.043089 0.0324302 0.0373972 0.0390544 0.0459548 0.0302322 0.0406967 0.0480367   0.04116 0.0299853 0.0324565 0.0313524 0.0303024         0 0.0366467
0.0189543 0.0206532 0.0275358 0.0313962 0.0325387 0.0455077 0.0428927 0.0487201 0.0382806 0.0435756 0.0491625  0.039236 0.0478868 0.0411525 0.0415789 0.0418858 0.0441992 0.0289306 0.0455128 0.0520304 0.0413456 0.0358965 0.0369661 0.0358116 0.0389902 0.0366467         0

meanTree = (1:0.0108534,((2:0.0104298,(3:0.0113021,((4:0.0108197,(5:0.00896844,6:0.0139428):0.0010054):0.00110172,7:0.0152132):0.00234992):0.00218886):0.000768823,(((((((8:0.0162995,10:0.00749292):0.000920705,9:0.00629852):0.00548049,(11:0.00918394,12:0.00824613):0.00140107):0.00272714,(13:0.0127382,(14:0.003944,15:0.00865068):0.00210829):0.00181172):0.00174133,(((16:0.0105302,17:0.0143976):0.00168756,(18:0.00212103,19:0.0155786):0.00119006):0.00171158,(20:0.0194718,21:0.0121972):0.00303872):0.000813429):0.000986062,((22:0.0081685,24:0.0110229):0.00135671,23:0.0120123):0.00103268):0.00161327,(25:0.0167868,26:0.0123147):0.00147633):0.00392743):0.00197472,27:0.00791014);
(1,((2,(3,(4,((5,6),7)))),((((((((8,9),10),11),12),13),(14,15)),((16,17),(18,(19,(20,21))))),(22,(23,(24,(25,26)))))),27); 0.020424
(1,((2,(((3,(4,6)),5),7)),(((((((8,9),10),(11,12)),(13,(14,15))),(((16,17),18),(19,(20,21)))),((22,24),(23,25))),26)),27); 0.0180627
(1,((2,(3,(4,(5,6)))),((((((((((7,8),9),10),12),11),13),((14,15),16)),(17,((18,19),(20,21)))),((22,24),23)),(25,26))),27); 0.0233989
(1,(((2,3),(((4,5),6),7)),(((((8,9),10),11),12),(((((13,(14,15)),((16,17),(18,19))),((20,21),23)),(22,24)),(25,26)))),27); 0.02166
(1,((2,(3,4)),(((5,6),(7,((8,10),9))),(((((11,12),13),((14,15),16)),((17,((18,19),(20,21))),((22,24),23))),(25,26)))),27); 0.0221093
(1,((2,((7,((8,9),10)),((11,12),((13,14),((((((15,16),17),18),19),(20,(21,((22,24),23)))),(25,26)))))),(3,(4,(5,6)))),27); 0.0230406
(1,(2,((3,(4,((5,6),7))),((((((((8,9),10),(11,12)),(13,(14,15))),(((16,17),18),19)),((20,(21,22)),(23,24))),25),26))),27); 0.0178838
(1,((2,27),((((((((8,10),9),11),12),(13,(14,15))),((((16,17),18),19),(20,21))),((22,24),23)),(25,26))),(3,(((4,6),5),7))); 0.0158377
(1,(2,27),((3,(4,(5,6))),((((((((7,8),(9,10)),(11,12)),((13,14),15)),(16,(17,(18,19)))),(20,21)),((22,(23,24)),25)),26))); 0.0245071
(1,(2,27),(((3,((4,6),5)),7),(((((((8,(9,10)),(11,12)),(13,(14,15))),((16,17),(18,(19,(20,21))))),(22,(23,24))),25),26))); 0.0159078
(1,((2,((3,4),(5,6))),(((((((((((7,8),9),10),11),12),13),(14,15)),((16,17),18)),(19,(20,21))),((22,24),23)),(25,26))),27); 0.0245541
(1,(2,((((3,(4,6)),5),7),((((((8,9),10),(11,12)),(13,(14,15))),(((((16,17),18),19),20),(21,((22,24),23)))),(25,26)))),27); 0.0173907
(1,(2,27),((3,(((4,6),7),5)),(((((((((8,10),9),11),12),(13,(14,15))),((16,((17,18),19)),(20,21))),(22,(23,24))),26),25))); 0.0183454
(1,((2,(3,((4,(6,7)),5))),(((((((((8,10),9),11),12),13),((((14,15),16),17),18)),19),((((20,21),22),23),(24,25))),26)),27); 0.0170007
(1,((2,(3,(4,5))),(((((((((((6,7),8),9),10),(11,12)),(13,(14,15))),16),((17,(18,19)),(20,21))),((22,24),23)),25),26)),27); 0.0230614
(1,((2,27),(3,(4,(5,6)))),(((7,8),(9,10)),(((11,(13,(14,(15,16)))),(((17,18),(19,(20,21))),((22,((23,24),25)),26))),12))); 0.0222808
(1,(2,((3,((4,(5,6)),7)),(((((((((8,9),10),11),12),13),(((14,15),16),17)),(19,((20,21),((22,24),23)))),18),(25,26)))),27); 0.0176278
(1,(2,27),(((3,((4,(5,6)),7)),((8,10),9)),(((((((11,12),13),(14,15)),(((16,17),18),19)),(20,(21,22))),(23,24)),(25,26)))); 0.0218705
(1,((2,(3,(((4,6),5),7))),(((((((((8,10),9),11),12),(13,(14,15))),((16,17),(18,19))),((20,21),23)),(22,24)),(25,26))),27); 0.014576
(1,(2,((((3,4),(5,6)),(7,((8,10),9))),(((((((((11,12),13),14),15),((16,17),(18,19))),(20,21)),23),(22,24)),(25,26)))),27); 0.0249828
(1,2,((3,(((4,6),5),7)),((((((((((8,9),10),12),11),13),(14,15)),((16,(17,18)),((19,21),20))),((22,24),23)),(25,26)),27))); 0.0200612
(1,((2,((3,4),((5,6),(7,((8,9),10))))),((((((((11,12),13),(14,15)),((16,(17,18)),((19,20),21))),23),(22,24)),25),26)),27); 0.0217145
(1,(2,(3,(((4,6),5),7))),((((((((((8,9),10),11),12),(13,(14,15))),((((16,17),18),19),(20,21))),((22,24),23)),25),26),27)); 0.0180395
(1,(((2,(3,(4,(5,6)))),(7,((8,10),9))),((((((11,12),13),(14,15)),((16,17),(18,19))),((20,21),((22,24),23))),(25,26))),27); 0.0248077
(1,(((2,4),(5,(6,7))),(3,(((((((((((8,10),9),(11,12)),((13,14),15)),16),17),(18,19)),(20,21)),((22,24),23)),25),26))),27); 0.0194254
(1,((2,27),(3,(4,(5,6)))),((((((((7,8),10),9),(11,12)),13),((((14,15),(16,17)),(18,19)),(20,21))),((22,24),23)),(25,26))); 0.0244879
(1,(2,((((3,(4,6)),5),7),(((((((((((8,10),9),11),12),13),(14,(15,16))),((17,(18,(19,20))),21)),23),(22,24)),25),26))),27); 0.0193433
(1,(((2,(4,((5,6),7))),3),(((((((8,9),10),11),12),(13,(14,15))),(((16,17),(18,19)),(20,21))),((((22,23),24),25),26))),27); 0.0168186
(1,((((2,4),(5,(6,7))),3),27),((((((((8,10),9),12),11),13),(14,15)),(((16,17),(18,19)),((20,21),((22,24),23)))),(25,26))); 0.0182278
(1,((2,((((((((8,9),10),(11,12)),(13,14)),15),((16,19),(17,18))),(((20,21),(22,24)),23)),(25,26))),(3,(4,(5,(6,7))))),27); 0.0199571
(1,2,(((3,((4,6),5)),(((((((((((7,8),9),10),(11,12)),13),((14,15),16)),17),18),(19,(20,21))),(((22,24),23),25)),26)),27)); 0.0222538
(1,2,(((3,(4,((5,6),7))),(((((((((((((((8,9),10),11),12),13),(14,15)),16),17),19),18),20),21),(22,(23,24))),25),26)),27)); 0.0171692
(1,((2,((3,(4,6)),5)),((((((((((7,8),9),10),(11,12)),(((13,15),14),16)),(17,(18,(19,20)))),21),22),(23,24)),(25,26))),27); 0.026566
(1,((2,(3,(4,(5,(6,7))))),((((((((((((8,9),10),11),12),13),(14,15)),(16,17)),((18,19),20)),21),23),((22,24),26)),25)),27); 0.0177074
(1,((2,(3,((4,6),(5,7)))),((((((((((8,10),9),11),12),13),14),15),(16,(17,(18,(19,(20,21)))))),((22,24),23)),(25,26))),27); 0.0198629
(1,(2,(3,((4,(5,6)),7))),((((((((((((8,10),9),11),12),(13,14)),15),(16,((17,18),19))),(20,21)),(22,(23,24))),26),25),27)); 0.0190588
(1,(2,(3,((4,6),5))),(((((((((7,((8,10),9)),(11,12)),(((13,14),15),16)),((20,21),((22,24),23))),(17,18)),19),25),26),27)); 0.0255331
(1,(2,(((3,(4,((5,7),6))),(((8,9),10),((11,13),12))),(((((14,15),(16,17)),((18,19),(20,21))),(22,(23,24))),(25,26)))),27); 0.0206671
(1,((2,(3,((4,(5,6)),7))),((((((((((8,9),10),11),12),((13,14),15)),(16,(17,18))),((19,20),21)),(22,(23,24))),25),26)),27); 0.0188384
(1,((2,(3,((4,5),((6,8),7)))),((((((9,10),11),12),(13,(14,15))),(16,(17,(18,19)))),(((((20,21),22),25),(23,24)),26))),27); 0.0215748
(1,(((2,(4,(5,6))),3),((((((((((7,8),(9,10)),12),11),13),(14,15)),(16,17)),((18,19),(20,21))),((22,24),(23,25))),26)),27); 0.0238505
(1,((2,27),((((((((((((8,10),9),12),11),13),(14,15)),(16,17)),((18,19),20)),23),((21,22),24)),25),26)),(3,(4,((5,6),7)))); 0.0171396
(1,(2,27),((3,(((4,6),5),7)),(((((((((((8,9),10),11),12),13),14),(15,16)),(((17,19),18),20)),21),((22,24),(23,25))),26))); 0.0202203
(1,2,((((3,(4,(5,6))),(7,((8,10),9))),((((((((11,12),(13,14)),(15,16)),17),(18,19)),(20,21)),22),((23,24),(25,26)))),27)); 0.0230336
(1,((2,(3,(4,(5,(6,7))))),(((((((8,9),10),11),12),(13,(14,15))),(((((16,17),(18,19)),(20,21)),22),(23,(24,25)))),26)),27); 0.0218726
(1,((2,(3,(((4,6),5),7))),(((8,10),9),((((11,13),12),(14,15)),((((16,17),(18,19)),(20,21)),((((22,24),26),25),23))))),27); 0.0170363
(1,((2,(3,((4,(5,6)),(7,(8,(9,10)))))),(((((((11,12),13),((14,15),16)),((17,18),(19,20))),(21,22)),(23,24)),(25,26))),27); 0.0191977
(1,(2,(((((3,4),6),5),(7,((8,10),9))),(((11,12),(13,(14,15))),((((((16,17),(18,19)),20),21),((22,24),23)),(25,26))))),27); 0.0217031
(1,(2,((((3,4),(5,6)),(7,(8,(9,10)))),(((((((11,12),13),(14,15)),(((16,17),(18,19)),(20,21))),((22,24),23)),25),26))),27); 0.0212841
(1,((2,(((((((((((8,10),9),11),12),13),14),15),(16,(17,18))),((19,20),21)),(22,(23,24))),(25,26))),27),(3,(4,((5,6),7)))); 0.023244
(1,((2,(3,(4,(5,(6,7))))),((((((((((8,10),9),11),12),13),(14,15)),((((16,17),18),19),(20,21))),23),((22,24),25)),26)),27); 0.0192132
(1,2,((3,((4,(5,6)),7)),((((((((((8,10),9),11),12),13),(14,15)),(16,(17,(18,19)))),((((20,21),23),(22,24)),25)),26),27))); 0.0182492
(1,((2,(3,(((4,6),5),7))),((((((((8,9),10),11),12),13),((14,15),(16,(17,(18,19))))),((((20,21),23),22),24)),(25,26))),27); 0.0220399
(1,((2,((3,4),((5,6),(7,8)))),((((((((((9,10),11),12),(13,(14,15))),16),((17,19),18)),(20,21)),((22,24),23)),25),26)),27); 0.0224298
(1,((2,27),(3,(4,((5,6),7)))),(((((((8,10),9),11),12),((13,14),15)),(((((16,17),18),19),(20,21)),(((22,24),23),25))),26)); 0.0201123
(1,(2,27),((3,(4,((5,6),7))),(((8,9),10),((11,12),(13,((((14,15),16),(17,(18,19))),(((20,21),22),((23,(25,26)),24)))))))); 0.0182189
(1,((2,(3,((4,5),(6,7)))),((((((((8,10),9),11),12),13),(((((14,15),16),(17,18)),19),20)),((21,23),(22,24))),(25,26))),27); 0.0187481
(1,((2,(3,((4,(5,6)),7))),((((((((((8,9),10),11),12),13),(((((14,15),16),17),(18,19)),(20,21))),22),25),(23,24)),26)),27); 0.0192103
(1,(2,((3,(((4,6),5),7)),((((((((((8,10),9),11),12),13),(14,(15,16))),(((17,18),19),20)),((21,23),(22,24))),25),26))),27); 0.0197724
(1,((2,(3,((4,(6,7)),5))),((((((8,9),10),11),12),(13,14)),(((15,17),16),((((18,20),19),21),(((22,24),26),(23,25)))))),27); 0.0201569
(1,((2,27),(((((8,10),9),11),12),((13,(14,15)),(((((16,17),18),19),(20,21)),(((22,24),23),(25,26)))))),(((3,4),(5,6)),7)); 0.0199481
(1,((2,(3,((4,6),5))),((((((7,8),9),(10,11)),12),(((13,14),15),(16,17))),(((18,19),(20,21)),(((22,24),(23,25)),26)))),27); 0.0235922
(1,((2,(3,(4,(5,6)))),(((((((((7,8),(9,10)),(11,12)),(((13,14),15),(16,17))),18),((20,21),22)),19),(23,24)),(25,26))),27); 0.0240005
(1,(2,(((3,(4,(5,6))),((7,8),(9,10))),((((11,12),(13,(14,15))),((((16,17),(18,19)),20),(21,(22,(23,24))))),(25,26)))),27); 0.0221943
(1,(((2,(3,(4,((5,6),7)))),27),((((((((8,10),9),(11,12)),13),(((14,15),16),((17,18),(19,20)))),21),((22,24),23)),25)),26); 0.0186634
(1,((2,(3,(4,(5,6)))),((((((((((7,8),9),10),11),12),13),(14,15)),((((16,17),18),19),(20,21))),((22,23),(24,25))),26)),27); 0.0237809
(1,(2,((3,(((4,7),6),5)),(((8,9),10),(((11,12),13),((14,15),(((16,17),(18,19)),((20,21),(((22,24),23),(25,26))))))))),27); 0.0218587
(1,((2,((3,(4,6)),(5,7))),((((((((((((8,(9,10)),(11,12)),13),14),15),16),17),18),19),20),((21,(23,24)),22)),(25,26))),27); 0.0162024
(1,(2,((3,((4,(6,7)),5)),((((((((8,9),10),11),12),((13,14),15)),((16,17),((18,19),(20,21)))),(22,((23,24),25))),26))),27); 0.0182023
(1,((2,(3,((4,(6,7)),5))),(((((((((8,10),9),11),12),(((13,15),14),(16,17))),((18,19),(20,21))),((22,24),23)),25),26)),27); 0.0199132
(1,(2,(3,(((4,6),7),5))),((((((((((8,(9,10)),11),12),13),((14,15),(16,17))),((18,19),(20,21))),((22,24),23)),25),26),27)); 0.0196799
(1,((((2,4),3),((5,6),7)),((((((((((8,10),9),11),12),13),(14,15)),(16,((17,18),(19,(20,21))))),((22,23),24)),26),25)),27); 0.0184301
(1,2,(((((((((3,(((4,6),5),7)),((8,10),9)),(11,12)),13),(14,15)),((16,17),((18,(20,21)),19))),((22,23),24)),(25,26)),27)); 0.0174279
(1,(2,(3,((4,6),(5,7)))),(((((((((((((8,10),9),11),12),(13,(14,15))),16),(17,18)),19),((20,21),22)),23),24),(25,26)),27)); 0.0163791
(1,((2,(3,(((4,6),5),7))),((((((((8,10),9),(11,12)),((13,14),15)),((20,21),22)),(((16,17),18),19)),(23,24)),(25,26))),27); 0.0157248
(1,((2,3),((((((((4,(5,6)),7),((8,10),9)),((11,12),13)),((14,15),(16,(17,18)))),((19,23),((20,21),(22,24)))),25),26)),27); 0.0205094
(1,((2,((3,(4,6)),5)),(((((((7,8),(9,10)),(11,12)),(13,(14,15))),((16,(17,18)),19)),(20,((21,22),(23,24)))),(25,26))),27); 0.0256666
(1,2,(((3,(4,((5,6),7))),((((((((((8,10),9),11),12),13),(14,15)),(((16,17),18),19)),((20,21),22)),(23,24)),(25,26))),27)); 0.0200646
(1,(((2,(4,5)),3),(((6,7),((8,9),10)),(((((((11,12),13),(14,15)),(((16,17),18),19)),(20,21)),(22,(23,24))),(25,26)))),27); 0.0243073
(1,((2,(3,(((4,5),7),6))),((((((((8,10),9),11),12),((((13,15),14),16),(17,(18,19)))),(20,21)),((22,24),23)),(25,26))),27); 0.0219371
(1,((2,(3,(((4,6),7),5))),(((((((((8,9),10),12),11),(13,(14,15))),(((16,17),(18,19)),(20,21))),((22,24),23)),25),26)),27); 0.0202495
(1,((2,(3,(4,(5,6)))),((((((((((((7,8),9),(10,11)),12),13),(14,15)),16),17),(18,19)),((20,21),(22,(23,24)))),25),26)),27); 0.0233998
(1,((2,(3,(4,(5,6)))),(((((((((7,8),9),10),11),12),(13,(14,15))),((16,17),(18,19))),((20,21),((22,23),24))),(25,26))),27); 0.0215067
(1,(2,27),(((3,(4,(5,6))),7),((((((((((8,9),10),11),12),13),(14,15)),((16,(17,18)),(19,20))),((21,(22,24)),23)),25),26))); 0.0170935
(1,((2,3),(((((4,6),5),7),((8,9),10)),((11,12),((((13,(14,15)),16),17),((18,19),(((20,21),((22,24),23)),(25,26))))))),27); 0.0225737
(1,((2,(3,((4,(5,6)),7))),(((((((((8,9),10),12),11),13),((((14,15),16),(17,(18,19))),20)),((21,23),(22,24))),25),26)),27); 0.0195489
(1,((2,(3,4)),((((((5,(6,(7,8))),(9,10)),(11,12)),((13,14),15)),((16,17),((18,(19,20)),21))),((22,24),((23,26),25)))),27); 0.0242159
(1,(2,27),((((3,4),6),(5,7)),(((8,9),10),((11,12),((13,(14,15)),(((16,17),((18,19),(20,21))),(((22,24),(25,26)),23))))))); 0.018059
(1,((2,(3,((4,6),5))),((((7,8),(9,10)),(11,12)),((((13,(14,15)),(16,17)),((18,19),(20,21))),((22,24),(23,(25,26)))))),27); 0.0189078
(1,(2,((3,(4,(5,6))),(((((((((((7,8),9),10),11),12),((13,14),15)),((16,17),(18,19))),((20,21),22)),(23,24)),25),26))),27); 0.0233446
(1,((2,(3,(((4,5),6),7))),(((((((((8,10),9),11),12),((13,15),14)),(16,(17,((18,(20,21)),19)))),(22,(23,24))),25),26)),27); 0.0203314
(1,((2,((3,(5,6)),4)),(((((((((((7,8),((9,10),11)),12),13),14),15),((16,17),(18,(19,(20,21))))),22),(23,24)),26),25)),27); 0.0213605
(1,(2,27),((3,(4,((5,6),7))),(((((((((8,10),9),(11,12)),13),(14,15)),(16,((17,18),19))),(20,((21,22),(23,24)))),25),26))); 0.0150737
(1,((2,(3,(4,(5,(6,7))))),(((((((((8,9),10),11),12),13),(14,15)),((((16,19),17),18),20)),(((21,22),25),(23,24))),26)),27); 0.0174506
(1,((2,(3,((4,6),5))),((((((((7,((8,9),10)),(11,12)),13),(((14,15),(16,17)),((18,19),(20,21)))),23),(22,24)),25),26)),27); 0.0235548
(1,(((2,(3,((4,6),5))),(7,((8,10),9))),(((((11,12),(13,(14,15))),((16,17),((18,19),(20,21)))),((22,24),23)),(25,26))),27); 0.0201445
(1,(2,((3,(((4,6),7),5)),(((((((((((8,9),10),11),12),13),((14,15),16)),(((17,18),19),20)),21),22),(23,24)),(25,26)))),27); 0.0240997
(1,((2,((4,6),(5,7))),3),((((((((((8,9),10),11),12),13),(((14,15),16),17)),((18,(20,21)),19)),((22,24),23)),(25,26)),27)); 0.0173234
(1,(2,27),(((3,(4,((5,6),7))),((8,9),10)),((((11,12),(13,(14,15))),(((16,17),(18,19)),(20,21))),((22,((23,24),25)),26)))); 0.021625
(1,((2,(3,(4,((5,6),7)))),((((((((((8,10),9),11),12),(13,(14,15))),((16,((17,18),19)),20)),(21,(22,24))),23),25),26)),27); 0.0230709
(1,((2,(3,((4,5),(6,7)))),(((((((((8,10),9),11),12),13),(14,15)),(((16,17),(18,19)),(20,21))),((22,24),23)),(25,26))),27); 0.017462
(1,((((2,4),((5,6),(7,8))),3),((((((9,10),11),12),((((((13,14),15),16),17),(18,20)),19)),(21,22)),(((23,24),25),26))),27); 0.0266828
(1,(2,((3,(4,((5,6),7))),((((((((8,10),9),12),11),(((13,14),15),(16,17))),(((18,19),20),21)),((22,25),(23,24))),26))),27); 0.0206423
(1,(2,((3,(4,((5,6),7))),((((((((8,10),9),11),12),13),(14,15)),(((16,17),(18,19)),(20,21))),((((22,24),23),26),25)))),27); 0.0166478
(1,(2,27),(((3,4),((5,6),7)),((((((((((8,10),9),12),11),13),(14,15)),16),(((17,20),18),19)),((21,(22,23)),24)),(25,26)))); 0.0190759
(1,((2,(3,(4,(5,6)))),(((7,8),(9,10)),((11,12),((13,(14,15)),(((16,17),(18,19)),((20,21),(((22,24),23),(25,26)))))))),27); 0.0256068
(1,((2,27),(((((((8,10),9),11),12),((((13,14),15),(16,17)),(18,19))),((((20,21),23),22),24)),(25,26))),(3,(((4,6),5),7))); 0.019726
(1,(2,((3,((4,(5,6)),7)),((((((8,9),((10,11),12)),((13,14),15)),((16,(17,18)),((19,20),21))),((22,24),23)),(25,26)))),27); 0.0222151
(1,(2,((3,(((4,6),5),7)),(((((((((8,9),10),11),12),13),(14,15)),((((16,18),17),19),(20,21))),(22,(23,24))),(25,26)))),27); 0.0186167
(1,(2,((3,(((4,6),5),7)),((((((((8,9),10),11),12),13),(((((14,15),16),17),(18,19)),20)),(((21,23),22),24)),(25,26)))),27); 0.0174109
(1,(2,((3,(((4,6),5),7)),((((((((((8,10),9),11),12),((13,14),15)),(16,17)),(18,19)),((((20,21),22),23),24)),25),26))),27); 0.0165876
(1,(2,(3,((4,6),5))),(((((((((7,8),(9,10)),11),12),(13,(14,15))),(((16,17),(18,19)),(20,21))),((22,24),23)),(25,26)),27)); 0.0218729
(1,(2,((((((((3,4),(5,6)),(7,8)),(((9,10),11),12)),(13,(14,15))),((16,17),(18,19))),(((20,21),22),(23,24))),(25,26))),27); 0.0212006
(1,(2,((3,(4,((5,6),7))),((((((((8,10),9),(11,12)),(13,(14,15))),(((16,17),18),(19,(20,21)))),((22,24),23)),25),26))),27); 0.0200482
(1,((2,(3,((4,6),5))),(((((((((((7,8),(9,10)),(11,12)),(13,(14,15))),16),17),(18,19)),(20,21)),((22,24),23)),25),26)),27); 0.0221894
(1,((2,(3,((4,6),5))),((((((((((7,8),(9,10)),11),12),13),((14,15),16)),(((17,18),19),(20,21))),((22,24),23)),25),26)),27); 0.0249315
(1,((2,(3,(((4,6),5),7))),(((((((((8,10),9),11),12),(13,(14,15))),16),(17,((18,20),(19,21)))),((22,24),23)),(25,26))),27); 0.0180244
(1,((2,(3,(((4,6),5),7))),(((((((((((((8,10),9),11),12),13),(14,15)),((((16,17),18),19),20)),21),22),23),24),25),26)),27); 0.0163583
(1,((2,(3,((4,6),5))),((((7,(8,9)),10),(11,12)),((((((13,14),15),(16,17)),((18,19),(20,21))),((22,24),(23,25))),26))),27); 0.0227197
(1,((2,(3,((4,5),6))),((((((7,8),9),10),(11,12)),(13,(14,15))),((((16,17),(18,19)),(20,21)),(((22,24),23),(25,26))))),27); 0.0242445
(1,(2,((3,((4,(5,6)),7)),(((8,10),9),((11,12),((13,(14,15)),(((16,17),(18,19)),((20,21),((22,24),(23,(25,26)))))))))),27); 0.0180127
(1,((2,27),((((((8,10),9),(11,12)),13),((((((((14,15),16),(17,18)),19),20),21),23),(22,24))),(25,26))),(((3,(4,6)),5),7)); 0.0206718
(1,((2,((3,4),(5,(6,7)))),(((((((((8,10),9),11),12),(13,(14,15))),((16,(17,18)),19)),((20,21),23)),((22,25),24)),26)),27); 0.0190167
(1,((2,3),(((4,6),5),7)),((((((((((8,9),10),11),12),((13,14),15)),16),((17,18),19)),((((20,22),21),23),24)),(25,26)),27)); 0.0192802
(1,((2,(3,(4,(5,6)))),(((((7,8),9),10),(11,12)),(((((13,14),15),(16,17)),(18,19)),((((20,(21,22)),23),25),(24,26))))),27); 0.0289243
(1,(2,((3,((4,(6,7)),5)),((8,(9,10)),(((11,12),(13,(14,15))),((((16,17),18),19),(((20,21),22),((23,25),(24,26)))))))),27); 0.0202881
(1,((2,(3,(((4,6),5),7))),((((((((((8,9),10),(11,12)),13),(14,15)),((((16,17),18),19),(20,21))),22),(23,24)),25),26)),27); 0.0176526
(1,((2,((((((((((((8,9),10),11),12),13),((14,15),16)),((17,18),(19,20))),21),22),(23,24)),25),26)),(3,((4,(5,6)),7))),27); 0.0243694
(1,2,(((((3,((4,6),5)),7),(8,(9,10))),(((((11,12),(13,14)),((((15,(16,17)),18),19),((20,21),(22,23)))),24),(25,26))),27)); 0.0205677
(1,(2,27),((3,((4,(5,6)),(7,(8,(9,10))))),((((((11,12),13),(14,15)),((16,17),(18,19))),(20,(21,(22,((23,24),25))))),26))); 0.0213364
(1,(2,(((3,((4,(5,6)),7)),((8,10),9)),(((((((11,12),13),(14,15)),((((16,17),18),19),20)),21),(22,(23,24))),(25,26)))),27); 0.0201268
(1,(2,27),((3,((4,5),(6,7))),(((((((((8,9),10),11),12),13),(((((14,15),16),17),(18,19)),(20,21))),((22,24),23)),25),26))); 0.0194997
(1,(((2,4),(3,5)),(((6,7),((8,9),10)),((11,12),(((((13,14),15),16),17),(((18,19),(20,21)),(((22,24),23),(25,26))))))),27); 0.0204037
(1,(2,(((3,26),((((8,10),9),((11,12),(13,14))),(((((15,16),17),(18,(19,(20,21)))),((22,24),23)),25))),(4,((5,6),7)))),27); 0.0206407
(1,(2,(((3,4),((5,6),(7,8))),(((((((9,10),(11,12)),(13,14)),15),(((16,17),(18,19)),((20,21),(22,(23,24))))),25),26))),27); 0.0225422
(1,(2,((3,((4,5),(6,7))),((((((((8,(9,10)),11),12),13),(14,15)),(((16,17),(18,19)),(20,21))),(((22,24),23),25)),26))),27); 0.0166217
(1,(2,((3,(4,((5,6),7))),((((((((8,9),10),(11,12)),13),((14,15),(16,((17,18),19)))),((((20,21),22),23),24)),25),26))),27); 0.0188015
(1,((2,((3,4),((5,6),7))),((((((((((8,10),9),(11,12)),(13,(14,15))),(16,((17,18),19))),((20,21),22)),23),24),25),26)),27); 0.020711
(1,(2,((3,((4,(5,6)),7)),((((((((((8,10),9),11),12),13),(14,15)),(16,(17,(18,19)))),(((20,21),22),(23,24))),25),26))),27); 0.0199843
(1,((2,(3,(4,(5,6)))),((((((7,8),(9,10)),12),(11,(13,(14,15)))),(((16,17),(18,19)),(20,21))),((((22,24),23),25),26))),27); 0.0226682
(1,(2,27),(((3,(4,(5,(6,7)))),((8,10),9)),(((((((11,12),13),(14,15)),(((16,17),18),19)),(((20,21),22),(23,24))),26),25))); 0.0241656
(1,(2,(3,(((4,6),7),5))),((((8,9),10),((11,(((13,14),15),(((16,(17,(18,19))),(20,21)),((22,(25,26)),(23,24))))),12)),27)); 0.0199303
(1,(2,((3,((4,(6,7)),5)),(((8,10),9),((11,12),((13,14),((15,(16,((17,18),(19,20)))),((21,22),(23,((24,25),26))))))))),27); 0.0196007
(1,((2,(3,(4,(5,(6,7))))),((((((((((8,10),9),11),12),(13,14)),(15,16)),(17,18)),(((19,24),23),(20,(21,22)))),26),25)),27); 0.0217405
(1,2,((3,((4,6),(5,7))),(((((((((((8,10),9),12),11),(13,(14,15))),(16,((17,18),19))),(20,21)),22),(23,24)),(25,26)),27))); 0.0178821
(1,((2,((3,((4,6),5)),7)),(((((8,9),10),11),12),((((13,(14,15)),(16,17)),((18,19),(20,21))),(((22,24),(23,25)),26)))),27); 0.0193321
(1,((2,(3,((4,6),(5,7)))),(((((((((8,9),10),12),11),13),(14,15)),((16,(17,18)),(19,(20,21)))),((22,24),23)),(25,26))),27); 0.0180688
(1,((2,(((3,4),6),5)),(((7,(8,9)),10),(((11,12),13),((((14,15),16),17),((18,(19,(20,21))),(((22,24),23),(25,26))))))),27); 0.0225243
