Pi: 0.235134 0.218389 0.177331 0.369146
S:  0.187051   0.15949  0.116426  0.025988  0.491259 0.0197862
