Pi: 0.270865 0.204625 0.241222 0.283288
S:  0.109934  0.184935  0.157413 0.0699134   0.36622  0.111584
