Pi: 0.233228 0.223058 0.178198 0.365516
S:  0.185392  0.160479  0.116073 0.0258758  0.491947 0.0202332
