Pi: 0.232372 0.220959  0.18659 0.360079
S:  0.173655  0.173776 0.0967014 0.0204612  0.521311 0.0140951
