
Alignment summary:
Caecomyces_communis: -=130 A=413 C=310 G=399 N=1 T=407
Absidia_glauca: -=143 A=417 C=307 G=392 T=401
Rhizopus_oryzae: -=141 A=415 C=308 G=402 T=394
Mucor_hiemalis: -=159 A=418 C=301 G=393 T=389
Mortierella_polycephala: -=182 A=423 C=302 G=373 T=380
Echinosporangium_transversale: -=241 A=390 C=289 G=368 T=372
Mortierella_wolfii: -=214 A=391 C=287 G=387 T=381
Piromyces_communis: -=194 A=403 C=297 G=382 S=1 T=383
Kickxella_alabastrina: -=194 A=418 C=305 G=380 R=1 S=2 T=360
Linderina_pennispora: -=211 A=401 C=293 G=382 T=373
Dipsacomyces_acuminosporus: -=188 A=391 C=300 G=396 S=1 T=384
Entomophthora_muscae: -=160 A=412 C=307 G=400 T=381
Conidiobolus_coronatus: -=176 A=414 C=293 G=391 T=386
Smittium_culisetae: -=183 A=421 C=295 G=385 T=376
Furculomyces_boomerangus: -=182 A=418 C=288 G=377 T=395
Capniomyces_stellatus: -=164 A=429 C=283 G=390 N=1 T=393
Blastocladiella_emersonii: -=211 A=414 C=266 G=371 T=398
Chytridium_confervae: -=216 A=407 C=279 G=362 T=396
Neocallimastix_frontalis: -=219 A=404 C=275 G=376 T=386
Ustilago_hordii: -=217 A=417 C=279 G=376 T=371
Endogone_pisiforme: -=225 A=395 C=277 G=395 T=368
Glomus_mossae: -=240 A=400 C=282 G=371 T=367
Gigaspora_margarita: -=176 A=418 C=296 G=374 T=396
Coprinus_cinereus: -=188 A=417 C=287 G=373 T=395
Boletus_satanas: -=221 A=404 C=270 G=377 R=1 T=387
Morchella_elata: -=237 A=401 C=264 G=377 T=381
Peziza_badia: -=237 A=403 C=272 G=364 T=384
Saccharomyces_cerevisiae: -=202 A=410 C=282 G=367 T=399
Pneumocystis_carinii: -=191 A=423 C=269 G=369 T=408
Eurotium_rubrum: -=195 A=417 C=268 G=372 T=408
Neurospora_crassa: -=190 A=416 C=276 G=368 T=410
Taphrina_deformans: -=189 A=410 C=284 G=381 T=396
Schizosaccharomyces_pombe: -=234 A=403 C=265 G=366 T=392
Caenorhabditis_drosophilae: -=217 A=406 C=278 G=362 T=397
Hydra_littoralis: -=171 A=404 C=296 G=390 T=399
Calanus_pacificus: -=135 A=431 C=300 G=392 T=402
Coleochaete_scutata: -=135 A=426 C=293 G=399 T=407
Physcomitrella_patens: -=131 A=419 C=287 G=410 T=413
Arabidopsis_thaliana: -=125 A=426 C=284 G=405 T=420
Zea_mays: -=131 A=415 C=293 G=411 T=410
Mesostigma_viride: -=127 A=431 C=301 G=398 T=403
Xenopus_laevis: -=125 A=422 C=304 G=409 T=400
Gallus_gallus: -=126 A=417 C=305 G=408 T=404

Seed = 790019679

Jukes-Cantor Distance Matrix:

        0  0.104722  0.139957  0.153734  0.144155  0.159111  0.158482   0.15166  0.143547  0.146581  0.167659  0.157765  0.146143  0.168049  0.171981   0.16621  0.150699  0.175462  0.143142   0.16325  0.166518  0.176431  0.166886  0.176829  0.164362  0.144155  0.136101  0.136741  0.142271  0.136741  0.142782  0.142782  0.137923  0.130565  0.138175   0.12783   0.15346  0.133556  0.127553  0.153009  0.151609  0.142007  0.120085
 0.104722         0  0.107557   0.14297  0.125384  0.149666  0.143847  0.146752  0.143586  0.138117  0.165367  0.149477  0.143908  0.170365  0.158604  0.160058  0.142619  0.166425  0.139208  0.147851  0.173494  0.160525  0.161292  0.170023   0.16024  0.159624   0.13449  0.138952  0.142706  0.123078  0.129083   0.13093  0.132652  0.132743  0.140767  0.134634  0.134931  0.135536  0.128481  0.149908  0.155537  0.129179  0.129086
 0.139957  0.107557         0  0.124677  0.124108  0.147331  0.146069  0.141135  0.144655  0.135266  0.162545  0.147533  0.154705   0.16649  0.172719  0.173179  0.159234  0.189249  0.158482  0.166465  0.170664  0.172391  0.164983  0.168538  0.170527  0.165113  0.144723  0.146468  0.156157  0.141135  0.147202  0.144058  0.148033  0.146182  0.152942  0.143821  0.149645  0.152478  0.148432  0.163813  0.188915  0.158247  0.155435
 0.153734   0.14297  0.124677         0  0.112592  0.143031  0.154071  0.145469  0.141866  0.138566  0.144813  0.149162  0.153833  0.184437  0.175708  0.186262  0.181752  0.203412  0.180183  0.187559  0.180036  0.168089  0.181174  0.182448  0.164481  0.167403  0.151471  0.146635  0.153138   0.14635  0.145667  0.160474  0.154243  0.161262  0.166011   0.15288  0.164013  0.163517  0.163247   0.17612  0.185888  0.176036   0.17179
 0.144155  0.125384  0.124108  0.112592         0  0.103665  0.115468  0.130568   0.12089  0.131411   0.15209  0.144099  0.154529  0.169926  0.167137  0.171095  0.160665  0.197737  0.162621  0.181154  0.180223  0.166246  0.161617  0.169826  0.156292  0.160049  0.140506  0.142835   0.15118  0.126368  0.132571  0.140288  0.154177  0.146926  0.155499  0.138391  0.134993  0.155096  0.145593  0.158361  0.159327  0.163316  0.158121
 0.159111  0.149666  0.147331  0.143031  0.103665         0  0.109396  0.122485  0.130424  0.129257  0.168974  0.161697  0.157321   0.18203  0.177046  0.198442  0.178458  0.209958  0.172921   0.19062   0.19574  0.188985   0.18785  0.184965  0.180819  0.180239  0.157939  0.161953  0.161663  0.149795  0.158218  0.177989  0.177913  0.170639  0.177341  0.161018  0.167895  0.173151  0.157854  0.175861  0.179528  0.189249  0.158733
 0.158482  0.143847  0.146069  0.154071  0.115468  0.109396         0 0.0878801  0.108459  0.127818  0.155938   0.15974  0.152936  0.170297  0.170926  0.168927  0.174626  0.197945  0.164702  0.177192  0.182742  0.186049  0.189418  0.189742  0.174209  0.176435   0.16168  0.163988  0.166302  0.147285  0.156419  0.161202  0.170931  0.161244  0.177243  0.164721  0.164333  0.162713  0.165046  0.170617  0.183997  0.180141  0.156388
  0.15166  0.146752  0.141135  0.145469  0.130568  0.122485 0.0878801         0 0.0863948  0.113249  0.142206  0.153907   0.14905  0.157225  0.156223  0.175827   0.17695  0.194009  0.159785  0.165695  0.173256  0.170654  0.178249  0.178934  0.158873  0.151252  0.149052  0.150909  0.157714    0.1444  0.148217  0.151871   0.16273  0.149197  0.170938  0.158114  0.157869  0.156037  0.150005  0.164502  0.177891  0.179087  0.177614
 0.143547  0.143586  0.144655  0.141866   0.12089  0.130424  0.108459 0.0863948         0 0.0722105  0.120535  0.135058  0.132721  0.151336  0.157225  0.158106  0.151927  0.179442  0.145196  0.168608  0.172109  0.160342  0.167268   0.16876   0.15264  0.150962  0.131264  0.132474  0.139029  0.130454   0.13609  0.144169  0.148211  0.140279  0.158608  0.150891  0.154568  0.147034  0.151311  0.157256  0.166838  0.164248  0.163134
 0.146581  0.138117  0.135266  0.138566  0.131411  0.129257  0.127818  0.113249 0.0722105         0 0.0875499  0.122283  0.115999  0.142013  0.165972  0.158861  0.142631  0.170322   0.14145  0.152832  0.152421  0.143732  0.146044  0.155266  0.146324  0.139473  0.131371  0.123459  0.135029  0.126624  0.128665  0.134818  0.134968   0.13381  0.150503    0.1447   0.15515  0.143513  0.143696  0.155271  0.164433  0.149649  0.166921
 0.167659  0.165367  0.162545  0.144813   0.15209  0.168974  0.155938  0.142206  0.120535 0.0875499         0   0.11151  0.133276  0.171085  0.166386  0.178747  0.159765  0.171194  0.159518  0.171326  0.149806  0.154004  0.172319  0.170512  0.157964  0.163363  0.141219  0.138124  0.146295  0.139489  0.141486  0.144252  0.164409  0.162518   0.17245  0.156409  0.166709  0.161666  0.164951   0.18084   0.18274  0.172581  0.184215
 0.157765  0.149477  0.147533  0.149162  0.144099  0.161697   0.15974  0.153907  0.135058  0.122283   0.11151         0 0.0992284  0.141169  0.161883  0.176699  0.162606   0.19355  0.157596   0.16664  0.164614  0.147046   0.16058  0.173821  0.173226  0.157838  0.128785  0.134818  0.149796   0.13398  0.146008   0.14099  0.152174  0.147158  0.163307  0.151789  0.165705  0.160763  0.156575  0.174543  0.170873  0.178147  0.171263
 0.146143  0.143908  0.154705  0.153833  0.154529  0.157321  0.152936   0.14905  0.132721  0.115999  0.133276 0.0992284         0  0.115785  0.158482  0.172581   0.15573   0.18128  0.150463  0.155799  0.159636  0.146749  0.160222  0.167801  0.159121  0.145499  0.134979  0.124964  0.139317  0.134069  0.136635  0.139739  0.131435  0.131214  0.145491  0.145359  0.160058  0.153526  0.151757  0.172512  0.167956  0.164165  0.168942
 0.168049  0.170365   0.16649  0.184437  0.169926   0.18203  0.170297  0.157225  0.151336  0.142013  0.171085  0.141169  0.115785         0  0.125666  0.162362  0.168957   0.19219  0.165548  0.174723  0.168866   0.17369  0.173759  0.185883  0.157966  0.163853   0.15405  0.149337   0.16306  0.148386  0.155454  0.142687  0.161512  0.145565  0.172939  0.170439  0.174257  0.186856  0.160673  0.188042  0.190408  0.181153   0.18893
 0.171981  0.158604  0.172719  0.175708  0.167137  0.177046  0.170926  0.156223  0.157225  0.165972  0.166386  0.161883  0.158482  0.125666         0  0.124016  0.148071  0.176624  0.163981  0.175698  0.172676  0.167033  0.177197  0.163664  0.157582  0.171895  0.167265  0.159759  0.164451  0.154307  0.149828  0.150185  0.166661  0.162865  0.173419  0.163134  0.159335  0.168179  0.153526  0.185097   0.18893  0.173179  0.179823
  0.16621  0.160058  0.173179  0.186262  0.171095  0.198442  0.168927  0.175827  0.158106  0.158861  0.178747  0.176699  0.172581  0.162362  0.124016         0  0.132159  0.168021  0.159487  0.169963  0.170159   0.14758  0.145791  0.168771  0.156325  0.155912  0.144678  0.150582  0.155239  0.152241  0.151525  0.143142  0.149851  0.139663  0.170691    0.1532  0.168168  0.158963  0.152049  0.177065  0.177201  0.175666   0.17363
 0.150699  0.142619  0.159234  0.181752  0.160665  0.178458  0.174626   0.17695  0.151927  0.142631  0.159765  0.162606   0.15573  0.168957  0.148071  0.132159         0  0.117812  0.124165  0.168139  0.167543  0.164075  0.155578  0.151372  0.149885  0.155295  0.127284  0.131011  0.131602  0.131918  0.137288  0.149773  0.142216  0.135517  0.148335  0.146637  0.159227  0.133686  0.137161  0.157987  0.163203  0.143918  0.165954
 0.175462  0.166425  0.189249  0.203412  0.197737  0.209958  0.197945  0.194009  0.179442  0.170322  0.171194   0.19355   0.18128   0.19219  0.176624  0.168021  0.117812         0  0.105133  0.151363  0.183254  0.180154   0.17912  0.177146  0.146284  0.169398   0.14601  0.140734  0.146154  0.149973  0.148472  0.151927  0.149955  0.141799  0.168401  0.181112  0.189091  0.171772   0.16819  0.195754  0.187283  0.189689   0.18563
 0.143142  0.139208  0.158482  0.180183  0.162621  0.172921  0.164702  0.159785  0.145196   0.14145  0.159518  0.157596  0.150463  0.165548  0.163981  0.159487  0.124165  0.105133         0  0.104351  0.137965  0.157152  0.155315  0.157582  0.140898  0.141507  0.129867  0.132877  0.144725   0.12372   0.12659   0.12986  0.135262  0.137301  0.154764  0.155607  0.156234  0.145604  0.145038  0.175407   0.17362  0.160727  0.148817
  0.16325  0.147851  0.166465  0.187559  0.181154   0.19062  0.177192  0.165695  0.168608  0.152832  0.171326   0.16664  0.155799  0.174723  0.175698  0.169963  0.168139  0.151363  0.104351         0 0.0870316  0.121231  0.141596  0.155534  0.155472  0.147787  0.137197  0.135078  0.143833  0.128278  0.130381  0.136301    0.1356  0.135058  0.153993  0.163508  0.172112  0.158607  0.153644  0.190764  0.184402  0.172932  0.160105
 0.166518  0.173494  0.170664  0.180036  0.180223   0.19574  0.182742  0.173256  0.172109  0.152421  0.149806  0.164614  0.159636  0.168866  0.172676  0.170159  0.167543  0.183254  0.137965 0.0870316         0 0.0737217  0.121375  0.148931  0.136852  0.152201  0.144438  0.143683  0.153671   0.13807  0.147166  0.134979  0.145263  0.142738  0.153099  0.158231  0.167714  0.162885  0.164883  0.185294  0.189858  0.181838  0.170603
 0.176431  0.160525  0.172391  0.168089  0.166246  0.188985  0.186049  0.170654  0.160342  0.143732  0.154004  0.147046  0.146749   0.17369  0.167033   0.14758  0.164075  0.180154  0.157152  0.121231 0.0737217         0 0.0877971  0.136083  0.133595  0.148033  0.137079  0.133135  0.140227  0.133942  0.146869  0.150752  0.135695  0.135037  0.161363  0.156827  0.163849  0.171693  0.160514  0.192048   0.19096  0.183882  0.175807
 0.166886  0.161292  0.164983  0.181174  0.161617   0.18785  0.189418  0.178249  0.167268  0.146044  0.172319   0.16058  0.160222  0.173759  0.177197  0.145791  0.155578   0.17912  0.155315  0.141596  0.121375 0.0877971         0  0.113081   0.13899  0.132523   0.12111  0.124186  0.136208  0.124257  0.130596  0.130495  0.126227  0.122706  0.156868  0.147533  0.163464  0.160785  0.157758  0.173642  0.175374  0.178158  0.170061
 0.176829  0.170023  0.168538  0.182448  0.169826  0.184965  0.189742  0.178934   0.16876  0.155266  0.170512  0.173821  0.167801  0.185883  0.163664  0.168771  0.151372  0.177146  0.157582  0.155534  0.148931  0.136083  0.113081         0  0.109905  0.141909  0.139939   0.13566  0.137495  0.139332  0.127371   0.14073  0.142118  0.136083  0.159867  0.163283  0.172181  0.162651  0.161541  0.178309  0.177847  0.175266   0.17803
 0.164362   0.16024  0.170527  0.164481  0.156292  0.180819  0.174209  0.158873   0.15264  0.146324  0.157964  0.173226  0.159121  0.157966  0.157582  0.156325  0.149885  0.146284  0.140898  0.155472  0.136852  0.133595   0.13899  0.109905         0 0.0926424  0.123968  0.123599  0.121206  0.113735  0.125887   0.12685  0.138677  0.121428  0.139585   0.14744  0.161107  0.156737  0.145781  0.167888  0.166386  0.173545  0.161602
 0.144155  0.159624  0.165113  0.167403  0.160049  0.180239  0.176435  0.151252  0.150962  0.139473  0.163363  0.157838  0.145499  0.163853  0.171895  0.155912  0.155295  0.169398  0.141507  0.147787  0.152201  0.148033  0.132523  0.141909 0.0926424         0 0.0735346  0.102576  0.121792  0.112612  0.123918  0.123346  0.124589  0.115928  0.137073   0.14073  0.157344  0.145822  0.139317  0.170451  0.170588  0.159994  0.170177
 0.136101   0.13449  0.144723  0.151471  0.140506  0.157939   0.16168  0.149052  0.131264  0.131371  0.141219  0.128785  0.134979   0.15405  0.167265  0.144678  0.127284   0.14601  0.129867  0.137197  0.144438  0.137079   0.12111  0.139939  0.123968 0.0735346         0 0.0534597 0.0869089  0.104394  0.111286  0.115035  0.118083  0.117796  0.126691  0.124739  0.149592  0.133965  0.122675  0.144268  0.163664  0.140377  0.154105
 0.136741  0.138952  0.146468  0.146635  0.142835  0.161953  0.163988  0.150909  0.132474  0.123459  0.138124  0.134818  0.124964  0.149337  0.159759  0.150582  0.131011  0.140734  0.132877  0.135078  0.143683  0.133135  0.124186   0.13566  0.123599  0.102576 0.0534597         0 0.0708277 0.0858078  0.109815  0.107086  0.111315  0.109298  0.118888    0.1251  0.139153  0.127289  0.120438  0.146301  0.154309  0.143547  0.150542
 0.142271  0.142706  0.156157  0.153138   0.15118  0.161663  0.166302  0.157714  0.139029  0.135029  0.146295  0.149796  0.139317   0.16306  0.164451  0.155239  0.131602  0.146154  0.144725  0.143833  0.153671  0.140227  0.136208  0.137495  0.121206  0.121792 0.0869089 0.0708277         0 0.0705217 0.0970515  0.114607  0.112374  0.111315  0.131458  0.132084   0.14351  0.133636  0.129944  0.148321  0.161417   0.15315  0.148208
 0.136741  0.123078  0.141135   0.14635  0.126368  0.149795  0.147285    0.1444  0.130454  0.126624  0.139489   0.13398  0.134069  0.148386  0.154307  0.152241  0.131918  0.149973   0.12372  0.128278   0.13807  0.133942  0.124257  0.139332  0.113735  0.112612  0.104394 0.0858078 0.0705217         0 0.0828126 0.0997041  0.101812 0.0985886 0.0986361  0.109569  0.119986  0.111093  0.115498  0.146977  0.137989  0.148321  0.135188
 0.142782  0.129083  0.147202  0.145667  0.132571  0.158218  0.156419  0.148217   0.13609  0.128665  0.141486  0.146008  0.136635  0.155454  0.149828  0.151525  0.137288  0.148472   0.12659  0.130381  0.147166  0.146869  0.130596  0.127371  0.125887  0.123918  0.111286  0.109815 0.0970515 0.0828126         0 0.0852445 0.0974258  0.105702  0.113338  0.122062  0.134983  0.119447  0.128017  0.148095   0.14748  0.136948  0.144524
 0.142782   0.13093  0.144058  0.160474  0.140288  0.177989  0.161202  0.151871  0.144169  0.134818  0.144252   0.14099  0.139739  0.142687  0.150185  0.143142  0.149773  0.151927   0.12986  0.136301  0.134979  0.150752  0.130495   0.14073   0.12685  0.123346  0.115035  0.107086  0.114607 0.0997041 0.0852445         0 0.0879384  0.108221  0.130534  0.131885   0.13757  0.125855  0.128017   0.15909  0.163614  0.152799  0.148095
 0.137923  0.132652  0.148033  0.154243  0.154177  0.177913  0.170931   0.16273  0.148211  0.134968  0.164409  0.152174  0.131435  0.161512  0.166661  0.149851  0.142216  0.149955  0.135262    0.1356  0.145263  0.135695  0.126227  0.142118  0.138677  0.124589  0.118083  0.111315  0.112374  0.101812 0.0974258 0.0879384         0 0.0866272  0.110311  0.120817  0.129167  0.121375  0.128665  0.144268  0.154083  0.154348  0.153839
 0.130565  0.132743  0.146182  0.161262  0.146926  0.170639  0.161244  0.149197  0.140279   0.13381  0.162518  0.147158  0.131214  0.145565  0.162865  0.139663  0.135517  0.141799  0.137301  0.135058  0.142738  0.135037  0.122706  0.136083  0.121428  0.115928  0.117796  0.109298  0.111315 0.0985886  0.105702  0.108221 0.0866272         0 0.0978511  0.111371  0.124749  0.110165  0.106439  0.129533  0.136426  0.134964  0.136636
 0.138175  0.140767  0.152942  0.166011  0.155499  0.177341  0.177243  0.170938  0.158608  0.150503   0.17245  0.163307  0.145491  0.172939  0.173419  0.170691  0.148335  0.168401  0.154764  0.153993  0.153099  0.161363  0.156868  0.159867  0.139585  0.137073  0.126691  0.118888  0.131458 0.0986361  0.113338  0.130534  0.110311 0.0978511         0  0.106076  0.116719   0.12721  0.121142  0.135113  0.151675  0.151935  0.147083
  0.12783  0.134634  0.143821   0.15288  0.138391  0.161018  0.164721  0.158114  0.150891    0.1447  0.156409  0.151789  0.145359  0.170439  0.163134    0.1532  0.146637  0.181112  0.155607  0.163508  0.158231  0.156827  0.147533  0.163283   0.14744   0.14073  0.124739    0.1251  0.132084  0.109569  0.122062  0.131885  0.120817  0.111371  0.106076         0 0.0982116  0.124597  0.127094  0.150687  0.143431  0.144299  0.148044
  0.15346  0.134931  0.149645  0.164013  0.134993  0.167895  0.164333  0.157869  0.154568   0.15515  0.166709  0.165705  0.160058  0.174257  0.159335  0.168168  0.159227  0.189091  0.156234  0.172112  0.167714  0.163849  0.163464  0.172181  0.161107  0.157344  0.149592  0.139153   0.14351  0.119986  0.134983   0.13757  0.129167  0.124749  0.116719 0.0982116         0  0.127277  0.133092  0.161757  0.151054  0.163497  0.149439
 0.133556  0.135536  0.152478  0.163517  0.155096  0.173151  0.162713  0.156037  0.147034  0.143513  0.161666  0.160763  0.153526  0.186856  0.168179  0.158963  0.133686  0.171772  0.145604  0.158607  0.162885  0.171693  0.160785  0.162651  0.156737  0.145822  0.133965  0.127289  0.133636  0.111093  0.119447  0.125855  0.121375  0.110165   0.12721  0.124597  0.127277         0  0.105126  0.132592  0.148199  0.141596   0.13813
 0.127553  0.128481  0.148432  0.163247  0.145593  0.157854  0.165046  0.150005  0.151311  0.143696  0.164951  0.156575  0.151757  0.160673  0.153526  0.152049  0.137161   0.16819  0.145038  0.153644  0.164883  0.160514  0.157758  0.161541  0.145781  0.139317  0.122675  0.120438  0.129944  0.115498  0.128017  0.128017  0.128665  0.106439  0.121142  0.127094  0.133092  0.105126         0  0.113585  0.133206  0.129205  0.142185
 0.153009  0.149908  0.163813   0.17612  0.158361  0.175861  0.170617  0.164502  0.157256  0.155271   0.18084  0.174543  0.172512  0.188042  0.185097  0.177065  0.157987  0.195754  0.175407  0.190764  0.185294  0.192048  0.173642  0.178309  0.167888  0.170451  0.144268  0.146301  0.148321  0.146977  0.148095   0.15909  0.144268  0.129533  0.135113  0.150687  0.161757  0.132592  0.113585         0  0.132209  0.123772   0.15153
 0.151609  0.155537  0.188915  0.185888  0.159327  0.179528  0.183997  0.177891  0.166838  0.164433   0.18274  0.170873  0.167956  0.190408   0.18893  0.177201  0.163203  0.187283   0.17362  0.184402  0.189858   0.19096  0.175374  0.177847  0.166386  0.170588  0.163664  0.154309  0.161417  0.137989   0.14748  0.163614  0.154083  0.136426  0.151675  0.143431  0.151054  0.148199  0.133206  0.132209         0  0.142567  0.158366
 0.142007  0.129179  0.158247  0.176036  0.163316  0.189249  0.180141  0.179087  0.164248  0.149649  0.172581  0.178147  0.164165  0.181153  0.173179  0.175666  0.143918  0.189689  0.160727  0.172932  0.181838  0.183882  0.178158  0.175266  0.173545  0.159994  0.140377  0.143547   0.15315  0.148321  0.136948  0.152799  0.154348  0.134964  0.151935  0.144299  0.163497  0.141596  0.129205  0.123772  0.142567         0  0.134775
 0.120085  0.129086  0.155435   0.17179  0.158121  0.158733  0.156388  0.177614  0.163134  0.166921  0.184215  0.171263  0.168942   0.18893  0.179823   0.17363  0.165954   0.18563  0.148817  0.160105  0.170603  0.175807  0.170061   0.17803  0.161602  0.170177  0.154105  0.150542  0.148208  0.135188  0.144524  0.148095  0.153839  0.136636  0.147083  0.148044  0.149439   0.13813  0.142185   0.15153  0.158366  0.134775         0


JC Tree topology:
(1,2,((((((((3,4),((5,6),(7,8))),(((9,10),11),(12,13))),(((14,15),16),(17,(18,19)))),((((20,(21,22)),(23,24)),(25,26)),((((27,28),29),30),(31,(32,33))))),(34,(35,(36,37)))),((38,39),((40,42),41))),43));

Putting MLE Branch Lengths
p: 0.279217 0.195231 0.260162  0.26539
s: 0.0978946  0.239261  0.142469  0.089219  0.306167   0.12499
Q: 
-0.858874  0.175302   0.42845  0.255122
 0.250714  -1.26332  0.228495  0.784112
 0.459831  0.171468 -0.871516  0.240216
 0.268414  0.576824  0.235483  -1.08072

((2:0.0604262,(1:0.0524508,43:0.0770651):0.0174454):0.0257555,((((((11:0.0610559,(10:0.0251993,9:0.0519780):0.0156623):0.0199410,(12:0.0515820,13:0.0507882):0.0305705):0.0166473,(((8:0.0447255,7:0.0448523):0.0294554,(5:0.0454642,6:0.0602801):0.0194547):0.0143045,(3:0.0665001,4:0.0624419):0.0220616):0.0207274):0.0204175,(((19:0.0504738,18:0.0578248):0.0251546,17:0.0550008):0.0285133,(14:0.0816545,(16:0.0661896,15:0.0625228):0.0223177):0.0217813):0.0170056):0.0066349,(((31:0.0456627,32:0.0443974):0.0113231,33:0.0490152):0.0147127,(((28:0.0172130,27:0.0390309):0.0290246,(29:0.0365924,30:0.0380670):0.0140204):0.0233008,((((22:0.0472813,21:0.0284188):0.0239083,20:0.0503750):0.0353912,(24:0.0631715,23:0.0538250):0.0231698):0.0181313,(25:0.0491863,26:0.0438634):0.0309258):0.0156733):0.0054287):0.0137947):0.0156396,((35:0.0554153,(37:0.0590975,36:0.0433168):0.0164332):0.0070234,34:0.0593049):0.0160236):0.0105438,((41:0.0807833,(40:0.0635882,42:0.0654287):0.0096187):0.0154220,(39:0.0545547,38:0.0581387):0.0109620):0.0093960);
Seed = 4241023862
Seeds per chain: 
     1850776104
     3660719184
     3634392731
     3385326010
stationary acceptance: 0.210229
symmetric acceptance: 0.137268
branch length acceptance: 0.448437
avgP: 0.274222 0.211866 0.271354 0.242558
sP:  7.4552e-05 5.61177e-05 6.61477e-05 5.63633e-05
avgS: 0.0865552   0.24527  0.143143 0.0789324  0.327619   0.11848
sS: 2.75859e-05 7.94731e-05 3.76003e-05 2.93729e-05 9.76522e-05 3.20458e-05
0.274222 0.211866 0.271354 0.242558
0.0865552   0.24527  0.143143 0.0789324  0.327619   0.11848

-0.866029   0.15782  0.447211  0.260999
 0.204269  -1.16373  0.186279  0.773177
 0.451937  0.145442 -0.815691  0.218312
  0.29507  0.675342   0.24423  -1.21464

stationary acceptance: 0.201779
symmetric acceptance: 0.133239
branch length acceptance: 0.45989
avgP: 0.274287 0.211893 0.271359 0.242461
sP: 7.47937e-05 5.72946e-05 6.68817e-05  5.6831e-05
avgS:  0.086507  0.245318  0.143156 0.0788919  0.327701  0.118426
sS: 2.72067e-05 7.86785e-05 3.71605e-05 2.95957e-05 9.66286e-05 3.20704e-05
0.274287 0.211893 0.271359 0.242461
 0.086507  0.245318  0.143156 0.0788919  0.327701  0.118426

-0.865846  0.157694  0.447192   0.26096
 0.204129  -1.16356   0.18616  0.773272
 0.452018  0.145365 -0.815591  0.218208
 0.295214  0.675781  0.244215  -1.21521

stationary acceptance: 0.201338
symmetric acceptance: 0.137374
branch length acceptance: 0.441408
avgP:  0.27426 0.211767 0.271506 0.242467
sP: 7.54631e-05 5.78467e-05 6.61208e-05 5.77281e-05
avgS: 0.0866276  0.245358  0.143194  0.078879  0.327497  0.118444
sS: 2.75728e-05 7.92813e-05 3.76381e-05 2.90525e-05  9.7085e-05 3.23342e-05
 0.27426 0.211767 0.271506 0.242467
0.0866276  0.245358  0.143194  0.078879  0.327497  0.118444

-0.866293   0.15793  0.447308  0.261055
 0.204536  -1.16403   0.18624   0.77325
 0.451846  0.145262 -0.815233  0.218125
 0.295286  0.675343  0.244248  -1.21488

stationary acceptance: 0.208771
symmetric acceptance: 0.129093
branch length acceptance: 0.445607
avgP: 0.274375 0.211744 0.271481   0.2424
sP: 7.66398e-05 5.73802e-05 6.64929e-05 5.76272e-05
avgS:  0.086604  0.245349  0.143205 0.0788823  0.327519   0.11844
sS: 2.72782e-05 7.97188e-05 3.69809e-05  2.9048e-05 9.82058e-05 3.27688e-05
0.274375 0.211744 0.271481   0.2424
 0.086604  0.245349  0.143205 0.0788823  0.327519   0.11844

-0.865893  0.157821  0.447107  0.260966
 0.204501  -1.16415  0.186268  0.773384
 0.451871  0.145281 -0.815289  0.218137
  0.29539  0.675576  0.244308  -1.21527

stationary acceptance: 0.225319
symmetric acceptance: 0.145473
branch length acceptance: 0.47403
avgP: 0.275746 0.210943 0.270727 0.242584
sP: 7.45908e-05 5.65342e-05 7.83623e-05 6.26104e-05
avgS: 0.0864645  0.245283  0.144333 0.0781208  0.327026  0.118773
sS: 2.60355e-05 7.94677e-05 4.19141e-05 2.77834e-05 8.76414e-05 3.40242e-05
0.275746 0.210943 0.270727 0.242584
0.0864645  0.245283  0.144333 0.0781208  0.327026  0.118773

-0.863259  0.156783  0.444763  0.261714
 0.204948  -1.16527  0.185171  0.775153
 0.453008   0.14428 -0.816646  0.219359
 0.297491  0.674046  0.244808  -1.21634

stationary acceptance: 0.224602
symmetric acceptance: 0.131451
branch length acceptance: 0.471467
avgP: 0.275776 0.210844 0.270884 0.242496
sP: 7.49508e-05 5.69168e-05 7.85654e-05 6.12976e-05
avgS: 0.0864271  0.245272  0.144396 0.0780428  0.327078  0.118784
sS: 2.63898e-05 7.95989e-05 4.08173e-05 2.80365e-05 8.60954e-05 3.36652e-05
0.275776 0.210844 0.270884 0.242496
0.0864271  0.245272  0.144396 0.0780428  0.327078  0.118784

-0.863193  0.156698  0.444694    0.2618
 0.204955  -1.16567  0.185072  0.775641
 0.452724  0.144052 -0.816028  0.219252
 0.297729  0.674399  0.244919  -1.21705

stationary acceptance: 0.189674
symmetric acceptance: 0.136264
branch length acceptance: 0.445403
avgP: 0.275795 0.210957 0.270713 0.242535
sP: 7.24572e-05 5.59829e-05 7.84127e-05  6.4303e-05
avgS: 0.0864243  0.245324  0.144422 0.0780683  0.327038  0.118722
sS: 2.62011e-05  7.9057e-05 4.22336e-05 2.77377e-05 8.73715e-05 3.34303e-05
0.275795 0.210957 0.270713 0.242535
0.0864243  0.245324  0.144422 0.0780683  0.327038  0.118722

-0.863271  0.156682  0.444759   0.26183
 0.204839    -1.165  0.185034  0.775132
 0.453107   0.14419 -0.816574  0.219277
 0.297735  0.674208  0.244752  -1.21669

stationary acceptance: 0.222192
symmetric acceptance: 0.12923
branch length acceptance: 0.465727
avgP: 0.275748 0.210776 0.270888 0.242588
sP:  7.2681e-05 5.45802e-05 7.76025e-05 6.37253e-05
avgS: 0.0863853  0.245202  0.144388 0.0780109  0.327229  0.118785
sS: 2.60447e-05 7.96017e-05 4.19035e-05 2.71074e-05 8.57063e-05 3.35173e-05
0.275748 0.210776 0.270888 0.242588
0.0863853  0.245202  0.144388 0.0780109  0.327229  0.118785

-0.863063  0.156638  0.444613  0.261812
 0.204922  -1.16622  0.185056  0.776246
  0.45259  0.143991 -0.815833  0.219251
 0.297599  0.674452  0.244828  -1.21688

GTR Distance Matrix:

        0  0.104789  0.141119  0.154863  0.144556  0.160487  0.159796   0.15309  0.144976  0.147645   0.16826  0.158771   0.14724  0.169563  0.173205  0.167995  0.152703  0.176935  0.144054  0.164945  0.169217  0.178539   0.16872  0.178697  0.165369  0.145606  0.136711  0.137791  0.143168  0.137464  0.142882  0.143333  0.138611  0.131175  0.139084  0.128864  0.154562  0.134488  0.127937  0.154912  0.153084  0.142413  0.120326
 0.104789         0   0.10783  0.143952  0.125219  0.150301  0.144402  0.147726  0.144754  0.138924  0.166456  0.150217  0.145064  0.172105  0.159419  0.160963  0.144515  0.167942  0.139979  0.149147  0.175508   0.16168  0.161823  0.171526  0.161215  0.160199  0.134877  0.139776  0.143385  0.123632  0.129594  0.131608  0.133279  0.133301  0.141411  0.135395  0.135379  0.136541  0.128834  0.151283  0.156426   0.12981  0.129543
 0.141119   0.10783         0  0.125394  0.124543  0.148413  0.146983  0.142396   0.14631  0.136538  0.163819   0.14936  0.156029  0.168974  0.174588  0.175693  0.161762  0.192741  0.160921  0.169041  0.173735  0.175219  0.166909  0.171148  0.173005  0.167013  0.145655  0.148175  0.157704   0.14207  0.147848  0.145426  0.149524  0.147229  0.154785   0.14578  0.151573  0.154465  0.149955  0.166152  0.191739  0.160259  0.157341
 0.154863  0.143952  0.125394         0  0.113152  0.144542   0.15534  0.147062  0.143659  0.140388  0.146571  0.150897   0.15542  0.187175  0.178218  0.189583   0.18472  0.206516  0.182763  0.190702  0.183512   0.17105  0.183463  0.184822   0.16664  0.169136  0.152442  0.148095  0.154918  0.148015  0.146654  0.162184  0.155318  0.162502  0.168078  0.154909  0.166203  0.165362  0.165431  0.179117  0.188963  0.178375  0.173763
 0.144556  0.125219  0.124543  0.113152         0  0.103653   0.11541  0.130977  0.121304  0.132011  0.152955  0.145375  0.155577  0.171395  0.168203  0.172961  0.162437  0.199449  0.163679   0.18284  0.182798  0.168802  0.163106  0.171493  0.157896  0.161062  0.140696  0.143561  0.152136   0.12709  0.133077  0.141004  0.154924   0.14697   0.15658  0.139512  0.135831   0.15618   0.14646  0.160177  0.160681  0.164089  0.158976
 0.160487  0.150301  0.148413  0.144542  0.103653         0  0.109711  0.122027  0.131138  0.130128  0.170088   0.16306   0.15852  0.182994  0.177773  0.200683  0.180425  0.212876  0.175034  0.192789  0.198513  0.191179  0.189467   0.18654  0.183329  0.182098  0.158348  0.163148   0.16317  0.150791  0.158674  0.179308  0.178644  0.171288  0.179123  0.162718  0.168802  0.174508  0.159368  0.177583  0.181198  0.190996  0.159821
 0.159796  0.144402  0.146983   0.15534   0.11541  0.109711         0 0.0876067  0.108867  0.127856   0.15615  0.160734  0.153638  0.172339  0.173105  0.171663  0.177244  0.200675  0.166927  0.179739  0.186049  0.189141  0.191737  0.192181  0.176368  0.177744  0.161976  0.165161  0.167775   0.14835  0.157208  0.162672  0.172688  0.162752  0.179857  0.166826  0.166136   0.16442  0.166771   0.17309   0.18607  0.181981  0.157824
  0.15309  0.147726  0.142396  0.147062  0.130977  0.122027 0.0876067         0 0.0869979  0.113655   0.14301   0.15546  0.149828  0.158475  0.157614  0.179056  0.179596  0.196867  0.162116  0.168118   0.17596  0.173251  0.180394  0.180927  0.160752  0.152712  0.149778  0.152445  0.159874  0.145906  0.149377  0.153514  0.164425  0.150597  0.173428  0.160343  0.159853  0.158166   0.15236  0.167137  0.179918  0.181075  0.179274
 0.144976  0.144754   0.14631  0.143659  0.121304  0.131138  0.108867 0.0869979         0 0.0724046  0.121221  0.136765  0.133924  0.152982  0.159265  0.160859  0.154633  0.182437  0.147566  0.171587  0.175659  0.163106  0.169598  0.171233  0.154889  0.153053   0.13153  0.133626  0.140676  0.131762  0.137136   0.14581  0.149613  0.141284  0.161031   0.15315  0.155987  0.149051  0.153158  0.159918  0.169023  0.166023  0.164904
 0.147645  0.138924  0.136538  0.140388  0.132011  0.130128  0.127856  0.113655 0.0724046         0 0.0873801  0.122702  0.116123  0.142705  0.166645  0.160668  0.144526  0.172294  0.143185  0.154451  0.154651  0.145826  0.147876  0.157178  0.148029  0.141118  0.132076  0.124425  0.136524  0.127621  0.129279  0.135883  0.136137  0.134866  0.152482  0.146299  0.156221  0.145023  0.145375  0.157554  0.166323  0.150945  0.167973
  0.16826  0.166456  0.163819  0.146571  0.152955  0.170088   0.15615   0.14301  0.121221 0.0873801         0  0.111834  0.133141  0.172337  0.167559  0.181034  0.161799  0.172513  0.161024  0.172944  0.151598  0.156182  0.173923  0.172483  0.158997  0.164284  0.141461  0.138425   0.14732  0.139958  0.141513  0.144894  0.165038  0.162439  0.173983  0.157767  0.168406  0.162729  0.166195  0.182788   0.18473  0.174208  0.184646
 0.158771  0.150217   0.14936  0.150897  0.145375   0.16306  0.160734   0.15546  0.136765  0.122702  0.111834         0 0.0993116  0.142437   0.16285  0.178082  0.164152  0.194649  0.158958  0.168021  0.166365  0.148926   0.16239  0.175723   0.17458  0.159462  0.129325  0.135521  0.150548  0.134598  0.146595  0.141859  0.153142  0.147863  0.164859  0.153151  0.167039  0.162819   0.15785  0.176846  0.172614  0.180075  0.172437
  0.14724  0.145064  0.156029   0.15542  0.155577   0.15852  0.153638  0.149828  0.133924  0.116123  0.133141 0.0993116         0   0.11657  0.159288  0.174142  0.157054  0.182543  0.152031  0.158225  0.161863  0.148465  0.161705  0.169433  0.160411  0.146709  0.135391  0.125963  0.140075  0.134855   0.13711  0.140307  0.132446  0.131942  0.147036  0.146453   0.16096  0.154926  0.152997  0.173939  0.168991  0.165468  0.169732
 0.169563  0.172105  0.168974  0.187175  0.171395  0.182994  0.172339  0.158475  0.152982  0.142705  0.172337  0.142437   0.11657         0  0.126465  0.164681  0.170904  0.194296  0.167289  0.177111  0.172051  0.176905  0.176646  0.188722  0.160053  0.166238  0.155877  0.151638   0.16515  0.149739  0.156374  0.144117  0.163481  0.146786  0.174928  0.172131  0.175531  0.189261  0.162604  0.190756  0.192823  0.182912  0.190404
 0.173205  0.159419  0.174588  0.178218  0.168203  0.177773  0.173105  0.157614  0.159265  0.166645  0.167559   0.16285  0.159288  0.126465         0  0.125261  0.149159  0.178379  0.164953  0.177234  0.174349  0.168913  0.178535  0.165061  0.159524  0.173265  0.167754  0.161078  0.166031  0.155469  0.150408  0.151049  0.167847   0.16371  0.174594  0.165062  0.160653  0.170022  0.154693  0.186652  0.191033  0.173839   0.18084
 0.167995  0.160963  0.175693  0.189583  0.172961  0.200683  0.171663  0.179056  0.160859  0.160668  0.181034  0.178082  0.174142  0.164681  0.125261         0  0.133377  0.169697  0.161009  0.172128   0.17308  0.149786  0.147362  0.171041  0.158042  0.157757  0.146036  0.152497  0.157231  0.153698  0.152585  0.144229  0.150759  0.140941   0.17244  0.154865  0.170096  0.160997  0.153994  0.179651  0.179786  0.176782  0.174267
 0.152703  0.144515  0.161762   0.18472  0.162437  0.180425  0.177244  0.179596  0.154633  0.144526  0.161799  0.164152  0.157054  0.170904  0.149159  0.133377         0  0.118501  0.124951  0.171338  0.170357   0.16571  0.157245  0.152913  0.151825  0.157568  0.128824  0.132622  0.133298  0.133332  0.138564  0.151315  0.143979  0.136567  0.150235  0.148573  0.161058  0.135199  0.138339  0.160057  0.165567  0.145556  0.167456
 0.176935  0.167942  0.192741  0.206516  0.199449  0.212876  0.200675  0.196867  0.182437  0.172294  0.172513  0.194649  0.182543  0.194296  0.178379  0.169697  0.118501         0   0.10555  0.153119   0.18525  0.181493  0.182122  0.179717  0.147832  0.171332  0.147798  0.142716  0.147763  0.151381  0.149246  0.152659  0.151301  0.142814  0.170163   0.18308  0.191301  0.173763  0.169817  0.197786  0.189729  0.191363  0.186966
 0.144054  0.139979  0.160921  0.182763  0.163679  0.175034  0.166927  0.162116  0.147566  0.143185  0.161024  0.158958  0.152031  0.167289  0.164953  0.161009  0.124951   0.10555         0  0.105428  0.139541  0.159196  0.157208   0.15956  0.141813  0.142651  0.130701  0.133996  0.145791  0.124377  0.127006  0.130217  0.136155  0.137883  0.156106  0.156444  0.157321  0.147133  0.145725  0.177492  0.175763  0.162207  0.149309
 0.164945  0.149147  0.169041  0.190702   0.18284  0.192789  0.179739  0.168118  0.171587  0.154451  0.172944  0.168021  0.158225  0.177111  0.177234  0.172128  0.171338  0.153119  0.105428         0 0.0877151  0.122188  0.143193  0.158016   0.15727  0.150242  0.138794  0.136776  0.145231  0.129327  0.131425  0.137445  0.137103  0.135892  0.155916  0.165506  0.174469  0.161523  0.155468  0.194104  0.187514  0.174936  0.161185
 0.169217  0.175508  0.173735  0.183512  0.182798  0.198513  0.186049   0.17596  0.175659  0.154651  0.151598  0.166365  0.161863  0.172051  0.174349   0.17308  0.170357   0.18525  0.139541 0.0877151         0 0.0741399  0.122597  0.151267  0.138452  0.154957  0.145998  0.145407  0.155069  0.138972  0.148296  0.136301  0.147062  0.144001  0.155389  0.160506  0.170507  0.166324  0.167541  0.189197  0.193163  0.184841  0.172448
 0.178539   0.16168  0.175219   0.17105  0.168802  0.191179  0.189141  0.173251  0.163106  0.145826  0.156182  0.148926  0.148465  0.176905  0.168913  0.149786   0.16571  0.181493  0.159196  0.122188 0.0741399         0 0.0880428  0.137625  0.135059  0.149908  0.137925  0.134439  0.141411  0.135103  0.147688  0.152003  0.137186  0.136119  0.163371  0.158878  0.166588  0.174595  0.162317  0.195358  0.193647  0.186332  0.177432
  0.16872  0.161823  0.166909  0.183463  0.163106  0.189467  0.191737  0.180394  0.169598  0.147876  0.173923   0.16239  0.161705  0.176646  0.178535  0.147362  0.157245  0.182122  0.157208  0.143193  0.122597 0.0880428         0  0.113868  0.139637  0.133736  0.122038  0.125261  0.137405  0.125177  0.131224    0.1314  0.127214  0.123302  0.158185  0.148688  0.164985  0.162569  0.158996  0.175578  0.177413  0.179558  0.170756
 0.178697  0.171526  0.171148  0.184822  0.171493   0.18654  0.192181  0.180927  0.171233  0.157178  0.172483  0.175723  0.169433  0.188722  0.165061  0.171041  0.152913  0.179717   0.15956  0.158016  0.151267  0.137625  0.113868         0  0.110751  0.143054  0.140995  0.136399  0.138526  0.140393   0.12786  0.141535  0.143293  0.136299  0.161565   0.16478  0.173826  0.164217   0.16277  0.180337  0.179585   0.17666  0.179015
 0.165369  0.161215  0.173005   0.16664  0.157896  0.183329  0.176368  0.160752  0.154889  0.148029  0.158997   0.17458  0.160411  0.160053  0.159524  0.158042  0.151825  0.147832  0.141813   0.15727  0.138452  0.135059  0.139637  0.110751         0 0.0928322  0.124138  0.124008  0.121717  0.114015  0.125794  0.126899  0.139326  0.121696   0.14078  0.148817  0.162518  0.158067  0.146603  0.169567  0.168375  0.174616  0.161899
 0.145606  0.160199  0.167013  0.169136  0.161062  0.182098  0.177744  0.152712  0.153053  0.141118  0.164284  0.159462  0.146709  0.166238  0.173265  0.157757  0.157568  0.171332  0.142651  0.150242  0.154957  0.149908  0.133736  0.143054 0.0928322         0 0.0735599  0.102875  0.122694  0.113272  0.124382  0.123833  0.125372  0.116528   0.13894  0.142543  0.159325  0.147826  0.140811  0.172352  0.172477  0.161177  0.170892
 0.136711  0.134877  0.145655  0.152442  0.140696  0.158348  0.161976  0.149778   0.13153  0.132076  0.141461  0.129325  0.135391  0.155877  0.167754  0.146036  0.128824  0.147798  0.130701  0.138794  0.145998  0.137925  0.122038  0.140995  0.124138 0.0735599         0 0.0533069 0.0870428   0.10459  0.111696  0.115434  0.118758  0.118246  0.127597  0.125527  0.150371  0.135082  0.123354  0.145564  0.164612  0.141003  0.154329
 0.137791  0.139776  0.148175  0.148095  0.143561  0.163148  0.165161  0.152445  0.133626  0.124425  0.138425  0.135521  0.125963  0.151638  0.161078  0.152497  0.132622  0.142716  0.133996  0.136776  0.145407  0.134439  0.125261  0.136399  0.124008  0.102875 0.0533069         0 0.0706379 0.0856646  0.110096  0.107656   0.11194  0.109579  0.119764  0.125773  0.139936  0.128293  0.121347  0.147946  0.155707  0.144792  0.151234
 0.143168  0.143385  0.157704  0.154918  0.152136   0.16317  0.167775  0.159874  0.140676  0.136524   0.14732  0.150548  0.140075   0.16515  0.166031  0.157231  0.133298  0.147763  0.145791  0.145231  0.155069  0.141411  0.137405  0.138526  0.121717  0.122694 0.0870428 0.0706379         0 0.0703521 0.0970845  0.115244  0.112637   0.11165   0.13251  0.133124  0.144099  0.134714  0.130737  0.149539  0.163041   0.15381  0.148657
