Pi: 0.240494 0.256021 0.187464  0.31602
S:  0.358261  0.159261  0.112617 0.0364342  0.307918 0.0255085
