Pi: 0.304252 0.284319 0.131955 0.279474
S:  0.222109  0.150928  0.154256 0.0352589    0.4113 0.0261474
