Pi: 0.243182 0.257574 0.186406 0.312838
S:  0.367478  0.159346  0.108759 0.0364492  0.303788 0.0241803
