
Alignment summary:
Didelphis_virginiana: A=551 C=503 G=245 T=513
Equus_caballus: A=556 C=494 G=241 T=521
Rhinoceros_unicornis: ?=1 A=568 C=491 G=232 T=520
Bos_tarus: A=567 C=508 G=230 T=507
Hippopotamus_amphibius: ?=3 A=565 C=501 G=237 T=506
Balaenoptera_physalus: A=578 C=486 G=234 T=514
Physeter_macrocephalus: A=553 C=510 G=231 T=518
Ursus_americanus: A=571 C=502 G=235 T=504
Canis_familiaris: A=563 C=496 G=237 T=516
Felis_catus: A=559 C=494 G=239 T=520
Homo_sapiens: A=553 C=504 G=247 T=508
Pan_troglodytes: A=556 C=512 G=246 T=498
Gorilla_gorilla: A=560 C=489 G=237 T=526
Pongo_pygmaeus: A=550 C=514 G=243 T=505
Macaca_mulatta: A=543 C=528 G=240 T=501
Callithrix_jacchus: A=547 C=504 G=244 T=517
Loris_tardigradus: A=552 C=518 G=239 T=503
Galago_crassicaudatus: ?=1 A=530 C=517 G=236 T=528
Daubentonia_madagascariensis: A=538 C=522 G=236 T=516
Varecia_variegata: A=554 C=525 G=239 T=494
Eulemur_mongoz: ?=2 A=537 C=516 G=236 T=521
Lemur_catta: A=557 C=505 G=236 T=514
Hapalemur_griseus: A=534 C=522 G=245 T=511
Propithecus_tattersalli: A=540 C=516 G=248 T=508
Lepilemur_edwardsi: A=550 C=525 G=234 T=503
Cheirogaleus_medius: A=539 C=531 G=250 T=492
Mirza_coquereli: A=529 C=539 G=241 T=503
Microcebus_murinus: -=1 A=546 C=553 G=235 T=477
Microcebus_griseorufus: A=553 C=537 G=238 T=484
Microcebus_myoxinus: A=551 C=542 G=242 T=477
Microcebus_berthae: A=560 C=520 G=234 T=498
Microcebus_rufus_1: A=550 C=523 G=241 T=498
Microcebus_tavaratra: A=538 C=540 G=246 T=488
Microcebus_rufus_2: A=555 C=520 G=228 T=509
Microcebus_sambiranensis: A=545 C=532 G=238 T=497
Microcebus_ravelobensis: ?=5 A=545 C=504 G=246 T=512

Seed = 713396379

Jukes-Cantor Distance Matrix:

       0 0.194899 0.192877 0.205711 0.235789  0.23533 0.262242 0.266955 0.281271 0.282879 0.276468 0.293414 0.303271 0.312423  0.31662  0.32679 0.327643  0.33044  0.33021 0.306586 0.308671  0.32679 0.318305 0.307417 0.302445 0.305756 0.309916 0.266344 0.268532  0.25368  0.24598 0.243685 0.220375 0.207893 0.193469 0.171485
0.194899        0  0.16622 0.194184 0.209751 0.228563 0.247513 0.251361  0.24598 0.252906 0.276468 0.283684 0.313261 0.315779 0.325085 0.317462 0.321688 0.314314 0.325937 0.311586 0.312851 0.315779 0.309916 0.295866 0.305756 0.313261 0.312423  0.29198 0.283684 0.274874 0.266955 0.244449 0.233821 0.220375 0.204261 0.180582
0.192877  0.16622        0 0.167599 0.184703 0.197174 0.228711 0.236996 0.226467 0.249213 0.253072 0.281459 0.297707 0.300999 0.310128 0.303478 0.309293 0.317899 0.321909 0.318524 0.301409 0.318524 0.315155 0.310128 0.320215 0.313475 0.300999 0.281648 0.287916 0.279854 0.260069 0.261633 0.255397 0.226467 0.222742 0.203587
0.205711 0.194184 0.167599        0 0.156825 0.194899  0.20209 0.225575 0.233821  0.23533 0.256005 0.278866 0.290156  0.29423 0.313261 0.321688 0.303271 0.321062 0.311586 0.311586 0.309505 0.315779 0.322536 0.301619 0.292598 0.298326 0.300795 0.286297 0.292598 0.281271 0.274079 0.267743 0.255229 0.240636  0.24598 0.220341
0.235789 0.209751 0.184703 0.156825        0 0.168499 0.211215 0.199584 0.223774 0.223774 0.235789 0.259631 0.280229 0.289117 0.303892 0.312227 0.289117 0.309929 0.304721 0.302235 0.313496 0.318118 0.315588 0.318118 0.306383 0.312227 0.320657 0.298314 0.285064 0.284256 0.283449 0.277823 0.261979 0.233521 0.238823 0.227494
 0.23533 0.228563 0.197174 0.194899 0.168499        0 0.189196 0.205711 0.218157 0.230812 0.226321 0.256782 0.266955 0.278866 0.296685 0.289344 0.296685 0.296066 0.309082 0.297505 0.302857 0.327643 0.331068 0.314099 0.314099 0.308249 0.304099 0.284681 0.271696 0.280468 0.275671 0.281271 0.264595 0.242921 0.236086 0.234581
0.262242 0.247513 0.228711  0.20209 0.211215 0.189196        0  0.18636 0.206438 0.218895 0.221115 0.247513 0.268532 0.277267 0.286105 0.292598 0.300795 0.293612 0.320841 0.299971 0.298731 0.315779 0.318305 0.313261 0.290969 0.296685 0.327643 0.288727 0.287723 0.296685 0.285297 0.297505 0.273284 0.279667 0.274874 0.246017
0.266955 0.251361 0.236996 0.225575 0.199584 0.205711  0.18636        0 0.170261  0.20935 0.202813 0.223342 0.248281  0.25059 0.264595 0.299971 0.273284 0.297707 0.300795 0.276468 0.297909 0.314099 0.323384 0.311586 0.299971 0.331927 0.323384 0.298529 0.296685 0.281271 0.274874 0.286913 0.267743 0.270904 0.269322 0.262326
0.281271  0.24598 0.226467 0.233821 0.223774 0.218157 0.206438 0.170261        0 0.191329 0.208621 0.231563 0.241397 0.258338 0.268532 0.280468 0.282074 0.292796 0.293414 0.290156 0.298731 0.314938 0.338831 0.322536 0.297505 0.321688 0.325937 0.327016 0.295866 0.289344 0.292598 0.270112 0.278866 0.278866 0.285297 0.269426
0.282879 0.252906 0.249213  0.23533 0.223774 0.230812 0.218895  0.20935 0.191329        0 0.184946 0.218895 0.229312 0.242159 0.256782 0.271696 0.277267 0.290352 0.306586 0.296685 0.281648 0.318305 0.320841 0.299148 0.304927 0.325937 0.323384 0.312637 0.295048 0.309082 0.311586 0.286913 0.296685 0.286105 0.277267 0.273399
0.276468 0.276468 0.253072 0.256005 0.235789 0.226321 0.221115 0.202813 0.208621 0.184946        0 0.205711 0.210811 0.221115 0.243685 0.259898 0.258338  0.25773 0.275671 0.276468 0.284872 0.297505 0.301619 0.298326 0.300795 0.308249 0.307417 0.298529 0.287723 0.286913 0.293414 0.286105 0.278866 0.276468  0.27249 0.274197
0.293414 0.283684 0.281459 0.278866 0.259631 0.256782 0.247513 0.223342 0.231563 0.218895 0.205711        0 0.184241 0.204986 0.228563 0.252133  0.26381 0.273466  0.28449 0.296685 0.292994 0.311586 0.322536 0.304099  0.29423 0.314099 0.309916 0.305965 0.290969 0.279667 0.298326 0.295866 0.288533 0.290156  0.27249  0.28141
0.303271 0.313261 0.297707 0.290156 0.280229 0.266955 0.268532 0.248281 0.241397 0.229312 0.210811 0.184241        0 0.177218 0.204986 0.218895 0.232315 0.267132 0.287723 0.274874 0.281648 0.301619 0.309082 0.303271 0.303271 0.314938 0.314938 0.296886 0.304927 0.297505 0.304099 0.315779 0.302445 0.303271 0.300795 0.303477
0.312423 0.315779 0.300999  0.29423 0.289117 0.278866 0.277267  0.25059 0.258338 0.242159 0.221115 0.204986 0.177218        0 0.177917 0.213741 0.223342  0.26085 0.266167 0.266167 0.283258 0.297505 0.322536  0.31662 0.312423 0.327643 0.307417 0.314314 0.319995 0.303271 0.314938 0.321688 0.315779 0.308249 0.305756 0.309305
 0.31662 0.325085 0.310128 0.313261 0.303892 0.296685 0.286105 0.264595 0.268532 0.256782 0.243685 0.228563 0.204986 0.177917        0 0.194899 0.225575 0.252299  0.25368  0.25756 0.271265  0.28449 0.303271 0.300795 0.296685 0.320841  0.31662 0.315996 0.319995 0.313261 0.306586  0.31662  0.32679 0.318305 0.323384 0.320251
 0.32679 0.317462 0.303478 0.321688 0.312227 0.289344 0.292598 0.299971 0.280468 0.271696 0.259898 0.252133 0.218895 0.213741 0.194899        0 0.192755 0.233219 0.244449 0.265381 0.271265 0.297505 0.313261 0.295866 0.314938 0.338831 0.314938 0.315996 0.321688 0.317462 0.314099 0.311586 0.310751 0.337965  0.33021 0.324504
0.327643 0.321688 0.309293 0.303271 0.289117 0.296685 0.300795 0.273284 0.282074 0.277267 0.258338  0.26381 0.232315 0.223342 0.225575 0.192755        0 0.185062 0.207165  0.21521 0.240188 0.266167 0.282879 0.295048 0.296685 0.319995 0.314938 0.305965 0.317462  0.31915 0.321688 0.311586 0.297505 0.305756 0.309916 0.315179
 0.33044 0.314314 0.317899 0.321062 0.309929 0.296066 0.293612 0.297707 0.292796 0.290352  0.25773 0.273466 0.267132  0.26085 0.252299 0.233219 0.185062        0 0.175233  0.20439 0.221542 0.237754 0.254622 0.281459 0.301825 0.295247 0.321909 0.311176   0.3118 0.322758 0.321062 0.324458   0.3118 0.306796 0.320215 0.307846
 0.33021 0.325937 0.321909 0.311586 0.304721 0.309082 0.320841 0.300795 0.293414 0.306586 0.275671  0.28449 0.287723 0.266167  0.25368 0.244449 0.207165 0.175233        0 0.172341 0.212546 0.236086  0.25368 0.275671 0.293414 0.309082 0.290969 0.302651 0.302445 0.299971 0.309916 0.319995 0.307417 0.301619 0.314938 0.318557
0.306586 0.311586 0.318524 0.311586 0.302235 0.297505 0.299971 0.276468 0.290156 0.296685 0.276468 0.296685 0.274874 0.266167  0.25756 0.265381  0.21521  0.20439 0.172341        0 0.182355 0.218157 0.243685 0.256782 0.262242 0.287723 0.286913 0.290352 0.297505 0.300795 0.303271 0.314938 0.314938 0.311586 0.307417 0.299341
0.308671 0.312851 0.301409 0.309505 0.313496 0.302857 0.298731 0.297909 0.298731 0.281648 0.284872 0.292994 0.281648 0.283258 0.271265 0.271265 0.240188 0.221542 0.212546 0.182355        0 0.190857 0.212546 0.237909  0.26968 0.268098  0.31034 0.291559 0.297909 0.292178 0.302857 0.324683 0.311176  0.31453 0.316213 0.298923
 0.32679 0.315779 0.318524 0.315779 0.318118 0.327643 0.315779 0.314099 0.314938 0.318305 0.297505 0.311586 0.301619 0.297505  0.28449 0.297505 0.266167 0.237754 0.236086 0.218157 0.190857        0 0.187068 0.230812 0.247513 0.258338 0.303271 0.287106 0.299148 0.299148 0.306586 0.324234 0.322536 0.319995 0.325085 0.320251
0.318305 0.309916 0.315155 0.322536 0.315588 0.331068 0.318305 0.323384 0.338831 0.320841 0.301619 0.322536 0.309082 0.322536 0.303271 0.313261 0.282879 0.254622  0.25368 0.243685 0.212546 0.187068        0 0.202813 0.225575 0.243685 0.295866 0.292796  0.29423 0.304927 0.286913 0.313261 0.309916 0.303271 0.291783 0.298516
0.307417 0.295866 0.310128 0.301619 0.318118 0.314099 0.313261 0.311586 0.322536 0.299148 0.298326 0.304099 0.303271  0.31662 0.300795 0.295866 0.295048 0.281459 0.275671 0.256782 0.237909 0.230812 0.202813        0 0.200646 0.232315 0.254454 0.260069 0.281271 0.291783 0.297505 0.304927 0.292598 0.305756 0.295048 0.295228
0.302445 0.305756 0.320215 0.292598 0.306383 0.314099 0.290969 0.299971 0.297505 0.304927 0.300795  0.29423 0.303271 0.312423 0.296685 0.314938 0.296685 0.301825 0.293414 0.262242  0.26968 0.247513 0.225575 0.200646        0 0.208621 0.246746  0.24614  0.26146 0.270904 0.278866 0.292598 0.289344 0.290969 0.286913 0.273399
0.305756 0.313261 0.313475 0.298326 0.312227 0.308249 0.296685 0.331927 0.321688 0.325937 0.308249 0.314099 0.314938 0.327643 0.320841 0.338831 0.319995 0.295247 0.309082 0.287723 0.268098 0.258338 0.243685 0.232315 0.208621        0 0.240636 0.240793 0.252133 0.280468 0.300795 0.300795 0.307417 0.308249 0.309916 0.302648
0.309916 0.312423 0.300999 0.300795 0.320657 0.304099 0.327643 0.323384 0.325937 0.323384 0.307417 0.309916 0.314938 0.307417  0.31662 0.314938 0.314938 0.321909 0.290969 0.286913  0.31034 0.303271 0.295866 0.254454 0.246746 0.240636        0 0.230211 0.242159  0.28449  0.27249 0.299148  0.28449 0.301619 0.287723 0.298516
0.266344  0.29198 0.281648 0.286297 0.298314 0.284681 0.288727 0.298529 0.327016 0.312637 0.298529 0.305965 0.296886 0.314314 0.315996 0.315996 0.305965 0.311176 0.302651 0.290352 0.291559 0.287106 0.292796 0.260069  0.24614 0.240793 0.230211        0 0.199331 0.234727 0.252299  0.26792 0.256951 0.274261 0.260069 0.250805
0.268532 0.283684 0.287916 0.292598 0.285064 0.271696 0.287723 0.296685 0.295866 0.295048 0.287723 0.290969 0.304927 0.319995 0.319995 0.321688 0.317462   0.3118 0.302445 0.297505 0.297909 0.299148  0.29423 0.281271  0.26146 0.252133 0.242159 0.199331        0 0.192755 0.213741 0.239876 0.255229 0.267743 0.255229 0.246017
 0.25368 0.274874 0.279854 0.281271 0.284256 0.280468 0.296685 0.281271 0.289344 0.309082 0.286913 0.279667 0.297505 0.303271 0.313261 0.317462  0.31915 0.322758 0.299971 0.300795 0.292178 0.299148 0.304927 0.291783 0.270904 0.280468  0.28449 0.234727 0.192755        0 0.189906 0.223342 0.243685  0.23533 0.234575 0.223317
 0.24598 0.266955 0.260069 0.274079 0.283449 0.275671 0.285297 0.274874 0.292598 0.311586 0.293414 0.298326 0.304099 0.314938 0.306586 0.314099 0.321688 0.321062 0.309916 0.303271 0.302857 0.306586 0.286913 0.297505 0.278866 0.300795  0.27249 0.252299 0.213741 0.189906        0 0.177917 0.219635 0.232315 0.224086 0.237613
0.243685 0.244449 0.261633 0.267743 0.277823 0.281271 0.297505 0.286913 0.270112 0.286913 0.286105 0.295866 0.315779 0.321688  0.31662 0.311586 0.311586 0.324458 0.319995 0.314938 0.324683 0.324234 0.313261 0.304927 0.292598 0.300795 0.299148  0.26792 0.239876 0.223342 0.177917        0 0.180721 0.210811 0.206438 0.212954
0.220375 0.233821 0.255397 0.255229 0.261979 0.264595 0.273284 0.267743 0.278866 0.296685 0.278866 0.288533 0.302445 0.315779  0.32679 0.310751 0.297505   0.3118 0.307417 0.314938 0.311176 0.322536 0.309916 0.292598 0.289344 0.307417  0.28449 0.256951 0.255229 0.243685 0.219635 0.180721        0 0.187068 0.194899 0.190505
0.207893 0.220375 0.226467 0.240636 0.233521 0.242921 0.279667 0.270904 0.278866 0.286105 0.276468 0.290156 0.303271 0.308249 0.318305 0.337965 0.305756 0.306796 0.301619 0.311586  0.31453 0.319995 0.303271 0.305756 0.290969 0.308249 0.301619 0.274261 0.267743  0.23533 0.232315 0.210811 0.187068        0 0.156537 0.172877
0.193469 0.204261 0.222742  0.24598 0.238823 0.236086 0.274874 0.269322 0.285297 0.277267  0.27249  0.27249 0.300795 0.305756 0.323384  0.33021 0.309916 0.320215 0.314938 0.307417 0.316213 0.325085 0.291783 0.295048 0.286913 0.309916 0.287723 0.260069 0.255229 0.234575 0.224086 0.206438 0.194899 0.156537        0 0.152258
0.171485 0.180582 0.203587 0.220341 0.227494 0.234581 0.246017 0.262326 0.269426 0.273399 0.274197  0.28141 0.303477 0.309305 0.320251 0.324504 0.315179 0.307846 0.318557 0.299341 0.298923 0.320251 0.298516 0.295228 0.273399 0.302648 0.298516 0.250805 0.246017 0.223317 0.237613 0.212954 0.190505 0.172877 0.152258        0


JC Tree topology:
(1,((((2,3),(4,5)),(6,(7,((8,9),(10,(11,(12,(((13,(14,15)),(16,17)),(((18,19),20),(21,(22,23))))))))))),(((((24,25),26),27),(28,29)),(30,(31,32)))),(33,((34,35),36)));

Putting MLE Branch Lengths
p: 0.304252 0.284319 0.131955 0.279474
s:  0.222109  0.150928  0.154256 0.0352589    0.4113 0.0261474
Q: 
-0.866542  0.365009  0.248032  0.253501
 0.390599  -1.17591 0.0620059  0.723306
 0.571892  0.133602  -0.80457 0.0990768
 0.275977  0.735846 0.0467798   -1.0586

((20:0.0871274,(19:0.0816998,18:0.0982498):0.0299730):0.0154505,((((15:0.1082104,14:0.0726231):0.0248522,13:0.1015315):0.0180796,(16:0.0925170,17:0.1049912):0.0515951):0.0149438,(((10:0.0980110,(((6:0.0876492,(((5:0.0847193,4:0.0771482):0.0287732,(3:0.0723004,2:0.0984771):0.0316924):0.0141101,((((36:0.0737516,(34:0.0870677,35:0.0723298):0.0252456):0.0111468,33:0.1226991):0.0177527,1:0.1060360):0.0144693,(((29:0.0948971,28:0.1071790):0.0120357,(27:0.1177020,((24:0.1165481,25:0.0929506):0.0376306,26:0.1054679):0.0420515):0.0502356):0.0508578,(30:0.1064963,(31:0.0832665,32:0.0988356):0.0318520):0.0268458):0.0581842):0.0514891):0.0417469):0.0364914,7:0.0928569):0.0387538,(9:0.0895727,8:0.0855791):0.0232559):0.0334556):0.0287539,11:0.0862675):0.0390175,12:0.0967747):0.0407597):0.1003984,((22:0.0821429,23:0.1086249):0.0507093,21:0.0763869):0.0412295);
Seed = 746587156
Seeds per chain: 
      802625153
     3455685044
      579900826
     1289636113
stationary acceptance: 0.0140336
symmetric acceptance: 0.00947327
branch length acceptance: 0.0304499
avgP:  0.22908 0.221999 0.188328 0.360592
sP: 7.02001e-05  4.1457e-05 4.64242e-05 8.13503e-05
avgS:   0.17085  0.175064 0.0949212 0.0203676  0.524887 0.0139112
sS: 3.06433e-05 3.28531e-05 2.01743e-05 6.35102e-06 0.000126305 4.62219e-06
 0.22908 0.221999 0.188328 0.360592
  0.17085  0.175064 0.0949212 0.0203676  0.524887 0.0139112

-0.962185  0.372904  0.382102  0.207179
 0.384797  -1.61285  0.045873   1.18218
 0.464784 0.0540746 -0.555792 0.0369334
 0.131618  0.727812 0.0192894  -0.87872

stationary acceptance: 0.0660032
symmetric acceptance: 0.0475123
branch length acceptance: 0.177575
avgP: 0.228973 0.221973 0.188367 0.360686
sP: 6.65775e-05 3.99717e-05 4.54023e-05 7.76035e-05
avgS:  0.170829  0.175029 0.0949131 0.0203305  0.524971 0.0139271
sS: 2.96803e-05 3.16542e-05 1.90435e-05 5.74338e-06 0.000120422 4.62469e-06
0.228973 0.221973 0.188367 0.360686
 0.170829  0.175029 0.0949131 0.0203305  0.524971 0.0139271

-0.962496  0.373033  0.382205  0.207258
 0.384796   -1.6131  0.045795   1.18251
 0.464596 0.0539651 -0.555529 0.0369679
 0.131573  0.727739 0.0193064 -0.878619

stationary acceptance: 0.00825688
symmetric acceptance: 0.00291631
branch length acceptance: 0.0114577
avgP: 0.229013 0.221969 0.188353 0.360665
sP: 6.86149e-05  3.9603e-05 4.60227e-05  7.6042e-05
avgS:  0.170835  0.175012 0.0949289 0.0203383  0.524957 0.0139287
sS: 3.05673e-05 3.19196e-05  1.9594e-05  5.7681e-06 0.000122085 4.58923e-06
0.229013 0.221969 0.188353 0.360665
 0.170835  0.175012 0.0949289 0.0203383  0.524957 0.0139287

 -0.96234  0.372982  0.382101  0.207257
 0.384818  -1.61313 0.0458134    1.1825
 0.464584 0.0539898 -0.555549 0.0369749
 0.131603  0.727762 0.0193098 -0.878675

stationary acceptance: 0.00596147
symmetric acceptance: 0.00509054
branch length acceptance: 0.00793609
avgP: 0.229007 0.221959 0.188342 0.360692
sP: 6.82172e-05 3.93649e-05 4.63543e-05 7.78613e-05
avgS:  0.170856  0.175005  0.094922 0.0203435  0.524947  0.013927
sS:  3.0995e-05 3.19855e-05 1.88403e-05 5.71853e-06 0.000120712 4.59265e-06
0.229007 0.221959 0.188342 0.360692
 0.170856  0.175005  0.094922 0.0203435  0.524947  0.013927

-0.962378  0.373037  0.382094  0.207247
 0.384882  -1.61324  0.045827   1.18253
 0.464593 0.0540068 -0.555572 0.0369727
 0.131583  0.727695  0.019306 -0.878584

stationary acceptance: 0.0402159
symmetric acceptance: 0.029067
branch length acceptance: 0.099273
avgP: 0.232876 0.225444 0.181399 0.360281
sP:  4.5564e-05 3.52897e-05 5.82304e-05 9.16397e-05
avgS:  0.173553  0.169852 0.0962803  0.020473  0.526463 0.0133785
sS: 2.65213e-05 5.63929e-05 1.87918e-05 4.29827e-06 0.000131828 5.17696e-06
0.232876 0.225444 0.181399 0.360281
 0.173553  0.169852 0.0962803  0.020473  0.526463 0.0133785

-0.944034   0.37263  0.364684   0.20672
 0.384914  -1.59793  0.045406   1.16761
 0.468171 0.0564308 -0.561477 0.0368757
 0.133618  0.730629 0.0185667 -0.882814

stationary acceptance: 5.96404e-08
symmetric acceptance: 0.000333212
branch length acceptance: 0.00104852
avgP: 0.232875 0.225455 0.181384 0.360286
sP: 4.55941e-05 3.57009e-05 5.79099e-05 9.23931e-05
avgS:  0.173553  0.169846 0.0962803 0.0204826  0.526462 0.0133755
sS: 2.64111e-05  5.6363e-05 1.87631e-05 4.27724e-06 0.000131811 5.16711e-06
0.232875 0.225455 0.181384 0.360286
 0.173553  0.169846 0.0962803 0.0204826  0.526462 0.0133755

-0.944027  0.372633  0.364673  0.206721
 0.384895  -1.59787  0.045425   1.16755
 0.468196  0.056462 -0.561528 0.0368708
 0.133616  0.730616 0.0185624 -0.882795

stationary acceptance: 0.0129634
symmetric acceptance: 0.00519744
branch length acceptance: 0.0380653
avgP: 0.232874  0.22545 0.181447 0.360229
sP: 4.55841e-05  3.5189e-05  5.8026e-05 9.18665e-05
avgS:  0.173553  0.169849 0.0962689 0.0204749  0.526476 0.0133774
sS: 2.64376e-05 5.63127e-05 1.86464e-05 4.24989e-06 0.000131664 5.16565e-06
0.232874  0.22545 0.181447 0.360229
 0.173553  0.169849 0.0962689 0.0204749  0.526476 0.0133774

-0.944011  0.372634   0.36468  0.206697
 0.384904  -1.59792 0.0454089   1.16761
 0.468041 0.0564213 -0.561325 0.0368633
 0.133622  0.730752  0.018568 -0.882942

stationary acceptance: 0.0800936
symmetric acceptance: 0.0380314
branch length acceptance: 0.175562
avgP: 0.232908 0.225436   0.1814 0.360256
sP: 4.42449e-05 3.43559e-05 5.69021e-05 9.01133e-05
avgS:  0.173555  0.169851 0.0963013  0.020477  0.526437 0.0133783
sS: 2.56115e-05 5.49313e-05 1.82714e-05 4.14516e-06 0.000127974 4.99106e-06
0.232908 0.225436   0.1814 0.360256
 0.173555  0.169851 0.0963013  0.020477  0.526437 0.0133783

-0.943949  0.372582  0.364631  0.206736
 0.384932  -1.59795 0.0454165    1.1676
 0.468168 0.0564417 -0.561485 0.0368752
 0.133657  0.730644 0.0185678 -0.882868

stationary acceptance: 0.0294868
symmetric acceptance: 0.0211123
branch length acceptance: 0.101339
avgP: 0.233835 0.222398 0.187805 0.355963
sP: 4.04127e-05 1.74974e-05 5.54974e-05  6.4606e-05
avgS:  0.172459  0.174754 0.0957662 0.0198744  0.523036 0.0141102
sS: 9.27436e-06 2.08392e-05 1.37364e-05 2.95607e-06 3.93476e-05 3.38767e-06
0.233835 0.222398 0.187805 0.355963
 0.172459  0.174754 0.0957662 0.0198744  0.523036 0.0141102

-0.947205  0.368762   0.37367  0.204773
 0.387726  -1.60831 0.0446822    1.1759
 0.465255 0.0529125 -0.555734 0.0375662
 0.134517  0.734678 0.0198198 -0.889015

stationary acceptance: 0.0497815
symmetric acceptance: 0.0255464
branch length acceptance: 0.122122
avgP: 0.233876 0.222407 0.187807  0.35591
sP: 4.04963e-05 1.73811e-05 5.55198e-05 6.41195e-05
avgS:  0.172451  0.174741 0.0957477 0.0198819  0.523077 0.0141015
sS: 9.30475e-06 2.07502e-05  1.3611e-05 2.92483e-06 3.93843e-05 3.38036e-06
0.233876 0.222407 0.187807  0.35591
 0.172451  0.174741 0.0957477 0.0198819  0.523077 0.0141015

-0.946954   0.36868  0.373577  0.204698
 0.387692  -1.60834 0.0446973   1.17595
 0.465214 0.0529318 -0.555689 0.0375425
 0.134511  0.734844 0.0198105 -0.889166

stationary acceptance: 0.0209543
symmetric acceptance: 0.00886373
branch length acceptance: 0.0555178
avgP: 0.233848 0.222417 0.187839 0.355896
sP: 4.01143e-05 1.72023e-05 5.51459e-05 6.32193e-05
avgS:  0.172446  0.174767 0.0957342 0.0198779  0.523076 0.0140995
sS: 9.13255e-06 2.06827e-05  1.3541e-05  2.9069e-06  3.9401e-05 3.36521e-06
0.233848 0.222417 0.187839 0.355896
 0.172446  0.174767 0.0957342 0.0198779  0.523076 0.0140995

-0.947081  0.368713  0.373675  0.204693
 0.387665  -1.60824 0.0446862   1.17589
 0.465203 0.0529121 -0.555646 0.0375307
 0.134498  0.734872 0.0198084 -0.889178

stationary acceptance: 0.0310941
symmetric acceptance: 0.0140954
branch length acceptance: 0.0753975
avgP: 0.233827 0.222419  0.18784 0.355914
sP: 4.01855e-05 1.72031e-05 5.47332e-05 6.37268e-05
avgS:  0.172442  0.174762 0.0957507 0.0198773  0.523069 0.0140993
sS: 9.14646e-06 2.06287e-05 1.33503e-05 2.89522e-06 3.86849e-05 3.38129e-06
0.233827 0.222419  0.18784 0.355914
 0.172442  0.174762 0.0957507 0.0198773  0.523069 0.0140993

-0.947184  0.368738    0.3737  0.204747
  0.38765   -1.6082 0.0446844   1.17586
  0.46519 0.0529103  -0.55563 0.0375301
 0.134514  0.734825 0.0198072 -0.889146

stationary acceptance: 0.00201977
symmetric acceptance: 0.00235883
branch length acceptance: 0.0156306
avgP: 0.233395 0.223054 0.185605 0.357946
sP: 2.84424e-05 2.62679e-05 3.64879e-05 3.66055e-05
avgS:   0.17364  0.173145 0.0955888 0.0208233  0.523105  0.013697
sS: 1.57578e-05 2.12317e-05 1.10486e-05 2.67174e-06 4.10941e-05 2.83677e-06
0.233395 0.223054 0.185605 0.357946
  0.17364  0.173145 0.0955888 0.0208233  0.523105  0.013697

-0.947695  0.371988  0.370928  0.204779
 0.389234  -1.60851 0.0466776    1.1726
 0.466435 0.0560956 -0.559429 0.0368982
 0.133524  0.730704 0.0191327 -0.883361

stationary acceptance: 0.0840517
symmetric acceptance: 0.0422436
branch length acceptance: 0.205421
avgP: 0.233389 0.223055 0.185611 0.357945
sP: 2.84352e-05 2.64309e-05 3.63226e-05 3.63324e-05
avgS:   0.17363  0.173164 0.0955935 0.0208147  0.523104 0.0136939
sS: 1.56796e-05 2.14261e-05 1.11109e-05 2.67348e-06 4.15907e-05 2.84103e-06
0.233389 0.223055 0.185611 0.357945
  0.17363  0.173164 0.0955935 0.0208147  0.523104 0.0136939

-0.947745  0.371974  0.370977  0.204794
 0.389209  -1.60846 0.0466583   1.17259
 0.466471 0.0560708 -0.559431 0.0368888
 0.133531  0.730704 0.0191285 -0.883364

stationary acceptance: 0.0377501
symmetric acceptance: 0.0205242
branch length acceptance: 0.111712
avgP: 0.233388 0.223042 0.185591 0.357979
sP: 2.81301e-05 2.59084e-05 3.62686e-05 3.62811e-05
avgS:  0.173646  0.173153 0.0955758 0.0208379  0.523093 0.0136944
sS: 1.55309e-05 2.08139e-05  1.1038e-05 2.59631e-06 4.03282e-05 2.81189e-06
0.233388 0.223042 0.185591 0.357979
 0.173646  0.173153 0.0955758 0.0208379  0.523093 0.0136944

-0.947724  0.372011  0.370956  0.204757
 0.389267  -1.60861 0.0467129   1.17263
 0.466491 0.0561391 -0.559524 0.0368938
 0.133494   0.73062 0.0191273 -0.883241

stationary acceptance: 0.00397177
symmetric acceptance: 0.00163266
branch length acceptance: 0.0114327
avgP: 0.233405 0.223012 0.185611 0.357971
sP: 2.81054e-05 2.54289e-05 3.59004e-05 3.62749e-05
avgS:  0.173639   0.17315 0.0955856 0.0208281  0.523101 0.0136968
sS: 1.55205e-05 2.11792e-05 1.09183e-05 2.64067e-06 4.04586e-05 2.81327e-06
0.233405 0.223012 0.185611 0.357971
 0.173639   0.17315 0.0955856 0.0208281  0.523101 0.0136968

-0.947653  0.371969  0.370921  0.204763
 0.389303  -1.60881 0.0466973   1.17281
 0.466431 0.0561069 -0.559435 0.0368966
  0.13351  0.730646 0.0191312 -0.883287

GTR Distance Matrix:

       0 0.188208 0.188067 0.201967 0.230971 0.235277  0.26128 0.265791 0.282436   0.2833   0.2785 0.295558 0.306494  0.31518 0.319125  0.33283 0.331857 0.338725 0.336071 0.311341 0.312597 0.332087 0.318953   0.3094 0.304041 0.307652 0.309679 0.261786 0.266151  0.25138 0.242268 0.239574 0.214573  0.20103 0.185438 0.165389
0.188208        0 0.159756 0.186996 0.202887  0.22589 0.244845 0.247726 0.244209 0.251386 0.276015 0.284717 0.313699 0.316795  0.32468 0.321964   0.3241 0.320586 0.330468  0.31532 0.314653 0.319895 0.311598 0.298497 0.307377 0.315938 0.312702 0.288658 0.285054 0.274315 0.263049 0.241741 0.228914 0.212823  0.19754 0.175489
0.188067 0.159756        0 0.161269 0.179515 0.195359 0.225984 0.234362 0.224858 0.248549 0.253853 0.283337 0.299894 0.303451 0.309833 0.307765 0.311899 0.323608 0.328535 0.321141 0.302429 0.324366 0.316213 0.313921 0.321545 0.315267 0.300227 0.276986 0.287405 0.278521 0.256425 0.259558  0.24991 0.220197 0.216104 0.198979
0.201967 0.186996 0.161269        0 0.149789 0.188286  0.19773 0.219757 0.229142 0.233058 0.252673  0.27701 0.288368 0.292658  0.30897 0.321082 0.302902 0.323186 0.315518 0.313814 0.308671 0.318705 0.323972 0.304025 0.293448 0.298861 0.302545 0.280799 0.292837 0.280924 0.268952 0.265581 0.250196 0.233507 0.238746 0.215612
0.230971 0.202887 0.179515 0.149789        0 0.163199 0.205808 0.194244 0.219221 0.219373 0.234077 0.258892 0.279788 0.288378 0.303361 0.314203 0.290491 0.313324 0.308579 0.304442 0.314569 0.322682 0.317945 0.319975 0.308175 0.314237 0.319306 0.295458 0.285742 0.284636 0.281156 0.275842  0.25632 0.227967 0.233372  0.22355
0.235277  0.22589 0.195359 0.188286 0.163199        0 0.184333 0.199827 0.215292 0.228159 0.224169  0.25674 0.268187 0.279488 0.296576 0.292784  0.29702 0.300089 0.314959 0.301077 0.305925 0.336153 0.336793   0.3204 0.319862 0.312559 0.307248 0.283464 0.274553  0.28351 0.275111 0.283404 0.262994 0.239779  0.23214 0.233375
 0.26128 0.244845 0.225984  0.19773 0.205808 0.184333        0  0.18087 0.200835  0.21381 0.216978 0.244177 0.266409 0.273359 0.283444 0.293139  0.29847 0.294242 0.323663  0.30092 0.298237 0.318865 0.320168 0.315251 0.291923 0.298234 0.329876 0.284631 0.288256 0.297639 0.283147 0.298468 0.269552 0.274672 0.268603 0.244496
0.265791 0.247726 0.234362 0.219757 0.194244 0.199827  0.18087        0 0.164419  0.20359 0.198702 0.219836 0.244245 0.248314 0.261442 0.300751 0.271635 0.299509 0.304214 0.277496 0.297713 0.318388 0.327309 0.315709 0.303836 0.334566 0.326329 0.295303 0.296393 0.279965 0.270706 0.286386 0.263531 0.267238 0.263153 0.260082
0.282436 0.244209 0.224858 0.229142 0.219221 0.215292 0.200835 0.164419        0 0.186226 0.204292  0.22652 0.237069 0.256276 0.266148 0.282273 0.279923 0.296327 0.297823 0.291331 0.299853 0.318981 0.341789  0.32935 0.301601 0.326126 0.330266 0.324891 0.297966 0.290599 0.290732 0.272048 0.277235 0.276932 0.280499 0.268352
  0.2833 0.251386 0.248549 0.233058 0.219373 0.228159  0.21381  0.20359 0.186226        0  0.17971 0.212962  0.22376 0.236419  0.25106 0.269814 0.275388 0.292415 0.309253 0.297106 0.280869 0.319679 0.321858 0.302188 0.307375 0.329886 0.325189 0.309773 0.297965 0.310923 0.310904 0.287464 0.294993 0.283934 0.273233 0.274158
  0.2785 0.276015 0.253853 0.252673 0.234077 0.224169 0.216978 0.198702 0.204292  0.17971        0  0.19843 0.205871 0.215907 0.238488 0.258854 0.255712 0.258508 0.279435 0.278649 0.284688 0.302776 0.303693 0.300795 0.301947 0.309874 0.307284  0.29545 0.291206 0.290282 0.293812 0.288421 0.278686  0.27583 0.269229 0.273578
0.295558 0.284717 0.283337  0.27701 0.258892  0.25674 0.244177 0.219836  0.22652 0.212962  0.19843        0 0.178039 0.196246 0.222416  0.24844 0.258778 0.271698 0.285706 0.294637 0.292259 0.314809 0.323729 0.308146 0.295658 0.317254 0.310405 0.303125 0.292119 0.281241  0.29925 0.298531 0.288235 0.289618 0.269557 0.281482
0.306494 0.313699 0.299894 0.288368 0.279788 0.268187 0.266409 0.244245 0.237069  0.22376 0.205871 0.178039        0 0.169907 0.197714 0.215795 0.228463 0.264877  0.28952 0.273155 0.281564 0.306168 0.311852 0.307066 0.306084 0.317512 0.317445 0.296135 0.308591  0.30275 0.306755 0.319617 0.304326 0.304217 0.298888 0.306236
 0.31518 0.316795 0.303451 0.292658 0.288378 0.279488 0.273359 0.248314 0.256276 0.236419 0.215907 0.196246 0.169907        0 0.169909 0.208414 0.218909 0.257719 0.264888 0.265077 0.282563 0.299976 0.322956 0.316922 0.312174 0.328887 0.308481 0.312848 0.319884 0.304823 0.316569 0.325699 0.315348 0.308219 0.302788 0.310858
0.319125  0.32468 0.309833  0.30897 0.303361 0.296576 0.283444 0.261442 0.266148  0.25106 0.238488 0.222416 0.197714 0.169909        0  0.18833 0.218935 0.247716 0.250623 0.255445 0.268854 0.284486 0.300878 0.300267 0.295135 0.320608  0.31666  0.31253 0.320635  0.31656  0.30706 0.319634 0.325713 0.317995 0.319566 0.321046
 0.33283 0.321964 0.307765 0.321082 0.314203 0.292784 0.293139 0.300751 0.282273 0.269814 0.258854  0.24844 0.215795 0.208414  0.18833        0 0.186826 0.229386 0.242075 0.263936 0.270264 0.298239 0.314884 0.296889 0.317057 0.341911 0.318615 0.315979 0.326416 0.325119 0.318916 0.319026  0.31251 0.340495 0.329789 0.329122
0.331857   0.3241 0.311899 0.302902 0.290491  0.29702  0.29847 0.271635 0.279923 0.275388 0.255712 0.258778 0.228463 0.218909 0.218935 0.186826        0 0.177792 0.201951 0.210052  0.23574 0.264186 0.280831 0.295384 0.297715 0.318695 0.314279 0.303988 0.318716 0.324489 0.322643 0.314637 0.296882 0.306105 0.309176 0.317163
0.338725 0.320586 0.323608 0.323186 0.313324 0.300089 0.294242 0.299509 0.296327 0.292415 0.258508 0.271698 0.264877 0.257719 0.247716 0.229386 0.177792        0 0.168763 0.198487 0.216812 0.234872 0.253454 0.281756 0.301547 0.295973 0.324288 0.310061 0.317984 0.331286 0.324641 0.333028 0.314832 0.310527  0.32268 0.314862
0.336071 0.330468 0.328535 0.315518 0.308579 0.314959 0.323663 0.304214 0.297823 0.309253 0.279435 0.285706  0.28952 0.264888 0.250623 0.242075 0.201951 0.168763        0 0.165817  0.20649 0.231155 0.249624  0.27177 0.291554 0.306408 0.290697 0.301649 0.305903 0.305327 0.309943 0.323432 0.308775 0.304132 0.316615 0.324494
0.311341  0.31532 0.321141 0.313814 0.304442 0.301077  0.30092 0.277496 0.291331 0.297106 0.278649 0.294637 0.273155 0.265077 0.255445 0.263936 0.210052 0.198487 0.165817        0 0.175424 0.211928 0.239337 0.252426 0.258684 0.282938 0.283651 0.287794 0.297534 0.302638 0.302371  0.31679 0.314208 0.310672 0.307102 0.302087
0.312597 0.314653 0.302429 0.308671 0.314569 0.305925 0.298237 0.297713 0.299853 0.280869 0.284688 0.292259 0.281564 0.282563 0.268854 0.270264  0.23574 0.216812  0.20649 0.175424        0 0.184372 0.207155  0.23285 0.263776 0.264911 0.308429 0.287259 0.301586 0.294241 0.303568 0.326823 0.309792 0.312622 0.313735 0.300767
0.332087 0.319895 0.324366 0.318705 0.322682 0.336153 0.318865 0.318388 0.318981 0.319679 0.302776 0.314809 0.306168 0.299976 0.284486 0.298239 0.264186 0.234872 0.231155 0.211928 0.184372        0 0.179717 0.226291 0.240692  0.25362 0.302251 0.286125 0.302279  0.30215 0.307977 0.326091 0.321426 0.320963 0.324929 0.324046
0.318953 0.311598 0.316213 0.323972 0.317945 0.336793 0.320168 0.327309 0.341789 0.321858 0.303693 0.323729 0.311852 0.322956 0.300878 0.314884 0.280831 0.253454 0.249624 0.239337 0.207155 0.179717        0 0.195614 0.217056 0.236695 0.290974  0.28842 0.294242 0.305874 0.286131 0.313595 0.307049 0.301518 0.288386 0.298692
  0.3094 0.298497 0.313921 0.304025 0.319975   0.3204 0.315251 0.315709  0.32935 0.302188 0.300795 0.308146 0.307066 0.316922 0.300267 0.296889 0.295384 0.281756  0.27177 0.252426  0.23285 0.226291 0.195614        0 0.194838 0.225046 0.248855 0.254276 0.279211 0.291355 0.295467 0.303863 0.289151 0.303664   0.2927 0.295495
0.304041 0.307377 0.321545 0.293448 0.308175 0.319862 0.291923 0.303836 0.301601 0.307375 0.301947 0.295658 0.306084 0.312174 0.295135 0.317057 0.297715 0.301547 0.291554 0.258684 0.263776 0.240692 0.217056 0.194838        0 0.198912 0.241561  0.24028 0.260557 0.270569 0.276594 0.293791 0.288073 0.290238 0.285216 0.273416
0.307652 0.315938 0.315267 0.298861 0.314237 0.312559 0.298234 0.334566 0.326126 0.329886 0.309874 0.317254 0.317512 0.328887 0.320608 0.341911 0.318695 0.295973 0.306408 0.282938 0.264911  0.25362 0.236695 0.225046 0.198912        0 0.231329 0.231791 0.248333   0.2782 0.298335 0.301004 0.305005 0.305962 0.307145 0.301897
0.309679 0.312702 0.300227 0.302545 0.319306 0.307248 0.329876 0.326329 0.330266 0.325189 0.307284 0.310405 0.317445 0.308481  0.31666 0.318615 0.314279 0.324288 0.290697 0.283651 0.308429 0.302251 0.290974 0.248855 0.241561 0.231329        0 0.220211  0.23402 0.279006 0.268502 0.294061 0.280018 0.295801 0.282883 0.295647
0.261786 0.288658 0.276986 0.280799 0.295458 0.283464 0.284631 0.295303 0.324891 0.309773  0.29545 0.303125 0.296135 0.312848  0.31253 0.315979 0.303988 0.310061 0.301649 0.287794 0.287259 0.286125  0.28842 0.254276  0.24028 0.231791 0.220211        0 0.190898 0.226054    0.245 0.260163 0.249166 0.266351 0.252255 0.245039
0.266151 0.285054 0.287405 0.292837 0.285742 0.274553 0.288256 0.296393 0.297966 0.297965 0.291206 0.292119 0.308591 0.319884 0.320635 0.326416 0.318716 0.317984 0.305903 0.297534 0.301586 0.302279 0.294242 0.279211 0.260557 0.248333  0.23402 0.190898        0 0.185556 0.207405 0.234434 0.250129 0.261331 0.247895 0.241701
 0.25138 0.274315 0.278521 0.280924 0.284636  0.28351 0.297639 0.279965 0.290599 0.310923 0.290282 0.281241  0.30275 0.304823  0.31656 0.325119 0.324489 0.331286 0.305327 0.302638 0.294241  0.30215 0.305874 0.291355 0.270569   0.2782 0.279006 0.226054 0.185556        0 0.181561 0.216022 0.237674  0.22958 0.228845 0.220482
0.242268 0.263049 0.256425 0.268952 0.281156 0.275111 0.283147 0.270706 0.290732 0.310904 0.293812  0.29925 0.306755 0.316569  0.30706 0.318916 0.322643 0.324641 0.309943 0.302371 0.303568 0.307977 0.286131 0.295467 0.276594 0.298335 0.268502    0.245 0.207405 0.181561        0 0.170305 0.210599 0.223836  0.21633 0.231799
0.239574 0.241741 0.259558 0.265581 0.275842 0.283404 0.298468 0.286386 0.272048 0.287464 0.288421 0.298531 0.319617 0.325699 0.319634 0.319026 0.314637 0.333028 0.323432  0.31679 0.326823 0.326091 0.313595 0.303863 0.293791 0.301004 0.294061 0.260163 0.234434 0.216022 0.170305        0 0.173222 0.202962 0.199044 0.208191
0.214573 0.228914  0.24991 0.250196  0.25632 0.262994 0.269552 0.263531 0.277235 0.294993 0.278686 0.288235 0.304326 0.315348 0.325713  0.31251 0.296882 0.314832 0.308775 0.314208 0.309792 0.321426 0.307049 0.289151 0.288073 0.305005 0.280018 0.249166 0.250129 0.237674 0.210599 0.173222        0 0.177993 0.185905 0.184911
 0.20103 0.212823 0.220197 0.233507 0.227967 0.239779 0.274672 0.267238 0.276932 0.283934  0.27583 0.289618 0.304217 0.308219 0.317995 0.340495 0.306105 0.310527 0.304132 0.310672 0.312622 0.320963 0.301518 0.303664 0.290238 0.305962 0.295801 0.266351 0.261331  0.22958 0.223836 0.202962 0.177993        0  0.14861 0.165715
0.185438  0.19754 0.216104 0.238746 0.233372  0.23214 0.268603 0.263153 0.280499 0.273233 0.269229 0.269557 0.298888 0.302788 0.319566 0.329789 0.309176  0.32268 0.316615 0.307102 0.313735 0.324929 0.288386   0.2927 0.285216 0.307145 0.282883 0.252255 0.247895 0.228845  0.21633 0.199044 0.185905  0.14861        0 0.145825
0.165389 0.175489 0.198979 0.215612  0.22355 0.233375 0.244496 0.260082 0.268352 0.274158 0.273578 0.281482 0.306236 0.310858 0.321046 0.329122 0.317163 0.314862 0.324494 0.302087 0.300767 0.324046 0.298692 0.295495 0.273416 0.301897 0.295647 0.245039 0.241701 0.220482 0.231799 0.208191 0.184911 0.165715 0.145825        0

meanTree = (1:0.0906854,((((2:0.0824331,3:0.0770917):0.00838658,(((4:0.075373,5:0.074541):0.00786083,6:0.0856403):0.00215735,((7:0.0931885,(8:0.0790851,9:0.0857328):0.0105712):0.00223525,((10:0.0911587,11:0.0881974):0.0058974,(12:0.0920478,((13:0.0865418,(14:0.0830407,15:0.0869758):0.00790512):0.00452206,(16:0.0984612,17:0.0884839):0.00933313):0.00459251):0.00435414):0.00225559):0.00224864):0.00208327):0.00301941,(((18:0.0858639,19:0.083399):0.00947405,20:0.0822986):0.00681314,(21:0.0889536,(22:0.0902625,23:0.0899945):0.0146126):0.00860084):0.00920316):0.00205526,(((((24:0.100849,(25:0.0917583,26:0.106195):0.00609083):0.00797305,27:0.120468):0.00504801,28:0.0970106):0.002663,(29:0.0922053,30:0.0937682):0.00621423):0.00177967,((31:0.0851235,32:0.0853088):0.0100531,33:0.0878661):0.00271247):0.00157712):0.00210368,((34:0.0781279,35:0.0702065):0.00743528,36:0.0706713):0.00408922);
(1,((2,3),(4,((5,6),((7,(8,9)),((10,11),(12,(13,(14,(15,16))))))))),((((((((17,18),(19,20)),(21,(22,23))),((((24,25),26),27),28)),(((29,30),31),32)),33),(34,35)),36)); 0.112253
(1,((2,((3,4),((5,6),(7,((8,9),((10,11),(12,(13,((14,15),(16,17)))))))))),((((((((18,19),20),(21,(22,23))),((24,(25,26)),27)),((28,29),30)),(31,32)),33),(34,35))),36); 0.0837269
(1,(2,(3,((4,5),(6,((7,(8,9)),((10,11),((12,13),((14,15),16)))))))),(((((((((17,18),(19,20)),(21,(22,23))),(((24,25),26),27)),(28,29)),((30,31),32)),(33,34)),35),36)); 0.0960278
(1,(((2,3),(4,(5,(6,(7,((8,9),((10,11),((12,(13,(14,15))),(16,17))))))))),(((((((18,19),20),21),(22,23)),(24,(25,26))),((27,28),(29,30))),((31,32),33))),((34,35),36)); 0.086705
(1,(2,(3,((4,5),(6,(7,((8,9),((10,11),(((12,(13,((14,15),16))),((17,18),((19,20),21))),(((((22,23),24),(25,26)),(27,28)),(((29,30),31),(32,33))))))))))),((34,35),36)); 0.10037
(1,((2,3),((4,(5,(6,7))),((8,9),(((10,11),12),((((13,(14,15)),16),17),((18,19),(20,21))))))),((((((((((22,23),24),(25,26)),27),(28,29)),(30,(31,32))),33),34),35),36)); 0.0910067
(1,(2,((3,4),((5,6),(7,((8,9),(10,(11,(12,((13,14),(15,16)))))))))),(((((((17,(18,19)),(20,21)),((((22,23),24),(25,26)),(27,(28,29)))),(30,31)),(32,33)),(34,35)),36)); 0.098746
(1,(2,(3,((4,5),(6,(7,((8,9),((10,11),((12,((13,14),(15,16))),((((17,18),(19,20)),(21,(22,23))),((((24,(25,26)),27),(28,29)),((30,31),(32,33)))))))))))),((34,35),36)); 0.095396
(1,(2,(3,(4,(5,(6,(7,((8,9),(10,(11,(12,(13,(14,15)))))))))))),((((((16,17),(18,(19,20))),(21,(22,23))),((((24,25),26),27),28)),(((29,30),(31,32)),33)),((34,35),36))); 0.0902659
(1,((2,3),(((4,5),6),(7,(8,(9,(10,11)))))),((((((((12,13),((14,15),(16,(17,18)))),(((19,20),21),(((22,23),24),(25,26)))),(((27,28),29),30)),(31,32)),33),(34,35)),36)); 0.118853
(1,(((2,3),((4,5),(6,((7,8),((9,10),(11,((12,((13,14),((15,16),17))),(((18,19),20),(21,(22,23)))))))))),((((((24,25),26),27),28),(29,30)),((31,32),33))),((34,35),36)); 0.0797883
(1,(2,(3,((4,5),(6,(7,(8,((9,10),((11,(12,(13,((14,15),(16,17))))),((((18,19),20),(21,(22,23))),((((24,(25,26)),27),(28,29)),(30,31))))))))))),((32,33),((34,35),36))); 0.0959281
(1,(2,(3,(4,((5,6),(7,((8,9),((10,(11,(12,13))),((((14,15),(16,17)),(((18,19),20),(21,(22,23)))),((24,(25,26)),27))))))))),(((((28,29),30),(31,32)),33),((34,35),36))); 0.0881413
(1,((2,3),(4,((5,6),(7,(8,(9,(10,(11,((12,(13,(14,(15,16)))),(((17,(18,(19,20))),(21,(22,23))),(((((24,25),26),27),28),(29,(30,31))))))))))))),(((32,33),34),(35,36))); 0.0974809
(1,((2,3),(((4,5),6),((7,(8,9)),(((10,11),(12,(13,(14,(15,16))))),((17,((18,19),(20,21))),((22,23),((24,25),26))))))),((((((27,(28,29)),30),(31,32)),33),(34,35)),36)); 0.0967656
(1,((2,3),((((4,5),6),(7,(8,(9,((10,11),(12,(((13,14),(15,16)),(((17,(18,19)),20),(21,(22,23)))))))))),(((((24,25),26),27),(28,29)),((30,31),(32,33))))),((34,35),36)); 0.0920188
(1,(((((2,3),4),((5,6),(7,(8,(9,(10,(11,(12,((13,14),(15,16)))))))))),((((17,18),(19,20)),((21,(22,23)),24)),((25,26),(27,28)))),(((29,30),31),(32,33))),((34,35),36)); 0.103316
