Pi: 0.268279 0.217044 0.269225 0.245452
S: 0.0858814  0.239223  0.143975 0.0781748  0.335287  0.117459
