Pi: 0.274704 0.212019  0.27022 0.243057
S: 0.0862715  0.243871   0.14432 0.0784662  0.328353  0.118718
