Pi: 0.212694 0.250866 0.295641   0.2408
S: 0.0839599  0.146854 0.0667257  0.251415  0.344801  0.106244
