Pi: 0.241507 0.255559 0.187464 0.315471
S:  0.359383  0.159271  0.113977  0.036147  0.305715 0.0255065
