Pi: 0.226889 0.220114 0.183468 0.369529
S:  0.174946  0.169767  0.096014 0.0201344  0.525867 0.0132712
