
Alignment summary:
Cassowary: -=63 A=2729 C=2847 G=1916 R=1647 T=2973 Y=2015
Emu: -=6 A=2724 C=2859 G=1940 R=1640 T=2999 Y=2022
EasternMoa: -=15 A=2703 C=2870 G=1952 R=1625 T=2989 Y=2036
lbmoa: -=62 A=2670 C=2858 G=1959 R=1585 T=2979 Y=2077
Dinornis: -=52 A=2691 C=2841 G=1951 R=1597 T=2993 Y=2065
gskiwi: -=37 A=2714 C=2876 G=1917 R=1609 T=2985 Y=2052
BrownKiwi: -=21 A=2721 C=2851 G=1939 R=1602 T=2997 Y=2059
LSKiwi: -=23 A=2744 C=2870 G=1933 R=1601 T=2960 Y=2059
GreatRhea: -=23 A=2724 C=2852 G=1941 N=1 R=1608 T=2990 Y=2051
LesserRhea: -=40 A=2725 C=2873 G=1920 R=1588 T=2985 Y=2059
Ostrich: -=79 A=2725 C=2856 G=1914 N=1 R=1606 T=2971 Y=2038
BrushTurkey: -=79 A=2740 C=2861 G=1899 R=1612 T=2967 Y=2032
Chicken: -=62 A=2740 C=2896 G=1929 R=1578 T=2961 Y=2024
magpiegoose: -=65 A=2716 C=2903 G=1939 R=1574 T=2966 Y=2027
duck: -=62 A=2691 C=2865 G=1919 R=1603 T=2997 Y=2053
oystercatcher: -=22 A=2741 C=2878 G=1914 R=1614 T=2973 Y=2048
turnstone: -=2 A=2727 C=2852 G=1949 R=1592 T=2998 Y=2070
LBPenguin: -=1 A=2693 C=2870 G=1961 R=1611 T=3003 Y=2051
GaviaStellata: -=7 A=2743 C=2862 G=1944 R=1598 T=2973 Y=2063
Alligator: -=9 A=2715 C=2899 G=1952 R=1583 T=2953 Y=2079
Caiman: -=22 A=2744 C=2849 G=1927 R=1610 T=2987 Y=2051
Gtinamou: -=20 A=2722 C=2872 G=1963 R=1614 T=2954 Y=2045
ECtinamou: -=51 A=2680 C=2871 G=1943 R=1602 T=2985 Y=2058
Crypturellus: -=67 A=2727 C=2863 G=1922 R=1628 T=2950 Y=2033

Seed = 3027821946
Jukes-Cantor Distance Matrix:

        0 0.0808816  0.105771  0.109625  0.119906  0.120845  0.123009  0.116284  0.117514  0.121946  0.122983  0.124217  0.127183  0.128229   0.12756  0.124616  0.125712  0.123893  0.118675  0.123771  0.116897   0.11083  0.101961 0.0805258
0.0808816         0 0.0792213  0.100845  0.113967   0.11734  0.117035  0.115157  0.113826  0.116761  0.114419  0.121118  0.127896  0.128261  0.128162  0.122646  0.124634  0.117695  0.118312  0.120356  0.119611  0.112893  0.108726  0.103078
 0.105771 0.0792213         0   0.07935  0.107524   0.11621  0.119027  0.116475  0.116141  0.117861  0.115071  0.117405  0.122606  0.129045  0.131225  0.127138  0.125524   0.12058  0.117964  0.122695  0.121949  0.119102  0.113915  0.112112
 0.109625  0.100845   0.07935         0 0.0828575  0.108322  0.114139  0.113148  0.116495  0.118111  0.115421  0.120132  0.124796  0.128556    0.1312  0.126188   0.12683   0.12467  0.123043  0.123194  0.124703  0.119695  0.114929  0.112447
 0.119906  0.113967  0.107524 0.0828575         0 0.0852188  0.103188  0.112809  0.113019  0.115529  0.115301  0.118768   0.12444  0.128082  0.131519  0.126962  0.125681  0.128835  0.126638  0.126903   0.12831  0.125877  0.119969  0.117368
 0.120845   0.11734   0.11621  0.108322 0.0852188         0 0.0843829  0.106103  0.112068  0.119012  0.113547  0.117673  0.124122  0.128548  0.131185  0.127883  0.127617  0.127716  0.124398  0.128615  0.128889  0.127363  0.120557  0.119532
 0.123009  0.117035  0.119027  0.114139  0.103188 0.0843829         0 0.0832061  0.102642  0.110922  0.108564  0.114796  0.120555  0.125966  0.127442  0.127557  0.128647  0.127617  0.121836  0.128288  0.127091   0.12591   0.12002   0.12022
 0.116284  0.115157  0.116475  0.113148  0.112809  0.106103 0.0832061         0 0.0804503 0.0984401 0.0994277  0.107888  0.119116  0.122159  0.121581  0.119138  0.122807  0.123804  0.120058  0.122447  0.125187  0.119524  0.115223  0.115761
 0.117514  0.113826  0.116141  0.116495  0.113019  0.112068  0.102642 0.0804503         0 0.0759292 0.0985944  0.109546  0.118112  0.123281  0.121694  0.119586  0.120456   0.11955  0.117269  0.123232   0.12654  0.125022  0.117456  0.118223
 0.121946  0.116761  0.117861  0.118111  0.115529  0.119012  0.110922 0.0984401 0.0759292         0  0.076137 0.0988431  0.113382  0.116403  0.119608  0.118964  0.119165  0.120269  0.118098  0.125308  0.127949  0.123161  0.119185  0.121533
 0.122983  0.114419  0.115071  0.115421  0.115301  0.113547  0.108564 0.0994277 0.0985944  0.076137         0 0.0737663 0.0979674  0.107083  0.112553  0.113159  0.114928  0.115028  0.114642  0.119596  0.119745  0.118237  0.112806  0.120646
 0.124217  0.121118  0.117405  0.120132  0.118768  0.117673  0.114796  0.107888  0.109546 0.0988431 0.0737663         0  0.079246 0.0986311  0.110313   0.10904  0.115251  0.114459  0.114741   0.12228  0.119733  0.119795  0.116149  0.120069
 0.127183  0.127896  0.122606  0.124796   0.12444  0.124122  0.120555  0.119116  0.118112  0.113382 0.0979674  0.079246         0 0.0783712  0.106555  0.113569  0.120108  0.118203  0.115708  0.120865  0.122807  0.122196  0.120581  0.125864
 0.128229  0.128261  0.129045  0.128556  0.128082  0.128548  0.125966  0.122159  0.123281  0.116403  0.107083 0.0986311 0.0783712         0  0.082939  0.108293  0.116239  0.115562  0.118399  0.122344  0.126092  0.124128  0.121615  0.125778
  0.12756  0.128162  0.131225    0.1312  0.131519  0.131185  0.127442  0.121581  0.121694  0.119608  0.112553  0.110313  0.106555  0.082939         0 0.0838387  0.106775  0.114623  0.116242  0.121655  0.125077  0.124912   0.12465    0.1276
 0.124616  0.122646  0.127138  0.126188  0.126962  0.127883  0.127557  0.119138  0.119586  0.118964  0.113159   0.10904  0.113569  0.108293 0.0838387         0   0.08063  0.103983  0.113283  0.118767  0.120817  0.119089  0.121393  0.123751
 0.125712  0.124634  0.125524   0.12683  0.125681  0.127617  0.128647  0.122807  0.120456  0.119165  0.114928  0.115251  0.120108  0.116239  0.106775   0.08063         0 0.0845881  0.109302  0.117521  0.122582  0.121524  0.120917  0.124622
 0.123893  0.117695   0.12058   0.12467  0.128835  0.127716  0.127617  0.123804   0.11955  0.120269  0.115028  0.114459  0.118203  0.115562  0.114623  0.103983 0.0845881         0 0.0812335  0.104719  0.117543  0.120952  0.121914  0.121118
 0.118675  0.118312  0.117964  0.123043  0.126638  0.124398  0.121836  0.120058  0.117269  0.118098  0.114642  0.114741  0.115708  0.118399  0.116242  0.113283  0.109302 0.0812335         0 0.0806387  0.105339  0.115887  0.112477  0.115135
 0.123771  0.120356  0.122695  0.123194  0.126903  0.128615  0.128288  0.122447  0.123232  0.125308  0.119596   0.12228  0.120865  0.122344  0.121655  0.118767  0.117521  0.104719 0.0806387         0   0.08331  0.109725  0.113955  0.116734
 0.116897  0.119611  0.121949  0.124703   0.12831  0.128889  0.127091  0.125187   0.12654  0.127949  0.119745  0.119733  0.122807  0.126092  0.125077  0.120817  0.122582  0.117543  0.105339   0.08331         0 0.0834808  0.104484  0.114732
  0.11083  0.112893  0.119102  0.119695  0.125877  0.127363   0.12591  0.119524  0.125022  0.123161  0.118237  0.119795  0.122196  0.124128  0.124912  0.119089  0.121524  0.120952  0.115887  0.109725 0.0834808         0 0.0815044  0.103634
 0.101961  0.108726  0.113915  0.114929  0.119969  0.120557   0.12002  0.115223  0.117456  0.119185  0.112806  0.116149  0.120581  0.121615   0.12465  0.121393  0.120917  0.121914  0.112477  0.113955  0.104484 0.0815044         0 0.0813742
0.0805258  0.103078  0.112112  0.112447  0.117368  0.119532   0.12022  0.115761  0.118223  0.121533  0.120646  0.120069  0.125864  0.125778    0.1276  0.123751  0.124622  0.121118  0.115135  0.116734  0.114732  0.103634 0.0813742         0


JC Tree topology:
(1,((2,(3,4)),((((5,6),(7,8)),((9,10),(11,12))),(((((13,14),15),(16,17)),(18,19)),((20,21),(22,23))))),24);

Putting MLE Branch Lengths
p: 0.258951
 0.27302
0.184317
0.283712
s:  0.156725
 0.226076
  0.11542
 0.046115
 0.412473
0.0431917
Q: -0.961997  0.302614  0.436522  0.222861
 0.287021  -1.12686 0.0844534  0.755388
 0.613281  0.125097 -0.855545  0.117167
 0.203411  0.726922 0.0761189  -1.00645
((22:0.0637517,23:0.0673185):0.0323731,(20:0.0662543,21:0.0602801):0.0328952,(((((8:0.0669637,7:0.0614164):0.0269169,(6:0.0598519,5:0.0709509):0.0349586):0.0173506,((9:0.0667020,10:0.0530933):0.0293245,(11:0.0508169,12:0.0654527):0.0298498):0.0198284):0.0183925,((2:0.0722641,(3:0.0573147,4:0.0755711):0.0282068):0.0196910,(24:0.0665940,1:0.0613709):0.0351878):0.0178464):0.0160130,(((16:0.0580237,17:0.0686762):0.0289720,(15:0.0685437,(14:0.0477209,13:0.0671979):0.0313446):0.0241965):0.0146186,(18:0.0583938,19:0.0639729):0.0348954):0.0142627):0.0155581);
stationary acceptance: 0.315323
symmetric acceptance: 0.296108
branch length acceptance: 0.664304
avgP: 0.242614 0.256609 0.186045 0.314733
sP: 7.67048e-06 8.33247e-06 7.15169e-06 1.09888e-05
avgS:  0.364899   0.15928  0.110721 0.0356464  0.304748 0.0247058
sS: 2.17746e-05 7.57749e-06 9.04559e-06 4.01682e-06 1.34305e-05 1.44191e-06
0.242614 0.256609 0.186045 0.314733
 0.364899   0.15928  0.110721 0.0356464  0.304748 0.0247058

 -1.30846  0.752017  0.328258  0.228184
 0.711002  -1.37426 0.0694568  0.593798
 0.428069 0.0958008 -0.590267 0.0663976
 0.175897  0.484137 0.0392489 -0.699283

GTR Distance Matrix:

        0 0.0800636  0.105357  0.109542  0.119577   0.12073   0.12312   0.11574   0.11729  0.121429  0.122568  0.123717  0.126654  0.128088  0.127608  0.124338  0.125589  0.123579  0.118406  0.123694  0.116916  0.110528  0.101377  0.079533
0.0800636         0 0.0784774  0.100677  0.113901  0.117616  0.117163  0.114868  0.113803  0.116538  0.114052  0.120769  0.127493  0.128421  0.128219  0.122601  0.124585  0.117526  0.118141  0.120513  0.120097  0.113015  0.108419  0.102411
 0.105357 0.0784774         0 0.0787173  0.107299  0.116305  0.119149  0.116189  0.116076  0.117476  0.114714  0.117083  0.122302  0.129245   0.13142  0.127344  0.125663  0.120617  0.117939  0.122598  0.122392  0.119319  0.113683  0.111697
 0.109542  0.100677 0.0787173         0 0.0824277  0.108431  0.114418   0.11318  0.116825  0.118078  0.115246  0.120038   0.12464  0.128932  0.131783  0.126665  0.127285  0.125151  0.123475  0.123331  0.125395  0.120134  0.114936  0.112374
 0.119577  0.113901  0.107299 0.0824277         0 0.0847966  0.103266  0.112576  0.112989  0.115412   0.11497  0.118403  0.124122  0.128313  0.131913  0.127099  0.125877  0.129131  0.126805   0.12714  0.128784  0.126186  0.119876  0.117162
  0.12073  0.117616  0.116305  0.108431 0.0847966         0 0.0837183  0.105752  0.111869  0.118815  0.113135  0.117278  0.123874  0.128762  0.131541  0.127947  0.127755  0.128004  0.124855  0.129204  0.129667  0.127988  0.120793  0.119499
  0.12312  0.117163  0.119149  0.114418  0.103266 0.0837183         0 0.0825473  0.102417  0.110515  0.108115  0.114496  0.120284  0.126035  0.127736  0.127698  0.128828   0.12804  0.122211  0.128951  0.127829  0.126509  0.120059  0.120123
  0.11574  0.114868  0.116189   0.11318  0.112576  0.105752 0.0825473         0  0.079539 0.0977286 0.0985773  0.107131  0.118272  0.121808  0.121396  0.118886  0.122536   0.12362  0.119952  0.122605  0.125479   0.11969  0.114983  0.115216
  0.11729  0.113803  0.116076  0.116825  0.112989  0.111869  0.102417  0.079539         0 0.0752269 0.0979314  0.108863  0.117433  0.123028   0.12164  0.119347  0.120373  0.119578  0.117317  0.123569   0.12699  0.125353  0.117343   0.11805
 0.121429  0.116538  0.117476  0.118078  0.115412  0.118815  0.110515 0.0977286 0.0752269         0 0.0751904  0.098012  0.112466  0.115994  0.119346  0.118617  0.118861  0.120013  0.117859  0.125315  0.128064  0.123079  0.118824  0.121094
 0.122568  0.114052  0.114714  0.115246   0.11497  0.113135  0.108115 0.0985773 0.0979314 0.0751904         0 0.0727098  0.097037   0.10663  0.112242  0.112712  0.114514   0.11472  0.114424  0.119417  0.119873  0.118217  0.112543  0.120144
 0.123717  0.120769  0.117083  0.120038  0.118403  0.117278  0.114496  0.107131  0.108863  0.098012 0.0727098         0 0.0781091 0.0980777  0.109908  0.108516  0.114714  0.113891  0.114314  0.122004  0.119635  0.119793  0.115859  0.119539
 0.126654  0.127493  0.122302   0.12464  0.124122  0.123874  0.120284  0.118272  0.117433  0.112466  0.097037 0.0781091         0 0.0776012  0.106025  0.112795  0.119477  0.117566  0.115196  0.120546  0.122593  0.121913  0.120182  0.125226
 0.128088  0.128421  0.129245  0.128932  0.128313  0.128762  0.126035  0.121808  0.123028  0.115994   0.10663 0.0980777 0.0776012         0 0.0821076  0.107773  0.115818  0.115166  0.118121  0.122212  0.126133  0.124051   0.12161  0.125691
 0.127608  0.128219   0.13142  0.131783  0.131913  0.131541  0.127736  0.121396   0.12164  0.119346  0.112242  0.109908  0.106025 0.0821076         0 0.0829854  0.106401  0.114191  0.116093  0.121648  0.125275  0.125084  0.124777  0.127581
 0.124338  0.122601  0.127344  0.126665  0.127099  0.127947  0.127698  0.118886  0.119347  0.118617  0.112712  0.108516  0.112795  0.107773 0.0829854         0 0.0797076  0.103282  0.112924  0.118669  0.120817  0.119147  0.121249  0.123224
 0.125589  0.124585  0.125663  0.127285  0.125877  0.127755  0.128828  0.122536  0.120373  0.118861  0.114514  0.114714  0.119477  0.115818  0.106401 0.0797076         0 0.0838779  0.108909  0.117514  0.122659  0.121669  0.121041  0.124539
 0.123579  0.117526  0.120617  0.125151  0.129131  0.128004   0.12804   0.12362  0.119578  0.120013   0.11472  0.113891  0.117566  0.115166  0.114191  0.103282 0.0838779         0 0.0806714  0.104457  0.117556  0.120954  0.121977  0.120924
 0.118406  0.118141  0.117939  0.123475  0.126805  0.124855  0.122211  0.119952  0.117317  0.117859  0.114424  0.114314  0.115196  0.118121  0.116093  0.112924  0.108909 0.0806714         0   0.07979  0.105292  0.115931  0.112186  0.114725
 0.123694  0.120513  0.122598  0.123331   0.12714  0.129204  0.128951  0.122605  0.123569  0.125315  0.119417  0.122004  0.120546  0.122212  0.121648  0.118669  0.117514  0.104457   0.07979         0 0.0826377  0.109772  0.113909    0.1164
 0.116916  0.120097  0.122392  0.125395  0.128784  0.129667  0.127829  0.125479   0.12699  0.128064  0.119873  0.119635  0.122593  0.126133  0.125275  0.120817  0.122659  0.117556  0.105292 0.0826377         0 0.0829038   0.10439  0.114278
 0.110528  0.113015  0.119319  0.120134  0.126186  0.127988  0.126509   0.11969  0.125353  0.123079  0.118217  0.119793  0.121913  0.124051  0.125084  0.119147  0.121669  0.120954  0.115931  0.109772 0.0829038         0 0.0810736  0.103311
 0.101377  0.108419  0.113683  0.114936  0.119876  0.120793  0.120059  0.114983  0.117343  0.118824  0.112543  0.115859  0.120182   0.12161  0.124777  0.121249  0.121041  0.121977  0.112186  0.113909   0.10439 0.0810736         0 0.0806399
 0.079533  0.102411  0.111697  0.112374  0.117162  0.119499  0.120123  0.115216   0.11805  0.121094  0.120144  0.119539  0.125226  0.125691  0.127581  0.123224  0.124539  0.120924  0.114725    0.1164  0.114278  0.103311 0.0806399         0

meanTree = (1:0.0402774,((((2:0.0395887,3:0.0392644):0.00454815,(4:0.0397227,5:0.0425486):0.00407538):0.00140812,(((6:0.0423398,7:0.0417213):0.00531208,(8:0.0413073,(9:0.0376015,10:0.0375761):0.00837263):0.00263787):0.00111877,((((11:0.0361275,12:0.0371795):0.00609109,(13:0.0391614,14:0.0394629):0.00663776):0.00183668,(15:0.0437733,(16:0.0390643,17:0.0410918):0.00719808):0.00165417):0.000527193,((18:0.0422946,19:0.0387693):0.00465911,(20:0.0409609,21:0.0417526):0.00602929):0.00196366):0.000633986):0.000388768):0.00169807,(22:0.0414904,23:0.039919):0.0047383):0.00653183,24:0.0397269);
(1,((2,(3,4)),((((((5,6),7),(8,(9,10))),(11,(12,13))),(((14,15),(16,17)),(18,19))),((20,21),(22,23)))),24); 0.0325822
(1,(((((2,3),4),(5,6)),((((7,8),(9,10)),(11,12)),((((13,14),15),(16,17)),((18,19),(20,21))))),(22,23)),24); 0.0284807
(1,2,((((3,4),(5,6)),(((7,8),(9,10)),(((11,12),(13,(14,15))),((16,17),((18,19),(20,21)))))),((22,23),24))); 0.0339481
(1,((2,(3,4)),(((((5,6),7),(8,(9,10))),((11,12),(((13,14),15),((16,17),18)))),(((19,20),21),(22,23)))),24); 0.0326991
(1,((((2,3),((4,5),(6,7))),(((8,(9,10)),(11,(12,13))),(((14,15),(16,17)),((18,19),(20,21))))),(22,23)),24); 0.0305978
(1,((2,3),(((((4,5),(6,7)),(8,(9,10))),(((11,12),(13,14)),(((15,16),17),((18,19),(20,21))))),(22,23))),24); 0.0296496
(1,(2,((3,4),((((((5,6),(7,8)),((9,10),(11,(12,13)))),((14,15),(16,17))),((18,19),(20,21))),(22,23)))),24); 0.0362311
(1,((((2,3),(4,5)),(((((((6,7),8),(9,10)),(11,12)),(13,(14,15))),(16,17)),((18,19),(20,21)))),(22,23)),24); 0.0273792
(1,((((2,(3,4)),((((5,6),7),((8,9),(10,11))),(((12,13),(14,15)),((16,17),(18,(19,20)))))),(21,22)),23),24); 0.040405
(1,2,((((((3,4),(5,6)),(((7,8),9),((10,11),12))),((((13,14),15),(16,17)),((18,19),(20,21)))),(22,23)),24)); 0.0364643
(1,((2,3),((((((4,5),(6,7)),(8,(9,10))),((11,12),(13,14))),(((15,16),17),(18,19))),((20,21),(22,23)))),24); 0.0270982
(1,2,(((((3,4),(5,6)),(((7,8),(9,10)),((11,12),((13,14),15)))),((((16,17),18),(19,20)),(21,22))),(23,24))); 0.0393627
(1,(((2,(3,4)),((((5,6),(7,8)),((9,10),(11,12))),((((13,14),15),(16,17)),((18,19),(20,21))))),(22,23)),24); 0.0284624
(1,(((2,3),(4,5)),((((((6,7),8),(9,10)),((11,12),(13,14))),((15,16),((17,18),19))),((20,21),(22,23)))),24); 0.0300138
(1,(((2,3),((((4,5),(6,7)),(8,(9,10))),((((11,12),(13,14)),((15,16),(17,18))),((19,20),(21,22))))),23),24); 0.0347261
(1,2,((3,4),(((5,(6,7)),(8,(9,10))),((((11,12),(13,(14,15))),((16,17),(18,19))),(((20,21),22),(23,24)))))); 0.0339812
(1,((((2,3),(4,5)),(((6,(7,8)),(9,10)),(((11,12),(13,14)),(((15,16),(17,18)),(19,(20,21)))))),(22,23)),24); 0.030006
(1,((((2,3),((4,5),(6,7))),(((8,(9,10)),((11,12),(13,(14,15)))),(((16,17),(18,19)),(20,21)))),(22,23)),24); 0.0274083
(1,2,((((3,(4,5)),(((6,7),(8,(9,10))),((11,12),(((13,14),15),((16,17),18))))),((19,20),(21,22))),(23,24))); 0.0360942
(1,(((2,(3,4)),(((((5,6),(7,8)),(9,10)),((11,12),(13,14))),(((15,16),(17,18)),(19,20)))),((21,22),23)),24); 0.0366441
(1,((2,3),((((4,5),(6,7)),(8,(9,10))),(((((11,12),(13,14)),(15,(16,17))),(18,(19,20))),(21,(22,23))))),24); 0.0278824
(1,((((2,3),((4,5),(6,7))),(((8,(9,10)),(11,12)),((((13,14),15),(16,17)),((18,19),(20,21))))),(22,23)),24); 0.0255965
(1,((((2,3),(4,5)),((((6,7),8),(9,10)),(((11,12),(13,14)),((15,(16,17)),(18,(19,20)))))),((21,22),23)),24); 0.029457
(1,2,((((3,4),(5,6)),((((7,8),(9,10)),((11,12),(13,14))),(((15,16),(17,18)),((19,20),(21,22))))),(23,24))); 0.0406462
(1,(((2,(3,4)),((5,6),(((7,8),(9,10)),(((11,12),(13,(14,15))),((16,17),((18,19),(20,21))))))),(22,23)),24); 0.0329245
(1,((((2,3),(4,5)),(((6,7),(8,(9,10))),((11,(12,13)),(((14,15),(16,17)),((18,19),(20,21)))))),(22,23)),24); 0.0305925
(1,((((2,(3,4)),(((((5,6),(7,8)),(9,10)),((11,12),((13,14),15))),(((16,17),18),(19,20)))),(21,22)),23),24); 0.0371502
(1,2,(((3,4),((5,6),((((7,8),(9,10)),(11,(12,13))),((((14,15),16),(17,18)),(19,(20,21)))))),((22,23),24))); 0.0386886
(1,2,((3,4),(((((5,6),7),(8,9)),(((10,11),(12,13)),(((14,15),(16,17)),((18,19),(20,21))))),((22,23),24)))); 0.0387408
(1,2,((((3,4),((5,6),(7,8))),((((9,10),11),(12,13)),(((14,15),(16,17)),(18,(19,20))))),((21,22),(23,24)))); 0.0418396
(1,2,(((((3,4),(((5,6),7),(8,(9,10)))),((((11,12),(13,14)),(15,(16,17))),((18,19),(20,21)))),(22,23)),24)); 0.0314135
(1,((((2,3),(4,5)),((((((6,7),8),(9,10)),((11,12),(13,14))),((15,16),(17,18))),((19,20),21))),(22,23)),24); 0.0297026
(1,(2,3),((((((4,5),(6,7)),(8,(9,10))),(((11,12),(13,14)),((15,(16,17)),(18,(19,20))))),(21,22)),(23,24))); 0.0322615
(1,(((2,(3,4)),(((5,(6,7)),(8,(9,10))),((((11,12),(13,14)),(15,(16,17))),((18,19),20)))),((21,22),23)),24); 0.0301544
(1,(((((2,3),(4,5)),((6,7),(8,(9,10)))),(((11,(12,13)),((14,15),(16,17))),((18,19),(20,21)))),(22,23)),24); 0.0298492
(1,2,((((3,4),(5,(6,7))),(((8,(9,10)),((11,12),(13,(14,15)))),(((16,17),18),((19,20),(21,22))))),(23,24))); 0.0364768
(1,(2,(((3,4),5),((((6,7),8),(9,10)),(((11,12),(13,14)),((((15,16),17),(18,19)),((20,21),(22,23))))))),24); 0.0323162
(1,(((((2,3),(4,5)),(((6,7),(8,(9,10))),((11,12),((13,14),(15,(16,17)))))),((18,19),(20,21))),(22,23)),24); 0.0233267
(1,((((2,3),(4,5)),(((((6,7),8),(9,10)),(11,12)),(((13,14),15),(((16,17),18),(19,20))))),((21,22),23)),24); 0.032426
(1,((((2,3),(4,5)),((((6,7),(8,(9,10))),((11,12),(13,14))),((((15,16),17),(18,19)),(20,21)))),(22,23)),24); 0.025886
(1,2,((3,4),(((((5,(6,7)),(8,(9,10))),((11,(12,13)),(14,15))),(((16,17),18),(19,20))),((21,22),(23,24))))); 0.0416405
(1,(((2,(3,4)),(((5,(6,7)),(8,(9,10))),(((11,12),(13,14)),(((15,16),(17,18)),(19,(20,21)))))),(22,23)),24); 0.0300231
(1,((((2,3),(4,5)),((((6,7),8),((9,10),11)),(((12,13),(14,15)),(((16,17),(18,19)),(20,21))))),(22,23)),24); 0.0332456
(1,((2,3),(((((4,5),(6,7)),((8,(9,10)),(11,(12,13)))),(((14,15),(16,17)),((18,19),20))),((21,22),23))),24); 0.0342462
(1,((((2,3),(4,5)),(((((6,7),8),(9,10)),((11,12),((13,14),(15,(16,17))))),((18,19),(20,21)))),(22,23)),24); 0.0237187
(1,(((2,(3,4)),((((5,6),(7,8)),(9,10)),(((11,12),(13,14)),(((15,16),(17,18)),(19,20))))),((21,22),23)),24); 0.037471
(1,2,((3,4),((((5,6),(7,8)),((9,10),(11,12))),((((13,14),(15,16)),((17,18),19)),((20,21),(22,(23,24))))))); 0.0376181
(1,2,(((((3,4),(5,6)),((7,8),(9,10))),((((11,12),(13,14)),(15,(16,17))),((18,19),(20,21)))),((22,23),24))); 0.0317138
(1,(((2,(3,4)),((((5,6),(7,8)),(9,10)),(((11,12),(13,14)),(((15,16),17),((18,19),20))))),((21,22),23)),24); 0.0359102
(1,(((((2,3),(4,5)),((((6,7),(8,(9,10))),(11,(12,13))),(((14,15),(16,17)),(18,(19,20))))),(21,22)),23),24); 0.0325788
(1,2,(((((((3,4),(5,6)),((7,8),(9,10))),((11,12),((13,14),(15,(16,17))))),((18,19),(20,21))),(22,23)),24)); 0.0326081
(1,(((2,(3,4)),((((5,6),(7,8)),((9,10),(11,12))),((((13,14),15),(16,17)),((18,19),(20,21))))),(22,23)),24); 0.0301525
(1,2,((3,4),((((5,6),(7,8)),(((9,10),11),((12,13),(14,15)))),((((16,17),18),(19,20)),((21,22),(23,24)))))); 0.0436969
(1,(((2,(3,4)),((((5,6),(7,8)),((9,10),(11,12))),((((13,14),15),(16,17)),(18,(19,20))))),((21,22),23)),24); 0.0329142
(1,((2,3),((((4,5),(6,7)),((8,(9,10)),((11,12),(((13,14),15),((16,17),18))))),(((19,20),21),(22,23)))),24); 0.0284464
(1,2,((3,4),(((((5,6),(7,8)),((9,10),(11,12))),(((13,14),(15,(16,17))),(18,19))),(((20,21),22),(23,24))))); 0.0340885
(1,((((2,3),(4,5)),(((6,7),(8,(9,10))),(((11,12),(13,14)),(((15,16),17),((18,19),(20,21)))))),(22,23)),24); 0.0268302
(1,(((((2,3),(4,5)),((6,7),(8,9))),((((10,11),12),(((13,14),15),(16,17))),((18,19),(20,21)))),(22,23)),24); 0.0313793
(1,((((2,3),(4,5)),(((((6,7),8),(9,10)),((11,12),(13,14))),(((15,16),17),((18,19),(20,21))))),(22,23)),24); 0.0263584
(1,2,(((((((3,4),5),((6,7),(8,(9,10)))),((11,12),(13,(14,15)))),(((16,17),18),(19,20))),(21,22)),(23,24))); 0.0372821
(1,(2,((3,4),((((((5,6),(7,8)),(9,10)),((11,12),(13,14))),(((15,16),(17,18)),(19,(20,21)))),(22,23)))),24); 0.0358293
(1,(((2,(3,4)),((((5,6),(7,8)),((9,10),(11,12))),((((13,14),15),(16,17)),((18,19),(20,21))))),(22,23)),24); 0.0294754
(1,((((2,3),(4,5)),((((((6,7),8),(9,10)),(11,(12,13))),((14,15),(16,(17,18)))),(19,(20,21)))),(22,23)),24); 0.0357306
(1,((((2,3),(4,(5,6))),(((7,8),((9,10),11)),((((12,13),(14,15)),(16,17)),((18,19),(20,21))))),(22,23)),24); 0.0322842
(1,((((2,(3,4)),(((((5,6),(7,8)),(9,10)),((11,12),(13,14))),(((15,16),(17,18)),(19,20)))),(21,22)),23),24); 0.0392528
(1,((2,3),((((((4,5),(6,7)),(8,(9,10))),((11,(12,13)),((14,15),(16,17)))),((18,19),(20,21))),(22,23))),24); 0.0295948
(1,(((((((2,(3,4)),(5,(6,7))),(8,(9,10))),((11,(12,13)),((14,15),(16,17)))),((18,19),20)),(21,22)),23),24); 0.0348107
(1,((2,(3,4)),(((((5,6),(7,8)),((9,10),11)),(((12,13),(14,15)),((16,17),(18,19)))),((20,21),(22,23)))),24); 0.0329965
(1,((((2,3),(4,5)),((((6,7),(8,(9,10))),(11,12)),((((13,14),15),(16,17)),((18,19),(20,21))))),(22,23)),24); 0.0255998
(1,2,((((3,4),((((5,6),7),(8,(9,10))),(((11,12),(13,14)),(((15,16),17),(18,19))))),((20,21),(22,23))),24)); 0.0335313
(1,2,((3,4),(((((5,6),(7,8)),(9,10)),(((11,12),(13,14)),((15,(16,17)),(18,(19,20))))),((21,22),(23,24))))); 0.0355085
(1,((((2,3),(4,5)),((((6,7),8),((9,10),(11,12))),((((13,14),15),(16,17)),((18,19),20)))),((21,22),23)),24); 0.0299107
(1,2,(((((((3,4),5),(6,7)),((8,(9,10)),((11,12),((13,14),(15,(16,17)))))),((18,19),(20,21))),(22,23)),24)); 0.0281124
(1,2,((3,(4,5)),(((((6,7),(8,9)),((10,11),(12,(13,14)))),(((15,16),(17,18)),(19,20))),((21,22),(23,24))))); 0.0405656
(1,2,((((3,(4,5)),((((6,7),(8,9)),(10,11)),(((12,13),(14,15)),((16,17),(18,19))))),((20,21),22)),(23,24))); 0.0384979
(1,(((((((((2,3),4),((5,6),(7,8))),(9,10)),((11,12),(13,14))),((15,16),(17,18))),(19,20)),(21,22)),23),24); 0.0384605
(1,(((2,3),((((4,5),(6,7)),(8,(9,10))),(((11,12),((13,14),(15,16))),((17,18),(19,(20,21)))))),(22,23)),24); 0.0285891
(1,(((2,(3,4)),((((5,6),(7,8)),((9,10),(11,12))),((((13,14),(15,16)),(17,(18,19))),(20,21)))),(22,23)),24); 0.0341747
(1,(((2,(3,4)),(((((5,6),(7,8)),(9,10)),(((11,12),(13,14)),((15,16),(17,18)))),((19,20),(21,22)))),23),24); 0.0397363
(1,((((2,3),(4,(5,6))),((((7,8),(9,10)),(11,12)),((((13,14),15),(16,17)),(18,(19,20))))),((21,22),23)),24); 0.0319088
(1,2,((3,4),((5,6),((((7,8),9),((10,11),12)),(((((13,14),15),(16,17)),(18,(19,20))),((21,22),(23,24))))))); 0.039933
(1,(((((((2,3),(4,5)),((6,7),(8,(9,10)))),((11,(12,13)),((14,15),(16,(17,18))))),(19,20)),(21,22)),23),24); 0.0377482
(1,2,((3,4),((((((5,6),(7,8)),(9,10)),((11,12),(13,(14,15)))),((16,17),(18,19))),(((20,21),22),(23,24))))); 0.0362465
(1,(((((((2,3),4),((5,6),(7,8))),((9,10),(11,12))),((13,14),(15,(16,17)))),((18,19),(20,21))),(22,23)),24); 0.0295149
(1,(((((2,(3,4)),(5,(6,7))),((8,(9,10)),((11,12),(13,(14,15))))),(((16,17),(18,19)),(20,21))),(22,23)),24); 0.0309344
(1,2,((3,4),(((5,(6,7)),((8,9),(10,11))),(((((12,13),(14,15)),((16,17),(18,19))),(20,(21,22))),(23,24))))); 0.0417211
(1,(((((((2,3),((4,5),(6,7))),(8,(9,10))),(((11,12),(13,14)),((15,16),(17,18)))),(19,20)),(21,22)),23),24); 0.0346115
(1,2,((3,4),(((((5,6),7),((8,9),(10,11))),((((12,13),(14,15)),(16,17)),((18,19),(20,21)))),(22,(23,24))))); 0.037934
(1,2,((3,4),(((5,6),((7,8),(9,10))),((((11,(12,13)),(14,15)),(((16,17),18),(19,20))),((21,22),(23,24)))))); 0.0421987
(1,(((((((2,3),(4,5)),((6,7),(8,(9,10)))),(((11,12),(13,14)),((15,16),(17,18)))),(19,20)),(21,22)),23),24); 0.0328005
(1,(((2,(3,4)),((((5,6),(7,8)),((9,10),(11,(12,(13,14))))),(((15,16),(17,18)),((19,20),(21,22))))),23),24); 0.0379802
(1,(((((((2,3),4),(5,6)),(((7,8),(9,10)),((11,12),(13,(14,15))))),((16,17),((18,19),20))),(21,22)),23),24); 0.0329689
(1,(((2,(3,4)),(((5,(6,7)),(8,(9,10))),((((11,12),(13,14)),((15,16),(17,18))),((19,20),(21,22))))),23),24); 0.0363275
(1,((((2,3),4),((((5,6),7),(8,(9,10))),(((11,12),((13,14),(15,(16,17)))),((18,19),(20,21))))),(22,23)),24); 0.0272918
(1,(((((2,(3,4)),((5,(6,7)),(8,(9,10)))),((((11,12),(13,14)),((15,16),(17,18))),(19,20))),(21,22)),23),24); 0.0362404
(1,(((2,(3,4)),((((5,6),(7,8)),((9,10),(11,12))),((((13,14),15),(16,17)),((18,19),(20,21))))),(22,23)),24); 0.0293838
(1,(((((2,3),(4,5)),(((6,7),(8,(9,10))),((11,12),((13,14),(15,(16,17)))))),((18,19),(20,21))),(22,23)),24); 0.022895
(1,((2,(3,4)),((((((5,6),(7,8)),(9,10)),((11,12),(13,(14,15)))),((16,17),(18,19))),((20,21),(22,23)))),24); 0.033187
(1,2,((3,4),((((((5,6),7),8),((9,10),11)),((((12,13),(14,15)),(16,17)),((18,19),(20,(21,22))))),(23,24)))); 0.0390863
(1,((2,(3,4)),(((((5,6),(7,8)),((9,10),(11,12))),(((13,14),(15,16)),((17,18),(19,20)))),((21,22),23))),24); 0.0369895
(1,(((2,(3,4)),(((5,6),7),((8,(9,10)),((11,12),(((13,14),15),((16,17),(18,(19,20)))))))),((21,22),23)),24); 0.0319629
(1,((((2,3),(4,5)),(((6,7),(8,(9,10))),((11,(12,13)),(((14,15),(16,17)),(18,(19,20)))))),((21,22),23)),24); 0.0365187
(1,(((((2,3),(4,5)),((6,7),(8,(9,10)))),((((11,12),(13,14)),(15,(16,17))),((18,19),(20,21)))),(22,23)),24); 0.0242252
(1,((((2,3),(4,5)),(((6,7),(8,(9,10))),((11,(12,(13,14))),((15,(16,17)),((18,19),(20,21)))))),(22,23)),24); 0.0261536
(1,(2,(((3,4),(5,6)),(((((7,8),(9,10)),(11,(12,13))),(((14,15),(16,17)),(18,(19,20)))),((21,22),23)))),24); 0.038629
(1,((((2,3),(4,5)),(((((6,7),8),(9,10)),(11,(12,13))),(((14,15),(16,17)),(18,(19,20))))),((21,22),23)),24); 0.0338279
(1,(2,((((((3,4),5),(6,7)),((8,(9,10)),(11,(12,13)))),((((14,15),16),(17,18)),(19,20))),((21,22),23))),24); 0.0387831
(1,2,((3,4),((((((5,6),(7,8)),(9,10)),((11,12),(13,14))),(((15,16),(17,18)),(19,(20,21)))),((22,23),24)))); 0.0360072
(1,(((2,(3,4)),((((5,6),(7,8)),(9,10)),(((11,12),(13,14)),(((15,16),(17,18)),(19,(20,21)))))),(22,23)),24); 0.0342322
(1,2,((3,4),((((5,6),(7,8)),((9,10),(11,(12,13)))),((((14,15),(16,17)),((18,19),(20,21))),(22,(23,24)))))); 0.0386288
(1,2,((3,(4,5)),((((((6,(7,8)),(9,10)),(11,(12,13))),(14,15)),(((16,17),18),(19,20))),((21,22),(23,24))))); 0.0436233
(1,((((2,3),(4,5)),((((6,7),8),((9,10),(11,12))),((((13,14),15),(16,17)),((18,19),(20,21))))),(22,23)),24); 0.0239568
(1,((2,(3,4)),((((5,(6,7)),((8,9),(10,11))),(((12,13),(14,15)),((16,17),(18,19)))),((20,21),(22,23)))),24); 0.034941
(1,2,((3,4),((((((5,6),7),((8,9),10)),((11,12),(13,14))),(((15,16),(17,18)),(19,20))),((21,22),(23,24))))); 0.0416085
(1,((((2,3),(4,5)),((((6,7),8),(9,10)),(((11,12),(13,14)),(((15,16),(17,18)),(19,20))))),((21,22),23)),24); 0.0315342
(1,(2,3),((((((4,5),(6,7)),(8,(9,10))),((11,12),((13,14),(15,(16,17))))),((18,19),(20,(21,22)))),(23,24))); 0.0267823
(1,2,((3,4),(((((5,6),(7,8)),(9,10)),(((11,12),(13,14)),((15,(16,17)),(18,(19,20))))),((21,22),(23,24))))); 0.0352617
(1,(((((2,3),(4,5)),((6,7),(8,(9,10)))),((((11,12),(13,(14,15))),(16,(17,18))),(19,20))),((21,22),23)),24); 0.0350393
(1,(((2,3),(((4,5),(6,7)),((8,9),(((10,11),(12,13)),(((14,15),(16,17)),((18,19),(20,(21,22)))))))),23),24); 0.0367382
(1,((2,(3,4)),(((((5,6),(7,8)),((9,10),(11,12))),(((13,14),15),(((16,17),18),(19,20)))),((21,22),23))),24); 0.0353071
(1,((((2,3),(4,5)),(((6,7),(8,9)),(((10,11),(12,13)),(((14,15),(16,17)),((18,19),(20,21)))))),(22,23)),24); 0.0304422
(1,(((2,(3,4)),((((5,6),(7,8)),(9,10)),(((11,12),(13,14)),(((15,16),(17,18)),(19,(20,21)))))),(22,23)),24); 0.032465
(1,2,((3,4),((((5,(6,7)),(8,(9,10))),((11,12),((((13,14),15),(16,17)),(18,(19,20))))),((21,22),(23,24))))); 0.0365281
(1,(2,((3,4),(((((5,6),(7,8)),((9,10),11)),(((12,13),(14,15)),((16,17),(18,(19,20))))),((21,22),23)))),24); 0.0405439
(1,((((((2,3),(4,5)),((6,(7,8)),(9,10))),(((11,12),(13,14)),((15,16),(17,18)))),(19,(20,21))),(22,23)),24); 0.0325683
(1,(((((2,3),(4,5)),(((((6,7),8),(9,10)),(11,(12,13))),(((14,15),(16,17)),(18,(19,20))))),(21,22)),23),24); 0.0347747
(1,(2,((3,4),(((((5,6),(7,8)),((9,10),11)),(((12,13),(14,15)),((16,17),18))),(((19,20),21),(22,23))))),24); 0.0391374
(1,((((((2,3),(4,5)),((6,7),(8,(9,10)))),((11,12),(((13,14),15),(16,17)))),((18,19),(20,21))),(22,23)),24); 0.0238347
(1,(((((2,3),(4,5)),((6,7),(8,(9,10)))),(((11,12),(13,(14,15))),(((16,17),18),((19,20),21)))),(22,23)),24); 0.0294092
(1,2,((3,4),((((5,(6,7)),(8,(9,10))),(((11,(12,13)),(14,15)),(((16,17),18),(19,20)))),((21,22),(23,24))))); 0.0406174
(1,(((((2,3),(4,5)),((6,7),(8,(9,10)))),((((11,12),(13,14)),(15,(16,17))),((18,19),(20,21)))),(22,23)),24); 0.0237083
(1,(((2,(3,4)),((5,(6,7)),((8,(9,10)),((11,12),(((13,14),15),(((16,17),18),(19,20))))))),((21,22),23)),24); 0.032393
(1,((((2,3),(4,5)),(((6,7),(8,(9,10))),((11,12),((((13,14),15),(16,17)),(18,(19,20)))))),((21,22),23)),24); 0.0299691
(1,((((2,3),(4,5)),((((6,7),(8,9)),((10,11),(12,(13,14)))),(((15,16),(17,18)),(19,(20,21))))),(22,23)),24); 0.0343999
(1,2,((3,4),(((5,(6,7)),(8,(9,10))),((((11,12),((13,14),(15,16))),((17,18),(19,20))),((21,22),(23,24)))))); 0.0369986
(1,2,(((((3,4),(5,(6,7))),((8,(9,10)),(((11,12),(13,14)),((15,16),17)))),(((18,19),20),(21,22))),(23,24))); 0.0357404
(1,(((((2,3),(4,5)),((6,7),(8,(9,10)))),(((11,(12,13)),((14,15),(16,17))),((18,19),(20,21)))),(22,23)),24); 0.0291491
(1,((((2,3),(4,5)),((((6,7),(8,(9,10))),(11,12)),((((13,14),15),(16,17)),(18,(19,20))))),((21,22),23)),24); 0.0290588
(1,((2,(3,4)),((((((5,6),(7,8)),(9,10)),((11,12),(13,14))),(((15,16),(17,18)),(19,20))),((21,22),23))),24); 0.0375274
(1,(((((2,3),(4,5)),((((6,7),8),((9,10),11)),(((12,13),(14,15)),(((16,17),18),(19,20))))),(21,22)),23),24); 0.0354744
(1,2,((((3,4),(5,6)),(((7,8),(9,10)),(((11,12),(13,14)),(((15,16),(17,18)),(19,(20,21)))))),((22,23),24))); 0.0375412
(1,((((2,3),(4,(5,6))),(((7,8),(9,10)),(((11,12),(13,14)),(((15,16),17),(18,(19,20)))))),((21,22),23)),24); 0.0329882
(1,2,(((((3,(4,5)),((6,7),(8,(9,10)))),(((11,(12,13)),((14,15),(16,17))),((18,19),(20,21)))),(22,23)),24)); 0.0336509
(1,((2,3),((((4,5),(6,7)),(8,(9,10))),((((11,12),(13,(14,15))),((16,17),(18,19))),((20,21),(22,23))))),24); 0.0290173
(1,(((((((2,(3,4)),(5,(6,7))),(8,(9,10))),((11,12),((13,14),15))),(((16,17),18),(19,20))),(21,22)),23),24); 0.0343337
(1,(2,((((3,4),(5,(6,7))),(((8,9),(10,11)),(((12,13),(14,15)),((16,17),(18,(19,20)))))),((21,22),23))),24); 0.0368703
(1,((((2,3),(4,5)),((((6,7),8),(9,10)),(((11,12),(13,(14,15))),((16,17),((18,19),(20,21)))))),(22,23)),24); 0.0268176
(1,((((2,3),(4,5)),(((((6,7),8),(9,10)),(11,12)),(((13,14),(15,16)),((17,18),(19,(20,21)))))),(22,23)),24); 0.0283475
(1,(2,(((3,4),(5,6)),(((7,8),(9,(10,11))),(((12,(13,14)),(15,(16,17))),(((18,19),(20,21)),(22,23)))))),24); 0.0367846
(1,(2,((3,4),((5,(6,7)),((8,(9,10)),(((11,12),(13,14)),((((15,16),17),(18,19)),((20,21),(22,23)))))))),24); 0.0294139
(1,(((((2,3),(4,5)),(((6,7),8),((9,10),(11,12)))),((((13,14),15),(16,17)),((18,19),(20,21)))),(22,23)),24); 0.025308
(1,((((2,3),(4,5)),((((6,7),8),((9,10),(11,(12,13)))),(((14,15),(16,17)),(18,(19,20))))),((21,22),23)),24); 0.0337977
(1,(((2,(3,4)),(((5,6),((7,8),(9,10))),(((11,12),(13,14)),((((15,16),17),(18,19)),(20,21))))),(22,23)),24); 0.0333708
(1,(((((2,3),((4,5),(6,7))),(((8,9),10),(((11,12),(13,14)),((15,16),(17,18))))),((19,20),(21,22))),23),24); 0.0350344
(1,2,((((3,4),(5,6)),(((7,8),(9,10)),(((11,12),(13,14)),(((15,16),(17,18)),(19,(20,21)))))),((22,23),24))); 0.0338823
(1,((((2,3),(4,5)),((((6,7),8),(9,10)),(((11,12),(13,14)),(((15,16),(17,18)),(19,(20,21)))))),(22,23)),24); 0.0307977
(1,(((2,(3,4)),((5,(6,7)),(((8,(9,10)),(11,12)),((((13,14),15),(16,17)),((18,19),(20,21)))))),(22,23)),24); 0.0283655
(1,2,((3,4),(((5,(6,7)),(8,(9,10))),((((11,12),((13,14),15)),(((16,17),18),(19,20))),((21,22),(23,24)))))); 0.0369422
(1,((2,3),((((((4,5),(6,7)),(8,(9,10))),((11,12),(13,14))),(((15,16),(17,18)),(19,20))),((21,22),23))),24); 0.0340794
(1,(((2,3),((((4,5),(6,7)),(8,(9,10))),(((11,12),((13,14),15)),(((16,17),18),(19,20))))),((21,22),23)),24); 0.0312026
(1,(2,((3,4),(((((5,6),((7,8),(9,10))),(11,12)),((((13,14),15),(16,17)),((18,19),(20,21)))),(22,23)))),24); 0.0319318
(1,2,((3,4),((((5,6),((7,8),(9,10))),((11,(12,(13,14))),((15,(16,17)),(18,(19,20))))),((21,22),(23,24))))); 0.0381975
(1,((2,3),(((((4,5),(6,7)),(8,(9,10))),(((11,12),(13,14)),(((15,16),(17,18)),(19,20)))),((21,22),23))),24); 0.0340754
(1,((((2,3),(4,5)),(((((6,7),8),(9,10)),(11,(12,13))),(((14,15),(16,17)),((18,19),(20,21))))),(22,23)),24); 0.0289165
(1,2,((3,4),((((5,6),(((7,8),(9,10)),(11,(12,13)))),(((14,15),(16,17)),((18,19),(20,(21,22))))),(23,24)))); 0.0410174
(1,2,((3,4),(((((5,(6,7)),(8,(9,10))),((11,12),((13,14),15))),(((16,17),18),(19,20))),((21,22),(23,24))))); 0.0353245
(1,2,((3,(4,5)),(((((6,7),8),((9,10),11)),(((12,13),(14,15)),((16,17),(18,(19,20))))),((21,22),(23,24))))); 0.0376762
(1,((2,(3,4)),((((5,6),(7,8)),(9,10)),(((((11,12),(13,14)),(15,(16,17))),(18,19)),((20,21),(22,23))))),24); 0.0294541
(1,((2,3),((4,5),((((6,7),8),((9,10),11)),((((12,13),(14,15)),((16,17),18)),((19,20),(21,(22,23))))))),24); 0.033604
(1,((((2,3),(4,5)),(((6,7),(8,(9,10))),(((11,12),(13,14)),(((15,16),(17,18)),(19,20))))),((21,22),23)),24); 0.0344945
(1,((((2,3),(4,5)),(((6,7),(8,(9,10))),(((11,12),(13,14)),((((15,16),17),(18,19)),(20,21))))),(22,23)),24); 0.026498
(1,((((2,3),(4,5)),((((6,7),8),((9,10),11)),(((12,13),((14,15),(16,17))),((18,19),20)))),((21,22),23)),24); 0.0355206
(1,(2,((3,4),(((5,(6,7)),((8,(9,10)),((11,12),((13,14),(15,(16,17)))))),(((18,19),(20,21)),(22,23))))),24); 0.0302979
(1,(2,(((((((3,4),5),(6,7)),(8,(9,10))),((11,12),((13,14),(15,(16,17))))),(18,(19,20))),((21,22),23))),24); 0.033931
(1,((2,(3,4)),(((((5,6),(7,8)),((9,10),(11,(12,13)))),(((14,15),(16,17)),(18,19))),((20,21),(22,23)))),24); 0.0358922
(1,(((2,(3,4)),(((((((5,6),7),(8,9)),(10,11)),(12,(13,14))),(15,(16,17))),((18,19),20))),((21,22),23)),24); 0.0348218
(1,((2,(3,4)),(((5,(6,7)),(((8,9),(10,11)),((12,(13,14)),((15,(16,17)),(18,(19,20)))))),((21,22),23))),24); 0.035786
(1,(((2,(3,4)),(((((5,6),(7,8)),(9,10)),((11,12),((13,14),(15,(16,17))))),((18,19),20))),((21,22),23)),24); 0.033799
(1,(((2,(3,4)),((((5,6),(7,8)),((9,10),(11,12))),((((13,14),(15,16)),(17,18)),((19,20),(21,22))))),23),24); 0.0385123
(1,((((((((2,3),(4,5)),(((6,7),8),(9,10))),((11,12),(13,14))),((15,16),(17,18))),(19,20)),(21,22)),23),24); 0.0350224
(1,2,((3,4),(((((5,6),(7,8)),((9,10),(11,(12,13)))),(((14,15),(16,17)),((18,19),(20,21)))),(22,(23,24))))); 0.0360326
(1,(((2,(3,4)),((((5,6),(7,8)),((9,10),(11,(12,13)))),(((14,15),(16,17)),((18,19),(20,21))))),(22,23)),24); 0.0332651
(1,2,((3,4),((((((5,6),(7,8)),(9,10)),((11,12),(13,14))),(((15,16),17),((18,19),(20,21)))),((22,23),24)))); 0.0338559
(1,((((2,3),4),(((5,6),(7,8)),(((9,10),(11,(12,13))),(((14,15),(16,17)),((18,19),(20,21)))))),(22,23)),24); 0.032976
(1,(((2,(3,4)),((((5,6),(7,8)),((9,10),(11,(12,13)))),(((14,15),(16,17)),((18,19),(20,21))))),(22,23)),24); 0.0342727
(1,((((2,3),4),((((5,6),(7,8)),(9,(10,11))),((12,(13,14)),(((15,16),17),((18,19),(20,21)))))),(22,23)),24); 0.0330291
(1,(((2,3),(((4,5),(6,7)),((8,(9,10)),(((11,12),((13,14),(15,16))),((17,18),(19,(20,21))))))),(22,23)),24); 0.0284684
(1,(((2,(3,4)),((5,(6,7)),((8,(9,10)),(((11,12),(13,(14,15))),(((16,17),18),(19,20)))))),((21,22),23)),24); 0.0339732
(1,((((2,3),(4,5)),(((((6,7),8),(9,10)),(11,(12,13))),(((14,15),(16,17)),((18,19),(20,21))))),(22,23)),24); 0.0286677
(1,(2,3),(((((4,5),(6,7)),(8,(9,10))),((((11,12),(13,14)),((15,16),(17,18))),(19,(20,21)))),(22,(23,24)))); 0.0331172
(1,(2,((3,4),((((((5,6),(7,8)),(9,10)),(11,12)),((((13,14),15),(16,17)),(18,19))),((20,21),(22,23))))),24); 0.0319081
(1,((((2,3),(4,5)),(((((6,7),8),(9,10)),((11,12),(13,14))),(((15,16),(17,18)),(19,(20,21))))),(22,23)),24); 0.0280206
(1,2,((3,4),((((5,6),(7,8)),((9,10),(11,12))),(((((13,14),15),(16,17)),((18,19),(20,21))),(22,(23,24)))))); 0.0346875
(1,(((2,3),(((4,5),(6,7)),((8,(9,10)),((11,(12,13)),(((14,15),(16,17)),((18,19),(20,21))))))),(22,23)),24); 0.0314998
(1,2,((3,4),((((((5,6),(7,8)),(9,10)),((11,12),((13,14),15))),(((16,17),18),(19,20))),((21,22),(23,24))))); 0.0371114
(1,2,((3,4),(((((5,6),(7,8)),((9,10),(11,12))),(((13,14),(15,16)),((17,18),19))),(((20,21),22),(23,24))))); 0.0365207
(1,(((2,(3,4)),(((5,6),((7,8),(9,10))),((11,(12,13)),(((14,15),(16,17)),((18,19),(20,21)))))),(22,23)),24); 0.0327322
(1,2,(((((3,4),(5,6)),((7,8),(9,10))),((((11,12),(13,14)),((15,16),(17,18))),((19,20),(21,22)))),(23,24))); 0.0412809
(1,((2,(3,4)),((((((5,6),7),8),(9,10)),(((11,12),(13,14)),((15,(16,17)),(18,(19,(20,21)))))),(22,23))),24); 0.0272764
(1,((2,(3,4)),((((5,6),(7,8)),((9,10),(11,12))),(((((13,14),15),(16,17)),(18,19)),((20,21),(22,23))))),24); 0.0317378
(1,2,((3,4),((((5,(6,7)),(8,(9,10))),(((11,12),(13,14)),((15,16),(17,18)))),(((19,20),(21,22)),(23,24))))); 0.0376722
(1,((2,(3,4)),((((((5,6),(7,8)),(9,10)),((11,12),((13,14),15))),(((16,17),18),(19,20))),((21,22),23))),24); 0.0352509
(1,2,((3,4),((((5,6),((7,8),(9,10))),(((11,12),(13,14)),(((15,16),17),(18,19)))),(((20,21),22),(23,24))))); 0.0354544
(1,((((2,(3,4)),((((5,6),(7,8)),((9,10),(11,12))),(((13,14),(15,16)),((17,18),(19,20))))),(21,22)),23),24); 0.0388295
(1,2,((((3,4),(5,6)),(((7,8),(9,10)),((11,12),((13,14),(15,(16,17)))))),((((18,19),20),(21,22)),(23,24)))); 0.0374185
(1,(2,((3,4),((5,(6,7)),((((8,9),10),(11,12)),(((((13,14),15),(16,17)),(18,19)),((20,21),(22,23))))))),24); 0.0307325
(1,2,(((((3,4),5),((6,7),(8,(9,10)))),((((11,12),((13,14),(15,16))),((17,18),(19,20))),(21,22))),(23,24))); 0.038862
(1,2,((3,4),((((((5,6),(7,8)),(9,10)),((11,12),(13,(14,15)))),(((16,17),18),(19,20))),((21,22),(23,24))))); 0.039508
(1,2,(((((3,4),(5,6)),(((7,8),(9,10)),(((11,12),(13,14)),(((15,16),17),((18,19),(20,21)))))),(22,23)),24)); 0.0348304
(1,((2,3),(((4,5),(6,7)),((8,(9,10)),(((11,12),(13,(14,15))),(((16,17),(18,19)),((20,21),(22,23))))))),24); 0.029321
