Pi: 0.212867 0.251302 0.294631   0.2412
S: 0.0834347  0.149633 0.0646021  0.251947   0.34563  0.104753
