Pi: 0.213522 0.252161 0.294935 0.239382
S: 0.0841455  0.146874  0.065576  0.253296  0.344653  0.105455
