
Alignment summary:
Caecomyces_communis: -=130 A=413 C=310 G=399 N=1 T=407
Absidia_glauca: -=143 A=417 C=307 G=392 T=401
Rhizopus_oryzae: -=141 A=415 C=308 G=402 T=394
Mucor_hiemalis: -=159 A=418 C=301 G=393 T=389
Mortierella_polycephala: -=182 A=423 C=302 G=373 T=380
Echinosporangium_transversale: -=241 A=390 C=289 G=368 T=372
Mortierella_wolfii: -=214 A=391 C=287 G=387 T=381
Piromyces_communis: -=194 A=403 C=297 G=382 S=1 T=383
Kickxella_alabastrina: -=194 A=418 C=305 G=380 R=1 S=2 T=360
Linderina_pennispora: -=211 A=401 C=293 G=382 T=373
Dipsacomyces_acuminosporus: -=188 A=391 C=300 G=396 S=1 T=384
Entomophthora_muscae: -=160 A=412 C=307 G=400 T=381
Conidiobolus_coronatus: -=176 A=414 C=293 G=391 T=386
Smittium_culisetae: -=183 A=421 C=295 G=385 T=376
Furculomyces_boomerangus: -=182 A=418 C=288 G=377 T=395
Capniomyces_stellatus: -=164 A=429 C=283 G=390 N=1 T=393
Blastocladiella_emersonii: -=211 A=414 C=266 G=371 T=398
Chytridium_confervae: -=216 A=407 C=279 G=362 T=396
Neocallimastix_frontalis: -=219 A=404 C=275 G=376 T=386
Ustilago_hordii: -=217 A=417 C=279 G=376 T=371
Endogone_pisiforme: -=225 A=395 C=277 G=395 T=368
Glomus_mossae: -=240 A=400 C=282 G=371 T=367
Gigaspora_margarita: -=176 A=418 C=296 G=374 T=396
Coprinus_cinereus: -=188 A=417 C=287 G=373 T=395
Boletus_satanas: -=221 A=404 C=270 G=377 R=1 T=387
Morchella_elata: -=237 A=401 C=264 G=377 T=381
Peziza_badia: -=237 A=403 C=272 G=364 T=384
Saccharomyces_cerevisiae: -=202 A=410 C=282 G=367 T=399
Pneumocystis_carinii: -=191 A=423 C=269 G=369 T=408
Eurotium_rubrum: -=195 A=417 C=268 G=372 T=408
Neurospora_crassa: -=190 A=416 C=276 G=368 T=410
Taphrina_deformans: -=189 A=410 C=284 G=381 T=396
Schizosaccharomyces_pombe: -=234 A=403 C=265 G=366 T=392
Caenorhabditis_drosophilae: -=217 A=406 C=278 G=362 T=397
Hydra_littoralis: -=171 A=404 C=296 G=390 T=399
Calanus_pacificus: -=135 A=431 C=300 G=392 T=402
Coleochaete_scutata: -=135 A=426 C=293 G=399 T=407
Physcomitrella_patens: -=131 A=419 C=287 G=410 T=413
Arabidopsis_thaliana: -=125 A=426 C=284 G=405 T=420
Zea_mays: -=131 A=415 C=293 G=411 T=410
Mesostigma_viride: -=127 A=431 C=301 G=398 T=403
Xenopus_laevis: -=125 A=422 C=304 G=409 T=400
Gallus_gallus: -=126 A=417 C=305 G=408 T=404

Seed = 540458931

Jukes-Cantor Distance Matrix:

        0  0.104722  0.139957  0.153734  0.144155  0.159111  0.158482   0.15166  0.143547  0.146581  0.167659  0.157765  0.146143  0.168049  0.171981   0.16621  0.150699  0.175462  0.143142   0.16325  0.166518  0.176431  0.166886  0.176829  0.164362  0.144155  0.136101  0.136741  0.142271  0.136741  0.142782  0.142782  0.137923  0.130565  0.138175   0.12783   0.15346  0.133556  0.127553  0.153009  0.151609  0.142007  0.120085
 0.104722         0  0.107557   0.14297  0.125384  0.149666  0.143847  0.146752  0.143586  0.138117  0.165367  0.149477  0.143908  0.170365  0.158604  0.160058  0.142619  0.166425  0.139208  0.147851  0.173494  0.160525  0.161292  0.170023   0.16024  0.159624   0.13449  0.138952  0.142706  0.123078  0.129083   0.13093  0.132652  0.132743  0.140767  0.134634  0.134931  0.135536  0.128481  0.149908  0.155537  0.129179  0.129086
 0.139957  0.107557         0  0.124677  0.124108  0.147331  0.146069  0.141135  0.144655  0.135266  0.162545  0.147533  0.154705   0.16649  0.172719  0.173179  0.159234  0.189249  0.158482  0.166465  0.170664  0.172391  0.164983  0.168538  0.170527  0.165113  0.144723  0.146468  0.156157  0.141135  0.147202  0.144058  0.148033  0.146182  0.152942  0.143821  0.149645  0.152478  0.148432  0.163813  0.188915  0.158247  0.155435
 0.153734   0.14297  0.124677         0  0.112592  0.143031  0.154071  0.145469  0.141866  0.138566  0.144813  0.149162  0.153833  0.184437  0.175708  0.186262  0.181752  0.203412  0.180183  0.187559  0.180036  0.168089  0.181174  0.182448  0.164481  0.167403  0.151471  0.146635  0.153138   0.14635  0.145667  0.160474  0.154243  0.161262  0.166011   0.15288  0.164013  0.163517  0.163247   0.17612  0.185888  0.176036   0.17179
 0.144155  0.125384  0.124108  0.112592         0  0.103665  0.115468  0.130568   0.12089  0.131411   0.15209  0.144099  0.154529  0.169926  0.167137  0.171095  0.160665  0.197737  0.162621  0.181154  0.180223  0.166246  0.161617  0.169826  0.156292  0.160049  0.140506  0.142835   0.15118  0.126368  0.132571  0.140288  0.154177  0.146926  0.155499  0.138391  0.134993  0.155096  0.145593  0.158361  0.159327  0.163316  0.158121
 0.159111  0.149666  0.147331  0.143031  0.103665         0  0.109396  0.122485  0.130424  0.129257  0.168974  0.161697  0.157321   0.18203  0.177046  0.198442  0.178458  0.209958  0.172921   0.19062   0.19574  0.188985   0.18785  0.184965  0.180819  0.180239  0.157939  0.161953  0.161663  0.149795  0.158218  0.177989  0.177913  0.170639  0.177341  0.161018  0.167895  0.173151  0.157854  0.175861  0.179528  0.189249  0.158733
 0.158482  0.143847  0.146069  0.154071  0.115468  0.109396         0 0.0878801  0.108459  0.127818  0.155938   0.15974  0.152936  0.170297  0.170926  0.168927  0.174626  0.197945  0.164702  0.177192  0.182742  0.186049  0.189418  0.189742  0.174209  0.176435   0.16168  0.163988  0.166302  0.147285  0.156419  0.161202  0.170931  0.161244  0.177243  0.164721  0.164333  0.162713  0.165046  0.170617  0.183997  0.180141  0.156388
  0.15166  0.146752  0.141135  0.145469  0.130568  0.122485 0.0878801         0 0.0863948  0.113249  0.142206  0.153907   0.14905  0.157225  0.156223  0.175827   0.17695  0.194009  0.159785  0.165695  0.173256  0.170654  0.178249  0.178934  0.158873  0.151252  0.149052  0.150909  0.157714    0.1444  0.148217  0.151871   0.16273  0.149197  0.170938  0.158114  0.157869  0.156037  0.150005  0.164502  0.177891  0.179087  0.177614
 0.143547  0.143586  0.144655  0.141866   0.12089  0.130424  0.108459 0.0863948         0 0.0722105  0.120535  0.135058  0.132721  0.151336  0.157225  0.158106  0.151927  0.179442  0.145196  0.168608  0.172109  0.160342  0.167268   0.16876   0.15264  0.150962  0.131264  0.132474  0.139029  0.130454   0.13609  0.144169  0.148211  0.140279  0.158608  0.150891  0.154568  0.147034  0.151311  0.157256  0.166838  0.164248  0.163134
 0.146581  0.138117  0.135266  0.138566  0.131411  0.129257  0.127818  0.113249 0.0722105         0 0.0875499  0.122283  0.115999  0.142013  0.165972  0.158861  0.142631  0.170322   0.14145  0.152832  0.152421  0.143732  0.146044  0.155266  0.146324  0.139473  0.131371  0.123459  0.135029  0.126624  0.128665  0.134818  0.134968   0.13381  0.150503    0.1447   0.15515  0.143513  0.143696  0.155271  0.164433  0.149649  0.166921
 0.167659  0.165367  0.162545  0.144813   0.15209  0.168974  0.155938  0.142206  0.120535 0.0875499         0   0.11151  0.133276  0.171085  0.166386  0.178747  0.159765  0.171194  0.159518  0.171326  0.149806  0.154004  0.172319  0.170512  0.157964  0.163363  0.141219  0.138124  0.146295  0.139489  0.141486  0.144252  0.164409  0.162518   0.17245  0.156409  0.166709  0.161666  0.164951   0.18084   0.18274  0.172581  0.184215
 0.157765  0.149477  0.147533  0.149162  0.144099  0.161697   0.15974  0.153907  0.135058  0.122283   0.11151         0 0.0992284  0.141169  0.161883  0.176699  0.162606   0.19355  0.157596   0.16664  0.164614  0.147046   0.16058  0.173821  0.173226  0.157838  0.128785  0.134818  0.149796   0.13398  0.146008   0.14099  0.152174  0.147158  0.163307  0.151789  0.165705  0.160763  0.156575  0.174543  0.170873  0.178147  0.171263
 0.146143  0.143908  0.154705  0.153833  0.154529  0.157321  0.152936   0.14905  0.132721  0.115999  0.133276 0.0992284         0  0.115785  0.158482  0.172581   0.15573   0.18128  0.150463  0.155799  0.159636  0.146749  0.160222  0.167801  0.159121  0.145499  0.134979  0.124964  0.139317  0.134069  0.136635  0.139739  0.131435  0.131214  0.145491  0.145359  0.160058  0.153526  0.151757  0.172512  0.167956  0.164165  0.168942
 0.168049  0.170365   0.16649  0.184437  0.169926   0.18203  0.170297  0.157225  0.151336  0.142013  0.171085  0.141169  0.115785         0  0.125666  0.162362  0.168957   0.19219  0.165548  0.174723  0.168866   0.17369  0.173759  0.185883  0.157966  0.163853   0.15405  0.149337   0.16306  0.148386  0.155454  0.142687  0.161512  0.145565  0.172939  0.170439  0.174257  0.186856  0.160673  0.188042  0.190408  0.181153   0.18893
 0.171981  0.158604  0.172719  0.175708  0.167137  0.177046  0.170926  0.156223  0.157225  0.165972  0.166386  0.161883  0.158482  0.125666         0  0.124016  0.148071  0.176624  0.163981  0.175698  0.172676  0.167033  0.177197  0.163664  0.157582  0.171895  0.167265  0.159759  0.164451  0.154307  0.149828  0.150185  0.166661  0.162865  0.173419  0.163134  0.159335  0.168179  0.153526  0.185097   0.18893  0.173179  0.179823
  0.16621  0.160058  0.173179  0.186262  0.171095  0.198442  0.168927  0.175827  0.158106  0.158861  0.178747  0.176699  0.172581  0.162362  0.124016         0  0.132159  0.168021  0.159487  0.169963  0.170159   0.14758  0.145791  0.168771  0.156325  0.155912  0.144678  0.150582  0.155239  0.152241  0.151525  0.143142  0.149851  0.139663  0.170691    0.1532  0.168168  0.158963  0.152049  0.177065  0.177201  0.175666   0.17363
 0.150699  0.142619  0.159234  0.181752  0.160665  0.178458  0.174626   0.17695  0.151927  0.142631  0.159765  0.162606   0.15573  0.168957  0.148071  0.132159         0  0.117812  0.124165  0.168139  0.167543  0.164075  0.155578  0.151372  0.149885  0.155295  0.127284  0.131011  0.131602  0.131918  0.137288  0.149773  0.142216  0.135517  0.148335  0.146637  0.159227  0.133686  0.137161  0.157987  0.163203  0.143918  0.165954
 0.175462  0.166425  0.189249  0.203412  0.197737  0.209958  0.197945  0.194009  0.179442  0.170322  0.171194   0.19355   0.18128   0.19219  0.176624  0.168021  0.117812         0  0.105133  0.151363  0.183254  0.180154   0.17912  0.177146  0.146284  0.169398   0.14601  0.140734  0.146154  0.149973  0.148472  0.151927  0.149955  0.141799  0.168401  0.181112  0.189091  0.171772   0.16819  0.195754  0.187283  0.189689   0.18563
 0.143142  0.139208  0.158482  0.180183  0.162621  0.172921  0.164702  0.159785  0.145196   0.14145  0.159518  0.157596  0.150463  0.165548  0.163981  0.159487  0.124165  0.105133         0  0.104351  0.137965  0.157152  0.155315  0.157582  0.140898  0.141507  0.129867  0.132877  0.144725   0.12372   0.12659   0.12986  0.135262  0.137301  0.154764  0.155607  0.156234  0.145604  0.145038  0.175407   0.17362  0.160727  0.148817
  0.16325  0.147851  0.166465  0.187559  0.181154   0.19062  0.177192  0.165695  0.168608  0.152832  0.171326   0.16664  0.155799  0.174723  0.175698  0.169963  0.168139  0.151363  0.104351         0 0.0870316  0.121231  0.141596  0.155534  0.155472  0.147787  0.137197  0.135078  0.143833  0.128278  0.130381  0.136301    0.1356  0.135058  0.153993  0.163508  0.172112  0.158607  0.153644  0.190764  0.184402  0.172932  0.160105
 0.166518  0.173494  0.170664  0.180036  0.180223   0.19574  0.182742  0.173256  0.172109  0.152421  0.149806  0.164614  0.159636  0.168866  0.172676  0.170159  0.167543  0.183254  0.137965 0.0870316         0 0.0737217  0.121375  0.148931  0.136852  0.152201  0.144438  0.143683  0.153671   0.13807  0.147166  0.134979  0.145263  0.142738  0.153099  0.158231  0.167714  0.162885  0.164883  0.185294  0.189858  0.181838  0.170603
 0.176431  0.160525  0.172391  0.168089  0.166246  0.188985  0.186049  0.170654  0.160342  0.143732  0.154004  0.147046  0.146749   0.17369  0.167033   0.14758  0.164075  0.180154  0.157152  0.121231 0.0737217         0 0.0877971  0.136083  0.133595  0.148033  0.137079  0.133135  0.140227  0.133942  0.146869  0.150752  0.135695  0.135037  0.161363  0.156827  0.163849  0.171693  0.160514  0.192048   0.19096  0.183882  0.175807
 0.166886  0.161292  0.164983  0.181174  0.161617   0.18785  0.189418  0.178249  0.167268  0.146044  0.172319   0.16058  0.160222  0.173759  0.177197  0.145791  0.155578   0.17912  0.155315  0.141596  0.121375 0.0877971         0  0.113081   0.13899  0.132523   0.12111  0.124186  0.136208  0.124257  0.130596  0.130495  0.126227  0.122706  0.156868  0.147533  0.163464  0.160785  0.157758  0.173642  0.175374  0.178158  0.170061
 0.176829  0.170023  0.168538  0.182448  0.169826  0.184965  0.189742  0.178934   0.16876  0.155266  0.170512  0.173821  0.167801  0.185883  0.163664  0.168771  0.151372  0.177146  0.157582  0.155534  0.148931  0.136083  0.113081         0  0.109905  0.141909  0.139939   0.13566  0.137495  0.139332  0.127371   0.14073  0.142118  0.136083  0.159867  0.163283  0.172181  0.162651  0.161541  0.178309  0.177847  0.175266   0.17803
 0.164362   0.16024  0.170527  0.164481  0.156292  0.180819  0.174209  0.158873   0.15264  0.146324  0.157964  0.173226  0.159121  0.157966  0.157582  0.156325  0.149885  0.146284  0.140898  0.155472  0.136852  0.133595   0.13899  0.109905         0 0.0926424  0.123968  0.123599  0.121206  0.113735  0.125887   0.12685  0.138677  0.121428  0.139585   0.14744  0.161107  0.156737  0.145781  0.167888  0.166386  0.173545  0.161602
 0.144155  0.159624  0.165113  0.167403  0.160049  0.180239  0.176435  0.151252  0.150962  0.139473  0.163363  0.157838  0.145499  0.163853  0.171895  0.155912  0.155295  0.169398  0.141507  0.147787  0.152201  0.148033  0.132523  0.141909 0.0926424         0 0.0735346  0.102576  0.121792  0.112612  0.123918  0.123346  0.124589  0.115928  0.137073   0.14073  0.157344  0.145822  0.139317  0.170451  0.170588  0.159994  0.170177
 0.136101   0.13449  0.144723  0.151471  0.140506  0.157939   0.16168  0.149052  0.131264  0.131371  0.141219  0.128785  0.134979   0.15405  0.167265  0.144678  0.127284   0.14601  0.129867  0.137197  0.144438  0.137079   0.12111  0.139939  0.123968 0.0735346         0 0.0534597 0.0869089  0.104394  0.111286  0.115035  0.118083  0.117796  0.126691  0.124739  0.149592  0.133965  0.122675  0.144268  0.163664  0.140377  0.154105
 0.136741  0.138952  0.146468  0.146635  0.142835  0.161953  0.163988  0.150909  0.132474  0.123459  0.138124  0.134818  0.124964  0.149337  0.159759  0.150582  0.131011  0.140734  0.132877  0.135078  0.143683  0.133135  0.124186   0.13566  0.123599  0.102576 0.0534597         0 0.0708277 0.0858078  0.109815  0.107086  0.111315  0.109298  0.118888    0.1251  0.139153  0.127289  0.120438  0.146301  0.154309  0.143547  0.150542
 0.142271  0.142706  0.156157  0.153138   0.15118  0.161663  0.166302  0.157714  0.139029  0.135029  0.146295  0.149796  0.139317   0.16306  0.164451  0.155239  0.131602  0.146154  0.144725  0.143833  0.153671  0.140227  0.136208  0.137495  0.121206  0.121792 0.0869089 0.0708277         0 0.0705217 0.0970515  0.114607  0.112374  0.111315  0.131458  0.132084   0.14351  0.133636  0.129944  0.148321  0.161417   0.15315  0.148208
 0.136741  0.123078  0.141135   0.14635  0.126368  0.149795  0.147285    0.1444  0.130454  0.126624  0.139489   0.13398  0.134069  0.148386  0.154307  0.152241  0.131918  0.149973   0.12372  0.128278   0.13807  0.133942  0.124257  0.139332  0.113735  0.112612  0.104394 0.0858078 0.0705217         0 0.0828126 0.0997041  0.101812 0.0985886 0.0986361  0.109569  0.119986  0.111093  0.115498  0.146977  0.137989  0.148321  0.135188
 0.142782  0.129083  0.147202  0.145667  0.132571  0.158218  0.156419  0.148217   0.13609  0.128665  0.141486  0.146008  0.136635  0.155454  0.149828  0.151525  0.137288  0.148472   0.12659  0.130381  0.147166  0.146869  0.130596  0.127371  0.125887  0.123918  0.111286  0.109815 0.0970515 0.0828126         0 0.0852445 0.0974258  0.105702  0.113338  0.122062  0.134983  0.119447  0.128017  0.148095   0.14748  0.136948  0.144524
 0.142782   0.13093  0.144058  0.160474  0.140288  0.177989  0.161202  0.151871  0.144169  0.134818  0.144252   0.14099  0.139739  0.142687  0.150185  0.143142  0.149773  0.151927   0.12986  0.136301  0.134979  0.150752  0.130495   0.14073   0.12685  0.123346  0.115035  0.107086  0.114607 0.0997041 0.0852445         0 0.0879384  0.108221  0.130534  0.131885   0.13757  0.125855  0.128017   0.15909  0.163614  0.152799  0.148095
 0.137923  0.132652  0.148033  0.154243  0.154177  0.177913  0.170931   0.16273  0.148211  0.134968  0.164409  0.152174  0.131435  0.161512  0.166661  0.149851  0.142216  0.149955  0.135262    0.1356  0.145263  0.135695  0.126227  0.142118  0.138677  0.124589  0.118083  0.111315  0.112374  0.101812 0.0974258 0.0879384         0 0.0866272  0.110311  0.120817  0.129167  0.121375  0.128665  0.144268  0.154083  0.154348  0.153839
 0.130565  0.132743  0.146182  0.161262  0.146926  0.170639  0.161244  0.149197  0.140279   0.13381  0.162518  0.147158  0.131214  0.145565  0.162865  0.139663  0.135517  0.141799  0.137301  0.135058  0.142738  0.135037  0.122706  0.136083  0.121428  0.115928  0.117796  0.109298  0.111315 0.0985886  0.105702  0.108221 0.0866272         0 0.0978511  0.111371  0.124749  0.110165  0.106439  0.129533  0.136426  0.134964  0.136636
 0.138175  0.140767  0.152942  0.166011  0.155499  0.177341  0.177243  0.170938  0.158608  0.150503   0.17245  0.163307  0.145491  0.172939  0.173419  0.170691  0.148335  0.168401  0.154764  0.153993  0.153099  0.161363  0.156868  0.159867  0.139585  0.137073  0.126691  0.118888  0.131458 0.0986361  0.113338  0.130534  0.110311 0.0978511         0  0.106076  0.116719   0.12721  0.121142  0.135113  0.151675  0.151935  0.147083
  0.12783  0.134634  0.143821   0.15288  0.138391  0.161018  0.164721  0.158114  0.150891    0.1447  0.156409  0.151789  0.145359  0.170439  0.163134    0.1532  0.146637  0.181112  0.155607  0.163508  0.158231  0.156827  0.147533  0.163283   0.14744   0.14073  0.124739    0.1251  0.132084  0.109569  0.122062  0.131885  0.120817  0.111371  0.106076         0 0.0982116  0.124597  0.127094  0.150687  0.143431  0.144299  0.148044
  0.15346  0.134931  0.149645  0.164013  0.134993  0.167895  0.164333  0.157869  0.154568   0.15515  0.166709  0.165705  0.160058  0.174257  0.159335  0.168168  0.159227  0.189091  0.156234  0.172112  0.167714  0.163849  0.163464  0.172181  0.161107  0.157344  0.149592  0.139153   0.14351  0.119986  0.134983   0.13757  0.129167  0.124749  0.116719 0.0982116         0  0.127277  0.133092  0.161757  0.151054  0.163497  0.149439
 0.133556  0.135536  0.152478  0.163517  0.155096  0.173151  0.162713  0.156037  0.147034  0.143513  0.161666  0.160763  0.153526  0.186856  0.168179  0.158963  0.133686  0.171772  0.145604  0.158607  0.162885  0.171693  0.160785  0.162651  0.156737  0.145822  0.133965  0.127289  0.133636  0.111093  0.119447  0.125855  0.121375  0.110165   0.12721  0.124597  0.127277         0  0.105126  0.132592  0.148199  0.141596   0.13813
 0.127553  0.128481  0.148432  0.163247  0.145593  0.157854  0.165046  0.150005  0.151311  0.143696  0.164951  0.156575  0.151757  0.160673  0.153526  0.152049  0.137161   0.16819  0.145038  0.153644  0.164883  0.160514  0.157758  0.161541  0.145781  0.139317  0.122675  0.120438  0.129944  0.115498  0.128017  0.128017  0.128665  0.106439  0.121142  0.127094  0.133092  0.105126         0  0.113585  0.133206  0.129205  0.142185
 0.153009  0.149908  0.163813   0.17612  0.158361  0.175861  0.170617  0.164502  0.157256  0.155271   0.18084  0.174543  0.172512  0.188042  0.185097  0.177065  0.157987  0.195754  0.175407  0.190764  0.185294  0.192048  0.173642  0.178309  0.167888  0.170451  0.144268  0.146301  0.148321  0.146977  0.148095   0.15909  0.144268  0.129533  0.135113  0.150687  0.161757  0.132592  0.113585         0  0.132209  0.123772   0.15153
 0.151609  0.155537  0.188915  0.185888  0.159327  0.179528  0.183997  0.177891  0.166838  0.164433   0.18274  0.170873  0.167956  0.190408   0.18893  0.177201  0.163203  0.187283   0.17362  0.184402  0.189858   0.19096  0.175374  0.177847  0.166386  0.170588  0.163664  0.154309  0.161417  0.137989   0.14748  0.163614  0.154083  0.136426  0.151675  0.143431  0.151054  0.148199  0.133206  0.132209         0  0.142567  0.158366
 0.142007  0.129179  0.158247  0.176036  0.163316  0.189249  0.180141  0.179087  0.164248  0.149649  0.172581  0.178147  0.164165  0.181153  0.173179  0.175666  0.143918  0.189689  0.160727  0.172932  0.181838  0.183882  0.178158  0.175266  0.173545  0.159994  0.140377  0.143547   0.15315  0.148321  0.136948  0.152799  0.154348  0.134964  0.151935  0.144299  0.163497  0.141596  0.129205  0.123772  0.142567         0  0.134775
 0.120085  0.129086  0.155435   0.17179  0.158121  0.158733  0.156388  0.177614  0.163134  0.166921  0.184215  0.171263  0.168942   0.18893  0.179823   0.17363  0.165954   0.18563  0.148817  0.160105  0.170603  0.175807  0.170061   0.17803  0.161602  0.170177  0.154105  0.150542  0.148208  0.135188  0.144524  0.148095  0.153839  0.136636  0.147083  0.148044  0.149439   0.13813  0.142185   0.15153  0.158366  0.134775         0


JC Tree topology:
(1,2,((((((((3,4),((5,6),(7,8))),(((9,10),11),(12,13))),(((14,15),16),(17,(18,19)))),((((20,(21,22)),(23,24)),(25,26)),((((27,28),29),30),(31,(32,33))))),(34,(35,(36,37)))),((38,39),((40,42),41))),43));

Putting MLE Branch Lengths
p: 0.279217 0.195231 0.260162  0.26539
s: 0.0978946  0.239261  0.142469  0.089219  0.306167   0.12499
Q: 
-0.858874  0.175302   0.42845  0.255122
 0.250714  -1.26332  0.228495  0.784112
 0.459831  0.171468 -0.871516  0.240216
 0.268414  0.576824  0.235483  -1.08072

(30:0.0380218,29:0.0366093,((27:0.0390392,28:0.0172203):0.0290132,(((((((16:0.0661902,15:0.0625099):0.0223178,14:0.0816481):0.0217772,((18:0.0578045,19:0.0504749):0.0251472,17:0.0549992):0.0285153):0.0170038,(((3:0.0664887,4:0.0624396):0.0220530,((7:0.0448517,8:0.0447266):0.0294672,(6:0.0602856,5:0.0454638):0.0194614):0.0143089):0.0207343,((13:0.0507885,12:0.0515814):0.0305695,(11:0.0610546,(9:0.0519729,10:0.0251999):0.0156629):0.0199423):0.0166490):0.0204169):0.0066373,((34:0.0592981,(35:0.0554012,(37:0.0590950,36:0.0433139):0.0164307):0.0070223):0.0160221,(((41:0.0807649,(40:0.0635691,42:0.0654210):0.0096102):0.0154233,(39:0.0545516,38:0.0581360):0.0109607):0.0093912,(2:0.0604153,(1:0.0524466,43:0.0770670):0.0174419):0.0257563):0.0105428):0.0156437):0.0137887,((31:0.0456674,32:0.0443930):0.0113283,33:0.0490202):0.0147110):0.0054393,(((24:0.0631974,23:0.0538212):0.0231581,(20:0.0504073,(22:0.0472665,21:0.0284367):0.0239115):0.0353918):0.0181367,(25:0.0491874,26:0.0438690):0.0309162):0.0156821):0.0232974):0.0140167);
stationary acceptance: 0.213806
symmetric acceptance: 0.138299
branch length acceptance: 0.546281
avgP: 0.273813 0.211939 0.271945 0.242303
sP: 3.69083e-05 4.46254e-05 6.39808e-05 4.59445e-05
avgS: 0.0857624  0.244329  0.143641 0.0799126  0.328423  0.117932
sS: 1.90459e-05 6.16517e-05 4.05217e-05 1.86565e-05 6.97557e-05 3.30641e-05
0.273813 0.211939 0.271945 0.242303
0.0857624  0.244329  0.143641 0.0799126  0.328423  0.117932

-0.865066  0.156607   0.44616  0.262298
 0.202328  -1.16566  0.188527  0.774805
 0.449225  0.146928 -0.812984   0.21683
 0.296409  0.677711  0.243356  -1.21748

GTR Distance Matrix:

        0   0.10482  0.141158  0.154923  0.144592  0.160525  0.159839  0.153143  0.145029  0.147689   0.16831  0.158812  0.147285  0.169617  0.173248  0.168039  0.152736  0.176995  0.144102  0.164992  0.169261  0.178578  0.168767  0.178735  0.165407  0.145638  0.136745  0.137822  0.143205  0.137499  0.142925  0.143377   0.13865  0.131205  0.139119  0.128889  0.154603  0.134518  0.127961  0.154956  0.153106  0.142442  0.120358
  0.10482         0  0.107856  0.144005  0.125254  0.150332  0.144432  0.147766  0.144806  0.138964  0.166493  0.150253  0.145112  0.172159  0.159456  0.161004  0.144541  0.167988  0.140019  0.149188  0.175551  0.161711  0.161863  0.171569  0.161251  0.160229  0.134908    0.1398  0.143415  0.123655  0.129637   0.13165  0.133312   0.13333  0.141451   0.13542  0.135414  0.136575  0.128858  0.151319  0.156451   0.12984  0.129572
 0.141158  0.107856         0  0.125437  0.124573  0.148454  0.147019  0.142438  0.146351  0.136575  0.163876  0.149397  0.156074  0.169025  0.174637   0.17575  0.161794  0.192792  0.160962  0.169068  0.173779  0.175246  0.166941  0.171172  0.173045  0.167038  0.145685  0.148191  0.157741  0.142095  0.147879  0.145463  0.149555  0.147258  0.154806  0.145796  0.151602  0.154503  0.150002  0.166191  0.191764  0.160295  0.157385
 0.154923  0.144005  0.125437         0  0.113191  0.144586  0.155384  0.147112  0.143709  0.140435  0.146614  0.150942  0.155471  0.187233  0.178269  0.189648   0.18476   0.20658  0.182828  0.190767   0.18357  0.171093  0.183524  0.184869  0.166685  0.169188  0.152487  0.148121  0.154958  0.148058    0.1467  0.162243  0.155364  0.162545  0.168125  0.154956  0.166253  0.165421  0.165487  0.179183  0.189012   0.17843  0.173824
 0.144592  0.125254  0.124573  0.113191         0  0.103674  0.115436  0.131009  0.121341  0.132054  0.153004  0.145417  0.155619  0.171433  0.168244  0.173009  0.162463  0.199504  0.163729  0.182887  0.182849  0.168831  0.163137  0.171531  0.157929  0.161092  0.140734  0.143591  0.152174  0.127124  0.133117  0.141046  0.154958     0.147  0.156622  0.139544  0.135861  0.156228  0.146496  0.160222  0.160707  0.164129  0.159021
 0.160525  0.150332  0.148454  0.144586  0.103674         0  0.109735  0.122061  0.131166  0.130157  0.170141  0.163099  0.158549   0.18303  0.177821  0.200726  0.180456  0.212937  0.175088  0.192852  0.198564  0.191207  0.189504   0.18656  0.183354   0.18212  0.158384  0.163165  0.163202  0.150817  0.158708   0.17935  0.178678   0.17132  0.179158  0.162746  0.168836  0.174546  0.159393  0.177616   0.18122  0.191043  0.159873
 0.159839  0.144432  0.147019  0.155384  0.115436  0.109735         0 0.0876257  0.108899  0.127887  0.156194   0.16077  0.153678  0.172365  0.173138    0.1717  0.177276  0.200732  0.166969  0.179789  0.186099  0.189179  0.191782  0.192204  0.176385  0.177772  0.162009  0.165195  0.167811  0.148377  0.157236   0.16271  0.172725  0.162784  0.179897  0.166859  0.166173  0.164458  0.166805  0.173125  0.186099  0.182023  0.157873
 0.153143  0.147766  0.142438  0.147112  0.131009  0.122061 0.0876257         0 0.0870251  0.113687   0.14305  0.155505  0.149871  0.158513  0.157653  0.179107  0.179635  0.196926   0.16217  0.168163  0.176006  0.173272  0.180429  0.180957  0.160774  0.152741  0.149815  0.152469  0.159918  0.145937  0.149407  0.153555  0.164462  0.150624  0.173464  0.160376  0.159894  0.158213  0.152396  0.167171  0.179955  0.181125   0.17933
 0.145029  0.144806  0.146351  0.143709  0.121341  0.131166  0.108899 0.0870251         0 0.0724211  0.121256  0.136809  0.133969  0.153008  0.159297  0.160899  0.154652  0.182489  0.147608  0.171644  0.175712   0.16314  0.169639   0.17125  0.154911  0.153089  0.131573  0.133658  0.140719  0.131794  0.137171  0.145852   0.14966  0.141327  0.161075  0.153191  0.156028  0.149091  0.153196  0.159964  0.169073  0.166074  0.164957
 0.147689  0.138964  0.136575  0.140435  0.132054  0.130157  0.127887  0.113687 0.0724211         0 0.0874019  0.122735  0.116152  0.142723  0.166672  0.160705   0.14455  0.172344  0.143222  0.154497  0.154687  0.145853  0.147913  0.157208  0.148051  0.141158  0.132117  0.124451  0.136557  0.127651  0.129307  0.135924  0.136177  0.134897  0.152522  0.146327  0.156262   0.14506  0.145411  0.157589  0.166365  0.150981  0.168021
  0.16831  0.166493  0.163876  0.146614  0.153004  0.170141  0.156194   0.14305  0.121256 0.0874019         0  0.111864  0.133176  0.172381  0.167609  0.181087  0.161831  0.172564  0.161073  0.173014  0.151646  0.156211  0.173964  0.172525  0.159033  0.164327  0.141496  0.138452   0.14735  0.139997  0.141551  0.144935  0.165082  0.162489  0.174035  0.157793  0.168459  0.162777  0.166247  0.182837  0.184786  0.174255  0.184702
 0.158812  0.150253  0.149397  0.150942  0.145417  0.163099   0.16077  0.155505  0.136809  0.122735  0.111864         0 0.0993354  0.142479  0.162891  0.178129  0.164181  0.194693  0.159002  0.168074  0.166413   0.14895  0.162426  0.175761  0.174617  0.159494  0.129356  0.135544  0.150577  0.134629  0.146633  0.141895  0.153179  0.147903  0.164903  0.153181  0.167083  0.162864  0.157887  0.176889  0.172649  0.180123  0.172492
 0.147285  0.145112  0.156074  0.155471  0.155619  0.158549  0.153678  0.149871  0.133969  0.116152  0.133176 0.0993354         0  0.116603  0.159316  0.174185   0.15708  0.182588   0.15208  0.158276  0.161902  0.148497  0.161746   0.16947  0.160437  0.146743  0.135426  0.125984  0.140102  0.134885  0.137148  0.140354  0.132475  0.131976  0.147077  0.146476  0.160996  0.154969  0.153037  0.173986  0.169019  0.165508  0.169789
 0.169617  0.172159  0.169025  0.187233  0.171433   0.18303  0.172365  0.158513  0.153008  0.142723  0.172381  0.142479  0.116603         0  0.126496  0.164733  0.170948  0.194345  0.167341  0.177158    0.1721  0.176954  0.176687  0.188752  0.160078  0.166272  0.155921  0.151668    0.1652  0.149781  0.156418  0.144158  0.163527  0.146823  0.174975  0.172168  0.175567  0.189312  0.162642  0.190797  0.192849  0.182952  0.190455
 0.173248  0.159456  0.174637  0.178269  0.168244  0.177821  0.173138  0.157653  0.159297  0.166672  0.167609  0.162891  0.159316  0.126496         0    0.1253  0.149198  0.178424  0.164995  0.177271  0.174395  0.168946  0.178557  0.165088   0.15954   0.17328   0.16779  0.161096  0.166071  0.155504  0.150442   0.15108  0.167885  0.163748  0.174635  0.165097  0.160684  0.170061  0.154731  0.186705   0.19107   0.17389  0.180893
 0.168039  0.161004   0.17575  0.189648  0.173009  0.200726    0.1717  0.179107  0.160899  0.160705  0.181087  0.178129  0.174185  0.164733    0.1253         0  0.133403  0.169735  0.161036  0.172153  0.173103  0.149802  0.147381  0.171066  0.158073  0.157786   0.14606   0.15252  0.157269  0.153734  0.152628  0.144267  0.150794  0.140972  0.172488  0.154911  0.170148   0.16104  0.154037  0.179702  0.179828  0.176826  0.174308
 0.152736  0.144541  0.161794   0.18476  0.162463  0.180456  0.177276  0.179635  0.154652   0.14455  0.161831  0.164181   0.15708  0.170948  0.149198  0.133403         0  0.118525  0.124968  0.171379  0.170389  0.165742  0.157275  0.152934   0.15184  0.157602  0.128853  0.132647  0.133324  0.133357  0.138596  0.151359   0.14402    0.1366  0.150268  0.148592  0.161084  0.135223  0.138374  0.160099  0.165603  0.145591  0.167497
 0.176995  0.167988  0.192792   0.20658  0.199504  0.212937  0.200732  0.196926  0.182489  0.172344  0.172564  0.194693  0.182588  0.194345  0.178424  0.169735  0.118525         0  0.105557  0.153151  0.185288  0.181526  0.182154   0.17975  0.147851  0.171373  0.147833  0.142748  0.147798  0.151419  0.149284  0.152704  0.151342  0.142849  0.170207  0.183112  0.191345  0.173804  0.169868  0.197861  0.189787  0.191419  0.187013
 0.144102  0.140019  0.160962  0.182828  0.163729  0.175088  0.166969   0.16217  0.147608  0.143222  0.161073  0.159002   0.15208  0.167341  0.164995  0.161036  0.124968  0.105557         0  0.105453  0.139571  0.159224  0.157241   0.15959  0.141845  0.142688  0.130736  0.134033  0.145822  0.124407  0.127039   0.13026  0.136197  0.137915  0.156147  0.156474  0.157357  0.147162  0.145769  0.177538  0.175811  0.162237  0.149358
 0.164992  0.149188  0.169068  0.190767  0.182887  0.192852  0.179789  0.168163  0.171644  0.154497  0.173014  0.168074  0.158276  0.177158  0.177271  0.172153  0.171379  0.153151  0.105453         0 0.0877343  0.122209  0.143227  0.158059  0.157304  0.150273  0.138825  0.136806  0.145257  0.129364   0.13146  0.137485  0.137133  0.135922  0.155954  0.165542  0.174514  0.161557  0.155521  0.194157  0.187567  0.174975  0.161246
 0.169261  0.175551  0.173779   0.18357  0.182849  0.198564  0.186099  0.176006  0.175712  0.154687  0.151646  0.166413  0.161902    0.1721  0.174395  0.173103  0.170389  0.185288  0.139571 0.0877343         0  0.074153  0.122614  0.151307  0.138478  0.154988  0.146028  0.145444  0.155116   0.13901  0.148333  0.136339  0.147105  0.144029  0.155419   0.16052  0.170542  0.166356  0.167592  0.189244  0.193216  0.184876  0.172497
 0.178578  0.161711  0.175246  0.171093  0.168831  0.191207  0.189179  0.173272   0.16314  0.145853  0.156211   0.14895  0.148497  0.176954  0.168946  0.149802  0.165742  0.181526  0.159224  0.122209  0.074153         0 0.0880544  0.137651  0.135075  0.149934  0.137947   0.13447  0.141437  0.135131  0.147725  0.152039  0.137221  0.136141  0.163393  0.158883   0.16661  0.174628  0.162349  0.195393  0.193691  0.186363  0.177474
 0.168767  0.161863  0.166941  0.183524  0.163137  0.189504  0.191782  0.180429  0.169639  0.147913  0.173964  0.162426  0.161746  0.176687  0.178557  0.147381  0.157275  0.182154  0.157241  0.143227  0.122614 0.0880544         0  0.113886  0.139654  0.133761  0.122067   0.12529  0.137437  0.125208  0.131255   0.13143  0.127251  0.123325  0.158213   0.14871  0.165005   0.16261  0.159037  0.175607  0.177439  0.179594  0.170805
 0.178735  0.171569  0.171172  0.184869  0.171531   0.18656  0.192204  0.180957   0.17125  0.157208  0.172525  0.175761   0.16947  0.188752  0.165088  0.171066  0.152934   0.17975   0.15959  0.158059  0.151307  0.137651  0.113886         0  0.110761  0.143079  0.141025  0.136425  0.138556  0.140421   0.12788  0.141576  0.143328   0.13632  0.161592  0.164803  0.173861  0.164247  0.162801  0.180364  0.179606  0.176696  0.179053
 0.165407  0.161251  0.173045  0.166685  0.157929  0.183354  0.176385  0.160774  0.154911  0.148051  0.159033  0.174617  0.160437  0.160078   0.15954  0.158073   0.15184  0.147851  0.141845  0.157304  0.138478  0.135075  0.139654  0.110761         0 0.0928553  0.124163   0.12404  0.121742  0.114046  0.125824  0.126937  0.139362  0.121722  0.140806  0.148844  0.162555  0.158111  0.146643  0.169619  0.168425  0.174662  0.161937
 0.145638  0.160229  0.167038  0.169188  0.161092   0.18212  0.177772  0.152741  0.153089  0.141158  0.164327  0.159494  0.146743  0.166272   0.17328  0.157786  0.157602  0.171373  0.142688  0.150273  0.154988  0.149934  0.133761  0.143079 0.0928553         0 0.0735732  0.102895  0.122721  0.113298  0.124411  0.123861  0.125399  0.116546  0.138955  0.142564  0.159348  0.147857  0.140846  0.172398  0.172514  0.161209  0.170931
 0.136745  0.134908  0.145685  0.152487  0.140734  0.158384  0.162009  0.149815  0.131573  0.132117  0.141496  0.129356  0.135426  0.155921   0.16779   0.14606  0.128853  0.147833  0.130736  0.138825  0.146028  0.137947  0.122067  0.141025  0.124163 0.0735732         0 0.0533142 0.0870516  0.104607  0.111722  0.115465  0.118781  0.118262  0.127622   0.12555  0.150409  0.135113  0.123383  0.145606  0.164643  0.141028  0.154366
 0.137822    0.1398  0.148191  0.148121  0.143591  0.163165  0.165195  0.152469  0.133658  0.124451  0.138452  0.135544  0.125984  0.151668  0.161096   0.15252  0.132647  0.142748  0.134033  0.136806  0.145444   0.13447   0.12529  0.136425   0.12404  0.102895 0.0533142         0 0.0706506 0.0856833   0.11011  0.107676  0.111951  0.109592  0.119786  0.125791  0.139965  0.128316   0.12137  0.147979  0.155732  0.144816  0.151272
 0.143205  0.143415  0.157741  0.154958  0.152174  0.163202  0.167811  0.159918  0.140719  0.136557   0.14735  0.150577  0.140102    0.1652  0.166071  0.157269  0.133324  0.147798  0.145822  0.145257  0.155116  0.141437  0.137437  0.138556  0.121742  0.122721 0.0870516 0.0706506         0  0.070365 0.0971005  0.115269  0.112653  0.111673  0.132537  0.133148  0.144128   0.13474  0.130766  0.149578   0.16308  0.153844  0.148701
 0.137499  0.123655  0.142095  0.148058  0.127124  0.150817  0.148377  0.145937  0.131794  0.127651  0.139997  0.134629  0.134885  0.149781  0.155504  0.153734  0.133357  0.151419  0.124407  0.129364   0.13901  0.135131  0.125208  0.140421  0.114046  0.113298  0.104607 0.0856833  0.070365         0  0.082815  0.100105   0.10195 0.0984682 0.0993758  0.110231  0.120717  0.111997  0.116189  0.148301  0.139565  0.148684    0.1357
 0.142925  0.129637  0.147879    0.1467  0.133117  0.158708  0.157236  0.149407  0.137171  0.129307  0.141551  0.146633  0.137148  0.156418  0.150442  0.152628  0.138596  0.149284  0.127039   0.13146  0.148333  0.147725  0.131255   0.12788  0.125824  0.124411  0.111722   0.11011 0.0971005  0.082815         0 0.0852434 0.0971864  0.105295  0.113664   0.12226  0.135262  0.119753   0.12839  0.148712  0.147976  0.136658  0.144203
 0.143377   0.13165  0.145463  0.162243  0.141046   0.17935   0.16271  0.153555  0.145852  0.135924  0.144935  0.141895  0.140354  0.144158   0.15108  0.144267  0.151359  0.152704   0.13026  0.137485  0.136339  0.152039   0.13143  0.141576  0.126937  0.123861  0.115465  0.107676  0.115269  0.100105 0.0852434         0 0.0879774   0.10793   0.13056  0.132114  0.138108  0.126598  0.128206  0.160222  0.164634  0.152965  0.148047
  0.13865  0.133312  0.149555  0.155364  0.154958  0.178678  0.172725  0.164462   0.14966  0.136177  0.165082  0.153179  0.132475  0.163527  0.167885  0.150794   0.14402  0.151342  0.136197  0.137133  0.147105  0.137221  0.127251  0.143328  0.139362  0.125399  0.118781  0.111951  0.112653   0.10195 0.0971864 0.0879774         0 0.0864724  0.111009  0.121444  0.129594  0.122031  0.129091  0.145468  0.155113  0.154529  0.153781
 0.131205   0.13333  0.147258  0.162545     0.147   0.17132  0.162784  0.150624  0.141327  0.134897  0.162489  0.147903  0.131976  0.146823  0.163748  0.140972    0.1366  0.142849  0.137915  0.135922  0.144029  0.136141  0.123325   0.13632  0.121722  0.116546  0.118262  0.109592  0.111673 0.0984682  0.105295   0.10793 0.0864724         0 0.0980687  0.111406   0.12483  0.110488  0.106787  0.130306  0.137002  0.134877  0.136407
 0.139119  0.141451  0.154806  0.168125  0.156622  0.179158  0.179897  0.173464  0.161075  0.152522  0.174035  0.164903  0.147077  0.174975  0.174635  0.172488  0.150268  0.170207  0.156147  0.155954  0.155419  0.163393  0.158213  0.161592  0.140806  0.138955  0.127622  0.119786  0.132537 0.0993758  0.113664   0.13056  0.111009 0.0980687         0  0.106559  0.117215  0.128214  0.121698  0.136221  0.153202  0.152083  0.147635
 0.128889   0.13542  0.145796  0.154956  0.139544  0.162746  0.166859  0.160376  0.153191  0.146327  0.157793  0.153181  0.146476  0.172168  0.165097  0.154911  0.148592  0.183112  0.156474  0.165542   0.16052  0.158883   0.14871  0.164803  0.148844  0.142564   0.12555  0.125791  0.133148  0.110231   0.12226  0.132114  0.121444  0.111406  0.106559         0 0.0987742  0.125653  0.127784  0.152176   0.14468  0.144383  0.148619
 0.154603  0.135414  0.151602  0.166253  0.135861  0.168836  0.166173  0.159894  0.156028  0.156262  0.168459  0.167083  0.160996  0.175567  0.160684  0.170148  0.161084  0.191345  0.157357  0.174514  0.170542   0.16661  0.165005  0.173861  0.162555  0.159348  0.150409  0.139965  0.144128  0.120717  0.135262  0.138108  0.129594   0.12483  0.117215 0.0987742         0   0.12818  0.133528  0.162946  0.152178  0.163346  0.150188
 0.134518  0.136575  0.154503  0.165421  0.156228  0.174546  0.164458  0.158213  0.149091   0.14506  0.162777  0.162864  0.154969  0.189312  0.170061   0.16104  0.135223  0.173804  0.147162  0.161557  0.166356  0.174628   0.16261  0.164247  0.158111  0.147857  0.135113  0.128316   0.13474  0.111997  0.119753  0.126598  0.122031  0.110488  0.128214  0.125653   0.12818         0  0.105732  0.133441  0.149532  0.142391  0.138683
 0.127961  0.128858  0.150002  0.165487  0.146496  0.159393  0.166805  0.152396  0.153196  0.145411  0.166247  0.157887  0.153037  0.162642  0.154731  0.154037  0.138374  0.169868  0.145769  0.155521  0.167592  0.162349  0.159037  0.162801  0.146643  0.140846  0.123383   0.12137  0.130766  0.116189   0.12839  0.128206  0.129091  0.106787  0.121698  0.127784  0.133528  0.105732         0  0.114307  0.134595  0.129738  0.142241
