
Alignment summary:
Cassowary: -=63 A=2729 C=2847 G=1916 R=1647 T=2973 Y=2015
Emu: -=6 A=2724 C=2859 G=1940 R=1640 T=2999 Y=2022
EasternMoa: -=15 A=2703 C=2870 G=1952 R=1625 T=2989 Y=2036
lbmoa: -=62 A=2670 C=2858 G=1959 R=1585 T=2979 Y=2077
Dinornis: -=52 A=2691 C=2841 G=1951 R=1597 T=2993 Y=2065
gskiwi: -=37 A=2714 C=2876 G=1917 R=1609 T=2985 Y=2052
BrownKiwi: -=21 A=2721 C=2851 G=1939 R=1602 T=2997 Y=2059
LSKiwi: -=23 A=2744 C=2870 G=1933 R=1601 T=2960 Y=2059
GreatRhea: -=23 A=2724 C=2852 G=1941 N=1 R=1608 T=2990 Y=2051
LesserRhea: -=40 A=2725 C=2873 G=1920 R=1588 T=2985 Y=2059
Ostrich: -=79 A=2725 C=2856 G=1914 N=1 R=1606 T=2971 Y=2038
BrushTurkey: -=79 A=2740 C=2861 G=1899 R=1612 T=2967 Y=2032
Chicken: -=62 A=2740 C=2896 G=1929 R=1578 T=2961 Y=2024
magpiegoose: -=65 A=2716 C=2903 G=1939 R=1574 T=2966 Y=2027
duck: -=62 A=2691 C=2865 G=1919 R=1603 T=2997 Y=2053
oystercatcher: -=22 A=2741 C=2878 G=1914 R=1614 T=2973 Y=2048
turnstone: -=2 A=2727 C=2852 G=1949 R=1592 T=2998 Y=2070
LBPenguin: -=1 A=2693 C=2870 G=1961 R=1611 T=3003 Y=2051
GaviaStellata: -=7 A=2743 C=2862 G=1944 R=1598 T=2973 Y=2063
Alligator: -=9 A=2715 C=2899 G=1952 R=1583 T=2953 Y=2079
Caiman: -=22 A=2744 C=2849 G=1927 R=1610 T=2987 Y=2051
Gtinamou: -=20 A=2722 C=2872 G=1963 R=1614 T=2954 Y=2045
ECtinamou: -=51 A=2680 C=2871 G=1943 R=1602 T=2985 Y=2058
Crypturellus: -=67 A=2727 C=2863 G=1922 R=1628 T=2950 Y=2033

Seed = 243439292

Jukes-Cantor Distance Matrix:

        0 0.0808816  0.105771  0.109625  0.119906  0.120845  0.123009  0.116284  0.117514  0.121946  0.122983  0.124217  0.127183  0.128229   0.12756  0.124616  0.125712  0.123893  0.118675  0.123771  0.116897   0.11083  0.101961 0.0805258
0.0808816         0 0.0792213  0.100845  0.113967   0.11734  0.117035  0.115157  0.113826  0.116761  0.114419  0.121118  0.127896  0.128261  0.128162  0.122646  0.124634  0.117695  0.118312  0.120356  0.119611  0.112893  0.108726  0.103078
 0.105771 0.0792213         0   0.07935  0.107524   0.11621  0.119027  0.116475  0.116141  0.117861  0.115071  0.117405  0.122606  0.129045  0.131225  0.127138  0.125524   0.12058  0.117964  0.122695  0.121949  0.119102  0.113915  0.112112
 0.109625  0.100845   0.07935         0 0.0828575  0.108322  0.114139  0.113148  0.116495  0.118111  0.115421  0.120132  0.124796  0.128556    0.1312  0.126188   0.12683   0.12467  0.123043  0.123194  0.124703  0.119695  0.114929  0.112447
 0.119906  0.113967  0.107524 0.0828575         0 0.0852188  0.103188  0.112809  0.113019  0.115529  0.115301  0.118768   0.12444  0.128082  0.131519  0.126962  0.125681  0.128835  0.126638  0.126903   0.12831  0.125877  0.119969  0.117368
 0.120845   0.11734   0.11621  0.108322 0.0852188         0 0.0843829  0.106103  0.112068  0.119012  0.113547  0.117673  0.124122  0.128548  0.131185  0.127883  0.127617  0.127716  0.124398  0.128615  0.128889  0.127363  0.120557  0.119532
 0.123009  0.117035  0.119027  0.114139  0.103188 0.0843829         0 0.0832061  0.102642  0.110922  0.108564  0.114796  0.120555  0.125966  0.127442  0.127557  0.128647  0.127617  0.121836  0.128288  0.127091   0.12591   0.12002   0.12022
 0.116284  0.115157  0.116475  0.113148  0.112809  0.106103 0.0832061         0 0.0804503 0.0984401 0.0994277  0.107888  0.119116  0.122159  0.121581  0.119138  0.122807  0.123804  0.120058  0.122447  0.125187  0.119524  0.115223  0.115761
 0.117514  0.113826  0.116141  0.116495  0.113019  0.112068  0.102642 0.0804503         0 0.0759292 0.0985944  0.109546  0.118112  0.123281  0.121694  0.119586  0.120456   0.11955  0.117269  0.123232   0.12654  0.125022  0.117456  0.118223
 0.121946  0.116761  0.117861  0.118111  0.115529  0.119012  0.110922 0.0984401 0.0759292         0  0.076137 0.0988431  0.113382  0.116403  0.119608  0.118964  0.119165  0.120269  0.118098  0.125308  0.127949  0.123161  0.119185  0.121533
 0.122983  0.114419  0.115071  0.115421  0.115301  0.113547  0.108564 0.0994277 0.0985944  0.076137         0 0.0737663 0.0979674  0.107083  0.112553  0.113159  0.114928  0.115028  0.114642  0.119596  0.119745  0.118237  0.112806  0.120646
 0.124217  0.121118  0.117405  0.120132  0.118768  0.117673  0.114796  0.107888  0.109546 0.0988431 0.0737663         0  0.079246 0.0986311  0.110313   0.10904  0.115251  0.114459  0.114741   0.12228  0.119733  0.119795  0.116149  0.120069
 0.127183  0.127896  0.122606  0.124796   0.12444  0.124122  0.120555  0.119116  0.118112  0.113382 0.0979674  0.079246         0 0.0783712  0.106555  0.113569  0.120108  0.118203  0.115708  0.120865  0.122807  0.122196  0.120581  0.125864
 0.128229  0.128261  0.129045  0.128556  0.128082  0.128548  0.125966  0.122159  0.123281  0.116403  0.107083 0.0986311 0.0783712         0  0.082939  0.108293  0.116239  0.115562  0.118399  0.122344  0.126092  0.124128  0.121615  0.125778
  0.12756  0.128162  0.131225    0.1312  0.131519  0.131185  0.127442  0.121581  0.121694  0.119608  0.112553  0.110313  0.106555  0.082939         0 0.0838387  0.106775  0.114623  0.116242  0.121655  0.125077  0.124912   0.12465    0.1276
 0.124616  0.122646  0.127138  0.126188  0.126962  0.127883  0.127557  0.119138  0.119586  0.118964  0.113159   0.10904  0.113569  0.108293 0.0838387         0   0.08063  0.103983  0.113283  0.118767  0.120817  0.119089  0.121393  0.123751
 0.125712  0.124634  0.125524   0.12683  0.125681  0.127617  0.128647  0.122807  0.120456  0.119165  0.114928  0.115251  0.120108  0.116239  0.106775   0.08063         0 0.0845881  0.109302  0.117521  0.122582  0.121524  0.120917  0.124622
 0.123893  0.117695   0.12058   0.12467  0.128835  0.127716  0.127617  0.123804   0.11955  0.120269  0.115028  0.114459  0.118203  0.115562  0.114623  0.103983 0.0845881         0 0.0812335  0.104719  0.117543  0.120952  0.121914  0.121118
 0.118675  0.118312  0.117964  0.123043  0.126638  0.124398  0.121836  0.120058  0.117269  0.118098  0.114642  0.114741  0.115708  0.118399  0.116242  0.113283  0.109302 0.0812335         0 0.0806387  0.105339  0.115887  0.112477  0.115135
 0.123771  0.120356  0.122695  0.123194  0.126903  0.128615  0.128288  0.122447  0.123232  0.125308  0.119596   0.12228  0.120865  0.122344  0.121655  0.118767  0.117521  0.104719 0.0806387         0   0.08331  0.109725  0.113955  0.116734
 0.116897  0.119611  0.121949  0.124703   0.12831  0.128889  0.127091  0.125187   0.12654  0.127949  0.119745  0.119733  0.122807  0.126092  0.125077  0.120817  0.122582  0.117543  0.105339   0.08331         0 0.0834808  0.104484  0.114732
  0.11083  0.112893  0.119102  0.119695  0.125877  0.127363   0.12591  0.119524  0.125022  0.123161  0.118237  0.119795  0.122196  0.124128  0.124912  0.119089  0.121524  0.120952  0.115887  0.109725 0.0834808         0 0.0815044  0.103634
 0.101961  0.108726  0.113915  0.114929  0.119969  0.120557   0.12002  0.115223  0.117456  0.119185  0.112806  0.116149  0.120581  0.121615   0.12465  0.121393  0.120917  0.121914  0.112477  0.113955  0.104484 0.0815044         0 0.0813742
0.0805258  0.103078  0.112112  0.112447  0.117368  0.119532   0.12022  0.115761  0.118223  0.121533  0.120646  0.120069  0.125864  0.125778    0.1276  0.123751  0.124622  0.121118  0.115135  0.116734  0.114732  0.103634 0.0813742         0


JC Tree topology:
(1,((2,(3,4)),((((5,6),(7,8)),((9,10),(11,12))),(((((13,14),15),(16,17)),(18,19)),((20,21),(22,23))))),24);

Putting MLE Branch Lengths
p: 0.258951  0.27302 0.184317 0.283712
s:  0.156725  0.226076   0.11542  0.046115  0.412473 0.0431917
Q: 
-0.961997  0.302614  0.436522  0.222861
 0.287021  -1.12686 0.0844534  0.755388
 0.613281  0.125097 -0.855545  0.117167
 0.203411  0.726922 0.0761189  -1.00645

(((((8:0.0669720,7:0.0613989):0.0269049,(5:0.0709510,6:0.0598445):0.0349458):0.0173703,(((2:0.0722765,(4:0.0755394,3:0.0573233):0.0282154):0.0196627,(1:0.0613531,24:0.0666104):0.0351801):0.0178622,(((23:0.0673399,22:0.0637339):0.0323665,(20:0.0662638,21:0.0602758):0.0328779):0.0155691,((19:0.0639753,18:0.0583945):0.0349068,((17:0.0686637,16:0.0580485):0.0289846,(15:0.0685484,(13:0.0671985,14:0.0477134):0.0313361):0.0242149):0.0146163):0.0142490):0.0160188):0.0183736):0.0198243,(10:0.0530920,9:0.0667128):0.0293396):0.0298509,11:0.0508236,12:0.0654516);
Seed = 4290698062
Seeds per chain: 
     1604338319
     3445313773
      764604545
     1831555404
stationary acceptance: 0.0142686
symmetric acceptance: 0.0107038
branch length acceptance: 0.00905089
avgP: 0.242655 0.256772 0.186287 0.314287
sP: 1.27654e-05 1.10328e-05 1.23343e-05 1.80459e-05
avgS:  0.361106  0.159738  0.112016 0.0362417  0.306167 0.0247304
sS: 0.000479914 7.45049e-05 3.22408e-05 5.76392e-06 7.17266e-05 5.08479e-06
0.242655 0.256772 0.186287 0.314287
 0.361106  0.159738  0.112016 0.0362417  0.306167 0.0247304

 -1.30404  0.744074  0.329147  0.230814
 0.703164  -1.36992 0.0705718  0.596185
 0.428743 0.0972741 -0.592395 0.0663773
 0.178207  0.487083 0.0393437 -0.704634

stationary acceptance: 0.0139831
symmetric acceptance: 0.0150502
branch length acceptance: 0.00984468
avgP: 0.242642 0.256769 0.186283 0.314306
sP: 1.27101e-05 1.10675e-05 1.23249e-05 1.76339e-05
avgS:  0.361153  0.159731  0.112011 0.0362471  0.306126 0.0247316
sS: 0.000463592 7.23347e-05 3.20088e-05 5.72509e-06 6.77773e-05 4.96504e-06
0.242642 0.256769 0.186283 0.314306
 0.361153  0.159731  0.112011 0.0362471  0.306126 0.0247316

 -1.30417  0.744209  0.329149  0.230816
 0.703265  -1.36996 0.0705832  0.596113
  0.42873 0.0972902 -0.592402 0.0663817
 0.178188  0.486988 0.0393433  -0.70452

stationary acceptance: 0.0111711
symmetric acceptance: 0.00999936
branch length acceptance: 0.00783986
avgP: 0.242642 0.256776 0.186293 0.314288
sP: 1.27619e-05  1.1096e-05 1.25713e-05 1.76579e-05
avgS:  0.361086  0.159727   0.11204 0.0362515  0.306162 0.0247328
sS: 0.000473607 7.23664e-05 3.22974e-05 5.90258e-06 7.10532e-05 5.13821e-06
0.242642 0.256776 0.186293 0.314288
 0.361086  0.159727   0.11204 0.0362515  0.306162 0.0247328

 -1.30409  0.744071   0.32914  0.230876
 0.703114  -1.36987 0.0705897  0.596166
 0.428697  0.097297 -0.592375 0.0663814
 0.178245  0.487072 0.0393473 -0.704664

stationary acceptance: 0.254372
symmetric acceptance: 0.262176
branch length acceptance: 0.440185
avgP: 0.242639 0.256765 0.186295 0.314302
sP:   1.253e-05 1.10668e-05 1.26806e-05 1.74779e-05
avgS:  0.361104  0.159711  0.112028 0.0362497  0.306166 0.0247417
sS: 0.000466147 6.94352e-05  3.1808e-05 5.88716e-06 7.05717e-05 5.25309e-06
0.242639 0.256765 0.186295 0.314302
 0.361104  0.159711  0.112028 0.0362497  0.306166 0.0247417

 -1.30408  0.744116  0.329113  0.230853
  0.70318  -1.36997 0.0705894  0.596199
 0.428652 0.0972914 -0.592349 0.0664047
 0.178217  0.487057 0.0393598 -0.704634

stationary acceptance: 1.75675e-06
symmetric acceptance: 0.00180395
branch length acceptance: 0.00123774
avgP: 0.242386 0.256095 0.186632 0.314886
sP: 6.99839e-06 7.24222e-06 8.77123e-06 1.20692e-05
avgS:  0.363307  0.159816  0.112289 0.0361165  0.304349 0.0241228
sS: 1.61279e-05 7.38772e-06 1.06062e-05 3.76553e-06 1.07492e-05 1.87795e-06
0.242386 0.256095 0.186632 0.314886
 0.363307  0.159816  0.112289 0.0361165  0.304349 0.0241228

 -1.31074  0.749438  0.329671  0.231632
  0.70932  -1.37404 0.0705138   0.59421
 0.428157 0.0967586 -0.589543 0.0646268
 0.178301  0.483267  0.038304 -0.699872

stationary acceptance: 0.00202202
symmetric acceptance: 0.000772679
branch length acceptance: 0.00148764
avgP:  0.24237 0.256124 0.186608 0.314898
sP: 6.87219e-06 7.26991e-06 8.76669e-06 1.22775e-05
avgS:  0.363341  0.159797  0.112266 0.0360905   0.30439 0.0241159
sS: 1.61958e-05 7.32699e-06 1.06131e-05 3.70528e-06 1.06636e-05 1.85632e-06
 0.24237 0.256124 0.186608 0.314898
 0.363341  0.159797  0.112266 0.0360905   0.30439 0.0241159

 -1.31082   0.74956  0.329656    0.2316
 0.709305  -1.37398  0.070455  0.594223
 0.428163 0.0967015 -0.589481 0.0646165
 0.178257  0.483315 0.0382916 -0.699864

stationary acceptance: 0.270058
symmetric acceptance: 0.280354
branch length acceptance: 0.4682
avgP: 0.242384 0.256119 0.186617  0.31488
sP: 6.84621e-06 7.19903e-06 8.74574e-06 1.21063e-05
avgS:  0.363335  0.159795  0.112263 0.0360986  0.304388   0.02412
sS: 1.60057e-05 7.31036e-06 1.05864e-05  3.7449e-06  1.0598e-05  1.8587e-06
0.242384 0.256119 0.186617  0.31488
 0.363335  0.159795  0.112263 0.0360986  0.304388   0.02412

 -1.31072  0.749505  0.329633   0.23158
 0.709309  -1.37401 0.0704723  0.594232
 0.428136 0.0967182 -0.589478 0.0646243
 0.178262   0.48334 0.0383003 -0.699903

stationary acceptance: 0.00100034
symmetric acceptance: 3.2473e-05
branch length acceptance: 0.000725734
avgP: 0.242363  0.25612 0.186631 0.314886
sP: 6.66329e-06 7.15022e-06 8.54135e-06 1.20005e-05
avgS:  0.363328  0.159787  0.112278 0.0361039  0.304383 0.0241207
sS:  1.5901e-05 7.21445e-06 1.05119e-05 3.67913e-06  1.0492e-05  1.8312e-06
0.242363  0.25612 0.186631 0.314886
 0.363328  0.159787  0.112278 0.0361039  0.304383 0.0241207

 -1.31083  0.749552  0.329644  0.231631
 0.709293    -1.374 0.0704825   0.59422
 0.428082 0.0967252 -0.589429 0.0646212
 0.178283  0.483323 0.0383007 -0.699907

stationary acceptance: 4.74158e-05
symmetric acceptance: 0.00030313
branch length acceptance: 0.00194173
avgP: 0.242108 0.257445 0.186734 0.313712
sP: 7.92459e-06 9.02611e-06 1.18971e-05 8.40954e-06
avgS:  0.365215  0.159198  0.110092 0.0357629  0.305321 0.0244114
sS: 1.40875e-05 1.01119e-05 1.12412e-05  3.3316e-06 1.51737e-05 1.69075e-06
0.242108 0.257445 0.186734 0.313712
 0.365215  0.159198  0.110092 0.0357629  0.305321 0.0244114

 -1.31037  0.754239  0.328775  0.227361
 0.709305  -1.37174 0.0694573  0.592982
 0.426269 0.0957589 -0.587392 0.0653641
 0.175467  0.486626 0.0389074    -0.701

stationary acceptance: 1.08434e-05
symmetric acceptance: 0.00100172
branch length acceptance: 0.00175423
avgP:  0.24211  0.25748 0.186703 0.313707
sP: 7.79438e-06 9.00417e-06 1.18639e-05 8.41385e-06
avgS:  0.365214  0.159191  0.110096 0.0357598  0.305324 0.0244151
sS: 1.39378e-05 9.95074e-06 1.13007e-05 3.32762e-06 1.50363e-05 1.70884e-06
 0.24211  0.25748 0.186703 0.313707
 0.365214  0.159191  0.110096 0.0357598  0.305324 0.0244151

 -1.31036   0.75423  0.328758  0.227367
 0.709208  -1.37156 0.0694419  0.592908
 0.426323 0.0957665 -0.587474 0.0653849
 0.175476  0.486639 0.0389139 -0.701029

stationary acceptance: 0.00169827
symmetric acceptance: 0.00424782
branch length acceptance: 0.00689925
avgP: 0.242082 0.257449 0.186733 0.313736
sP: 7.76907e-06 8.86732e-06  1.1936e-05 8.54705e-06
avgS:  0.365224   0.15918  0.110106 0.0357571  0.305314 0.0244182
sS: 1.37791e-05 1.00335e-05 1.12625e-05 3.29736e-06  1.4989e-05 1.67836e-06
0.242082 0.257449 0.186733 0.313736
 0.365224   0.15918  0.110106 0.0357571  0.305314 0.0244182

 -1.31053  0.754342  0.328774  0.227415
 0.709314  -1.37172 0.0694449  0.592961
 0.426224 0.0957438  -0.58735 0.0653827
 0.175475  0.486578 0.0389152 -0.700968

stationary acceptance: 0.235636
symmetric acceptance: 0.248934
branch length acceptance: 0.414575
avgP: 0.242068 0.257413 0.186779 0.313739
sP:  6.8864e-06 7.97873e-06 1.06721e-05 7.62002e-06
avgS:  0.365158  0.159257  0.110097 0.0357723  0.305283  0.024432
sS: 1.25084e-05 8.94089e-06 1.00473e-05 2.92759e-06  1.3556e-05 1.50082e-06
0.242068 0.257413 0.186779 0.313739
 0.365158  0.159257  0.110097 0.0357723  0.305283  0.024432

 -1.31061  0.754246  0.328952   0.22741
 0.709284  -1.37175 0.0694843  0.592982
 0.426325  0.095761  -0.58749 0.0654035
  0.17546  0.486522 0.0389368 -0.700919

stationary acceptance: 0.244549
symmetric acceptance: 0.260815
branch length acceptance: 0.451999
avgP: 0.242606 0.257544  0.18625 0.313601
sP: 8.46571e-06 5.92255e-06 7.80353e-06 8.57065e-06
avgS:  0.364955   0.15928   0.11038 0.0358597  0.305162 0.0243638
sS: 1.81308e-05 8.96385e-06 8.60956e-06 3.05219e-06  1.7593e-05 1.61199e-06
0.242606 0.257544  0.18625 0.313601
 0.364955   0.15928   0.11038 0.0358597  0.305162 0.0243638

 -1.30791  0.752157  0.328269  0.227488
 0.708531   -1.3706 0.0696186  0.592446
 0.427597 0.0962674  -0.58927 0.0654061
 0.175988  0.486545 0.0388453 -0.701378

stationary acceptance: 0.00468567
symmetric acceptance: 0.00668615
branch length acceptance: 0.0080242
avgP: 0.242603 0.257538 0.186255 0.313604
sP: 8.44373e-06  5.9057e-06 7.70424e-06 8.61626e-06
avgS:  0.364971  0.159289  0.110364 0.0358668  0.305145 0.0243637
sS: 1.79373e-05 8.87581e-06 8.60877e-06 3.03122e-06 1.75295e-05 1.61693e-06
0.242603 0.257538 0.186255 0.313604
 0.364971  0.159289  0.110364 0.0358668  0.305145 0.0243637

 -1.30795    0.7522  0.328292  0.227459
 0.708578  -1.37064 0.0696341  0.592427
 0.427609  0.096284 -0.589297 0.0654039
 0.175961  0.486513 0.0388446 -0.701319

stationary acceptance: 0.00591219
symmetric acceptance: 0.00454008
branch length acceptance: 0.00659201
avgP:  0.24261 0.257533  0.18626 0.313597
sP: 8.36697e-06  5.8696e-06 7.64636e-06 8.58598e-06
avgS:  0.364981  0.159294  0.110361 0.0358576  0.305134 0.0243718
sS: 1.78014e-05 8.80364e-06 8.46652e-06 2.98992e-06 1.74495e-05 1.60211e-06
 0.24261 0.257533  0.18626 0.313597
 0.364981  0.159294  0.110361 0.0358576  0.305134 0.0243718

 -1.30793  0.752196  0.328292  0.227445
 0.708612  -1.37065 0.0696177  0.592418
 0.427613 0.0962569 -0.589294 0.0654242
  0.17596  0.486506 0.0388585 -0.701325

stationary acceptance: 0.00100269
symmetric acceptance: 0.000249016
branch length acceptance: 0.00215301
avgP: 0.242602 0.257528 0.186234 0.313636
sP:  7.0849e-06 4.86371e-06 6.38709e-06 7.18881e-06
avgS:  0.364984  0.159272  0.110391 0.0358598  0.305126 0.0243685
sS: 1.48534e-05 7.39437e-06 7.20976e-06 2.53013e-06 1.49041e-05 1.34711e-06
0.242602 0.257528 0.186234 0.313636
 0.364984  0.159272  0.110391 0.0358598  0.305126 0.0243685

   -1.308  0.752227  0.328257  0.227514
  0.70863  -1.37067 0.0696231  0.592413
 0.427612 0.0962762 -0.589313 0.0654244
 0.175985  0.486432 0.0388483 -0.701266

stationary acceptance: 0.00592421
symmetric acceptance: 0.00431763
branch length acceptance: 0.00683645
avgP: 0.242446 0.257273 0.186409 0.313872
sP: 5.55452e-06 9.67994e-06 8.78865e-06  9.7536e-06
avgS:  0.365173  0.158896    0.1103  0.035702  0.305705 0.0242229
sS: 2.54935e-05 1.24129e-05 1.12824e-05 3.59502e-06 1.40631e-05 1.55482e-06
0.242446 0.257273 0.186409 0.313872
 0.365173  0.158896    0.1103  0.035702  0.305705 0.0242229

 -1.30827  0.753103  0.327694  0.227474
 0.709699  -1.37321 0.0693853  0.594126
 0.426203 0.0957623 -0.586937 0.0649724
 0.175709  0.486991 0.0385873 -0.701288

stationary acceptance: 0.00127168
symmetric acceptance: 0.0017547
branch length acceptance: 0.00325754
avgP: 0.242444 0.257269 0.186429 0.313858
sP: 5.52554e-06 9.64713e-06 8.75989e-06 9.92701e-06
avgS:  0.365115  0.158909  0.110303 0.0357311   0.30572 0.0242219
sS: 2.55468e-05 1.23083e-05 1.11909e-05 3.60683e-06 1.41072e-05 1.57349e-06
0.242444 0.257269 0.186429 0.313858
 0.365115  0.158909  0.110303 0.0357311   0.30572 0.0242219

 -1.30819  0.752988  0.327723  0.227482
 0.709599  -1.37321 0.0694432  0.594165
 0.426191 0.0958301 -0.586984 0.0649627
 0.175722  0.487035 0.0385873 -0.701344

stationary acceptance: 0.00039689
symmetric acceptance: 0.00014499
branch length acceptance: 0.000611969
avgP: 0.242457 0.257262 0.186384 0.313897
sP: 5.35614e-06 9.58068e-06 8.75088e-06 9.56444e-06
avgS:  0.365103  0.158879  0.110339 0.0357145  0.305733 0.0242312
sS: 2.56583e-05 1.21579e-05 1.12207e-05 3.58455e-06 1.39161e-05  1.5544e-06
0.242457 0.257262 0.186384 0.313897
 0.365103  0.158879  0.110339 0.0357145  0.305733 0.0242312

 -1.30811  0.752923  0.327644  0.227544
 0.709593  -1.37321 0.0694127  0.594204
 0.426216 0.0958092 -0.587029 0.0650037
 0.175757  0.486995 0.0385974  -0.70135

stationary acceptance: 0.250939
symmetric acceptance: 0.271672
branch length acceptance: 0.457454
avgP: 0.242541  0.25719  0.18625  0.31402
sP: 5.21916e-06 8.90219e-06 8.34872e-06 9.58273e-06
avgS:  0.365128  0.158933  0.110549 0.0356381  0.305528 0.0242241
sS: 2.27416e-05 1.09115e-05  1.1497e-05 3.57653e-06  1.4231e-05 1.47214e-06
0.242541  0.25719  0.18625  0.31402
 0.365128  0.158933  0.110549 0.0356381  0.305528 0.0242241

 -1.30825  0.752714  0.327641  0.227898
 0.709841   -1.3731 0.0692838  0.593975
 0.426666  0.095673  -0.58737 0.0650314
 0.176022  0.486479  0.038571 -0.701073

stationary acceptance: 0.00232959
symmetric acceptance: 0.00277901
branch length acceptance: 0.0089217
avgP: 0.243045 0.256886 0.186252 0.313816
sP: 6.18869e-06 6.95034e-06 7.84088e-06 9.25791e-06
avgS:  0.364433  0.159245  0.111305 0.0360556  0.304637 0.0243246
sS: 2.15702e-05 8.39388e-06 1.23354e-05 3.53957e-06 1.27705e-05 1.61817e-06
0.243045 0.256886 0.186252 0.313816
 0.364433  0.159245  0.111305 0.0360556  0.304637 0.0243246

 -1.30631  0.749725  0.327604   0.22898
 0.709328  -1.37245 0.0701782   0.59294
 0.427497 0.0967924  -0.58959 0.0653001
 0.177341  0.485374 0.0387561 -0.701471

stationary acceptance: 0.00612248
symmetric acceptance: 0.00911975
branch length acceptance: 0.0105901
avgP: 0.243028 0.256889 0.186252 0.313831
sP: 6.16536e-06 6.95809e-06 7.76969e-06 9.21942e-06
avgS:  0.364446   0.15923  0.111272 0.0360466  0.304676 0.0243286
sS: 2.16327e-05 8.42802e-06 1.24179e-05 3.51984e-06 1.30114e-05 1.62167e-06
0.243028 0.256889 0.186252 0.313831
 0.364446   0.15923  0.111272 0.0360466  0.304676 0.0243286

 -1.30633  0.749802  0.327595  0.228929
 0.709346  -1.37252   0.07016  0.593012
 0.427459 0.0967687 -0.589539 0.0653113
 0.177281  0.485414 0.0387607 -0.701456

stationary acceptance: 0.269732
symmetric acceptance: 0.270171
branch length acceptance: 0.47962
avgP: 0.243039 0.256894  0.18625 0.313817
sP: 6.13578e-06 6.91459e-06 7.77537e-06 9.15348e-06
avgS:   0.36445  0.159232   0.11127 0.0360414   0.30468 0.0243256
sS: 2.12966e-05 8.43965e-06 1.24042e-05 3.51772e-06 1.29628e-05 1.62001e-06
0.243039 0.256894  0.18625 0.313817
  0.36445  0.159232   0.11127 0.0360414   0.30468 0.0243256

 -1.30628  0.749777  0.327586  0.228913
  0.70934   -1.3725 0.0701484  0.593008
  0.42747 0.0967554 -0.589529 0.0653037
 0.177285  0.485443 0.0387577 -0.701485

stationary acceptance: 1.00596e-06
symmetric acceptance: 9.68949e-05
branch length acceptance: 0.0009021
avgP: 0.243002 0.256858 0.186285 0.313854
sP: 6.02241e-06 6.61545e-06 7.59292e-06 8.67862e-06
avgS:   0.36441   0.15922  0.111284  0.036057  0.304685 0.0243433
sS: 2.07791e-05 8.03997e-06 1.17751e-05 3.42087e-06 1.25019e-05 1.57825e-06
0.243002 0.256858 0.186285 0.313854
  0.36441   0.15922  0.111284  0.036057  0.304685 0.0243433

  -1.3064  0.749808   0.32761  0.228978
 0.709361  -1.37265 0.0701885  0.593099
 0.427356 0.0967791 -0.589474 0.0653389
 0.177287  0.485392 0.0387813  -0.70146

stationary acceptance: 0.102326
symmetric acceptance: 0.105527
branch length acceptance: 0.180872
avgP:   0.2427 0.256792 0.186255 0.314253
sP:   7.193e-06   8.171e-06 7.47555e-06 1.16006e-05
avgS: 0.365591 0.158467 0.110959 0.035736 0.304614 0.024633
sS: 2.09568e-05  8.6959e-06 1.23427e-05 3.55136e-06 1.48405e-05  1.4957e-06
  0.2427 0.256792 0.186255 0.314253
0.365591 0.158467 0.110959 0.035736 0.304614 0.024633

 -1.30823  0.753175  0.326465  0.228593
 0.711845  -1.37454 0.0695816  0.593114
 0.425403  0.095933 -0.587463 0.0661272
 0.176545  0.484662 0.0391929   -0.7004

stationary acceptance: 0.0105633
symmetric acceptance: 0.0112169
branch length acceptance: 0.0145385
avgP: 0.242695 0.256836 0.186209  0.31426
sP: 7.00867e-06 7.95736e-06 7.42002e-06 1.15779e-05
avgS:  0.365561  0.158443  0.110921 0.0357603  0.304713 0.0246018
sS: 2.06214e-05 8.48828e-06 1.22099e-05 3.51597e-06 1.46754e-05 1.46744e-06
0.242695 0.256836 0.186209  0.31426
 0.365561  0.158443  0.110921 0.0357603  0.304713 0.0246018

 -1.30807  0.753129  0.326424  0.228521
 0.711662  -1.37449 0.0696171  0.593206
 0.425442 0.0960219 -0.587524 0.0660596
  0.17648   0.48481 0.0391424 -0.700433

stationary acceptance: 0.000694518
symmetric acceptance: 0.00256317
branch length acceptance: 0.00339138
avgP:  0.24269  0.25683 0.186189 0.314292
sP: 7.04212e-06 7.99708e-06 7.36677e-06 1.13917e-05
avgS:  0.365552  0.158439  0.110939   0.03575   0.30471 0.0246101
sS: 2.06251e-05 8.36656e-06 1.21735e-05 3.52329e-06 1.46515e-05 1.46272e-06
 0.24269  0.25683 0.186189 0.314292
 0.365552  0.158439  0.110939   0.03575   0.30471 0.0246101

 -1.30811  0.753125  0.326422  0.228561
 0.711662  -1.37447 0.0695987  0.593214
 0.425479 0.0960049 -0.587573 0.0660892
 0.176491  0.484757 0.0391517   -0.7004

stationary acceptance: 0.138879
symmetric acceptance: 0.163338
branch length acceptance: 0.288404
avgP: 0.242712 0.256823 0.186197 0.314268
sP:  7.0359e-06 7.93892e-06 7.35312e-06 1.13936e-05
avgS:  0.365585   0.15846  0.110912 0.0357558  0.304686 0.0246021
sS: 2.06981e-05 8.43943e-06 1.21509e-05 3.51749e-06 1.46781e-05 1.46736e-06
0.242712 0.256823 0.186197 0.314268
 0.365585   0.15846  0.110912 0.0357558  0.304686 0.0246021

 -1.30804  0.753124  0.326435  0.228484
 0.711747  -1.37454 0.0696119  0.593183
 0.425516 0.0960161 -0.587597 0.0660648
  0.17646  0.484754 0.0391419 -0.700357

stationary acceptance: 0.000375174
symmetric acceptance: 0.00103191
branch length acceptance: 0.00158062
avgP: 0.242257 0.257417 0.186149 0.314177
sP: 6.93961e-06 7.68861e-06 1.04467e-05 8.97525e-06
avgS:  0.365104  0.159083  0.110205 0.0353724  0.305517 0.0247174
sS: 1.89859e-05 8.03952e-06 1.19847e-05 3.70923e-06 1.00326e-05  1.2519e-06
0.242257 0.257417 0.186149 0.314177
 0.365104  0.159083  0.110205 0.0353724  0.305517 0.0247174

 -1.30934  0.753548  0.328336  0.227455
 0.709169   -1.3713 0.0687065  0.593429
 0.427301  0.095011 -0.588703 0.0663915
 0.175387  0.486218 0.0393368 -0.700942

stationary acceptance: 0.00814729
symmetric acceptance: 0.00503807
branch length acceptance: 0.0079322
avgP: 0.242246 0.257429 0.186172 0.314154
sP: 6.85162e-06 7.63936e-06 1.03469e-05 8.89887e-06
avgS:    0.3651  0.159089   0.11022 0.0353666  0.305509 0.0247168
sS: 1.90141e-05 8.00103e-06 1.19138e-05 3.67923e-06 1.00188e-05 1.25501e-06
0.242246 0.257429 0.186172 0.314154
   0.3651  0.159089   0.11022 0.0353666  0.305509 0.0247168

 -1.30943  0.753572  0.328362  0.227495
 0.709128   -1.3712  0.068692  0.593385
 0.427264 0.0949838 -0.588629 0.0663819
 0.175423  0.486241 0.0393388 -0.701003

stationary acceptance: 0.0066177
symmetric acceptance: 0.0059637
branch length acceptance: 0.009325
avgP: 0.242253 0.257408 0.186171 0.314168
sP: 6.90875e-06 7.62602e-06 1.03455e-05 8.82109e-06
avgS:  0.365113  0.159088  0.110217 0.0353605  0.305506 0.0247163
sS: 1.89247e-05  7.9814e-06 1.18247e-05 3.67428e-06 1.00056e-05 1.24222e-06
0.242253 0.257408 0.186171 0.314168
 0.365113  0.159088  0.110217 0.0353605  0.305506 0.0247163

 -1.30941  0.753576   0.32835  0.227483
  0.70921  -1.37132 0.0686857  0.593427
 0.427263 0.0949678 -0.588611 0.0663807
 0.175411  0.486214 0.0393362 -0.700962

stationary acceptance: 0.257603
symmetric acceptance: 0.247914
branch length acceptance: 0.447638
avgP: 0.242269 0.257413 0.186161 0.314158
sP: 6.88849e-06 7.61335e-06 1.02829e-05  8.8107e-06
avgS:  0.365111  0.159082  0.110219 0.0353633  0.305507  0.024717
sS: 1.89347e-05  7.9631e-06 1.19131e-05 3.66979e-06 9.90991e-06 1.24518e-06
0.242269 0.257413 0.186161 0.314158
 0.365111  0.159082  0.110219 0.0353633  0.305507  0.024717

 -1.30932  0.753526  0.328318  0.227473
 0.709194   -1.3713 0.0686897  0.593418
 0.427271 0.0949806 -0.588638 0.0663863
  0.17542  0.486232 0.0393386 -0.700991

stationary acceptance: 0.000426325
symmetric acceptance: 0.00215277
branch length acceptance: 0.00185996
avgP: 0.243037 0.256956 0.185603 0.314405
sP: 5.88706e-06 6.25525e-06 9.89884e-06 9.50241e-06
avgS:  0.365531  0.158585  0.111004 0.0355017  0.304833 0.0245444
sS: 1.67483e-05 9.62033e-06 9.61626e-06 2.78906e-06 1.05395e-05 2.32242e-06
0.243037 0.256956 0.185603 0.314405
 0.365531  0.158585  0.111004 0.0355017  0.304833 0.0245444

 -1.30664  0.752008  0.326258   0.22837
 0.711271  -1.37352 0.0690813  0.593163
 0.427218  0.095639 -0.588978 0.0661207
 0.176531  0.484778  0.039033 -0.700342

stationary acceptance: 0.00719972
symmetric acceptance: 0.00485717
branch length acceptance: 0.00897871
avgP: 0.243024 0.256964 0.185571 0.314442
sP: 5.76855e-06  6.2155e-06 9.96982e-06  9.4322e-06
avgS:  0.365458  0.158543  0.111061 0.0355122  0.304858 0.0245681
sS: 1.66027e-05 9.67262e-06 9.43804e-06 2.67181e-06 1.04903e-05  2.2392e-06
0.243024 0.256964 0.185571 0.314442
 0.365458  0.158543  0.111061 0.0355122  0.304858 0.0245681

 -1.30659  0.751898  0.326188  0.228498
 0.711108   -1.3734 0.0690996  0.593192
 0.427176 0.0956836 -0.589056  0.066196
   0.1766   0.48476 0.0390663 -0.700427

stationary acceptance: 0.253712
symmetric acceptance: 0.250979
branch length acceptance: 0.4631
avgP: 0.243056 0.256969 0.185547 0.314428
sP: 5.73751e-06 6.19341e-06 9.91307e-06 9.32394e-06
avgS:  0.365491   0.15853  0.111039 0.0355097  0.304859 0.0245715
sS: 1.64992e-05 9.60639e-06 9.36555e-06 2.67272e-06 1.03565e-05 2.23397e-06
0.243056 0.256969 0.185547 0.314428
 0.365491   0.15853  0.111039 0.0355097  0.304859 0.0245715

 -1.30641  0.751865  0.326119  0.228423
 0.711157  -1.37343 0.0690932  0.593181
 0.427197 0.0956891   -0.5891 0.0662137
 0.176574  0.484784 0.0390734 -0.700431

stationary acceptance: 0.00147627
symmetric acceptance: 0.00362321
branch length acceptance: 0.00328895
avgP: 0.243062 0.256962 0.185545 0.314431
sP: 5.74193e-06 6.09007e-06 9.82732e-06 9.29284e-06
avgS:  0.365488  0.158541  0.111044 0.0355144  0.304842 0.0245705
sS: 1.64408e-05 9.56874e-06  9.3206e-06 2.64499e-06 1.02705e-05 2.22283e-06
0.243062 0.256962 0.185545 0.314431
 0.365488  0.158541  0.111044 0.0355144  0.304842 0.0245705

  -1.3064  0.751842  0.326132  0.228428
 0.711171  -1.37344 0.0691043  0.593166
 0.427229 0.0957028 -0.589144 0.0662117
 0.176579  0.484752 0.0390713 -0.700403

stationary acceptance: 0.00200238
symmetric acceptance: 0.0010446
branch length acceptance: 0.00134529
avgP: 0.242192 0.256381 0.186704 0.314723
sP: 5.57878e-06 6.77362e-06 6.28159e-06 6.58452e-06
avgS:  0.363589  0.158971  0.111333 0.0361398  0.305519 0.0244481
sS:  2.1324e-05  8.2977e-06  9.6311e-06 4.23259e-06 1.27473e-05 1.55644e-06
0.242192 0.256381 0.186704 0.314723
 0.363589  0.158971  0.111333 0.0361398  0.305519 0.0244481

 -1.30866  0.750621  0.328191  0.229844
 0.709081  -1.37539 0.0704808  0.595831
 0.425729 0.0967836 -0.587985 0.0654727
 0.176875  0.485378 0.0388407 -0.701094

stationary acceptance: 0.0871933
symmetric acceptance: 0.0900258
branch length acceptance: 0.157277
avgP: 0.242172 0.256399 0.186688  0.31474
sP: 5.26269e-06 6.50471e-06 5.99878e-06 6.29081e-06
avgS:  0.363588  0.158969  0.111337 0.0361382  0.305522 0.0244463
sS: 2.04057e-05 7.93513e-06  9.1589e-06 4.00996e-06 1.22267e-05 1.47998e-06
0.242172 0.256399 0.186688  0.31474
 0.363588  0.158969  0.111337 0.0361382  0.305522 0.0244463

 -1.30877  0.750682  0.328215  0.229871
 0.709027  -1.37529 0.0704725  0.595792
  0.42576 0.0967875 -0.588021 0.0654736
 0.176871  0.485355 0.0388357 -0.701062

stationary acceptance: 0.157825
symmetric acceptance: 0.16089
branch length acceptance: 0.290813
avgP: 0.242198 0.256388 0.186683 0.314731
sP: 5.31961e-06 6.41348e-06  6.0284e-06 6.31932e-06
avgS:  0.363608  0.158976  0.111325 0.0361334   0.30551 0.0244478
sS: 2.05343e-05 7.91346e-06 9.20081e-06  4.0188e-06 1.21673e-05 1.48012e-06
0.242198 0.256388 0.186683 0.314731
 0.363608  0.158976  0.111325 0.0361334   0.30551 0.0244478

 -1.30866  0.750642  0.328195  0.229822
 0.709097  -1.37536 0.0704662  0.595795
 0.425793 0.0967775  -0.58805 0.0654796
 0.176857   0.48535 0.0388392 -0.701046

stationary acceptance: 0.00332141
symmetric acceptance: 0.0058061
branch length acceptance: 0.00649422
avgP: 0.242179 0.256401 0.186683 0.314736
sP: 5.19873e-06 6.50958e-06 5.94653e-06 6.28407e-06
avgS:  0.363601  0.158974  0.111324 0.0361367  0.305521 0.0244432
sS: 2.04462e-05 7.86529e-06 9.10321e-06  4.0062e-06 1.21469e-05 1.46954e-06
0.242179 0.256401 0.186683 0.314736
 0.363601  0.158974  0.111324 0.0361367  0.305521 0.0244432

 -1.30874  0.750685  0.328216  0.229838
 0.709046   -1.3753  0.070469  0.595786
 0.425787 0.0967862  -0.58804 0.0654672
 0.176853   0.48536 0.0388313 -0.701045

GTR Distance Matrix:

        0 0.0800821  0.105382  0.109569  0.119607   0.12076   0.12315  0.115769  0.117318   0.12146  0.122598  0.123747  0.126685   0.12812  0.127639  0.124369   0.12562   0.12361  0.118435  0.123725  0.116945  0.110555  0.101402 0.0795529
0.0800821         0  0.078497  0.100702  0.113928  0.117644  0.117191  0.114897  0.113831  0.116567   0.11408  0.120798  0.127523  0.128451   0.12825  0.122631  0.124617  0.117556  0.118171  0.120543  0.120125  0.113042  0.108445  0.102437
 0.105382  0.078497         0 0.0787363  0.107324  0.116334  0.119178  0.116218  0.116103  0.117505  0.114742  0.117111  0.122331  0.129276  0.131452  0.127374  0.125696  0.120648  0.117967  0.122627   0.12242  0.119347   0.11371  0.111725
 0.109569  0.100702 0.0787363         0 0.0824475  0.108458  0.114446  0.113209  0.116854  0.118107  0.115275  0.120068  0.124672  0.128962  0.131815  0.126697  0.127318  0.125183  0.123505  0.123362  0.125424  0.120164  0.114967  0.112403
 0.119607  0.113928  0.107324 0.0824475         0 0.0848165   0.10329  0.112603  0.113017  0.115441  0.114999  0.118432  0.124152  0.128344  0.131944   0.12713  0.125909  0.129163  0.126835   0.12717  0.128813  0.126215  0.119905  0.117191
  0.12076  0.117644  0.116334  0.108458 0.0848165         0 0.0837374  0.105778  0.111896  0.118843  0.113163  0.117307  0.123904  0.128793  0.131572  0.127979  0.127788  0.128036  0.124885  0.129235  0.129696  0.128017  0.120822   0.11953
  0.12315  0.117191  0.119178  0.114446   0.10329 0.0837374         0  0.082567  0.102442  0.110541  0.108142  0.114524  0.120312  0.126066  0.127767   0.12773   0.12886  0.128072   0.12224  0.128983  0.127859  0.126541   0.12009  0.120154
 0.115769  0.114897  0.116218  0.113209  0.112603  0.105778  0.082567         0  0.079558 0.0977522  0.098602  0.107157  0.118302  0.121838  0.121426  0.118916  0.122568  0.123652  0.119982  0.122636   0.12551  0.119719  0.115012  0.115245
 0.117318  0.113831  0.116103  0.116854  0.113017  0.111896  0.102442  0.079558         0  0.075244 0.0979553   0.10889  0.117461  0.123057  0.121668  0.119376  0.120402  0.119608  0.117346  0.123599   0.12702  0.125383  0.117372  0.118079
  0.12146  0.116567  0.117505  0.118107  0.115441  0.118843  0.110541 0.0977522  0.075244         0 0.0752081 0.0980358  0.112493  0.116022  0.119374  0.118645   0.11889  0.120042  0.117888  0.125346  0.128092  0.123109  0.118854  0.121124
 0.122598   0.11408  0.114742  0.115275  0.114999  0.113163  0.108142  0.098602 0.0979553 0.0752081         0 0.0727271 0.0970595  0.106655  0.112267  0.112739  0.114542  0.114748  0.114451  0.119445    0.1199  0.118245  0.112571  0.120174
 0.123747  0.120798  0.117111  0.120068  0.118432  0.117307  0.114524  0.107157   0.10889 0.0980358 0.0727271         0 0.0781269 0.0981008  0.109933  0.108541  0.114742   0.11392  0.114342  0.122033  0.119662  0.119821  0.115887  0.119569
 0.126685  0.127523  0.122331  0.124672  0.124152  0.123904  0.120312  0.118302  0.117461  0.112493 0.0970595 0.0781269         0 0.0776191  0.106048  0.112822  0.119506  0.117594  0.115223  0.120574  0.122621  0.121941  0.120211  0.125258
  0.12812  0.128451  0.129276  0.128962  0.128344  0.128793  0.126066  0.121838  0.123057  0.116022  0.106655 0.0981008 0.0776191         0 0.0821256  0.107797  0.115845  0.115194  0.118149  0.122239  0.126162  0.124081  0.121639  0.125722
 0.127639   0.12825  0.131452  0.131815  0.131944  0.131572  0.127767  0.121426  0.121668  0.119374  0.112267  0.109933  0.106048 0.0821256         0  0.083004  0.106426  0.114219  0.116122  0.121677  0.125304  0.125114  0.124808  0.127612
 0.124369  0.122631  0.127374  0.126697   0.12713  0.127979   0.12773  0.118916  0.119376  0.118645  0.112739  0.108541  0.112822  0.107797  0.083004         0 0.0797265  0.103306  0.112951  0.118697  0.120846  0.119175  0.121278  0.123255
  0.12562  0.124617  0.125696  0.127318  0.125909  0.127788   0.12886  0.122568  0.120402   0.11889  0.114542  0.114742  0.119506  0.115845  0.106426 0.0797265         0 0.0838978  0.108937  0.117543  0.122688  0.121699  0.121071   0.12457
  0.12361  0.117556  0.120648  0.125183  0.129163  0.128036  0.128072  0.123652  0.119608  0.120042  0.114748   0.11392  0.117594  0.115194  0.114219  0.103306 0.0838978         0 0.0806911  0.104483  0.117583  0.120983  0.122008  0.120955
 0.118435  0.118171  0.117967  0.123505  0.126835  0.124885   0.12224  0.119982  0.117346  0.117888  0.114451  0.114342  0.115223  0.118149  0.116122  0.112951  0.108937 0.0806911         0 0.0798088  0.105315  0.115958  0.112214  0.114753
 0.123725  0.120543  0.122627  0.123362   0.12717  0.129235  0.128983  0.122636  0.123599  0.125346  0.119445  0.122033  0.120574  0.122239  0.121677  0.118697  0.117543  0.104483 0.0798088         0 0.0826564  0.109798  0.113937  0.116428
 0.116945  0.120125   0.12242  0.125424  0.128813  0.129696  0.127859   0.12551   0.12702  0.128092    0.1199  0.119662  0.122621  0.126162  0.125304  0.120846  0.122688  0.117583  0.105315 0.0826564         0 0.0829236  0.104415  0.114306
 0.110555  0.113042  0.119347  0.120164  0.126215  0.128017  0.126541  0.119719  0.125383  0.123109  0.118245  0.119821  0.121941  0.124081  0.125114  0.119175  0.121699  0.120983  0.115958  0.109798 0.0829236         0 0.0810927  0.103334
 0.101402  0.108445   0.11371  0.114967  0.119905  0.120822   0.12009  0.115012  0.117372  0.118854  0.112571  0.115887  0.120211  0.121639  0.124808  0.121278  0.121071  0.122008  0.112214  0.113937  0.104415 0.0810927         0 0.0806591
0.0795529  0.102437  0.111725  0.112403  0.117191   0.11953  0.120154  0.115245  0.118079  0.121124  0.120174  0.119569  0.125258  0.125722  0.127612  0.123255   0.12457  0.120955  0.114753  0.116428  0.114306  0.103334 0.0806591         0

meanTree = (1:0.0402852,((((2:0.0396609,3:0.0392467):0.00437999,(4:0.0398325,5:0.0425959):0.00390973):0.00138546,(((6:0.0424069,7:0.0417964):0.00505505,(8:0.0411127,(9:0.0377531,10:0.0376897):0.00829165):0.00240542):0.0010178,((((11:0.0361696,12:0.037094):0.00599679,(13:0.0391003,14:0.0395072):0.00664326):0.00192441,(15:0.0437715,(16:0.0390453,17:0.0411292):0.00719562):0.00172671):0.000532715,((18:0.042361,19:0.0387008):0.0046463,(20:0.0412141,21:0.0417332):0.0058016):0.00183854):0.000604983):0.00033767):0.00159217,(22:0.0415971,23:0.0400248):0.00438032):0.00636168,24:0.0397541);
(1,2,((3,4),((((5,6),(7,8)),((((9,10),11),(12,13)),(((14,15),(16,17)),(18,(19,20))))),((21,22),(23,24))))); 0.0397401
(1,((((2,3),(4,5)),(((6,7),(8,(9,10))),(((11,12),(13,14)),(((15,16),(17,18)),(19,20))))),((21,22),23)),24); 0.0331808
(1,(((((((((2,3),4),(5,6)),((7,8),(9,10))),((11,12),(13,14))),((15,16),(17,18))),(19,20)),(21,22)),23),24); 0.0362304
(1,(((((2,3),(4,5)),(6,7)),((((8,9),10),((11,12),(13,14))),(((15,16),(17,18)),(19,20)))),((21,22),23)),24); 0.0342638
(1,2,((3,4),((((5,(6,7)),(8,(9,10))),(((11,12),((13,14),15)),(((16,17),18),((19,20),21)))),((22,23),24)))); 0.033975
(1,2,((3,4),(((5,(6,7)),((8,(9,10)),((11,12),(((13,14),15),((16,17),(18,19)))))),(((20,21),22),(23,24))))); 0.0322166
(1,2,((3,4),(((5,6),(7,8)),((((9,10),11),((12,13),(14,15))),((((16,17),18),(19,20)),((21,22),(23,24))))))); 0.0412808
(1,2,((3,4),((((5,(6,7)),(8,(9,10))),(((11,12),(13,14)),(((15,16),17),((18,19),20)))),((21,22),(23,24))))); 0.0333029
(1,2,((((((3,4),(5,(6,7))),((8,(9,10)),(11,12))),((((13,14),15),(16,17)),((18,19),(20,21)))),(22,23)),24)); 0.0320767
(1,((((2,3),(4,5)),(((6,7),(8,(9,10))),(((11,12),(13,14)),(((15,16),17),(18,19))))),((20,21),(22,23))),24); 0.0281975
(1,(((((2,3),(4,5)),(((6,7),(8,(9,10))),((11,12),((13,14),(15,(16,17)))))),(18,(19,20))),(21,(22,23))),24); 0.0314052
(1,2,((((((3,4),5),(((6,7),8),(9,10))),(((11,(12,13)),(14,15)),(((16,17),18),(19,20)))),(21,22)),(23,24))); 0.0386324
