Pi: 0.214578 0.252743 0.291578   0.2411
S: 0.0842994  0.147493 0.0681439  0.251715  0.343499   0.10485
