Pi: 0.318905 0.174137 0.234519  0.27244
S:  0.108726  0.209494  0.151005 0.0849268  0.314485  0.131363
