Pi: 0.268867  0.21659 0.269911 0.244632
S: 0.0842459  0.240996  0.143401 0.0790512  0.335305     0.117
