Pi: 0.242858 0.257471 0.186495 0.313176
S:  0.366559  0.158835  0.109334 0.0365732  0.304381 0.0243175
