Pi:  0.24064 0.256154 0.187275 0.315932
S:  0.358448  0.159332  0.112642 0.0378218  0.307508 0.0242476
