Pi: 0.283167 0.212249 0.280563 0.224021
S: 0.0897221  0.151655 0.0838172  0.109228  0.456869  0.108708
