
Alignment summary:
Didelphis_virginiana: A=551 C=503 G=245 T=513
Equus_caballus: A=556 C=494 G=241 T=521
Rhinoceros_unicornis: ?=1 A=568 C=491 G=232 T=520
Bos_tarus: A=567 C=508 G=230 T=507
Hippopotamus_amphibius: ?=3 A=565 C=501 G=237 T=506
Balaenoptera_physalus: A=578 C=486 G=234 T=514
Physeter_macrocephalus: A=553 C=510 G=231 T=518
Ursus_americanus: A=571 C=502 G=235 T=504
Canis_familiaris: A=563 C=496 G=237 T=516
Felis_catus: A=559 C=494 G=239 T=520
Homo_sapiens: A=553 C=504 G=247 T=508
Pan_troglodytes: A=556 C=512 G=246 T=498
Gorilla_gorilla: A=560 C=489 G=237 T=526
Pongo_pygmaeus: A=550 C=514 G=243 T=505
Macaca_mulatta: A=543 C=528 G=240 T=501
Callithrix_jacchus: A=547 C=504 G=244 T=517
Loris_tardigradus: A=552 C=518 G=239 T=503
Galago_crassicaudatus: ?=1 A=530 C=517 G=236 T=528
Daubentonia_madagascariensis: A=538 C=522 G=236 T=516
Varecia_variegata: A=554 C=525 G=239 T=494
Eulemur_mongoz: ?=2 A=537 C=516 G=236 T=521
Lemur_catta: A=557 C=505 G=236 T=514
Hapalemur_griseus: A=534 C=522 G=245 T=511
Propithecus_tattersalli: A=540 C=516 G=248 T=508
Lepilemur_edwardsi: A=550 C=525 G=234 T=503
Cheirogaleus_medius: A=539 C=531 G=250 T=492
Mirza_coquereli: A=529 C=539 G=241 T=503
Microcebus_murinus: -=1 A=546 C=553 G=235 T=477
Microcebus_griseorufus: A=553 C=537 G=238 T=484
Microcebus_myoxinus: A=551 C=542 G=242 T=477
Microcebus_berthae: A=560 C=520 G=234 T=498
Microcebus_rufus_1: A=550 C=523 G=241 T=498
Microcebus_tavaratra: A=538 C=540 G=246 T=488
Microcebus_rufus_2: A=555 C=520 G=228 T=509
Microcebus_sambiranensis: A=545 C=532 G=238 T=497
Microcebus_ravelobensis: ?=5 A=545 C=504 G=246 T=512

Seed = 2267548288

Jukes-Cantor Distance Matrix:

       0 0.194899 0.192877 0.205711 0.235789  0.23533 0.262242 0.266955 0.281271 0.282879 0.276468 0.293414 0.303271 0.312423  0.31662  0.32679 0.327643  0.33044  0.33021 0.306586 0.308671  0.32679 0.318305 0.307417 0.302445 0.305756 0.309916 0.266344 0.268532  0.25368  0.24598 0.243685 0.220375 0.207893 0.193469 0.171485
0.194899        0  0.16622 0.194184 0.209751 0.228563 0.247513 0.251361  0.24598 0.252906 0.276468 0.283684 0.313261 0.315779 0.325085 0.317462 0.321688 0.314314 0.325937 0.311586 0.312851 0.315779 0.309916 0.295866 0.305756 0.313261 0.312423  0.29198 0.283684 0.274874 0.266955 0.244449 0.233821 0.220375 0.204261 0.180582
0.192877  0.16622        0 0.167599 0.184703 0.197174 0.228711 0.236996 0.226467 0.249213 0.253072 0.281459 0.297707 0.300999 0.310128 0.303478 0.309293 0.317899 0.321909 0.318524 0.301409 0.318524 0.315155 0.310128 0.320215 0.313475 0.300999 0.281648 0.287916 0.279854 0.260069 0.261633 0.255397 0.226467 0.222742 0.203587
0.205711 0.194184 0.167599        0 0.156825 0.194899  0.20209 0.225575 0.233821  0.23533 0.256005 0.278866 0.290156  0.29423 0.313261 0.321688 0.303271 0.321062 0.311586 0.311586 0.309505 0.315779 0.322536 0.301619 0.292598 0.298326 0.300795 0.286297 0.292598 0.281271 0.274079 0.267743 0.255229 0.240636  0.24598 0.220341
0.235789 0.209751 0.184703 0.156825        0 0.168499 0.211215 0.199584 0.223774 0.223774 0.235789 0.259631 0.280229 0.289117 0.303892 0.312227 0.289117 0.309929 0.304721 0.302235 0.313496 0.318118 0.315588 0.318118 0.306383 0.312227 0.320657 0.298314 0.285064 0.284256 0.283449 0.277823 0.261979 0.233521 0.238823 0.227494
 0.23533 0.228563 0.197174 0.194899 0.168499        0 0.189196 0.205711 0.218157 0.230812 0.226321 0.256782 0.266955 0.278866 0.296685 0.289344 0.296685 0.296066 0.309082 0.297505 0.302857 0.327643 0.331068 0.314099 0.314099 0.308249 0.304099 0.284681 0.271696 0.280468 0.275671 0.281271 0.264595 0.242921 0.236086 0.234581
0.262242 0.247513 0.228711  0.20209 0.211215 0.189196        0  0.18636 0.206438 0.218895 0.221115 0.247513 0.268532 0.277267 0.286105 0.292598 0.300795 0.293612 0.320841 0.299971 0.298731 0.315779 0.318305 0.313261 0.290969 0.296685 0.327643 0.288727 0.287723 0.296685 0.285297 0.297505 0.273284 0.279667 0.274874 0.246017
0.266955 0.251361 0.236996 0.225575 0.199584 0.205711  0.18636        0 0.170261  0.20935 0.202813 0.223342 0.248281  0.25059 0.264595 0.299971 0.273284 0.297707 0.300795 0.276468 0.297909 0.314099 0.323384 0.311586 0.299971 0.331927 0.323384 0.298529 0.296685 0.281271 0.274874 0.286913 0.267743 0.270904 0.269322 0.262326
0.281271  0.24598 0.226467 0.233821 0.223774 0.218157 0.206438 0.170261        0 0.191329 0.208621 0.231563 0.241397 0.258338 0.268532 0.280468 0.282074 0.292796 0.293414 0.290156 0.298731 0.314938 0.338831 0.322536 0.297505 0.321688 0.325937 0.327016 0.295866 0.289344 0.292598 0.270112 0.278866 0.278866 0.285297 0.269426
0.282879 0.252906 0.249213  0.23533 0.223774 0.230812 0.218895  0.20935 0.191329        0 0.184946 0.218895 0.229312 0.242159 0.256782 0.271696 0.277267 0.290352 0.306586 0.296685 0.281648 0.318305 0.320841 0.299148 0.304927 0.325937 0.323384 0.312637 0.295048 0.309082 0.311586 0.286913 0.296685 0.286105 0.277267 0.273399
0.276468 0.276468 0.253072 0.256005 0.235789 0.226321 0.221115 0.202813 0.208621 0.184946        0 0.205711 0.210811 0.221115 0.243685 0.259898 0.258338  0.25773 0.275671 0.276468 0.284872 0.297505 0.301619 0.298326 0.300795 0.308249 0.307417 0.298529 0.287723 0.286913 0.293414 0.286105 0.278866 0.276468  0.27249 0.274197
0.293414 0.283684 0.281459 0.278866 0.259631 0.256782 0.247513 0.223342 0.231563 0.218895 0.205711        0 0.184241 0.204986 0.228563 0.252133  0.26381 0.273466  0.28449 0.296685 0.292994 0.311586 0.322536 0.304099  0.29423 0.314099 0.309916 0.305965 0.290969 0.279667 0.298326 0.295866 0.288533 0.290156  0.27249  0.28141
0.303271 0.313261 0.297707 0.290156 0.280229 0.266955 0.268532 0.248281 0.241397 0.229312 0.210811 0.184241        0 0.177218 0.204986 0.218895 0.232315 0.267132 0.287723 0.274874 0.281648 0.301619 0.309082 0.303271 0.303271 0.314938 0.314938 0.296886 0.304927 0.297505 0.304099 0.315779 0.302445 0.303271 0.300795 0.303477
0.312423 0.315779 0.300999  0.29423 0.289117 0.278866 0.277267  0.25059 0.258338 0.242159 0.221115 0.204986 0.177218        0 0.177917 0.213741 0.223342  0.26085 0.266167 0.266167 0.283258 0.297505 0.322536  0.31662 0.312423 0.327643 0.307417 0.314314 0.319995 0.303271 0.314938 0.321688 0.315779 0.308249 0.305756 0.309305
 0.31662 0.325085 0.310128 0.313261 0.303892 0.296685 0.286105 0.264595 0.268532 0.256782 0.243685 0.228563 0.204986 0.177917        0 0.194899 0.225575 0.252299  0.25368  0.25756 0.271265  0.28449 0.303271 0.300795 0.296685 0.320841  0.31662 0.315996 0.319995 0.313261 0.306586  0.31662  0.32679 0.318305 0.323384 0.320251
 0.32679 0.317462 0.303478 0.321688 0.312227 0.289344 0.292598 0.299971 0.280468 0.271696 0.259898 0.252133 0.218895 0.213741 0.194899        0 0.192755 0.233219 0.244449 0.265381 0.271265 0.297505 0.313261 0.295866 0.314938 0.338831 0.314938 0.315996 0.321688 0.317462 0.314099 0.311586 0.310751 0.337965  0.33021 0.324504
0.327643 0.321688 0.309293 0.303271 0.289117 0.296685 0.300795 0.273284 0.282074 0.277267 0.258338  0.26381 0.232315 0.223342 0.225575 0.192755        0 0.185062 0.207165  0.21521 0.240188 0.266167 0.282879 0.295048 0.296685 0.319995 0.314938 0.305965 0.317462  0.31915 0.321688 0.311586 0.297505 0.305756 0.309916 0.315179
 0.33044 0.314314 0.317899 0.321062 0.309929 0.296066 0.293612 0.297707 0.292796 0.290352  0.25773 0.273466 0.267132  0.26085 0.252299 0.233219 0.185062        0 0.175233  0.20439 0.221542 0.237754 0.254622 0.281459 0.301825 0.295247 0.321909 0.311176   0.3118 0.322758 0.321062 0.324458   0.3118 0.306796 0.320215 0.307846
 0.33021 0.325937 0.321909 0.311586 0.304721 0.309082 0.320841 0.300795 0.293414 0.306586 0.275671  0.28449 0.287723 0.266167  0.25368 0.244449 0.207165 0.175233        0 0.172341 0.212546 0.236086  0.25368 0.275671 0.293414 0.309082 0.290969 0.302651 0.302445 0.299971 0.309916 0.319995 0.307417 0.301619 0.314938 0.318557
0.306586 0.311586 0.318524 0.311586 0.302235 0.297505 0.299971 0.276468 0.290156 0.296685 0.276468 0.296685 0.274874 0.266167  0.25756 0.265381  0.21521  0.20439 0.172341        0 0.182355 0.218157 0.243685 0.256782 0.262242 0.287723 0.286913 0.290352 0.297505 0.300795 0.303271 0.314938 0.314938 0.311586 0.307417 0.299341
0.308671 0.312851 0.301409 0.309505 0.313496 0.302857 0.298731 0.297909 0.298731 0.281648 0.284872 0.292994 0.281648 0.283258 0.271265 0.271265 0.240188 0.221542 0.212546 0.182355        0 0.190857 0.212546 0.237909  0.26968 0.268098  0.31034 0.291559 0.297909 0.292178 0.302857 0.324683 0.311176  0.31453 0.316213 0.298923
 0.32679 0.315779 0.318524 0.315779 0.318118 0.327643 0.315779 0.314099 0.314938 0.318305 0.297505 0.311586 0.301619 0.297505  0.28449 0.297505 0.266167 0.237754 0.236086 0.218157 0.190857        0 0.187068 0.230812 0.247513 0.258338 0.303271 0.287106 0.299148 0.299148 0.306586 0.324234 0.322536 0.319995 0.325085 0.320251
0.318305 0.309916 0.315155 0.322536 0.315588 0.331068 0.318305 0.323384 0.338831 0.320841 0.301619 0.322536 0.309082 0.322536 0.303271 0.313261 0.282879 0.254622  0.25368 0.243685 0.212546 0.187068        0 0.202813 0.225575 0.243685 0.295866 0.292796  0.29423 0.304927 0.286913 0.313261 0.309916 0.303271 0.291783 0.298516
0.307417 0.295866 0.310128 0.301619 0.318118 0.314099 0.313261 0.311586 0.322536 0.299148 0.298326 0.304099 0.303271  0.31662 0.300795 0.295866 0.295048 0.281459 0.275671 0.256782 0.237909 0.230812 0.202813        0 0.200646 0.232315 0.254454 0.260069 0.281271 0.291783 0.297505 0.304927 0.292598 0.305756 0.295048 0.295228
0.302445 0.305756 0.320215 0.292598 0.306383 0.314099 0.290969 0.299971 0.297505 0.304927 0.300795  0.29423 0.303271 0.312423 0.296685 0.314938 0.296685 0.301825 0.293414 0.262242  0.26968 0.247513 0.225575 0.200646        0 0.208621 0.246746  0.24614  0.26146 0.270904 0.278866 0.292598 0.289344 0.290969 0.286913 0.273399
0.305756 0.313261 0.313475 0.298326 0.312227 0.308249 0.296685 0.331927 0.321688 0.325937 0.308249 0.314099 0.314938 0.327643 0.320841 0.338831 0.319995 0.295247 0.309082 0.287723 0.268098 0.258338 0.243685 0.232315 0.208621        0 0.240636 0.240793 0.252133 0.280468 0.300795 0.300795 0.307417 0.308249 0.309916 0.302648
0.309916 0.312423 0.300999 0.300795 0.320657 0.304099 0.327643 0.323384 0.325937 0.323384 0.307417 0.309916 0.314938 0.307417  0.31662 0.314938 0.314938 0.321909 0.290969 0.286913  0.31034 0.303271 0.295866 0.254454 0.246746 0.240636        0 0.230211 0.242159  0.28449  0.27249 0.299148  0.28449 0.301619 0.287723 0.298516
0.266344  0.29198 0.281648 0.286297 0.298314 0.284681 0.288727 0.298529 0.327016 0.312637 0.298529 0.305965 0.296886 0.314314 0.315996 0.315996 0.305965 0.311176 0.302651 0.290352 0.291559 0.287106 0.292796 0.260069  0.24614 0.240793 0.230211        0 0.199331 0.234727 0.252299  0.26792 0.256951 0.274261 0.260069 0.250805
0.268532 0.283684 0.287916 0.292598 0.285064 0.271696 0.287723 0.296685 0.295866 0.295048 0.287723 0.290969 0.304927 0.319995 0.319995 0.321688 0.317462   0.3118 0.302445 0.297505 0.297909 0.299148  0.29423 0.281271  0.26146 0.252133 0.242159 0.199331        0 0.192755 0.213741 0.239876 0.255229 0.267743 0.255229 0.246017
 0.25368 0.274874 0.279854 0.281271 0.284256 0.280468 0.296685 0.281271 0.289344 0.309082 0.286913 0.279667 0.297505 0.303271 0.313261 0.317462  0.31915 0.322758 0.299971 0.300795 0.292178 0.299148 0.304927 0.291783 0.270904 0.280468  0.28449 0.234727 0.192755        0 0.189906 0.223342 0.243685  0.23533 0.234575 0.223317
 0.24598 0.266955 0.260069 0.274079 0.283449 0.275671 0.285297 0.274874 0.292598 0.311586 0.293414 0.298326 0.304099 0.314938 0.306586 0.314099 0.321688 0.321062 0.309916 0.303271 0.302857 0.306586 0.286913 0.297505 0.278866 0.300795  0.27249 0.252299 0.213741 0.189906        0 0.177917 0.219635 0.232315 0.224086 0.237613
0.243685 0.244449 0.261633 0.267743 0.277823 0.281271 0.297505 0.286913 0.270112 0.286913 0.286105 0.295866 0.315779 0.321688  0.31662 0.311586 0.311586 0.324458 0.319995 0.314938 0.324683 0.324234 0.313261 0.304927 0.292598 0.300795 0.299148  0.26792 0.239876 0.223342 0.177917        0 0.180721 0.210811 0.206438 0.212954
0.220375 0.233821 0.255397 0.255229 0.261979 0.264595 0.273284 0.267743 0.278866 0.296685 0.278866 0.288533 0.302445 0.315779  0.32679 0.310751 0.297505   0.3118 0.307417 0.314938 0.311176 0.322536 0.309916 0.292598 0.289344 0.307417  0.28449 0.256951 0.255229 0.243685 0.219635 0.180721        0 0.187068 0.194899 0.190505
0.207893 0.220375 0.226467 0.240636 0.233521 0.242921 0.279667 0.270904 0.278866 0.286105 0.276468 0.290156 0.303271 0.308249 0.318305 0.337965 0.305756 0.306796 0.301619 0.311586  0.31453 0.319995 0.303271 0.305756 0.290969 0.308249 0.301619 0.274261 0.267743  0.23533 0.232315 0.210811 0.187068        0 0.156537 0.172877
0.193469 0.204261 0.222742  0.24598 0.238823 0.236086 0.274874 0.269322 0.285297 0.277267  0.27249  0.27249 0.300795 0.305756 0.323384  0.33021 0.309916 0.320215 0.314938 0.307417 0.316213 0.325085 0.291783 0.295048 0.286913 0.309916 0.287723 0.260069 0.255229 0.234575 0.224086 0.206438 0.194899 0.156537        0 0.152258
0.171485 0.180582 0.203587 0.220341 0.227494 0.234581 0.246017 0.262326 0.269426 0.273399 0.274197  0.28141 0.303477 0.309305 0.320251 0.324504 0.315179 0.307846 0.318557 0.299341 0.298923 0.320251 0.298516 0.295228 0.273399 0.302648 0.298516 0.250805 0.246017 0.223317 0.237613 0.212954 0.190505 0.172877 0.152258        0


JC Tree topology:
(1,((((2,3),(4,5)),(6,(7,((8,9),(10,(11,(12,(((13,(14,15)),(16,17)),(((18,19),20),(21,(22,23))))))))))),(((((24,25),26),27),(28,29)),(30,(31,32)))),(33,((34,35),36)));

Putting MLE Branch Lengths
p: 0.304252 0.284319 0.131955 0.279474
s:  0.222109  0.150928  0.154256 0.0352589    0.4113 0.0261474
Q: 
-0.866542  0.365009  0.248032  0.253501
 0.390599  -1.17591 0.0620059  0.723306
 0.571892  0.133602  -0.80457 0.0990768
 0.275977  0.735846 0.0467798   -1.0586

((((11:0.0914294,10:0.1016488):0.0168626,((((5:0.0715732,4:0.0900654):0.0215898,6:0.0981103):0.0176391,((((((27:0.1244440,((26:0.1118576,25:0.1002553):0.0245561,24:0.1197399):0.0388015):0.0232848,(29:0.1055554,28:0.0979026):0.0332541):0.0276252,(((23:0.1066639,22:0.0840169):0.0416600,21:0.0861770):0.0256618,((18:0.1023263,19:0.0777461):0.0367159,20:0.0805770):0.0271451):0.0977492):0.0600901,(((31:0.0887790,32:0.0936758):0.0205494,30:0.1240705):0.0291193,33:0.1033371):0.0235390):0.0393915,(((35:0.0692575,34:0.0891108):0.0278175,36:0.0694882):0.0217616,1:0.1017826):0.0139577):0.0338916,(3:0.0804151,2:0.0899293):0.0269673):0.0452578):0.0503298,(7:0.1109442,(8:0.0809321,9:0.0941952):0.0283835):0.0146255):0.0446396):0.0479831,12:0.0881137):0.0435450,(13:0.0971011,(15:0.1087516,14:0.0724192):0.0288647):0.0078155,(16:0.0896353,17:0.1077929):0.0657069);
Seed = 2695190056
Seeds per chain: 
      792110142
     1698269662
     3760192943
     2245570171
stationary acceptance: 0.0148214
symmetric acceptance: 0.00899805
branch length acceptance: 0.0369422
avgP:  0.22669 0.222245 0.184007 0.367059
sP: 6.61128e-05 3.65238e-05 4.47276e-05 9.32794e-05
avgS:  0.174763   0.16876 0.0942448 0.0202087  0.528003 0.0140203
sS: 2.47154e-05 3.89827e-05 3.27091e-05 5.53218e-06 0.000141925 4.76719e-06
 0.22669 0.222245 0.184007 0.367059
 0.174763   0.16876 0.0942448 0.0202087  0.528003 0.0140203

-0.965567  0.385468  0.372227  0.207872
 0.393177  -1.62653  0.045465   1.18789
 0.458571  0.054913 -0.551581 0.0380972
 0.128378  0.719235 0.0190981 -0.866711

stationary acceptance: 0.0941067
symmetric acceptance: 0.0588385
branch length acceptance: 0.242246
avgP: 0.226699 0.222228 0.184017 0.367057
sP: 6.53156e-05 3.68254e-05 4.47511e-05 8.86133e-05
avgS:  0.174748  0.168771 0.0942467  0.020209  0.528003 0.0140221
sS: 2.34992e-05 3.90592e-05 3.28933e-05 5.57023e-06 0.000139055  4.7996e-06
0.226699 0.222228 0.184017 0.367057
 0.174748  0.168771 0.0942467  0.020209  0.528003 0.0140221

-0.965522  0.385418  0.372236  0.207867
 0.393173  -1.62662 0.0454691   1.18798
 0.458575 0.0549107 -0.551586 0.0381001
 0.128382   0.71924 0.0191008 -0.866722

stationary acceptance: 0.00919767
symmetric acceptance: 0.00438741
branch length acceptance: 0.0110763
avgP: 0.226684 0.222318  0.18398 0.367019
sP: 6.44265e-05 3.86083e-05 4.59306e-05 9.24085e-05
avgS:  0.174739  0.168729 0.0942346 0.0202163  0.528051 0.0140295
sS: 2.46836e-05 3.91352e-05 3.35022e-05 5.74056e-06 0.000145032 4.87357e-06
0.226684 0.222318  0.18398 0.367019
 0.174739  0.168729 0.0942346 0.0202163  0.528051 0.0140295

 -0.96545  0.385426  0.372169  0.207855
 0.392995  -1.62607 0.0454671   1.18761
 0.458554 0.0549416 -0.551623 0.0381278
 0.128378  0.719378 0.0191128 -0.866869

stationary acceptance: 0.0538367
symmetric acceptance: 0.0316512
branch length acceptance: 0.115757
avgP:  0.22671 0.222211  0.18403 0.367049
sP:  6.5175e-05 3.56661e-05 4.46063e-05 9.10439e-05
avgS:  0.174746  0.168774 0.0942276  0.020209  0.528033 0.0140105
sS: 2.47073e-05 3.89186e-05 3.13417e-05 5.44733e-06  0.00013469 4.77323e-06
 0.22671 0.222211  0.18403 0.367049
 0.174746  0.168774 0.0942276  0.020209  0.528033 0.0140105

-0.965435  0.385394  0.372225  0.207815
 0.393197   -1.6268 0.0454725   1.18813
 0.458552 0.0549068 -0.551524 0.0380657
 0.128358  0.719295 0.0190853 -0.866739

stationary acceptance: 0.111731
symmetric acceptance: 0.0744518
branch length acceptance: 0.284822
avgP: 0.227516 0.222925 0.181756 0.367802
sP: 2.82028e-05 3.54911e-05 3.29018e-05 4.90804e-05
avgS:  0.174639  0.169493 0.0945733 0.0209958  0.526287 0.0140125
sS: 2.74214e-05 3.09136e-05 1.84459e-05 4.50522e-06 4.98238e-05 4.86572e-06
0.227516 0.222925 0.181756 0.367802
 0.174639  0.169493 0.0945733 0.0209958  0.526287 0.0140125

-0.964118  0.383795  0.372485  0.207838
 0.391699   -1.6192 0.0470917   1.18041
 0.466264 0.0577582  -0.56257 0.0385475
 0.128565  0.715447 0.0190489 -0.863062

stationary acceptance: 0.0300329
symmetric acceptance: 0.0223172
branch length acceptance: 0.0755017
avgP: 0.227506 0.222911 0.181766 0.367817
sP: 2.82685e-05 3.51287e-05 3.27635e-05 4.90716e-05
avgS:  0.174622  0.169501  0.094605 0.0210015  0.526262 0.0140077
sS: 2.73937e-05 3.06857e-05 1.84361e-05 4.48544e-06 4.96789e-05  4.8382e-06
0.227506 0.222911 0.181766 0.367817
 0.174622  0.169501  0.094605 0.0210015  0.526262 0.0140077

-0.964212  0.383775   0.37252  0.207917
 0.391685  -1.61922 0.0471074   1.18043
 0.466264  0.057771 -0.562567 0.0385322
 0.128603  0.715386 0.0190416 -0.863031

stationary acceptance: 0.00950818
symmetric acceptance: 0.00925155
branch length acceptance: 0.0213772
avgP: 0.227489 0.222916 0.181749 0.367846
sP: 2.82144e-05 3.50197e-05 3.27237e-05 4.87977e-05
avgS:  0.174634  0.169486 0.0946036  0.020999  0.526273 0.0140042
sS: 2.70367e-05  3.0553e-05 1.82194e-05   4.457e-06 4.92298e-05 4.80488e-06
0.227489 0.222916 0.181749 0.367846
 0.174634  0.169486 0.0946036  0.020999  0.526273 0.0140042

-0.964276   0.38383  0.372516   0.20793
 0.391705  -1.61924 0.0471007   1.18043
 0.466263 0.0577691 -0.562559 0.0385261
 0.128591  0.715343 0.0190354  -0.86297

stationary acceptance: 0.00705159
symmetric acceptance: 0.00610885
branch length acceptance: 0.0205992
avgP: 0.227538 0.222902 0.181746 0.367813
sP: 2.81905e-05 3.46877e-05 3.23086e-05 4.89052e-05
avgS:  0.174616  0.169504 0.0946377 0.0209964  0.526234 0.0140118
sS: 2.71232e-05 3.03743e-05 1.81192e-05 4.39913e-06 4.89608e-05 4.81712e-06
0.227538 0.222902 0.181746 0.367813
 0.174616  0.169504 0.0946377 0.0209964  0.526234 0.0140118

-0.964139  0.383707  0.372473   0.20796
 0.391687   -1.6192 0.0470977   1.18041
  0.46632  0.057763 -0.562631 0.0385477
 0.128649  0.715356 0.0190474 -0.863053

stationary acceptance: 0.0583331
symmetric acceptance: 0.0263722
branch length acceptance: 0.153159
avgP:  0.22788 0.222704 0.181177 0.368239
sP: 2.69247e-05 3.61938e-05  4.5754e-05 6.08822e-05
avgS:  0.174138  0.168761 0.0960912  0.019839  0.528248 0.0129233
sS: 2.33649e-05 3.45623e-05 1.15598e-05 4.32446e-06 4.70224e-05 3.37393e-06
 0.22788 0.222704 0.181177 0.368239
 0.174138  0.168761 0.0960912  0.019839  0.528248 0.0129233

-0.963204  0.382082  0.370284  0.210837
 0.390963  -1.62149 0.0445413   1.18599
 0.465735 0.0547504  -0.55615 0.0356648
 0.130474  0.717262 0.0175474 -0.865283

stationary acceptance: 0.0387596
symmetric acceptance: 0.0247985
branch length acceptance: 0.109003
avgP: 0.227912 0.222689  0.18122 0.368179
sP: 2.83138e-05 3.54335e-05 4.55415e-05 5.81396e-05
avgS:  0.174133  0.168824 0.0960751 0.0198332  0.528206 0.0129283
sS: 2.32157e-05 3.39128e-05  1.1587e-05 4.25659e-06 4.69312e-05 3.38843e-06
0.227912 0.222689  0.18122 0.368179
 0.174133  0.168824 0.0960751 0.0198332  0.528206 0.0129283

-0.963162  0.382019  0.370371  0.210772
 0.390978  -1.62148  0.044531   1.18597
 0.465798 0.0547213  -0.55619 0.0356703
 0.130473  0.717323 0.0175571 -0.865353

stationary acceptance: 0.0346438
symmetric acceptance: 0.022492
branch length acceptance: 0.0927
avgP: 0.228014 0.222731  0.18116 0.368095
sP: 1.88709e-05 2.38686e-05 3.04173e-05 3.95989e-05
avgS:  0.174381  0.168741  0.096013 0.0198345  0.528155 0.0128815
sS: 1.59376e-05 2.32078e-05 7.37542e-06 2.83666e-06 3.23689e-05 2.20417e-06
0.228014 0.222731  0.18116 0.368095
 0.174381  0.168741  0.096013 0.0198345  0.528155 0.0128815

-0.962955   0.38239  0.370024  0.210542
  0.39146  -1.62162 0.0445257   1.18563
 0.465725 0.0547431 -0.556021 0.0355529
 0.130419  0.717416 0.0174975 -0.865332

stationary acceptance: 0.0442733
symmetric acceptance: 0.0204384
branch length acceptance: 0.116503
avgP: 0.228006 0.222757 0.181191 0.368053
sP: 1.89593e-05 2.39582e-05 3.00404e-05 3.95553e-05
avgS:  0.174377  0.168754 0.0960215 0.0198292  0.528132  0.012887
sS: 1.59762e-05 2.31681e-05 7.38418e-06 2.80543e-06 3.22812e-05 2.20013e-06
0.228006 0.222757 0.181191 0.368053
 0.174377  0.168754 0.0960215 0.0198292  0.528132  0.012887

-0.963029  0.382396  0.370065  0.210568
 0.391406  -1.62136 0.0445087   1.18544
  0.46568 0.0547192 -0.555961  0.035562
 0.130445  0.717467  0.017507  -0.86542

stationary acceptance: 0.00276612
symmetric acceptance: 0.00265545
branch length acceptance: 0.0106551
avgP: 0.227331 0.219963 0.185155 0.367551
sP: 3.04575e-05 4.18144e-05 5.06457e-05 5.06372e-05
avgS:  0.174478  0.169156 0.0950118 0.0202852  0.527452 0.0136179
sS: 2.37387e-05 3.88938e-05 1.72598e-05 7.58471e-06 9.52572e-05 4.09321e-06
0.227331 0.219963 0.185155 0.367551
 0.174478  0.169156 0.0950118 0.0202852  0.527452 0.0136179

 -0.96477  0.383752  0.372047  0.208972
 0.396607  -1.64167 0.0461106   1.19896
 0.456796  0.054779 -0.548349 0.0367743
  0.12925  0.717522 0.0185252 -0.865297

stationary acceptance: 0.00863032
symmetric acceptance: 0.00315928
branch length acceptance: 0.0133108
avgP: 0.227314 0.219961 0.185142 0.367583
sP: 3.03439e-05 4.14881e-05 5.00825e-05 4.97977e-05
avgS:  0.174469  0.169125 0.0950176 0.0202825  0.527474 0.0136322
sS: 2.38429e-05 3.83681e-05 1.71811e-05  7.5905e-06 9.33002e-05 4.11442e-06
0.227314 0.219961 0.185142 0.367583
 0.174469  0.169125 0.0950176 0.0202825  0.527474 0.0136322

 -0.96477  0.383762  0.372007  0.209001
 0.396591  -1.64171 0.0461048   1.19902
 0.456742 0.0547755 -0.548333 0.0368156
 0.129247   0.71749 0.0185431  -0.86528

stationary acceptance: 0.0117054
symmetric acceptance: 0.00409931
branch length acceptance: 0.0186189
avgP: 0.227284 0.219967  0.18519 0.367559
sP: 3.00779e-05  4.1341e-05 4.98432e-05  4.9525e-05
avgS:  0.174473  0.169155 0.0950013 0.0202926  0.527451 0.0136272
sS: 2.34368e-05 3.82995e-05 1.70428e-05 7.51764e-06 9.38004e-05 4.08568e-06
0.227284 0.219967  0.18519 0.367559
 0.174473  0.169155 0.0950013 0.0202926  0.527451 0.0136272

-0.964937  0.383821  0.372123  0.208993
 0.396588  -1.64165 0.0461264   1.19893
 0.456707 0.0547884 -0.548288 0.0367923
 0.129233  0.717505 0.0185374 -0.865275

stationary acceptance: 0.111092
symmetric acceptance: 0.0775704
branch length acceptance: 0.304535
avgP: 0.227139 0.220137 0.184816 0.367908
sP: 2.98868e-05 3.86593e-05  4.7747e-05 5.07545e-05
avgS:  0.174578  0.168883 0.0947294 0.0202032  0.527876 0.0137305
sS: 2.23691e-05 3.56223e-05 1.66205e-05 6.97834e-06 8.75613e-05 4.28706e-06
0.227139 0.220137 0.184816 0.367908
 0.174578  0.168883 0.0947294 0.0202032  0.527876 0.0137305

-0.964588  0.384299  0.371762  0.208528
 0.396521  -1.64138 0.0458877   1.19897
 0.456894 0.0546576 -0.548698 0.0371465
 0.128741  0.717402 0.0186603 -0.864803

GTR Distance Matrix:

       0 0.187148 0.186994 0.200759 0.229532  0.23385 0.259631 0.264049 0.280614 0.281498 0.276719 0.293584 0.304499 0.313011 0.316937 0.330628 0.329546 0.336484 0.333744 0.309143 0.310523 0.329808 0.316775 0.307358 0.301964 0.305499 0.307575 0.259967 0.264324 0.249681 0.240703 0.238057 0.213211 0.199824 0.184321 0.164463
0.187148        0 0.158891 0.185913 0.201677 0.224551 0.243364 0.246176 0.242734 0.249891 0.274293 0.282866 0.311687 0.314655 0.322478 0.319891 0.321883 0.318531 0.328239 0.313142 0.312607 0.317786 0.309534 0.296586 0.305317 0.313726 0.310598 0.286622 0.283122 0.272462 0.261345 0.240236 0.227482 0.211535 0.196348 0.174513
0.186994 0.158891        0 0.160344 0.178483 0.194243 0.224624 0.232892 0.223515  0.24705 0.252297 0.281473 0.298002 0.301429 0.307729  0.30582 0.309785 0.321504 0.326297 0.318879 0.300452 0.322169 0.314082 0.311804 0.319279 0.313042 0.298208 0.275033 0.285439 0.276594 0.254756 0.257878 0.248287 0.218836 0.214741 0.197814
0.200759 0.185913 0.160344        0 0.148912 0.187155 0.196566 0.218397 0.227715  0.23165  0.25107 0.275135 0.286507 0.290669 0.306812 0.318915 0.300821 0.321045 0.313357 0.311558 0.306596 0.316487 0.321695 0.301959 0.291401 0.296707 0.300419 0.278742  0.29072 0.278899 0.267075 0.263751 0.248496 0.231978 0.237154 0.214284
0.229532 0.201677 0.178483 0.148912        0 0.162271 0.204579 0.193044 0.217892 0.218059 0.232626 0.257199 0.278004 0.286444 0.301267 0.312135 0.288529 0.311265 0.306513 0.302296 0.312452 0.320457 0.315763 0.317735 0.305987 0.311948 0.317047 0.293262 0.283734 0.282587 0.279182 0.273927 0.254541 0.226492 0.231829 0.222177
 0.23385 0.224551 0.194243 0.187155 0.162271        0 0.183279 0.198602 0.214009 0.226823 0.222833 0.255111 0.266566 0.277681 0.294579 0.290927 0.295041 0.298182 0.312872 0.299004 0.303932 0.333854 0.334504 0.318261 0.317655 0.310375 0.305186 0.281455 0.272714 0.281532 0.273259 0.281482 0.261225 0.238258 0.230649 0.231979
0.259631 0.243364 0.224624 0.196566 0.204579 0.183279        0 0.179805 0.199642  0.21256 0.215682 0.242649 0.264793 0.271583 0.281575 0.291252 0.296437 0.292369 0.321479 0.298827 0.296255 0.316704  0.31803 0.313088 0.289918 0.296167 0.327525 0.282578 0.286251 0.295488 0.281176 0.296385 0.267704 0.272854 0.266793 0.242979
0.264049 0.246176 0.232892 0.218397 0.193044 0.198602 0.179805        0 0.163467 0.202376 0.197507 0.218453  0.24276 0.246717 0.259703 0.298749  0.26979 0.297524 0.302164  0.27558 0.295702 0.316179 0.324974 0.313494  0.30166 0.332049 0.323984 0.293116 0.294257 0.277957 0.268824 0.284367 0.261682 0.265434  0.26135 0.258408
0.280614 0.242734 0.223515 0.227715 0.217892 0.214009 0.199642 0.163467        0 0.185192 0.203098 0.225117 0.235686 0.254663 0.264429 0.280517  0.27809 0.294478   0.2959 0.289374 0.297907 0.316849 0.339471 0.327112 0.299543 0.323814 0.327965  0.32245 0.295879 0.288549 0.288728 0.270245 0.275308 0.275113 0.278575 0.266634
0.281498 0.249891  0.24705  0.23165 0.218059 0.226823  0.21256 0.202376 0.185192        0 0.178693 0.211679  0.22247 0.234959 0.249468 0.268132 0.273599  0.29061 0.307258 0.295123 0.279074 0.317575 0.319697 0.300214 0.305286  0.32753 0.322961  0.30751 0.295892 0.308685 0.308747 0.285542 0.292954  0.28209 0.271394 0.272458
0.276719 0.274293 0.252297  0.25107 0.232626 0.222833 0.215682 0.197507 0.203098 0.178693        0 0.197247   0.2047 0.214621 0.236999 0.257263 0.254104 0.256968 0.277673  0.27681 0.282866 0.300808 0.301703  0.29883 0.299881 0.307694 0.305196 0.293333 0.289194 0.288244 0.291806 0.286468 0.276778 0.274023 0.267407 0.271845
0.293584 0.282866 0.281473 0.275135 0.257199 0.255111 0.242649 0.218453 0.225117 0.211679 0.197247        0 0.177019 0.195039 0.221016 0.246904 0.257065 0.269998 0.283813 0.292592 0.290327 0.312672 0.321514  0.30606 0.293583 0.314971 0.308241 0.300874 0.290029 0.279213 0.297109  0.29643 0.286193 0.287631 0.267691 0.279657
0.304499 0.311687 0.298002 0.286507 0.278004 0.266566 0.264793  0.24276 0.235686  0.22247   0.2047 0.177019        0 0.168939 0.196542  0.21459 0.227092 0.263326 0.287731  0.27139 0.279821 0.304215 0.309865 0.305097 0.304024 0.315315 0.315315 0.294064 0.306466 0.300648 0.304686 0.317438 0.302229 0.302212 0.296862 0.304288
0.313011 0.314655 0.301429 0.290669 0.286444 0.277681 0.271583 0.246717 0.254663 0.234959 0.214621 0.195039 0.168939        0 0.168886 0.207201 0.217548 0.256158 0.263171 0.263285 0.280723 0.297995 0.320746 0.314744 0.309931 0.326477 0.306341 0.310517 0.317519 0.302573 0.314271 0.323325 0.313048 0.306074 0.300612 0.308751
0.316937 0.322478 0.307729 0.306812 0.301267 0.294579 0.281575 0.259703 0.264429 0.249468 0.236999 0.221016 0.196542 0.168886        0 0.187229 0.217556  0.24621 0.249027 0.253743 0.267106 0.282623 0.298858 0.298244 0.293074 0.318297 0.314426 0.310196 0.318281 0.314202 0.304861 0.317319 0.323291 0.315737 0.317229 0.318853
0.330628 0.319891  0.30582 0.318915 0.312135 0.290927 0.291252 0.298749 0.280517 0.268132 0.257263 0.246904  0.21459 0.207201 0.187229        0 0.185749 0.228068 0.240613  0.26223 0.268603 0.296324 0.312863 0.294966 0.314902 0.339494 0.316457 0.313701 0.324119 0.322808 0.316682 0.316831 0.310311 0.338106 0.327467 0.326978
0.329546 0.321883 0.309785 0.300821 0.288529 0.295041 0.296437  0.26979  0.27809 0.273599 0.254104 0.257065 0.227092 0.217548 0.217556 0.185749        0 0.176762 0.200737 0.208708 0.234259 0.262471 0.278989 0.293389  0.29561 0.316364 0.312064 0.301743 0.316371 0.322061 0.320297 0.312388  0.29475 0.303961 0.306965 0.315005
0.336484 0.318531 0.321504 0.321045 0.311265 0.298182 0.292369 0.297524 0.294478  0.29061 0.256968 0.269998 0.263326 0.256158  0.24621 0.228068 0.176762        0 0.167844 0.197305 0.215564 0.233499 0.251959 0.279991  0.29951 0.294013 0.322093  0.30784  0.31578 0.328906 0.322428 0.330723 0.312652 0.308482  0.32047 0.312839
0.333744 0.328239 0.326297 0.313357 0.306513 0.312872 0.321479 0.302164   0.2959 0.307258 0.277673 0.283813 0.287731 0.263171 0.249027 0.240613 0.200737 0.167844        0 0.164837 0.205284 0.229766 0.248088 0.270025 0.289564 0.304273 0.288734 0.299461 0.303743 0.303141 0.307789 0.321133 0.306566 0.302075 0.314374  0.32229
0.309143 0.313142 0.318879 0.311558 0.302296 0.299004 0.298827  0.27558 0.289374 0.295123  0.27681 0.292592  0.27139 0.263285 0.253743  0.26223 0.208708 0.197305 0.164837        0 0.174387 0.210614 0.237801  0.25075 0.256897 0.280904 0.281649  0.28563  0.29535 0.300368 0.300171  0.31442 0.311818 0.308429 0.304853 0.299989
0.310523 0.312607 0.300452 0.306596 0.312452 0.303932 0.296255 0.295702 0.297907 0.279074 0.282866 0.290327 0.279821 0.280723 0.267106 0.268603 0.234259 0.215564 0.205284 0.174387        0  0.18333 0.205934 0.231419 0.262052 0.263171 0.306335 0.285239 0.299528 0.292191 0.301506 0.324551 0.307605 0.310489 0.311541 0.298797
0.329808 0.317786 0.322169 0.316487 0.320457 0.333854 0.316704 0.316179 0.316849 0.317575 0.300808 0.312672 0.304215 0.297995 0.282623 0.296324 0.262471 0.233499 0.229766 0.210614  0.18333        0 0.178686 0.224919 0.239151 0.251975 0.300181 0.284101 0.300145 0.300002 0.305846 0.323762   0.3191  0.31874 0.322635 0.321876
0.316775 0.309534 0.314082 0.321695 0.315763 0.334504  0.31803 0.324974 0.339471 0.319697 0.301703 0.321514 0.309865 0.320746 0.298858 0.312863 0.278989 0.251959 0.248088 0.237801 0.205934 0.178686        0 0.194452  0.21568 0.235185 0.289018 0.286376 0.292197 0.303682 0.284197 0.311413 0.304875 0.299467 0.286412 0.296737
0.307358 0.296586 0.311804 0.301959 0.317735 0.318261 0.313088 0.313494 0.327112 0.300214  0.29883  0.30606 0.305097 0.314744 0.298244 0.294966 0.293389 0.279991 0.270025  0.25075 0.231419 0.224919 0.194452        0  0.19368 0.223625 0.247254 0.252537 0.277309 0.289281 0.293451 0.301753 0.287136 0.301592 0.290697 0.293585
0.301964 0.305317 0.319279 0.291401 0.305987 0.317655 0.289918  0.30166 0.299543 0.305286 0.299881 0.293583 0.304024 0.309931 0.293074 0.314902  0.29561  0.29951 0.289564 0.256897 0.262052 0.239151  0.21568  0.19368        0  0.19765  0.23998 0.238607  0.25878 0.268672 0.274664 0.291717 0.285993 0.288226 0.283219 0.271629
0.305499 0.313726 0.313042 0.296707 0.311948 0.310375 0.296167 0.332049 0.323814  0.32753 0.307694 0.314971 0.315315 0.326477 0.318297 0.339494 0.316364 0.294013 0.304273 0.280904 0.263171 0.251975 0.235185 0.223625  0.19765        0 0.229827 0.230196 0.246629 0.276186 0.296213 0.298826 0.302777 0.303776  0.30491 0.299814
0.307575 0.310598 0.298208 0.300419 0.317047 0.305186 0.327525 0.323984 0.327965 0.322961 0.305196 0.308241 0.315315 0.306341 0.314426 0.316457 0.312064 0.322093 0.288734 0.281649 0.306335 0.300181 0.289018 0.247254  0.23998 0.229827        0 0.218727  0.23247 0.277033 0.266688 0.292018 0.278052 0.293732 0.280889 0.293684
0.259967 0.286622 0.275033 0.278742 0.293262 0.281455 0.282578 0.293116  0.32245  0.30751 0.293333 0.300874 0.294064 0.310517 0.310196 0.313701 0.301743  0.30784 0.299461  0.28563 0.285239 0.284101 0.286376 0.252537 0.238607 0.230196 0.218727        0 0.189612  0.22446 0.243287  0.25832  0.24738 0.264478 0.250456 0.243399
0.264324 0.283122 0.285439  0.29072 0.283734 0.272714 0.286251 0.294257 0.295879 0.295892 0.289194 0.290029 0.306466 0.317519 0.318281 0.324119 0.316371  0.31578 0.303743  0.29535 0.299528 0.300145 0.292197 0.277309  0.25878 0.246629  0.23247 0.189612        0 0.184344 0.206053 0.232866 0.248371 0.259507 0.246164 0.240101
0.249681 0.272462 0.276594 0.278899 0.282587 0.281532 0.295488 0.277957 0.288549 0.308685 0.288244 0.279213 0.300648 0.302573 0.314202 0.322808 0.322061 0.328906 0.303141 0.300368 0.292191 0.300002 0.303682 0.289281 0.268672 0.276186 0.277033  0.22446 0.184344        0 0.180401 0.214571 0.235995 0.228001 0.227256 0.219016
0.240703 0.261345 0.254756 0.267075 0.279182 0.273259 0.281176 0.268824 0.288728 0.308747 0.291806 0.297109 0.304686 0.314271 0.304861 0.316682 0.320297 0.322428 0.307789 0.300171 0.301506 0.305846 0.284197 0.293451 0.274664 0.296213 0.266688 0.243287 0.206053 0.180401        0 0.169265 0.209192 0.222356 0.214887 0.230288
0.238057 0.240236 0.257878 0.263751 0.273927 0.281482 0.296385 0.284367 0.270245 0.285542 0.286468  0.29643 0.317438 0.323325 0.317319 0.316831 0.312388 0.330723 0.321133  0.31442 0.324551 0.323762 0.311413 0.301753 0.291717 0.298826 0.292018  0.25832 0.232866 0.214571 0.169265        0 0.172144 0.201685  0.19776 0.206921
0.213211 0.227482 0.248287 0.248496 0.254541 0.261225 0.267704 0.261682 0.275308 0.292954 0.276778 0.286193 0.302229 0.313048 0.323291 0.310311  0.29475 0.312652 0.306566 0.311818 0.307605   0.3191 0.304875 0.287136 0.285993 0.302777 0.278052  0.24738 0.248371 0.235995 0.209192 0.172144        0 0.176884 0.184727   0.1838
0.199824 0.211535 0.218836 0.231978 0.226492 0.238258 0.272854 0.265434 0.275113  0.28209 0.274023 0.287631 0.302212 0.306074 0.315737 0.338106 0.303961 0.308482 0.302075 0.308429 0.310489  0.31874 0.299467 0.301592 0.288226 0.303776 0.293732 0.264478 0.259507 0.228001 0.222356 0.201685 0.176884        0 0.147735  0.16476
0.184321 0.196348 0.214741 0.237154 0.231829 0.230649 0.266793  0.26135 0.278575 0.271394 0.267407 0.267691 0.296862 0.300612 0.317229 0.327467 0.306965  0.32047 0.314374 0.304853 0.311541 0.322635 0.286412 0.290697 0.283219  0.30491 0.280889 0.250456 0.246164 0.227256 0.214887  0.19776 0.184727 0.147735        0 0.144988
0.164463 0.174513 0.197814 0.214284 0.222177 0.231979 0.242979 0.258408 0.266634 0.272458 0.271845 0.279657 0.304288 0.308751 0.318853 0.326978 0.315005 0.312839  0.32229 0.299989 0.298797 0.321876 0.296737 0.293585 0.271629 0.299814 0.293684 0.243399 0.240101 0.219016 0.230288 0.206921   0.1838  0.16476 0.144988        0

Seed = 3722122921
Seeds per core: 
     4264353042
     2199170473
     3422418067
      902773920
     1902711503
     1887357834
      258130600
     1207808627
      162362685
     3951574209
     1747700530
     1847769145
     2054156059
     3660897045
     4227479432
      680488061
     1126926009
     2135282114
      453669958
     3730147415
      459617012
      608606397
     4137054909
      694550908
     1132508942
      215162910
     4225027964
     2123517838
       22713037
     1264350124
      824386749
     1620189820
      509467494
     3305207972
     2100659816
      852446762
     1508796677
     2426718126
     3189014079
      731775991
     3230728498
     1917825748
     1004838953
      587960045
     3715763796
      392236687
      526046778
        6018636
ESS = 223.57, or 22.36 percent.
Times: 
MCMC: 2613 seconds
Bootstrap: 0 seconds
Estimate ccdprobs from bootstrap: 0 seconds
Importance sampling: 517 seconds
Total time: 52 minutes, 12 seconds.
