
Alignment summary:
Didelphis_virginiana: A=551 C=503 G=245 T=513
Equus_caballus: A=556 C=494 G=241 T=521
Rhinoceros_unicornis: ?=1 A=568 C=491 G=232 T=520
Bos_tarus: A=567 C=508 G=230 T=507
Hippopotamus_amphibius: ?=3 A=565 C=501 G=237 T=506
Balaenoptera_physalus: A=578 C=486 G=234 T=514
Physeter_macrocephalus: A=553 C=510 G=231 T=518
Ursus_americanus: A=571 C=502 G=235 T=504
Canis_familiaris: A=563 C=496 G=237 T=516
Felis_catus: A=559 C=494 G=239 T=520
Homo_sapiens: A=553 C=504 G=247 T=508
Pan_troglodytes: A=556 C=512 G=246 T=498
Gorilla_gorilla: A=560 C=489 G=237 T=526
Pongo_pygmaeus: A=550 C=514 G=243 T=505
Macaca_mulatta: A=543 C=528 G=240 T=501
Callithrix_jacchus: A=547 C=504 G=244 T=517
Loris_tardigradus: A=552 C=518 G=239 T=503
Galago_crassicaudatus: ?=1 A=530 C=517 G=236 T=528
Daubentonia_madagascariensis: A=538 C=522 G=236 T=516
Varecia_variegata: A=554 C=525 G=239 T=494
Eulemur_mongoz: ?=2 A=537 C=516 G=236 T=521
Lemur_catta: A=557 C=505 G=236 T=514
Hapalemur_griseus: A=534 C=522 G=245 T=511
Propithecus_tattersalli: A=540 C=516 G=248 T=508
Lepilemur_edwardsi: A=550 C=525 G=234 T=503
Cheirogaleus_medius: A=539 C=531 G=250 T=492
Mirza_coquereli: A=529 C=539 G=241 T=503
Microcebus_murinus: -=1 A=546 C=553 G=235 T=477
Microcebus_griseorufus: A=553 C=537 G=238 T=484
Microcebus_myoxinus: A=551 C=542 G=242 T=477
Microcebus_berthae: A=560 C=520 G=234 T=498
Microcebus_rufus_1: A=550 C=523 G=241 T=498
Microcebus_tavaratra: A=538 C=540 G=246 T=488
Microcebus_rufus_2: A=555 C=520 G=228 T=509
Microcebus_sambiranensis: A=545 C=532 G=238 T=497
Microcebus_ravelobensis: ?=5 A=545 C=504 G=246 T=512

Seed = 1896707991

Jukes-Cantor Distance Matrix:

       0 0.194899 0.192877 0.205711 0.235789  0.23533 0.262242 0.266955 0.281271 0.282879 0.276468 0.293414 0.303271 0.312423  0.31662  0.32679 0.327643  0.33044  0.33021 0.306586 0.308671  0.32679 0.318305 0.307417 0.302445 0.305756 0.309916 0.266344 0.268532  0.25368  0.24598 0.243685 0.220375 0.207893 0.193469 0.171485
0.194899        0  0.16622 0.194184 0.209751 0.228563 0.247513 0.251361  0.24598 0.252906 0.276468 0.283684 0.313261 0.315779 0.325085 0.317462 0.321688 0.314314 0.325937 0.311586 0.312851 0.315779 0.309916 0.295866 0.305756 0.313261 0.312423  0.29198 0.283684 0.274874 0.266955 0.244449 0.233821 0.220375 0.204261 0.180582
0.192877  0.16622        0 0.167599 0.184703 0.197174 0.228711 0.236996 0.226467 0.249213 0.253072 0.281459 0.297707 0.300999 0.310128 0.303478 0.309293 0.317899 0.321909 0.318524 0.301409 0.318524 0.315155 0.310128 0.320215 0.313475 0.300999 0.281648 0.287916 0.279854 0.260069 0.261633 0.255397 0.226467 0.222742 0.203587
0.205711 0.194184 0.167599        0 0.156825 0.194899  0.20209 0.225575 0.233821  0.23533 0.256005 0.278866 0.290156  0.29423 0.313261 0.321688 0.303271 0.321062 0.311586 0.311586 0.309505 0.315779 0.322536 0.301619 0.292598 0.298326 0.300795 0.286297 0.292598 0.281271 0.274079 0.267743 0.255229 0.240636  0.24598 0.220341
0.235789 0.209751 0.184703 0.156825        0 0.168499 0.211215 0.199584 0.223774 0.223774 0.235789 0.259631 0.280229 0.289117 0.303892 0.312227 0.289117 0.309929 0.304721 0.302235 0.313496 0.318118 0.315588 0.318118 0.306383 0.312227 0.320657 0.298314 0.285064 0.284256 0.283449 0.277823 0.261979 0.233521 0.238823 0.227494
 0.23533 0.228563 0.197174 0.194899 0.168499        0 0.189196 0.205711 0.218157 0.230812 0.226321 0.256782 0.266955 0.278866 0.296685 0.289344 0.296685 0.296066 0.309082 0.297505 0.302857 0.327643 0.331068 0.314099 0.314099 0.308249 0.304099 0.284681 0.271696 0.280468 0.275671 0.281271 0.264595 0.242921 0.236086 0.234581
0.262242 0.247513 0.228711  0.20209 0.211215 0.189196        0  0.18636 0.206438 0.218895 0.221115 0.247513 0.268532 0.277267 0.286105 0.292598 0.300795 0.293612 0.320841 0.299971 0.298731 0.315779 0.318305 0.313261 0.290969 0.296685 0.327643 0.288727 0.287723 0.296685 0.285297 0.297505 0.273284 0.279667 0.274874 0.246017
0.266955 0.251361 0.236996 0.225575 0.199584 0.205711  0.18636        0 0.170261  0.20935 0.202813 0.223342 0.248281  0.25059 0.264595 0.299971 0.273284 0.297707 0.300795 0.276468 0.297909 0.314099 0.323384 0.311586 0.299971 0.331927 0.323384 0.298529 0.296685 0.281271 0.274874 0.286913 0.267743 0.270904 0.269322 0.262326
0.281271  0.24598 0.226467 0.233821 0.223774 0.218157 0.206438 0.170261        0 0.191329 0.208621 0.231563 0.241397 0.258338 0.268532 0.280468 0.282074 0.292796 0.293414 0.290156 0.298731 0.314938 0.338831 0.322536 0.297505 0.321688 0.325937 0.327016 0.295866 0.289344 0.292598 0.270112 0.278866 0.278866 0.285297 0.269426
0.282879 0.252906 0.249213  0.23533 0.223774 0.230812 0.218895  0.20935 0.191329        0 0.184946 0.218895 0.229312 0.242159 0.256782 0.271696 0.277267 0.290352 0.306586 0.296685 0.281648 0.318305 0.320841 0.299148 0.304927 0.325937 0.323384 0.312637 0.295048 0.309082 0.311586 0.286913 0.296685 0.286105 0.277267 0.273399
0.276468 0.276468 0.253072 0.256005 0.235789 0.226321 0.221115 0.202813 0.208621 0.184946        0 0.205711 0.210811 0.221115 0.243685 0.259898 0.258338  0.25773 0.275671 0.276468 0.284872 0.297505 0.301619 0.298326 0.300795 0.308249 0.307417 0.298529 0.287723 0.286913 0.293414 0.286105 0.278866 0.276468  0.27249 0.274197
0.293414 0.283684 0.281459 0.278866 0.259631 0.256782 0.247513 0.223342 0.231563 0.218895 0.205711        0 0.184241 0.204986 0.228563 0.252133  0.26381 0.273466  0.28449 0.296685 0.292994 0.311586 0.322536 0.304099  0.29423 0.314099 0.309916 0.305965 0.290969 0.279667 0.298326 0.295866 0.288533 0.290156  0.27249  0.28141
0.303271 0.313261 0.297707 0.290156 0.280229 0.266955 0.268532 0.248281 0.241397 0.229312 0.210811 0.184241        0 0.177218 0.204986 0.218895 0.232315 0.267132 0.287723 0.274874 0.281648 0.301619 0.309082 0.303271 0.303271 0.314938 0.314938 0.296886 0.304927 0.297505 0.304099 0.315779 0.302445 0.303271 0.300795 0.303477
0.312423 0.315779 0.300999  0.29423 0.289117 0.278866 0.277267  0.25059 0.258338 0.242159 0.221115 0.204986 0.177218        0 0.177917 0.213741 0.223342  0.26085 0.266167 0.266167 0.283258 0.297505 0.322536  0.31662 0.312423 0.327643 0.307417 0.314314 0.319995 0.303271 0.314938 0.321688 0.315779 0.308249 0.305756 0.309305
 0.31662 0.325085 0.310128 0.313261 0.303892 0.296685 0.286105 0.264595 0.268532 0.256782 0.243685 0.228563 0.204986 0.177917        0 0.194899 0.225575 0.252299  0.25368  0.25756 0.271265  0.28449 0.303271 0.300795 0.296685 0.320841  0.31662 0.315996 0.319995 0.313261 0.306586  0.31662  0.32679 0.318305 0.323384 0.320251
 0.32679 0.317462 0.303478 0.321688 0.312227 0.289344 0.292598 0.299971 0.280468 0.271696 0.259898 0.252133 0.218895 0.213741 0.194899        0 0.192755 0.233219 0.244449 0.265381 0.271265 0.297505 0.313261 0.295866 0.314938 0.338831 0.314938 0.315996 0.321688 0.317462 0.314099 0.311586 0.310751 0.337965  0.33021 0.324504
0.327643 0.321688 0.309293 0.303271 0.289117 0.296685 0.300795 0.273284 0.282074 0.277267 0.258338  0.26381 0.232315 0.223342 0.225575 0.192755        0 0.185062 0.207165  0.21521 0.240188 0.266167 0.282879 0.295048 0.296685 0.319995 0.314938 0.305965 0.317462  0.31915 0.321688 0.311586 0.297505 0.305756 0.309916 0.315179
 0.33044 0.314314 0.317899 0.321062 0.309929 0.296066 0.293612 0.297707 0.292796 0.290352  0.25773 0.273466 0.267132  0.26085 0.252299 0.233219 0.185062        0 0.175233  0.20439 0.221542 0.237754 0.254622 0.281459 0.301825 0.295247 0.321909 0.311176   0.3118 0.322758 0.321062 0.324458   0.3118 0.306796 0.320215 0.307846
 0.33021 0.325937 0.321909 0.311586 0.304721 0.309082 0.320841 0.300795 0.293414 0.306586 0.275671  0.28449 0.287723 0.266167  0.25368 0.244449 0.207165 0.175233        0 0.172341 0.212546 0.236086  0.25368 0.275671 0.293414 0.309082 0.290969 0.302651 0.302445 0.299971 0.309916 0.319995 0.307417 0.301619 0.314938 0.318557
0.306586 0.311586 0.318524 0.311586 0.302235 0.297505 0.299971 0.276468 0.290156 0.296685 0.276468 0.296685 0.274874 0.266167  0.25756 0.265381  0.21521  0.20439 0.172341        0 0.182355 0.218157 0.243685 0.256782 0.262242 0.287723 0.286913 0.290352 0.297505 0.300795 0.303271 0.314938 0.314938 0.311586 0.307417 0.299341
0.308671 0.312851 0.301409 0.309505 0.313496 0.302857 0.298731 0.297909 0.298731 0.281648 0.284872 0.292994 0.281648 0.283258 0.271265 0.271265 0.240188 0.221542 0.212546 0.182355        0 0.190857 0.212546 0.237909  0.26968 0.268098  0.31034 0.291559 0.297909 0.292178 0.302857 0.324683 0.311176  0.31453 0.316213 0.298923
 0.32679 0.315779 0.318524 0.315779 0.318118 0.327643 0.315779 0.314099 0.314938 0.318305 0.297505 0.311586 0.301619 0.297505  0.28449 0.297505 0.266167 0.237754 0.236086 0.218157 0.190857        0 0.187068 0.230812 0.247513 0.258338 0.303271 0.287106 0.299148 0.299148 0.306586 0.324234 0.322536 0.319995 0.325085 0.320251
0.318305 0.309916 0.315155 0.322536 0.315588 0.331068 0.318305 0.323384 0.338831 0.320841 0.301619 0.322536 0.309082 0.322536 0.303271 0.313261 0.282879 0.254622  0.25368 0.243685 0.212546 0.187068        0 0.202813 0.225575 0.243685 0.295866 0.292796  0.29423 0.304927 0.286913 0.313261 0.309916 0.303271 0.291783 0.298516
0.307417 0.295866 0.310128 0.301619 0.318118 0.314099 0.313261 0.311586 0.322536 0.299148 0.298326 0.304099 0.303271  0.31662 0.300795 0.295866 0.295048 0.281459 0.275671 0.256782 0.237909 0.230812 0.202813        0 0.200646 0.232315 0.254454 0.260069 0.281271 0.291783 0.297505 0.304927 0.292598 0.305756 0.295048 0.295228
0.302445 0.305756 0.320215 0.292598 0.306383 0.314099 0.290969 0.299971 0.297505 0.304927 0.300795  0.29423 0.303271 0.312423 0.296685 0.314938 0.296685 0.301825 0.293414 0.262242  0.26968 0.247513 0.225575 0.200646        0 0.208621 0.246746  0.24614  0.26146 0.270904 0.278866 0.292598 0.289344 0.290969 0.286913 0.273399
0.305756 0.313261 0.313475 0.298326 0.312227 0.308249 0.296685 0.331927 0.321688 0.325937 0.308249 0.314099 0.314938 0.327643 0.320841 0.338831 0.319995 0.295247 0.309082 0.287723 0.268098 0.258338 0.243685 0.232315 0.208621        0 0.240636 0.240793 0.252133 0.280468 0.300795 0.300795 0.307417 0.308249 0.309916 0.302648
0.309916 0.312423 0.300999 0.300795 0.320657 0.304099 0.327643 0.323384 0.325937 0.323384 0.307417 0.309916 0.314938 0.307417  0.31662 0.314938 0.314938 0.321909 0.290969 0.286913  0.31034 0.303271 0.295866 0.254454 0.246746 0.240636        0 0.230211 0.242159  0.28449  0.27249 0.299148  0.28449 0.301619 0.287723 0.298516
0.266344  0.29198 0.281648 0.286297 0.298314 0.284681 0.288727 0.298529 0.327016 0.312637 0.298529 0.305965 0.296886 0.314314 0.315996 0.315996 0.305965 0.311176 0.302651 0.290352 0.291559 0.287106 0.292796 0.260069  0.24614 0.240793 0.230211        0 0.199331 0.234727 0.252299  0.26792 0.256951 0.274261 0.260069 0.250805
0.268532 0.283684 0.287916 0.292598 0.285064 0.271696 0.287723 0.296685 0.295866 0.295048 0.287723 0.290969 0.304927 0.319995 0.319995 0.321688 0.317462   0.3118 0.302445 0.297505 0.297909 0.299148  0.29423 0.281271  0.26146 0.252133 0.242159 0.199331        0 0.192755 0.213741 0.239876 0.255229 0.267743 0.255229 0.246017
 0.25368 0.274874 0.279854 0.281271 0.284256 0.280468 0.296685 0.281271 0.289344 0.309082 0.286913 0.279667 0.297505 0.303271 0.313261 0.317462  0.31915 0.322758 0.299971 0.300795 0.292178 0.299148 0.304927 0.291783 0.270904 0.280468  0.28449 0.234727 0.192755        0 0.189906 0.223342 0.243685  0.23533 0.234575 0.223317
 0.24598 0.266955 0.260069 0.274079 0.283449 0.275671 0.285297 0.274874 0.292598 0.311586 0.293414 0.298326 0.304099 0.314938 0.306586 0.314099 0.321688 0.321062 0.309916 0.303271 0.302857 0.306586 0.286913 0.297505 0.278866 0.300795  0.27249 0.252299 0.213741 0.189906        0 0.177917 0.219635 0.232315 0.224086 0.237613
0.243685 0.244449 0.261633 0.267743 0.277823 0.281271 0.297505 0.286913 0.270112 0.286913 0.286105 0.295866 0.315779 0.321688  0.31662 0.311586 0.311586 0.324458 0.319995 0.314938 0.324683 0.324234 0.313261 0.304927 0.292598 0.300795 0.299148  0.26792 0.239876 0.223342 0.177917        0 0.180721 0.210811 0.206438 0.212954
0.220375 0.233821 0.255397 0.255229 0.261979 0.264595 0.273284 0.267743 0.278866 0.296685 0.278866 0.288533 0.302445 0.315779  0.32679 0.310751 0.297505   0.3118 0.307417 0.314938 0.311176 0.322536 0.309916 0.292598 0.289344 0.307417  0.28449 0.256951 0.255229 0.243685 0.219635 0.180721        0 0.187068 0.194899 0.190505
0.207893 0.220375 0.226467 0.240636 0.233521 0.242921 0.279667 0.270904 0.278866 0.286105 0.276468 0.290156 0.303271 0.308249 0.318305 0.337965 0.305756 0.306796 0.301619 0.311586  0.31453 0.319995 0.303271 0.305756 0.290969 0.308249 0.301619 0.274261 0.267743  0.23533 0.232315 0.210811 0.187068        0 0.156537 0.172877
0.193469 0.204261 0.222742  0.24598 0.238823 0.236086 0.274874 0.269322 0.285297 0.277267  0.27249  0.27249 0.300795 0.305756 0.323384  0.33021 0.309916 0.320215 0.314938 0.307417 0.316213 0.325085 0.291783 0.295048 0.286913 0.309916 0.287723 0.260069 0.255229 0.234575 0.224086 0.206438 0.194899 0.156537        0 0.152258
0.171485 0.180582 0.203587 0.220341 0.227494 0.234581 0.246017 0.262326 0.269426 0.273399 0.274197  0.28141 0.303477 0.309305 0.320251 0.324504 0.315179 0.307846 0.318557 0.299341 0.298923 0.320251 0.298516 0.295228 0.273399 0.302648 0.298516 0.250805 0.246017 0.223317 0.237613 0.212954 0.190505 0.172877 0.152258        0


JC Tree topology:
(1,((((2,3),(4,5)),(6,(7,((8,9),(10,(11,(12,(((13,(14,15)),(16,17)),(((18,19),20),(21,(22,23))))))))))),(((((24,25),26),27),(28,29)),(30,(31,32)))),(33,((34,35),36)));

Putting MLE Branch Lengths
p: 0.304252 0.284319 0.131955 0.279474
s:  0.222109  0.150928  0.154256 0.0352589    0.4113 0.0261474
Q: 
-0.866542  0.365009  0.248032  0.253501
 0.390599  -1.17591 0.0620059  0.723306
 0.571892  0.133602  -0.80457 0.0990768
 0.275977  0.735846 0.0467798   -1.0586

(8:0.0855770,9:0.0895713,((10:0.0980355,(11:0.0862583,(12:0.0967785,(((16:0.0924613,17:0.1049760):0.0515629,((14:0.0726249,15:0.1082917):0.0248453,13:0.1015373):0.0180695):0.0149487,(((19:0.0816889,18:0.0982466):0.0299694,20:0.0871314):0.0154483,((22:0.0821278,23:0.1086258):0.0507190,21:0.0763779):0.0412355):0.1003962):0.0407592):0.0390090):0.0287723):0.0334563,(7:0.0928677,((((((36:0.0738034,(34:0.0870841,35:0.0723566):0.0252539):0.0111360,33:0.1227001):0.0177369,1:0.1060144):0.0144670,(((27:0.1176979,(26:0.1054275,(25:0.0929443,24:0.1166261):0.0376208):0.0420685):0.0501648,(29:0.0950065,28:0.1071847):0.0120299):0.0508506,(30:0.1064789,(32:0.0988270,31:0.0832717):0.0318497):0.0268419):0.0581656):0.0515348,((2:0.0984852,3:0.0723122):0.0317023,(4:0.0771292,5:0.0848507):0.0288277):0.0141307):0.0417599,6:0.0876784):0.0365124):0.0387560):0.0232660);
Seed = 3595606567
Seeds per chain: 
     3325205727
      135758305
     2729753415
      613267952
stationary acceptance: 0.0143995
symmetric acceptance: 0.00927661
branch length acceptance: 0.0279268
avgP: 0.233776 0.222842  0.18518 0.358202
sP: 3.98185e-05 2.73107e-05 7.06063e-05 4.12745e-05
avgS:  0.171347  0.173599 0.0965711 0.0203697   0.52364 0.0144737
sS: 3.23362e-05 2.66501e-05 1.95842e-05 3.37012e-06 6.47939e-05 3.77841e-06
0.233776 0.222842  0.18518 0.358202
 0.171347  0.173599 0.0965711 0.0203697   0.52364 0.0144737

-0.944315  0.366476  0.371293  0.206546
 0.384457  -1.60508 0.0457042   1.17491
  0.46873 0.0549996 -0.562809   0.03908
   0.1348  0.730929 0.0202032 -0.885932

stationary acceptance: 0.0531676
symmetric acceptance: 0.0361767
branch length acceptance: 0.142435
avgP: 0.233809 0.222769 0.185259 0.358163
sP: 4.07482e-05 2.76256e-05 7.32034e-05 4.16237e-05
avgS:  0.171318  0.173657  0.096609 0.0203803   0.52356 0.0144752
sS: 3.22693e-05 2.68116e-05 2.04025e-05 3.42163e-06  6.7694e-05  3.6759e-06
0.233809 0.222769 0.185259 0.358163
 0.171318  0.173657  0.096609 0.0203803   0.52356 0.0144752

-0.944329  0.366365  0.371366  0.206599
 0.384521  -1.60538 0.0457431   1.17512
 0.468687 0.0550048  -0.56276 0.0390676
 0.134867  0.730895 0.0202076  -0.88597

stationary acceptance: 0.00987132
symmetric acceptance: 0.00919646
branch length acceptance: 0.0215675
avgP: 0.233782 0.222805 0.185197 0.358215
sP: 4.01538e-05 2.66659e-05 7.06084e-05 4.09423e-05
avgS:  0.171343  0.173614 0.0965424 0.0203766  0.523658 0.0144665
sS:  3.2427e-05 2.56864e-05 1.84441e-05 3.34081e-06 6.74955e-05 3.79871e-06
0.233782 0.222805 0.185197 0.358215
 0.171343  0.173614 0.0965424 0.0203766  0.523658 0.0144665

-0.944255  0.366459  0.371316   0.20648
 0.384512  -1.60539 0.0457273   1.17515
 0.468727 0.0550132 -0.562797 0.0390569
 0.134755  0.730926 0.0201924 -0.885873

stationary acceptance: 0.00495377
symmetric acceptance: 0.00346155
branch length acceptance: 0.00735281
avgP: 0.233801 0.222894 0.185098 0.358207
sP: 3.85034e-05  2.7234e-05  6.8397e-05 4.03304e-05
avgS:  0.171298  0.173632 0.0965564 0.0203524  0.523679 0.0144818
sS: 3.19535e-05 2.58062e-05 1.82054e-05 3.26725e-06 6.50398e-05 3.65156e-06
0.233801 0.222894 0.185098 0.358207
 0.171298  0.173632 0.0965564 0.0203524  0.523679 0.0144818

 -0.94415  0.366334  0.371324  0.206493
  0.38426  -1.60464 0.0456549   1.17473
 0.469027 0.0549773 -0.563123 0.0391192
 0.134777  0.730972 0.0202142 -0.885963

stationary acceptance: 0.000756881
symmetric acceptance: 6.46999e-07
branch length acceptance: 0.000624097
avgP: 0.230828 0.222437 0.183883 0.362853
sP: 3.06169e-05 1.45862e-05  3.0387e-05 3.85708e-05
avgS:  0.172641  0.172081 0.0969746 0.0205432  0.523611 0.0141493
sS: 1.14397e-05 1.56083e-05  1.2595e-05 2.60241e-06 5.29354e-05 1.64339e-06
0.230828 0.222437 0.183883 0.362853
 0.172641  0.172081 0.0969746 0.0205432  0.523611 0.0141493

-0.956767  0.373961  0.372748  0.210058
 0.388068  -1.61123 0.0461776   1.17699
  0.46791 0.0558596 -0.562244 0.0384738
 0.133628   0.72152 0.0194974 -0.874645

stationary acceptance: 6.5755e-06
symmetric acceptance: 4.70262e-06
branch length acceptance: 0.00114582
avgP: 0.230784 0.222428 0.183887   0.3629
sP: 3.03905e-05 1.43693e-05  3.0094e-05 3.83668e-05
avgS:  0.172631  0.172038  0.096945 0.0205458  0.523684 0.0141562
sS:  1.1259e-05 1.55494e-05 1.25074e-05   2.608e-06 5.26267e-05 1.63779e-06
0.230784 0.222428 0.183887   0.3629
 0.172631  0.172038  0.096945 0.0205458  0.523684 0.0141562

-0.956768   0.37401  0.372725  0.210034
  0.38806  -1.61144 0.0461851    1.1772
 0.467782 0.0558652 -0.562138 0.0384915
  0.13357  0.721526 0.0195042   -0.8746

stationary acceptance: 0.0790183
symmetric acceptance: 0.0547369
branch length acceptance: 0.222177
avgP: 0.230758 0.222405 0.183908  0.36293
sP: 2.99383e-05 1.40454e-05 2.99034e-05  3.7857e-05
avgS:   0.17263  0.172031 0.0969217 0.0205449  0.523718 0.0141547
sS:  1.1239e-05 1.53493e-05 1.23376e-05 2.57909e-06 5.21323e-05 1.62279e-06
0.230758 0.222405 0.183908  0.36293
  0.17263  0.172031 0.0969217 0.0205449  0.523718 0.0141547

 -0.95681  0.374051  0.372752  0.210007
 0.388099  -1.61168 0.0461881    1.1774
 0.467709 0.0558567 -0.562049 0.0384832
 0.133527  0.721514 0.0195006 -0.874541

stationary acceptance: 0.00724034
symmetric acceptance: 0.00296671
branch length acceptance: 0.0194281
avgP: 0.230758   0.2224 0.183921 0.362921
sP: 2.75368e-05 1.30219e-05 2.76565e-05 3.47816e-05
avgS:  0.172638  0.172038 0.0969191 0.0205346  0.523713 0.0141568
sS: 1.04633e-05 1.40335e-05 1.13056e-05  2.3878e-06 4.80154e-05 1.50716e-06
0.230758   0.2224 0.183921 0.362921
 0.172638  0.172038 0.0969191 0.0205346  0.523713 0.0141568

-0.956837  0.374068  0.372767  0.210002
 0.388125   -1.6117 0.0461659   1.17741
 0.467695 0.0558245 -0.562005  0.038486
 0.133526  0.721526  0.019504 -0.874556

stationary acceptance: 0.0165042
symmetric acceptance: 0.0085042
branch length acceptance: 0.0483275
avgP: 0.230003 0.226563  0.18365 0.359784
sP: 3.29112e-05  2.2723e-05 4.25681e-05 4.30568e-05
avgS:  0.172603  0.170803 0.0935203 0.0211212  0.529067 0.0128856
sS: 2.00178e-05 2.51887e-05 1.29334e-05 4.89228e-06 4.82282e-05 4.65811e-06
0.230003 0.226563  0.18365 0.359784
 0.172603  0.170803 0.0935203 0.0211212  0.529067 0.0128856

-0.949829   0.37522  0.371307  0.203303
 0.380916  -1.59512 0.0466121   1.16759
 0.465023 0.0575037 -0.557608 0.0350819
 0.129967  0.735256 0.0179074 -0.883131

stationary acceptance: 0.0197172
symmetric acceptance: 0.00731887
branch length acceptance: 0.050448
avgP: 0.230012 0.226537 0.183657 0.359793
sP: 3.25791e-05 2.24999e-05 4.19928e-05 4.26735e-05
avgS:  0.172661  0.170782 0.0935112 0.0211137  0.529037 0.0128947
sS: 1.99634e-05 2.50856e-05 1.28893e-05 4.86167e-06 4.79883e-05 4.62136e-06
0.230012 0.226537 0.183657 0.359793
 0.172661  0.170782 0.0935112 0.0211137  0.529037 0.0128947

-0.949849   0.37533  0.371245  0.203274
 0.381088  -1.59535 0.0466009   1.16766
 0.464947 0.0574812 -0.557534 0.0351052
 0.129951  0.735197 0.0179196 -0.883068

stationary acceptance: 0.0427344
symmetric acceptance: 0.0217374
branch length acceptance: 0.118231
avgP: 0.230009 0.226547 0.183636 0.359808
sP: 3.22395e-05 2.26288e-05  4.2164e-05 4.19306e-05
avgS:  0.172627  0.170804 0.0935274 0.0211093  0.529053 0.0128794
sS:  1.9879e-05 2.45131e-05 1.27979e-05 4.87221e-06 4.75446e-05 4.50896e-06
0.230009 0.226547 0.183636 0.359808
 0.172627  0.170804 0.0935274 0.0211093  0.529053 0.0128794

-0.949873  0.375262  0.371299  0.203312
 0.380997  -1.59523 0.0465893   1.16765
 0.465061 0.0574759 -0.557604 0.0350677
 0.129968  0.735187 0.0178976 -0.883053

stationary acceptance: 0.0547951
symmetric acceptance: 0.0467201
branch length acceptance: 0.174345
avgP:   0.2302 0.226251 0.183871 0.359678
sP: 2.95286e-05 2.17681e-05 3.97244e-05 3.86433e-05
avgS:  0.172764  0.171103 0.0940795  0.020909  0.528308 0.0128365
sS: 1.92656e-05 2.51429e-05 1.56748e-05 4.86611e-06 4.96609e-05 4.12433e-06
  0.2302 0.226251 0.183871 0.359678
 0.172764  0.171103 0.0940795  0.020909  0.528308 0.0128365

 -0.95123  0.375247   0.37164  0.204343
 0.381797  -1.59553 0.0462076   1.16753
  0.46528 0.0568577 -0.557044 0.0349062
 0.130783  0.734418 0.0178444 -0.883045

stationary acceptance: 0.0249643
symmetric acceptance: 0.0128529
branch length acceptance: 0.0533306
avgP: 0.231995 0.224909 0.183143 0.359953
sP: 2.85369e-05 2.21675e-05 3.37513e-05 2.51466e-05
avgS:  0.172775  0.169615 0.0950548 0.0206189  0.527363 0.0145734
sS: 1.54817e-05  2.7396e-05 1.52045e-05 5.46169e-06 5.78892e-05  2.3921e-06
0.231995 0.224909 0.183143 0.359953
 0.172775  0.169615 0.0950548 0.0206189  0.527363 0.0145734

-0.942791  0.372369  0.365558  0.204864
 0.384101  -1.60233 0.0458384   1.17239
 0.463066 0.0562916 -0.559144 0.0397869
 0.132038  0.732544 0.0202435 -0.884825

stationary acceptance: 0.00546773
symmetric acceptance: 0.00362721
branch length acceptance: 0.0113819
avgP: 0.232039  0.22488 0.183151 0.359929
sP: 2.79879e-05 2.16306e-05 3.34134e-05 2.44131e-05
avgS:  0.172762  0.169631 0.0950595 0.0206169  0.527371 0.0145594
sS: 1.51822e-05 2.69942e-05 1.49194e-05 5.44791e-06 5.57068e-05 2.36028e-06
0.232039  0.22488 0.183151 0.359929
 0.172762  0.169631 0.0950595 0.0206169  0.527371 0.0145594

-0.942627   0.37227  0.365522  0.204835
 0.384121  -1.60252 0.0458396   1.17256
  0.46309 0.0562838 -0.559121 0.0397469
 0.132053  0.732603 0.0202253 -0.884882

stationary acceptance: 0.0764095
symmetric acceptance: 0.0419789
branch length acceptance: 0.201045
avgP: 0.232014 0.224872 0.183128 0.359986
sP: 2.80712e-05 2.15358e-05 3.32677e-05 2.44669e-05
avgS:  0.172752  0.169639 0.0950719  0.020605  0.527371 0.0145618
sS: 1.53512e-05 2.70779e-05 1.48588e-05 5.40227e-06 5.61499e-05 2.36026e-06
0.232014 0.224872 0.183128 0.359986
 0.172752  0.169639 0.0950719  0.020605  0.527371 0.0145618

-0.942751  0.372287   0.36558  0.204884
 0.384112  -1.60253 0.0458151    1.1726
  0.46317 0.0562584 -0.559186 0.0397584
 0.132049  0.732487 0.0202254 -0.884762

stationary acceptance: 0.021995
symmetric acceptance: 0.0136264
branch length acceptance: 0.0530715
avgP: 0.232027 0.224876 0.183139 0.359958
sP: 2.42293e-05 1.90723e-05 2.93851e-05 2.15166e-05
avgS:  0.172766  0.169647 0.0950516 0.0206036  0.527379  0.014553
sS: 1.32585e-05 2.38162e-05 1.30351e-05 4.74604e-06 4.91605e-05 2.05308e-06
0.232027 0.224876 0.183139 0.359958
 0.172766  0.169647 0.0950516 0.0206036  0.527379  0.014553

-0.942702  0.372297  0.365576  0.204829
 0.384135  -1.60254  0.045811    1.1726
 0.463164 0.0562512 -0.559148 0.0397321
 0.132032  0.732557 0.0202149 -0.884804

GTR Distance Matrix:

       0 0.188582 0.188419 0.202342 0.231392 0.235683 0.261743 0.266254  0.28294 0.283823 0.278998 0.296077 0.307045 0.315766 0.319736  0.33345 0.332465 0.339396 0.336748 0.311893 0.313192 0.332743 0.319596 0.310026 0.304601 0.308238 0.310281 0.262293 0.266672  0.25185 0.242731 0.240044 0.214965 0.201433 0.185818 0.165708
0.188582        0 0.160077 0.187383 0.203286 0.226295 0.245319 0.248211 0.244667 0.251868 0.276555 0.285236 0.314277 0.317395 0.325341 0.322596 0.324709 0.321231 0.331144 0.315891 0.315289 0.320556 0.312229  0.29909 0.307972 0.316533 0.313306 0.289223 0.285558 0.274819 0.263561 0.242226 0.229351 0.213252 0.197927 0.175825
0.188419 0.160077        0 0.161596 0.179869 0.195716 0.226402 0.234801 0.225274 0.249013  0.25433 0.283866 0.300461 0.304028 0.310456 0.308366 0.312496 0.324255 0.329183 0.321763 0.303056 0.325005  0.31686 0.314527 0.322155 0.315912 0.300828 0.277558 0.287939 0.279043 0.256909 0.260049  0.25038  0.22062 0.216533 0.199349
0.202342 0.187383 0.161596        0 0.150095 0.188646 0.198116 0.220207 0.229577  0.23352 0.253155 0.277529 0.288926 0.293223 0.309607 0.321729 0.303477  0.32384 0.316139 0.314412 0.309327 0.319351 0.324633 0.304637 0.294004 0.299447 0.303134 0.281382 0.293383 0.281457 0.269471 0.266075 0.250681 0.233984 0.239225 0.216019
0.231392 0.203286 0.179869 0.150095        0 0.163526 0.206207 0.194629 0.219658 0.219822  0.23452 0.259384 0.280305 0.288942 0.303952 0.314822 0.291016 0.313922 0.309165 0.305005  0.31521 0.323306 0.318582 0.320611 0.308772 0.314824 0.319938 0.296038 0.286254 0.285151 0.281654 0.276343 0.256797 0.228425 0.233814 0.223969
0.235683 0.226295 0.195716 0.188646 0.163526        0 0.184695 0.200228 0.215711 0.228618 0.224596 0.257225 0.268679     0.28 0.297144 0.293335 0.297557 0.300663 0.315558 0.301603 0.306521 0.336759 0.337435 0.321018 0.320465 0.313129 0.307847 0.284019 0.275055 0.284034 0.275609 0.283901 0.263446 0.240237 0.232584 0.233816
0.261743 0.245319 0.226402 0.198116 0.206207 0.184695        0 0.181235 0.201221 0.214245 0.217388 0.244655 0.266929 0.273875 0.283987 0.293686 0.298997 0.294829 0.324295 0.301478  0.29884  0.31947 0.320783 0.315893  0.29246 0.298802 0.330481 0.285209 0.288809 0.298167 0.283654 0.299005 0.270061 0.275223 0.269125  0.24496
0.266254 0.248211 0.234801 0.220207 0.194629 0.200228 0.181235        0 0.164748 0.204008 0.199095 0.220261 0.244743 0.248781 0.261955  0.30133 0.272148 0.300127 0.304812 0.278025 0.298306  0.31899 0.327938 0.316356 0.304379 0.335202 0.326942 0.295905 0.296964 0.280512  0.27123 0.286906 0.264045 0.267762 0.263672  0.26059
 0.28294 0.244667 0.225274 0.229577 0.219658 0.215711 0.201221 0.164748        0 0.186604 0.204676  0.22696 0.237539 0.256757 0.266649 0.282805 0.280429 0.296914 0.298417 0.291883 0.300472 0.319607 0.342485 0.329992 0.302154 0.326753 0.330886 0.325527 0.298522 0.291143 0.291282 0.272563 0.277776 0.277492 0.281064 0.268859
0.283823 0.251868 0.249013  0.23352 0.219822 0.228618 0.214245 0.204008 0.186604        0 0.180038 0.213387 0.224205 0.236866 0.251527 0.270322 0.275889 0.292967 0.309842 0.297656 0.281427 0.320322 0.322513  0.30279 0.307933  0.33051  0.32583 0.310387 0.298506 0.311507 0.311473  0.28802 0.295565 0.284492 0.273769  0.27468
0.278998 0.276555  0.25433 0.253155  0.23452 0.224596 0.217388 0.199095 0.204676 0.180038        0 0.198846 0.206283 0.216357 0.238966 0.259377 0.256212 0.259072 0.279983 0.279167 0.285246 0.303363 0.304306 0.301404 0.302507 0.310456 0.307897 0.296051 0.291726 0.290809 0.294351 0.288965 0.279218 0.276368 0.269744 0.274111
0.296077 0.285236 0.283866 0.277529 0.259384 0.257225 0.244655 0.220261  0.22696 0.213387 0.198846        0 0.178403  0.19666 0.222846 0.248941 0.259284 0.272275 0.286254 0.295183 0.292846 0.315434 0.324367 0.308763 0.296194 0.317844 0.311013 0.303698 0.292662  0.28175 0.299778 0.299076 0.288764 0.290212 0.270087 0.282026
0.307045 0.314277 0.300461 0.288926 0.280305 0.268679 0.266929 0.244743 0.237539 0.224205 0.206283 0.178403        0 0.170262 0.198095 0.216229  0.22891  0.26544 0.290112 0.273691  0.28216 0.306766 0.312473 0.307688 0.306642 0.318111 0.318077  0.29673 0.309155 0.303306 0.307294 0.320179 0.304897 0.304816 0.299457 0.306798
0.315766 0.317395 0.304028 0.293223 0.288942     0.28 0.273875 0.248781 0.256757 0.236866 0.216357  0.19666 0.170262        0 0.170244 0.208839 0.219324 0.258267 0.265409 0.265567 0.283126 0.300564 0.323629 0.317592  0.31275 0.329525 0.309106 0.313465 0.320478 0.305379 0.317138 0.326292 0.315959 0.308853 0.303389 0.311465
0.319736 0.325341 0.310456 0.309607 0.303952 0.297144 0.283987 0.261955 0.266649 0.251527 0.238966 0.222846 0.198095 0.170244        0 0.188699 0.219368 0.248242 0.251133 0.255934 0.269387  0.28506 0.301507  0.30091 0.295728 0.321297 0.317345 0.313179  0.32128 0.317171 0.307672 0.320234 0.326406 0.318681 0.320235 0.321717
 0.33345 0.322596 0.308366 0.321729 0.314822 0.293335 0.293686  0.30133 0.282805 0.270322 0.259377 0.248941 0.216229 0.208839 0.188699        0 0.187223 0.229893 0.242604 0.264465 0.270838 0.298852 0.315537  0.29751 0.317686 0.342588 0.319288 0.316608 0.327053 0.325748 0.319515 0.319578 0.313098 0.341166 0.330448 0.329781
0.332465 0.324709 0.312496 0.303477 0.291016 0.297557 0.298997 0.272148 0.280429 0.275889 0.256212 0.259284  0.22891 0.219324 0.219368 0.187223        0 0.178162 0.202368 0.210452 0.236225 0.264708 0.281378 0.295978 0.298271 0.319295 0.314916 0.304589 0.319332 0.325085 0.323239 0.315236 0.297454 0.306724 0.309778 0.317781
0.339396 0.321231 0.324255  0.32384 0.313922 0.300663 0.294829 0.300127 0.296914 0.292967 0.259072 0.272275  0.26544 0.258267 0.248242 0.229893 0.178162        0 0.169137 0.198889 0.217285 0.235383 0.253981 0.282338 0.302159 0.296551 0.324956 0.310731 0.318617 0.331951 0.325302 0.333664 0.315465 0.311177 0.323346 0.315482
0.336748 0.331144 0.329183 0.316139 0.309165 0.315558 0.324295 0.304812 0.298417 0.309842 0.279983 0.286254 0.290112 0.265409 0.251133 0.242604 0.202368 0.169137        0 0.166145 0.206937 0.231655 0.250133 0.272354 0.292129 0.307048  0.29129 0.302265 0.306522 0.305929 0.310579  0.32406 0.309397 0.304765 0.317268 0.325107
0.311893 0.315891 0.321763 0.314412 0.305005 0.301603 0.301478 0.278025 0.291883 0.297656 0.279167 0.295183 0.273691 0.265567 0.255934 0.264465 0.210452 0.198889 0.166145        0 0.175787 0.212348 0.239791 0.252927 0.259178 0.283504 0.284214 0.288337 0.298123 0.303194  0.30292 0.317372 0.314802 0.311285  0.30768 0.302638
0.313192 0.315289 0.303056 0.309327  0.31521 0.306521  0.29884 0.298306 0.300472 0.281427 0.285246 0.292846  0.28216 0.283126 0.269387 0.270838 0.236225 0.217285 0.206937 0.175787        0 0.184784 0.207584 0.233344 0.264302  0.26547 0.309073 0.287872 0.302211 0.294802  0.30416 0.327472  0.31043 0.313287 0.314391 0.301374
0.332743 0.320556 0.325005 0.319351 0.323306 0.336759  0.31947  0.31899 0.319607 0.320322 0.303363 0.315434 0.306766 0.300564  0.28506 0.298852 0.264708 0.235383 0.231655 0.212348 0.184784        0 0.180102 0.226759 0.241158 0.254157 0.302861 0.286688 0.302885 0.302716 0.308561 0.326739 0.322105 0.321642 0.325586 0.324685
0.319596 0.312229  0.31686 0.324633 0.318582 0.337435 0.320783 0.327938 0.342485 0.322513 0.304306 0.324367 0.312473 0.323629 0.301507 0.315537 0.281378 0.253981 0.250133 0.239791 0.207584 0.180102        0 0.196036 0.217492  0.23718 0.291566 0.288999 0.294812 0.306447 0.286668 0.314207 0.307668 0.302147 0.288989 0.299281
0.310026  0.29909 0.314527 0.304637 0.320611 0.321018 0.315893 0.316356 0.329992  0.30279 0.301404 0.308763 0.307688 0.317592  0.30091  0.29751 0.295978 0.282338 0.272354 0.252927 0.233344 0.226759 0.196036        0 0.195214 0.225538 0.249371 0.254807 0.279794 0.291924 0.296064 0.304469 0.289744 0.304311 0.293303 0.296081
0.304601 0.307972 0.322155 0.294004 0.308772 0.320465  0.29246 0.304379 0.302154 0.307933 0.302507 0.296194 0.306642  0.31275 0.295728 0.317686 0.298271 0.302159 0.292129 0.259178 0.264302 0.241158 0.217492 0.195214        0 0.199337 0.242033 0.240764 0.261062 0.271076 0.277098 0.294347 0.288638 0.290813 0.285787 0.273944
0.308238 0.316533 0.315912 0.299447 0.314824 0.313129 0.298802 0.335202 0.326753  0.33051 0.310456 0.317844 0.318111 0.329525 0.321297 0.342588 0.319295 0.296551 0.307048 0.283504  0.26547 0.254157  0.23718 0.225538 0.199337        0  0.23182 0.232302 0.248836 0.278757 0.298927 0.301598 0.305619 0.306595 0.307773 0.302491
0.310281 0.313306 0.300828 0.303134 0.319938 0.307847 0.330481 0.326942 0.330886  0.32583 0.307897 0.311013 0.318077 0.309106 0.317345 0.319288 0.314916 0.324956  0.29129 0.284214 0.309073 0.302861 0.291566 0.249371 0.242033  0.23182        0 0.220664 0.234521  0.27956 0.269025 0.294623 0.280554 0.296389 0.283435 0.296224
0.262293 0.289223 0.277558 0.281382 0.296038 0.284019 0.285209 0.295905 0.325527 0.310387 0.296051 0.303698  0.29673 0.313465 0.313179 0.316608 0.304589 0.310731 0.302265 0.288337 0.287872 0.286688 0.288999 0.254807 0.240764 0.232302 0.220664        0 0.191292 0.226534 0.245503 0.260696 0.249691 0.266921 0.252768 0.245528
0.266672 0.285558 0.287939 0.293383 0.286254 0.275055 0.288809 0.296964 0.298522 0.298506 0.291726 0.292662 0.309155 0.320478  0.32128 0.327053 0.319332 0.318617 0.306522 0.298123 0.302211 0.302885 0.294812 0.279794 0.261062 0.248836 0.234521 0.191292        0 0.185943 0.207812  0.23487 0.250604 0.261846 0.248381 0.242171
 0.25185 0.274819 0.279043 0.281457 0.285151 0.284034 0.298167 0.280512 0.291143 0.311507 0.290809  0.28175 0.303306 0.305379 0.317171 0.325748 0.325085 0.331951 0.305929 0.303194 0.294802 0.302716 0.306447 0.291924 0.271076 0.278757  0.27956 0.226534 0.185943        0 0.181941 0.216459 0.238155 0.230041 0.229319 0.220905
0.242731 0.263561 0.256909 0.269471 0.281654 0.275609 0.283654  0.27123 0.291282 0.311473 0.294351 0.299778 0.307294 0.317138 0.307672 0.319515 0.323239 0.325302 0.310579  0.30292  0.30416 0.308561 0.286668 0.296064 0.277098 0.298927 0.269025 0.245503 0.207812 0.181941        0 0.170663 0.211034 0.224294  0.21677 0.232236
0.240044 0.242226 0.260049 0.266075 0.276343 0.283901 0.299005 0.286906 0.272563  0.28802 0.288965 0.299076 0.320179 0.326292 0.320234 0.319578 0.315236 0.333664  0.32406 0.317372 0.327472 0.326739 0.314207 0.304469 0.294347 0.301598 0.294623 0.260696  0.23487 0.216459 0.170663        0 0.173577 0.203396 0.199451 0.208606
0.214965 0.229351  0.25038 0.250681 0.256797 0.263446 0.270061 0.264045 0.277776 0.295565 0.279218 0.288764 0.304897 0.315959 0.326406 0.313098 0.297454 0.315465 0.309397 0.314802  0.31043 0.322105 0.307668 0.289744 0.288638 0.305619 0.280554 0.249691 0.250604 0.238155 0.211034 0.173577        0 0.178369 0.186283 0.185252
0.201433 0.213252  0.22062 0.233984 0.228425 0.240237 0.275223 0.267762 0.277492 0.284492 0.276368 0.290212 0.304816 0.308853 0.318681 0.341166 0.306724 0.311177 0.304765 0.311285 0.313287 0.321642 0.302147 0.304311 0.290813 0.306595 0.296389 0.266921 0.261846 0.230041 0.224294 0.203396 0.178369        0 0.148939  0.16605
0.185818 0.197927 0.216533 0.239225 0.233814 0.232584 0.269125 0.263672 0.281064 0.273769 0.269744 0.270087 0.299457 0.303389 0.320235 0.330448 0.309778 0.323346 0.317268  0.30768 0.314391 0.325586 0.288989 0.293303 0.285787 0.307773 0.283435 0.252768 0.248381 0.229319  0.21677 0.199451 0.186283 0.148939        0 0.146116
0.165708 0.175825 0.199349 0.216019 0.223969 0.233816  0.24496  0.26059 0.268859  0.27468 0.274111 0.282026 0.306798 0.311465 0.321717 0.329781 0.317781 0.315482 0.325107 0.302638 0.301374 0.324685 0.299281 0.296081 0.273944 0.302491 0.296224 0.245528 0.242171 0.220905 0.232236 0.208606 0.185252  0.16605 0.146116        0

meanTree = (1:0.0912461,(((2:0.0834547,3:0.0776173):0.00763851,(((4:0.0757175,5:0.0748022):0.00760912,6:0.0857814):0.00230024,((7:0.0940647,(8:0.078938,9:0.0860795):0.010847):0.00213721,((10:0.0913831,11:0.0882434):0.00634471,(12:0.093142,((13:0.0863826,(14:0.0828466,15:0.0869275):0.00751384):0.00483575,(16:0.0988856,17:0.088096):0.00915454):0.00540457):0.00448426):0.00229933):0.00256046):0.0018536):0.00281701,(((((18:0.086234,19:0.0839358):0.00927216,20:0.0826623):0.00683275,(21:0.0896827,(22:0.0907858,23:0.089788):0.0149828):0.00828588):0.00890293,((((24:0.10083,(25:0.0925138,26:0.106494):0.00577601):0.00820069,27:0.120528):0.00528969,28:0.0970836):0.00311987,(29:0.0931229,30:0.0932744):0.00672053):0.00190726):0.00122616,((31:0.085475,32:0.0861242):0.00980249,33:0.0879633):0.00256983):0.00185064):0.00187825,((34:0.078133,35:0.070571):0.00786924,36:0.0708674):0.00367123);
(1,(2,(3,((4,5),(6,(7,((8,9),((10,11),((12,(((13,(14,15)),16),((17,18),(19,20)))),(((((21,22),(23,24)),(25,26)),(27,(28,29))),((30,(31,32)),(33,(34,35)))))))))))),36); 0.0935913
(1,((2,3),(((4,5),6),((7,(8,9)),((10,11),(12,((13,((14,15),16)),(17,(18,(19,20))))))))),((((((((((21,(22,23)),24),(25,26)),27),28),(29,30)),(31,32)),33),(34,35)),36)); 0.0874998
(1,((2,(3,(4,5))),(6,(7,((8,9),((10,11),(12,(13,((14,15),16)))))))),(((((((17,18),(19,20)),(21,(22,23))),(((24,(25,26)),27),28)),((29,30),31)),(32,33)),((34,35),36))); 0.0972024
(1,((2,3),(4,((5,6),(7,((8,9),((10,11),(12,((13,14),(15,16))))))))),(((((((((17,18),(19,20)),(21,(22,23))),((((24,25),26),27),(28,29))),30),(31,32)),33),(34,35)),36)); 0.0954802
(1,(2,(3,(((4,5),6),(7,((8,9),(10,11)))))),(((((((12,((13,(14,15)),(16,17))),((18,19),(20,21))),(((((22,23),24),25),26),(27,28))),(29,30)),((31,32),33)),(34,35)),36)); 0.0921715
(1,(2,((3,4),((5,6),(7,((8,9),((10,11),(12,((13,(14,15)),(16,17))))))))),((((((((((18,19),20),(21,(22,23))),((24,25),(26,27))),(28,29)),(30,31)),32),33),(34,35)),36)); 0.0825465
(1,(2,(3,((4,5),(6,((7,(8,9)),((10,11),((12,13),((14,15),(16,17))))))))),(((((((18,19),20),(21,(22,23))),(24,25)),((26,27),28)),((29,30),(31,32))),((33,(34,35)),36))); 0.07444
(1,((2,3),((4,5),(6,((7,(8,9)),((10,11),(12,(13,(14,15)))))))),(((((((16,17),(((18,19),20),21)),((((((22,23),24),25),26),27),(28,29))),(30,(31,32))),(33,34)),35),36)); 0.0941309
(1,((2,3),(4,((5,6),((7,(8,9)),((10,11),(12,((13,(14,15)),(16,(17,(18,19)))))))))),(((((((((20,21),(22,23)),(24,(25,26))),(27,28)),((29,30),31)),32),33),(34,35)),36)); 0.0894716
(1,(2,((3,((4,5),(6,((7,8),(9,(10,(11,((12,((13,14),(15,16))),(((17,(18,19)),(20,21)),(((22,23),24),(25,26))))))))))),(((((27,28),29),30),(31,32)),(33,34)))),(35,36)); 0.101352
(1,(2,(3,(4,(5,(6,(7,(8,(9,(10,(11,((12,((13,14),(15,(16,17)))),(((((18,19),(20,21)),(22,23)),(24,(25,26))),(((27,28),29),(30,31)))))))))))))),(((32,33),(34,35)),36)); 0.106107
(1,(2,(3,((4,5),(6,(7,((8,9),((10,11),((12,13),((14,15),16))))))))),(((((((((17,18),(19,20)),(21,(22,23))),((((24,25),26),27),(28,29))),30),(31,32)),33),(34,35)),36)); 0.106432
(1,((2,3),(4,((5,6),(7,((8,9),((10,11),((12,(13,(14,15))),((16,17),((18,19),20))))))))),(((((((((21,(22,23)),24),(25,26)),(27,(28,29))),(30,31)),(32,33)),34),35),36)); 0.0979186
(1,((((((((((2,3),4),5),6),7),(8,9)),(10,11)),(12,(13,(14,(15,16))))),((17,(18,19)),((20,21),(22,23)))),((((24,(25,26)),27),28),((29,30),(31,32)))),(33,((34,35),36))); 0.0952873
(1,((2,3),((4,5),(6,((7,(8,9)),((10,11),(12,((13,14),(15,16)))))))),(((((((((17,18),(19,20)),((21,22),23)),(((((24,25),26),27),28),29)),(30,(31,32))),33),34),35),36)); 0.105971
(1,(2,(3,((4,5),((6,7),((8,9),((10,11),((12,(13,14)),((15,16),((17,18),(19,20)))))))))),(((((((((21,22),23),24),(((25,26),27),28)),((29,30),(31,32))),33),34),35),36)); 0.103335
(1,(((((((2,3),4),5),6),(7,(8,(9,(10,(11,(12,(13,(14,(15,16)))))))))),(((17,(18,19)),(((20,21),(22,23)),((24,25),26))),(27,(28,29)))),((30,(31,32)),33)),((34,35),36)); 0.0981592
