Pi: 0.275245 0.211049 0.271336  0.24237
S: 0.0864883  0.245327  0.144313 0.0785548  0.326967   0.11835
