Pi: 0.233338 0.222471 0.186813 0.357378
S:  0.172781  0.175059 0.0971613 0.0210127  0.520752 0.0132342
