Pi: 0.231338 0.222904 0.186353 0.359405
S:  0.172373  0.173121 0.0957536 0.0208312  0.523655 0.0142667
