
Alignment summary:
Sphaerostilbella_aureonitens: -=36 ?=227 A=173 C=167 G=224 T=181
Selinia_pulchra: -=42 ?=255 A=176 C=165 G=216 T=154
Roumergueriella_rufula: -=32 ?=285 A=171 C=164 G=218 T=138
Plectosphaerella_cucumerina: -=24 ?=228 A=174 C=180 G=237 T=165
Peethambara_sundara: -=26 ?=168 A=198 C=195 G=255 T=166
Ochronectria_calami_2: -=38 ?=108 A=212 C=196 G=268 T=186
Ochronectria_calami_1: -=33 ?=111 A=215 C=200 G=258 T=191
Nigrosabulum_globosum: -=37 ?=159 A=197 C=182 G=255 T=178
Neotyphodium_coenophialum: -=43 ?=132 A=207 C=195 G=250 T=181
Nectriopsis_violacea: -=39 ?=237 A=175 C=175 G=233 T=149
Nectriopsis_sporangiicola: -=37 ?=285 A=166 C=161 G=209 T=150
Nectria_zonata: -=37 ?=297 A=165 C=146 G=211 T=152
Nectria_sesquicilli: -=31 ?=345 A=154 C=141 G=195 T=142
Nectria_radicicola: -=35 ?=288 A=179 C=152 G=209 T=145
Nectria_pseudotrichia: -=26 ?=228 A=178 C=172 G=233 T=171
Nectria_pityrodes2: -=33 ?=168 A=205 C=173 G=242 T=187
Nectria_pityrodes1: -=41 ?=108 A=211 C=190 G=266 T=192
Nectria_grammicospora: -=35 ?=60 A=226 C=197 G=277 T=213
Nectria_cinnabarina_2: -=39 ?=48 A=224 C=206 G=282 T=209
Nectria_cinnabarina_1: -=37 ?=57 A=226 C=191 G=278 T=219
Myrothecium_inundatum: -=44 ?=60 A=226 C=193 G=268 T=217
Mycoarachis_inversa: -=43 ?=99 A=223 C=185 G=259 T=199
Leucosphaerina_indica: -=36 ?=120 A=207 C=194 G=243 T=208
Leuconectria_clusiae: -=37 ?=108 A=213 C=192 G=257 T=201
Kallichroma_tethys_2: -=36 ?=104 A=214 C=191 G=268 T=195
Kallichroma_tethys_1: -=34 ?=60 A=227 C=207 G=274 T=206
Kallichroma_glabrum: -=39 ?=48 A=229 C=207 G=281 T=204
Hypomyces_australis: -=40 ?=57 A=221 C=205 G=281 T=204
Hypomyces_aurantius: -=41 ?=61 A=224 C=210 G=276 T=196
Hypocrea_schweintzii: -=44 ?=106 A=214 C=198 G=261 T=185
Hypocrea_pallida: -=35 ?=118 A=205 C=188 G=266 T=196
Hypocrea_lutea: -=36 ?=120 A=217 C=192 G=255 T=188
Hydropisphaera_peziza_2: -=36 ?=161 A=206 C=181 G=249 T=175
Hydropisphaera_peziza_1: -=35 ?=164 A=194 C=189 G=242 T=184
Hydropisphaera_erubescens_4: -=40 ?=189 A=190 C=174 G=242 T=173
Hydropisphaera_erubescens_3: -=42 ?=199 A=186 C=169 G=238 T=174
Hydropisphaera_erubescens_2: -=35 ?=281 A=168 C=156 G=206 T=162
Hydropisphaera_erubescens_1: -=27 ?=360 A=148 C=145 G=189 T=139
Heleococcum_japonicum: -=40 ?=397 A=140 C=124 G=177 T=130
Hapsidospora_irregularis: -=28 ?=405 A=140 C=133 G=180 T=122
Geosmithia_putterillii: -=26 ?=420 A=136 C=130 G=171 T=125
Geosmithia_lavendula: -=25 ?=461 A=126 C=119 G=158 T=119
Epichloe_typhina: -=27 ?=408 A=140 C=135 G=174 T=124
Emericellopsis_terricola: -=29 ?=348 A=149 C=143 G=196 T=143
Didymostilbe_echinofibrosa: -=32 ?=288 A=162 C=159 G=210 T=157
Cylindrocladium_floridanum: -=30 ?=228 A=182 C=173 G=233 T=162
Cordyceps_capitata: -=28 ?=169 A=202 C=181 G=251 T=177
Cordycepioideus_bisporus: -=27 ?=109 A=211 C=198 G=268 T=195
Clonostachys_rosea: -=34 ?=48 A=230 C=203 G=286 T=207
Ceratocystis_fimbriata: -=43 ?=1 A=240 C=215 G=289 T=220
Calonectria_morganii: -=37 ?=11 A=241 C=212 G=285 T=222
Bulbithecium_hyalosporum: -=37 ?=180 A=200 C=172 G=235 T=184
Bionectria_ochroleuca: -=38 ?=130 A=209 C=191 G=244 T=196
Bionectria_cf._aureofulva_2: -=43 ?=158 A=207 C=178 G=239 T=183
Bionectria_cf._aureofulva_1: -=32 ?=225 A=184 C=174 G=238 T=155
Balansia_obtecta: -=30 ?=168 A=197 C=188 G=246 T=179
Albosynnema_elegans: -=27 ?=108 A=213 C=203 G=267 T=190
Acremonium_alternatum: -=40 ?=60 A=225 C=203 G=276 T=204
Viridispora_diparietospora_2: -=40 ?=104 A=219 C=190 G=260 T=195
Viridispora_diparietospora_1: -=41 ?=105 A=216 C=186 G=272 T=188
Verticillium_dahliae: -=43 ?=60 A=214 C=198 G=269 T=224
Stanjemonium_grisellum: -=35 ?=149 A=207 C=180 G=252 T=185
Stanjemonium_fuscescens: -=31 ?=236 A=183 C=172 G=229 T=157
Sphaerostilbella_berkeleyana: -=27 ?=249 A=181 C=174 G=225 T=152

Seed = 1371904873

Jukes-Cantor Distance Matrix:

        0 0.0530256  0.123037  0.109911  0.100892 0.0897295  0.105631 0.0779923 0.0797626 0.0765891  0.102293  0.104153 0.0991611  0.113533 0.0899891 0.0887903  0.108527 0.0851869 0.0817427 0.0607391 0.0700353 0.0818995 0.0804065 0.0894476 0.0566596 0.0703521 0.0910206 0.0973317 0.0552397 0.0715167 0.0925583 0.0853192  0.107506 0.0976732  0.103189 0.0900215  0.106936 0.0961768  0.102542 0.0920373 0.0987438 0.0920373 0.0940688 0.0761793 0.0885038 0.0843585 0.0740511 0.0735658 0.0816255 0.0849013 0.0836199 0.0550247 0.0993184 0.0954463  0.129081  0.130765 0.0750626 0.0943728 0.0778707 0.0655376 0.0639592 0.0996488 0.0898269 0.0579175
0.0530256         0  0.106305  0.108063 0.0857614 0.0932288 0.0933207 0.0808973 0.0679647 0.0781871 0.0816911 0.0875629 0.0919517  0.089346  0.106586 0.0778657 0.0950638 0.0841853 0.0762989 0.0708714 0.0561009 0.0690142 0.0823407 0.0856786  0.064556 0.0668168 0.0746142 0.0857639 0.0653555 0.0700454 0.0755165 0.0676598  0.097265 0.0967381 0.0959925 0.0875472  0.103741 0.0860699 0.0849965 0.0921634 0.0946592 0.0914627 0.0843585 0.0804007 0.0725284 0.0902961 0.0773361 0.0706026 0.0805543 0.0838359 0.0895453 0.0488545 0.0854314 0.0865907  0.104382  0.133844 0.0737379 0.0875225 0.0806747 0.0664222 0.0619822 0.0855017  0.088032 0.0769906
 0.123037  0.106305         0 0.0934465  0.115126  0.108509  0.126435 0.0961908  0.111835 0.0974652  0.111385  0.109761  0.115686  0.114508   0.13244   0.12756  0.110203 0.0963058  0.111901  0.106134 0.0967441  0.094357  0.117143  0.103126 0.0961563 0.0945034 0.0999397 0.0982935  0.117549  0.113603  0.100788  0.111379  0.114651 0.0933562 0.0875629 0.0815832  0.105877  0.102146  0.108447   0.12601  0.118617  0.126348  0.124409  0.112343  0.114012 0.0913499  0.106317 0.0946502 0.0996281 0.0967574  0.111079  0.105927  0.105285   0.11588  0.119688  0.122559  0.106651 0.0932288  0.112647  0.111373 0.0988945  0.101046 0.0965741  0.109606
 0.109911  0.108063 0.0934465         0 0.0860277  0.103464  0.119882 0.0895101 0.0915453  0.106388 0.0717458 0.0915453 0.0823896 0.0960763   0.10748  0.108338 0.0991398 0.0732633 0.0863346 0.0924245 0.0963058 0.0832904 0.0959361  0.094357 0.0967707 0.0834586 0.0788719 0.0942358 0.0946502   0.10868 0.0864264 0.0892307 0.0973894 0.0849822 0.0762341 0.0707828 0.0826999  0.089346 0.0814912 0.0873511 0.0932167  0.109775   0.09709 0.0877404 0.0782919 0.0829064 0.0818481 0.0758008  0.089214 0.0928873  0.102961 0.0906274   0.10394 0.0935792  0.106317   0.11466 0.0785397 0.0942358  0.097661  0.104639  0.080472  0.104269 0.0877827 0.0903346
 0.100892 0.0857614  0.115126 0.0860277         0 0.0789832  0.111474 0.0848533  0.103064  0.113324 0.0896842 0.0839438 0.0859525 0.0935792 0.0958585 0.0897378 0.0957988 0.0771249 0.0769236 0.0779407 0.0762292 0.0995435 0.0912372 0.0809481 0.0847162 0.0909006  0.082328 0.0853875 0.0732633 0.0992827 0.0760326 0.0773882 0.0935638 0.0963154 0.0849688 0.0798904   0.12048 0.0895558 0.0967091 0.0932878  0.103414  0.123021  0.107326 0.0967441 0.0849235 0.0790949 0.0626233 0.0728159 0.0837105 0.0746689 0.0779407 0.0745647  0.104269  0.101619  0.100533  0.115893 0.0863698 0.0821287 0.0938724 0.0805859 0.0731601 0.0872351 0.0911161 0.0886172
0.0897295 0.0932288  0.108509  0.103464 0.0789832         0  0.056371 0.0835769  0.102078  0.106631  0.109953  0.117312  0.102549  0.102414 0.0818481   0.08859 0.0976377 0.0871692 0.0946135 0.0877827 0.0712937 0.0852736 0.0916295  0.103427 0.0684514 0.0703641 0.0984815 0.0948231 0.0923625 0.0941674 0.0896589 0.0906274 0.0943134 0.0738177 0.0780498  0.070124 0.0917039  0.091542  0.116572  0.114071  0.118617  0.121775  0.116128  0.100892  0.100253 0.0809295 0.0703641 0.0661908 0.0656555 0.0909828 0.0971537 0.0736788 0.0778797 0.0957821  0.113258  0.109772  0.079779 0.0788225 0.0850468 0.0852736 0.0753606  0.087622 0.0774326 0.0941223
 0.105631 0.0933207  0.126435  0.119882  0.111474  0.056371         0 0.0693334 0.0998582  0.102623 0.0997779  0.118444  0.107926 0.0806144  0.111488  0.107326  0.110409  0.086587 0.0999726 0.0967819 0.0709189 0.0969088 0.0921156  0.108399  0.085367 0.0734082 0.0985668 0.0942415 0.0922389  0.110409 0.0947139 0.0887169  0.122309 0.0892801 0.0757454  0.072401 0.0828764 0.0764297  0.104626  0.109548  0.126082  0.117476  0.112476  0.120712  0.118193  0.106826 0.0932086 0.0818995 0.0787481  0.086802  0.124229  0.071628 0.0926925  0.105679  0.127064  0.136941 0.0939951 0.0874142 0.0734999 0.0841217  0.097688 0.0964832 0.0914373 0.0779923
0.0779923 0.0808973 0.0961908 0.0895101 0.0848533 0.0835769 0.0693334         0 0.0570776 0.0997837 0.0614622 0.0680196 0.0805652  0.079361 0.0952866 0.0836309 0.0777165 0.0575625 0.0687306 0.0796747 0.0649194 0.0572125 0.0709785 0.0787608 0.0728524 0.0737045 0.0645838  0.079779 0.0814805 0.0826655 0.0703091 0.0731601 0.0970685 0.0841432 0.0761216  0.076558 0.0919337 0.0956592 0.0584593  0.068412 0.0726374 0.0771993 0.0749105  0.079181 0.0786347 0.0811602 0.0735958 0.0648979 0.0700899 0.0635644 0.0865967 0.0647668 0.0792662 0.0973894  0.108235  0.121762  0.071845 0.0729108 0.0620509  0.062886  0.071583 0.0948944 0.0724545 0.0777495
0.0797626 0.0679647  0.111835 0.0915453  0.103064  0.102078 0.0998582 0.0570776         0    0.0679 0.0791038 0.0869531 0.0996998 0.0832744 0.0991023 0.0767091 0.0927651 0.0727353  0.074962 0.0831207  0.073632 0.0660347  0.071657 0.0861422 0.0857661  0.065873  0.080723 0.0861934 0.0684018 0.0823669  0.073973 0.0767091  0.104018 0.0771491  0.095891 0.0893248 0.0914917 0.0862027 0.0740886  0.063313 0.0694245 0.0814912 0.0716625 0.0757742 0.0640288 0.0843779 0.0912596 0.0716193 0.0822557 0.0671618 0.0936713   0.07598 0.0745441 0.0972181  0.117716  0.119093 0.0879547  0.080723 0.0720554 0.0665625 0.0610092 0.0868549 0.0862568 0.0767253
0.0765891 0.0781871 0.0974652  0.106388  0.113324  0.106631  0.102623 0.0997837    0.0679         0 0.0958239   0.11493   0.13513  0.117427  0.127064   0.11643  0.124604  0.103064 0.0832972 0.0842277 0.0941952  0.094357  0.106641  0.111315 0.0855356 0.0797626  0.100346  0.100346  0.075719 0.0960484 0.0970515  0.104391  0.124423  0.105702  0.103273 0.0956502  0.110382 0.0915453  0.105902  0.103613  0.110237  0.107995  0.098028 0.0898591  0.102344 0.0939324  0.102471  0.091693 0.0970515 0.0790204  0.115613  0.088198  0.102839  0.100376  0.131365   0.12991 0.0845966 0.0973382 0.0937805 0.0722406 0.0845966  0.106059  0.112228 0.0877623
 0.102293 0.0816911  0.111385 0.0717458 0.0896842  0.109953 0.0997779 0.0614622 0.0791038 0.0958239         0 0.0632493 0.0855415 0.0865078  0.115906 0.0756944 0.0894016 0.0647167 0.0777495 0.0736499 0.0613525 0.0615564 0.0893813  0.102576 0.0886388 0.0838862 0.0743643 0.0925722 0.0912596 0.0877827 0.0741149 0.0792662 0.0988632 0.0990448 0.0926501 0.0979457   0.11248 0.0972458 0.0721443 0.0756168 0.0756308 0.0730801 0.0659766 0.0641809 0.0585663 0.0736788 0.0834192 0.0755672 0.0875081 0.0893073 0.0950638 0.0808864 0.0848628  0.100316  0.109353  0.123275 0.0806144 0.0910206 0.0870993 0.0857185 0.0790204  0.107687 0.0833138 0.0928297
 0.104153 0.0875629  0.109761 0.0915453 0.0839438  0.117312  0.118444 0.0680196 0.0869531   0.11493 0.0632493         0 0.0595477 0.0886447   0.09893 0.0755788 0.0827108 0.0570426 0.0774371 0.0769503 0.0854085 0.0770714 0.0803271 0.0907305  0.083727 0.0913873 0.0791038 0.0908754 0.0926672  0.110111 0.0839927 0.0925052  0.112647  0.115111 0.0929206 0.0924245 0.0917172 0.0797715  0.068145  0.063313 0.0674612 0.0856326  0.071393  0.066257 0.0787946 0.0787946 0.0913873  0.084088   0.08426 0.0793551 0.0905862  0.073644 0.0984755 0.0976858 0.0967412  0.121961 0.0878801 0.0856715 0.0829861 0.0872154 0.0741149 0.0993982 0.0871642 0.0886859
0.0991611 0.0919517  0.115686 0.0823896 0.0859525  0.102549  0.107926 0.0805652 0.0996998   0.13513 0.0855415 0.0595477         0 0.0705966 0.0967441 0.0881873 0.0881873    0.0543 0.0736788 0.0853192 0.0877404 0.0952772 0.0804791 0.0753141 0.0910206  0.102025 0.0878888 0.0913873 0.0914838  0.130933  0.097077  0.100547  0.122471  0.097265 0.0953664 0.0912566 0.0957933 0.0920695 0.0605167 0.0735433 0.0715275 0.0752153 0.0778476 0.0779923 0.0666735 0.0807502 0.0770767 0.0896842 0.0860978  0.102724 0.0942482 0.0775146  0.102822  0.102549 0.0965799  0.127187 0.0859525 0.0932233 0.0892307 0.0934624 0.0751881  0.109761 0.0894016 0.0952118
 0.113533  0.089346  0.114508 0.0960763 0.0935792  0.102414 0.0806144  0.079361 0.0832744  0.117427 0.0865078 0.0886447 0.0705966         0 0.0851737 0.0958415  0.099201 0.0742491  0.083678  0.088477 0.0762076  0.100569 0.0945727 0.0887504  0.088889 0.0857185 0.0839384 0.0757742 0.0709989  0.111256   0.10068 0.0797812  0.101427  0.113209 0.0791595   0.06435 0.0847598 0.0625362 0.0761448 0.0687788 0.0762076 0.0823307 0.0686511 0.0871286 0.0925831 0.0772685 0.0839384  0.085585 0.0872351  0.101046  0.100468 0.0717458 0.0991023 0.0985873  0.116043  0.119489  0.100253 0.0852652  0.079511   0.06928  0.103792 0.0924245 0.0667106 0.0566307
0.0899891  0.106586   0.13244   0.10748 0.0958585 0.0818481  0.111488 0.0952866 0.0991023  0.127064  0.115906   0.09893 0.0967441 0.0851737         0 0.0786544  0.111692  0.077937 0.0850769 0.0755984 0.0784124  0.085055 0.0960739 0.0912085 0.0730572 0.0956618  0.104855 0.0976157 0.0913499  0.118919 0.0973317 0.0947738  0.100923 0.0945412  0.102391 0.0779247 0.0822742  0.077184  0.108221 0.0914743  0.105673  0.125553  0.111385 0.0950961 0.0913499  0.079789 0.0700135 0.0833406 0.0698178  0.113258 0.0925583 0.0750626  0.072401 0.0949452  0.116648  0.115893 0.0909775 0.0865513 0.0961563 0.0834192 0.0790949 0.0728502 0.0996725 0.0813007
0.0887903 0.0778657   0.12756  0.108338 0.0897378   0.08859  0.107326 0.0836309 0.0767091   0.11643 0.0756944 0.0755788 0.0881873 0.0958415 0.0786544         0 0.0853192 0.0758486 0.0812667 0.0714826 0.0557101 0.0665133 0.0674612  0.078503  0.071886 0.0691794  0.095493 0.0941674 0.0902375 0.0874498 0.0765824 0.0764452 0.0956288 0.0882028  0.099208  0.112109  0.113318 0.0972458 0.0993184 0.0898269 0.0896874 0.0949067 0.0860219  0.065368 0.0689613 0.0733667  0.071886  0.059514 0.0745712 0.0803046 0.0869182 0.0661221 0.0763502 0.0923544  0.107015  0.117975 0.0731013 0.0659476  0.071583 0.0645258  0.052824 0.0687609 0.0816706 0.0924245
 0.108527 0.0950638  0.110203 0.0991398 0.0957988 0.0976377  0.110409 0.0777165 0.0927651  0.124604 0.0894016 0.0827108 0.0881873  0.099201  0.111692 0.0853192         0 0.0568993 0.0762639 0.0893388 0.0796504 0.0765499 0.0717847 0.0806233 0.0906435 0.0912617 0.0853826 0.0896778 0.0869182  0.100058 0.0925504  0.101703  0.100054 0.0914373 0.0956041 0.0925626  0.109027  0.110881 0.0881714  0.100022  0.108366  0.103972  0.102044 0.0884878 0.0771491 0.0838146 0.0731013 0.0648352 0.0775598  0.075341 0.0551719 0.0820405 0.0920863  0.103866 0.0557878 0.0844848 0.0926695 0.0801429 0.0722026 0.0823471  0.074069  0.102619  0.086802  0.065873
0.0851869 0.0841853 0.0963058 0.0732633 0.0771249 0.0871692  0.086587 0.0575625 0.0727353  0.103064 0.0647167 0.0570426    0.0543 0.0742491  0.077937 0.0758486 0.0568993         0  0.050258 0.0595454 0.0575088 0.0483833 0.0449527  0.051346 0.0686415 0.0608364  0.060225 0.0647005 0.0667106 0.0886885 0.0756609 0.0717679  0.087464  0.075948 0.0831755 0.0755075  0.088064  0.084088   0.06855  0.060032 0.0673349 0.0813254 0.0757567 0.0685332 0.0514314 0.0557101 0.0581687 0.0577903 0.0552913 0.0645808  0.065031 0.0548768 0.0698178 0.0787608 0.0658071 0.0970378 0.0601525  0.064859 0.0631545 0.0647511 0.0588537 0.0885821 0.0636875 0.0691136
0.0817427 0.0762989  0.111901 0.0863346 0.0769236 0.0946135 0.0999726 0.0687306  0.074962 0.0832972 0.0777495 0.0774371 0.0736788  0.083678 0.0850769 0.0812667 0.0762639  0.050258         0 0.0561331 0.0698178 0.0637597 0.0581687 0.0619284 0.0772742 0.0728728  0.070937 0.0670709 0.0697323 0.0855946 0.0881146 0.0848211  0.103075  0.085367 0.0877311 0.0763869 0.0876064  0.084088  0.072011 0.0698178 0.0732289 0.0877956 0.0816122 0.0773361 0.0607928 0.0762292 0.0661908 0.0727843 0.0818155 0.0747172 0.0718418 0.0647074 0.0857311 0.0883373 0.0658994 0.0994834 0.0637658 0.0743643 0.0581405 0.0671726 0.0594731 0.0985668 0.0758149  0.068915
0.0607391 0.0708714  0.106134 0.0924245 0.0779407 0.0877827 0.0967819 0.0796747 0.0831207 0.0842277 0.0736499 0.0769503 0.0853192  0.088477 0.0755984 0.0714826 0.0893388 0.0595454 0.0561331         0 0.0525673 0.0604699 0.0670617 0.0718965 0.0574385 0.0658157 0.0767219 0.0789898 0.0705092 0.0732895  0.069385 0.0731639 0.0787608 0.0804838 0.0861602 0.0852188 0.0956288 0.0895558 0.0896589 0.0828427 0.0871642  0.089781 0.0851575 0.0661445 0.0650562 0.0668372 0.0615797 0.0686193 0.0741917 0.0768113 0.0694137 0.0376123 0.0853423 0.0834586 0.0970494 0.0980823 0.0532482 0.0754989 0.0613337 0.0654197   0.06269 0.0910997  0.082902 0.0761629
0.0700353 0.0561009 0.0967441 0.0963058 0.0762292 0.0712937 0.0709189 0.0649194  0.073632 0.0941952 0.0613525 0.0854085 0.0877404 0.0762076 0.0784124 0.0557101 0.0796504 0.0575088 0.0698178 0.0525673         0 0.0435834 0.0648266 0.0711058 0.0451944 0.0537033 0.0673372 0.0732895 0.0665547  0.074069 0.0652585 0.0608022  0.077937 0.0809295 0.0863968 0.0746472 0.0981179 0.0900215 0.0840431 0.0875139 0.0858078 0.0863375 0.0880061 0.0763212 0.0650407  0.059032 0.0513139 0.0448468 0.0583526 0.0699808 0.0668672 0.0444381  0.059197  0.081276  0.101137  0.111855 0.0621312 0.0670421  0.059401 0.0547117  0.051681 0.0779923 0.0654443 0.0738657
0.0818995 0.0690142  0.094357 0.0832904 0.0995435 0.0852736 0.0969088 0.0572125 0.0660347  0.094357 0.0615564 0.0770714 0.0952772  0.100569  0.085055 0.0665133 0.0765499 0.0483833 0.0637597 0.0604699 0.0435834         0 0.0493328 0.0730941 0.0625362 0.0483218 0.0571342 0.0853192 0.0748653 0.0733231 0.0731601 0.0644353 0.0826524 0.0792174 0.0894476 0.0775598 0.0843321 0.0844412 0.0721443 0.0639462 0.0656258 0.0773566 0.0739515 0.0616671 0.0617702 0.0607005 0.0643451 0.0568608 0.0691026 0.0836589 0.0751552 0.0509604 0.0642314 0.0948176 0.0927105  0.105462 0.0569379 0.0702724 0.0641008 0.0635166 0.0462872 0.0938724 0.0679827 0.0827792
0.0804065 0.0823407  0.117143 0.0959361 0.0912372 0.0916295 0.0921156 0.0709785  0.071657  0.106641 0.0893813 0.0803271 0.0804791 0.0945727 0.0960739 0.0674612 0.0717847 0.0449527 0.0581687 0.0670617 0.0648266 0.0493328         0 0.0441101 0.0729547 0.0677522 0.0649194 0.0645701 0.0790911 0.0870749 0.0756609 0.0777674  0.103506 0.0760476  0.112405 0.0935638 0.0979651 0.0881844 0.0885193 0.0893248 0.0796201 0.0796667 0.0838862 0.0740511 0.0689613 0.0735658   0.06006 0.0608617 0.0662769 0.0772145 0.0817734 0.0647551 0.0668296 0.0786501  0.102805  0.111855 0.0773273 0.0645701 0.0523869 0.0627982 0.0639732  0.090471 0.0745956 0.0774371
0.0894476 0.0856786  0.103126  0.094357 0.0809481  0.103427  0.108399 0.0787608 0.0861422  0.111315  0.102576 0.0907305 0.0753141 0.0887504 0.0912085  0.078503 0.0806233  0.051346 0.0619284 0.0718965 0.0711058 0.0730941 0.0441101         0 0.0652585 0.0742794 0.0733184 0.0787239 0.0795447 0.0897591 0.0908559 0.0806233  0.113948 0.0848533 0.0963744 0.0958057  0.100823 0.0860542 0.0896589 0.0777034 0.0694245 0.0708073 0.0738149 0.0666735 0.0608853 0.0585255 0.0685472 0.0592837 0.0734082 0.0869099 0.0941082 0.0784124 0.0841054 0.0852475 0.0820799  0.111369 0.0633178 0.0681724  0.055701 0.0694516 0.0682587 0.0956375 0.0729634 0.0623088
0.0566596  0.064556 0.0961563 0.0967707 0.0847162 0.0684514  0.085367 0.0728524 0.0857661 0.0855356 0.0886388  0.083727 0.0910206  0.088889 0.0730572  0.071886 0.0906435 0.0686415 0.0772742 0.0574385 0.0451944 0.0625362 0.0729547 0.0652585         0 0.0470693 0.0681181 0.0795447 0.0776328 0.0822378 0.0775747 0.0705075 0.0875995 0.0942534 0.0858501 0.0792525   0.09893 0.0957933 0.0938136 0.0850664 0.0873299 0.0814912  0.081461 0.0613602 0.0770302 0.0542657 0.0512801 0.0671995 0.0669272 0.0905309 0.0793473  0.043447 0.0897455 0.0799996  0.104554 0.0996157 0.0579439 0.0681724 0.0609406 0.0598237 0.0504066  0.074662 0.0783817 0.0573627
0.0703521 0.0668168 0.0945034 0.0834586 0.0909006 0.0703641 0.0734082 0.0737045  0.065873 0.0797626 0.0838862 0.0913873  0.102025 0.0857185 0.0956618 0.0691794 0.0912617 0.0608364 0.0728728 0.0658157 0.0537033 0.0483218 0.0677522 0.0742794 0.0470693         0 0.0513736   0.07119 0.0679197 0.0731013 0.0768545 0.0727763 0.0933406  0.074767 0.0804472 0.0803144 0.0913499 0.0826999 0.0975128  0.081461 0.0896874  0.103756 0.0954557 0.0860978 0.0786544 0.0673664  0.070181  0.050138 0.0675426 0.0826738 0.0834519 0.0547996 0.0722483 0.0862125 0.0970473  0.101307 0.0576514 0.0662195 0.0671995 0.0661049 0.0625362  0.075475 0.0755984 0.0705217
0.0910206 0.0746142 0.0999397 0.0788719  0.082328 0.0984815 0.0985668 0.0645838  0.080723  0.100346 0.0743643 0.0791038 0.0878888 0.0839384  0.104855  0.095493 0.0853826  0.060225  0.070937 0.0767219 0.0673372 0.0571342 0.0649194 0.0733184 0.0681181 0.0513736         0 0.0385864 0.0596179 0.0818656  0.068342 0.0640633 0.0955453 0.0928149 0.0877311 0.0921494  0.098201 0.0860542 0.0740886 0.0718782 0.0635498 0.0750626 0.0796553 0.0789761 0.0721784 0.0571572 0.0700899  0.068889 0.0601456 0.0821947 0.0826738 0.0734705 0.0902432 0.0913194  0.106706  0.106895  0.068889 0.0756748 0.0708419 0.0813605 0.0762639  0.101248 0.0682288 0.0811602
0.0973317 0.0857639 0.0982935 0.0942358 0.0853875 0.0948231 0.0942415  0.079779 0.0861934  0.100346 0.0925722 0.0908754 0.0913873 0.0757742 0.0976157 0.0941674 0.0896778 0.0647005 0.0670709 0.0789898 0.0732895 0.0853192 0.0645701 0.0787239 0.0795447   0.07119 0.0385864         0 0.0475769 0.0948231  0.072165  0.070562 0.0956618   0.08809 0.0966408 0.0870327  0.103382 0.0897105 0.0858612  0.103414 0.0996998  0.103541  0.102146 0.0920228 0.0819282 0.0747387 0.0701879 0.0700755 0.0660148 0.0732289 0.0831584 0.0833792 0.0916021 0.0898509   0.11334  0.115823 0.0882274 0.0709556 0.0784296 0.0893388 0.0863452 0.0969088 0.0864264 0.0748421
0.0552397 0.0653555  0.117549 0.0946502 0.0732633 0.0923625 0.0922389 0.0814805 0.0684018  0.075719 0.0912596 0.0926672 0.0914838 0.0709989 0.0913499 0.0902375 0.0869182 0.0667106 0.0697323 0.0705092 0.0665547 0.0748653 0.0790911 0.0795447 0.0776328 0.0679197 0.0596179 0.0475769         0 0.0698178 0.0803982  0.069644 0.0913676 0.0920253 0.0838401 0.0822933 0.0967574 0.0865013 0.0883373 0.0796553 0.0939324  0.108447  0.100212 0.0943453 0.0775972 0.0754094 0.0658994 0.0622118 0.0685352  0.079919 0.0670246 0.0639535 0.0876109 0.0948176  0.101295  0.117461 0.0731969 0.0788225 0.0710155 0.0629465 0.0700801 0.0992479 0.0729145 0.0631953
0.0715167 0.0700454  0.113603   0.10868 0.0992827 0.0941674  0.110409 0.0826655 0.0823669 0.0960484 0.0877827  0.110111  0.130933  0.111256  0.118919 0.0874498  0.100058 0.0886885 0.0855946 0.0732895  0.074069 0.0733231 0.0870749 0.0897591 0.0822378 0.0731013 0.0818656 0.0948231 0.0698178         0 0.0654329 0.0754906  0.080708 0.0902309  0.104398  0.103457  0.118222   0.11493  0.117246  0.114071  0.115086  0.127154  0.112664 0.0997461 0.0960763 0.0920635 0.0932878 0.0732928 0.0829711 0.0908694 0.0921325 0.0630623 0.0973022  0.108324  0.123894  0.124494  0.074767 0.0871091 0.0808372 0.0765466 0.0781474  0.110251 0.0930815 0.0906653
0.0925583 0.0755165  0.100788 0.0864264 0.0760326 0.0896589 0.0947139 0.0703091  0.073973 0.0970515 0.0741149 0.0839927  0.097077   0.10068 0.0973317 0.0765824 0.0925504 0.0756609 0.0881146  0.069385 0.0652585 0.0731601 0.0756609 0.0908559 0.0775747 0.0768545  0.068342  0.072165 0.0803982 0.0654329         0 0.0478811 0.0698178  0.069046 0.0879418 0.0940756  0.104996   0.09556 0.0923373  0.103812  0.100084 0.0951031 0.0900314 0.0848165 0.0817992 0.0816706 0.0789447 0.0684385 0.0745029 0.0708601   0.08248 0.0749453 0.0740511 0.0911071  0.125493  0.116352 0.0784594 0.0711256 0.0733592 0.0836822 0.0707721 0.0795725 0.0894476 0.0870541
0.0853192 0.0676598  0.111379 0.0892307 0.0773882 0.0906274 0.0887169 0.0731601 0.0767091  0.104391 0.0792662 0.0925052  0.100547 0.0797812 0.0947738 0.0764452  0.101703 0.0717679 0.0848211 0.0731639 0.0608022 0.0644353 0.0777674 0.0806233 0.0705075 0.0727763 0.0640633  0.070562  0.069644 0.0754906 0.0478811         0 0.0557205 0.0704599 0.0807156 0.0861975   0.11548 0.0900215  0.100402 0.0894915 0.0878307 0.0995247 0.0880061 0.0860219 0.0721629 0.0686454 0.0682288 0.0684514 0.0705481 0.0838022 0.0819799 0.0750626 0.0819928 0.0820799  0.122916  0.124828 0.0729547 0.0764737 0.0734853 0.0723966 0.0752645 0.0851285 0.0728502 0.0870771
 0.107506  0.097265  0.114651 0.0973894 0.0935638 0.0943134  0.122309 0.0970685  0.104018  0.124423 0.0988632  0.112647  0.122471  0.101427  0.100923 0.0956288  0.100054  0.087464  0.103075 0.0787608  0.077937 0.0826524  0.103506  0.113948 0.0875995 0.0933406 0.0955453 0.0956618 0.0913676  0.080708 0.0698178 0.0557205         0 0.0578135 0.0912298 0.0896369  0.116486  0.116984  0.125463  0.120012  0.130397  0.142411   0.11192  0.108114 0.0983224 0.0867451 0.0758447 0.0820081 0.0908084  0.090095 0.0922389 0.0779923 0.0935567  0.109857  0.121663  0.132721  0.101311 0.0882114   0.09515 0.0937846 0.0902375 0.0991643 0.0895101  0.087445
0.0976732 0.0967381 0.0933562 0.0849822 0.0963154 0.0738177 0.0892801 0.0841432 0.0771491  0.105702 0.0990448  0.115111  0.097265  0.113209 0.0945412 0.0882028 0.0914373  0.075948  0.085367 0.0804838 0.0809295 0.0792174 0.0760476 0.0848533 0.0942534  0.074767 0.0928149   0.08809 0.0920253 0.0902309  0.069046 0.0704599 0.0578135         0 0.0500724 0.0671213 0.0906274 0.0796889  0.102384  0.099876  0.116013  0.118222  0.109548  0.107926 0.0883373 0.0898082 0.0865907 0.0692373 0.0805957 0.0791247  0.100015 0.0855197 0.0740991 0.0886029  0.122096  0.117828 0.0926844 0.0750626 0.0795746 0.0945412  0.074767 0.0815424  0.098365 0.0890949
 0.103189 0.0959925 0.0875629 0.0762341 0.0849688 0.0780498 0.0757454 0.0761216  0.095891  0.103273 0.0926501 0.0929206 0.0953664 0.0791595  0.102391  0.099208 0.0956041 0.0831755 0.0877311 0.0861602 0.0863968 0.0894476  0.112405 0.0963744 0.0858501 0.0804472 0.0877311 0.0966408 0.0838401  0.104398 0.0879418 0.0807156 0.0912298 0.0500724         0 0.0471854  0.059923 0.0547564 0.0779923  0.085585  0.099952  0.122549  0.110508  0.106478  0.104842 0.0859445 0.0961314 0.0742965 0.0717085 0.0749602 0.0833812 0.0798626 0.0919685 0.0877827 0.0998793  0.117312  0.089243 0.0821614 0.0833812 0.0799573 0.0767253 0.0836956 0.0947275 0.0854314
0.0900215 0.0875472 0.0815832 0.0707828 0.0798904  0.070124  0.072401  0.076558 0.0893248 0.0956502 0.0979457 0.0924245 0.0912566   0.06435 0.0779247  0.112109 0.0925626 0.0755075 0.0763869 0.0852188 0.0746472 0.0775598 0.0935638 0.0958057 0.0792525 0.0803144 0.0921494 0.0870327 0.0822933  0.103457 0.0940756 0.0861975 0.0896369 0.0671213 0.0471854         0 0.0557878  0.039115 0.0817641 0.0888497 0.0995612  0.120003  0.103952  0.099952  0.100149 0.0857076 0.0792293 0.0758941 0.0715523 0.0748543  0.087844 0.0695078 0.0755165 0.0790204  0.104285  0.113423 0.0922772 0.0891255 0.0840348 0.0731931 0.0733752 0.0845291 0.0858078 0.0814248
 0.106936  0.103741  0.105877 0.0826999   0.12048 0.0917039 0.0828764 0.0919337 0.0914917  0.110382   0.11248 0.0917172 0.0957933 0.0847598 0.0822742  0.113318  0.109027  0.088064 0.0876064 0.0956288 0.0981179 0.0843321 0.0979651  0.100823   0.09893 0.0913499  0.098201  0.103382 0.0967574  0.118222  0.104996   0.11548  0.116486 0.0906274  0.059923 0.0557878         0 0.0532138 0.0586552 0.0816228 0.0879989  0.110926  0.100472 0.0944765  0.100666 0.0984068   0.10114 0.0877516 0.0854314 0.0985792  0.112712 0.0780571 0.0902642 0.0890949  0.108156  0.118132 0.0925775  0.098201  0.094183   0.09082 0.0832904 0.0928457  0.095394 0.0884878
0.0961768 0.0860699  0.102146  0.089346 0.0895558  0.091542 0.0764297 0.0956592 0.0862027 0.0915453 0.0972458 0.0797715 0.0920695 0.0625362  0.077184 0.0972458  0.110881  0.084088  0.084088 0.0895558 0.0900215 0.0844412 0.0881844 0.0860542 0.0957933 0.0826999 0.0860542 0.0897105 0.0865013   0.11493   0.09556 0.0900215  0.116984 0.0796889 0.0547564  0.039115 0.0532138         0 0.0664418 0.0636689 0.0833138  0.112242 0.0957933  0.091893  0.100277 0.0837903  0.103812 0.0825575 0.0713611 0.0846698  0.112228 0.0768943 0.0723452 0.0805652  0.112981  0.133511 0.0965741 0.0842327 0.0843779 0.0808806 0.0806029 0.0731852  0.102344 0.0851979
 0.102542 0.0849965  0.108447 0.0814912 0.0967091  0.116572  0.104626 0.0584593 0.0740886  0.105902 0.0721443  0.068145 0.0605167 0.0761448  0.108221 0.0993184 0.0881714   0.06855  0.072011 0.0896589 0.0840431 0.0721443 0.0885193 0.0896589 0.0938136 0.0975128 0.0740886 0.0858612 0.0883373  0.117246 0.0923373  0.100402  0.125463  0.102384 0.0779923 0.0817641 0.0586552 0.0664418         0 0.0436342 0.0518479 0.0648615 0.0645994 0.0647302 0.0647302 0.0861602 0.0903346 0.0818249  0.100022 0.0903346  0.112021 0.0843353 0.0995088 0.0945239 0.0997318  0.131507 0.0877956 0.0838862 0.0819164 0.0919902 0.0702051  0.112021 0.0975128 0.0847761
0.0920373 0.0921634   0.12601 0.0873511 0.0932878  0.114071  0.109548  0.068412  0.063313  0.103613 0.0756168  0.063313 0.0735433 0.0687788 0.0914743 0.0898269  0.100022  0.060032 0.0698178 0.0828427 0.0875139 0.0639462 0.0893248 0.0777034 0.0850664  0.081461 0.0718782  0.103414 0.0796553  0.114071  0.103812 0.0894915  0.120012  0.099876  0.085585 0.0888497 0.0816228 0.0636689 0.0436342         0   0.03847 0.0746081 0.0640633 0.0622688 0.0566652 0.0604723 0.0873511 0.0835743 0.0996457  0.105902   0.10897 0.0796667  0.100593  0.103874 0.0954557  0.124648 0.0756168 0.0793191 0.0813103  0.081461  0.071614  0.103414 0.0853192  0.080692
0.0987438 0.0946592  0.118617 0.0932167  0.103414  0.118617  0.126082 0.0726374 0.0694245  0.110237 0.0756308 0.0674612 0.0715275 0.0762076  0.105673 0.0896874  0.108366 0.0673349 0.0732289 0.0871642 0.0858078 0.0656258 0.0796201 0.0694245 0.0873299 0.0896874 0.0635498 0.0996998 0.0939324  0.115086  0.100084 0.0878307  0.130397  0.116013  0.099952 0.0995612 0.0879989 0.0833138 0.0518479   0.03847         0  0.039405 0.0556842 0.0577208 0.0597703 0.0558918 0.0831562 0.0954271 0.0976521  0.102344  0.110023 0.0840627  0.103343  0.108788  0.112541  0.129225 0.0750626 0.0952451 0.0874962 0.0917172 0.0695551  0.112105 0.0796201 0.0886859
0.0920373 0.0914627  0.126348  0.109775  0.123021  0.121775  0.117476 0.0771993 0.0814912  0.107995 0.0730801 0.0856326 0.0752153 0.0823307  0.125553 0.0949067  0.103972 0.0813254 0.0877956  0.089781 0.0863375 0.0773566 0.0796667 0.0708073 0.0814912  0.103756 0.0750626  0.103541  0.108447  0.127154 0.0951031 0.0995247  0.142411  0.118222  0.122549  0.120003  0.110926  0.112242 0.0648615 0.0746081  0.039405         0 0.0374585 0.0415948 0.0602734 0.0686886 0.0833061  0.101114 0.0991131  0.106428   0.12152 0.0966854  0.116678  0.104407  0.135868  0.140238 0.0854582  0.098502 0.0795041 0.0927105 0.0816577  0.123797 0.0861602 0.0760144
0.0940688 0.0843585  0.124409   0.09709  0.107326  0.116128  0.112476 0.0749105 0.0716625  0.098028 0.0659766  0.071393 0.0778476 0.0686511  0.111385 0.0860219  0.102044 0.0757567 0.0816122 0.0851575 0.0880061 0.0739515 0.0838862 0.0738149  0.081461 0.0954557 0.0796553  0.102146  0.100212  0.112664 0.0900314 0.0880061   0.11192  0.109548  0.110508  0.103952  0.100472 0.0957933 0.0645994 0.0640633 0.0556842 0.0374585         0 0.0266932 0.0415519 0.0545695 0.0832647 0.0816122 0.0894915  0.106103    0.1096 0.0932878  0.100977  0.102432  0.113855  0.122801 0.0853826 0.0954271 0.0817641 0.0779923 0.0798033  0.112105 0.0756308 0.0744887
0.0761793 0.0804007  0.112343 0.0877404 0.0967441  0.100892  0.120712  0.079181 0.0757742 0.0898591 0.0641809  0.066257 0.0779923 0.0871286 0.0950961  0.065368 0.0884878 0.0685332 0.0773361 0.0661445 0.0763212 0.0616671 0.0740511 0.0666735 0.0613602 0.0860978 0.0789761 0.0920228 0.0943453 0.0997461 0.0848165 0.0860219  0.108114  0.107926  0.106478  0.099952 0.0944765  0.091893 0.0647302 0.0622688 0.0577208 0.0415948 0.0266932         0 0.0327027 0.0393533  0.070168  0.070168 0.0789761 0.0957474  0.097077 0.0715314 0.0984168 0.0924245  0.106586  0.118163 0.0735556  0.075191 0.0858612 0.0756944 0.0581043 0.0824156  0.071798 0.0686193
0.0885038 0.0725284  0.114012 0.0782919 0.0849235  0.100253  0.118193 0.0786347 0.0640288  0.102344 0.0585663 0.0787946 0.0666735 0.0925831 0.0913499 0.0689613 0.0771491 0.0514314 0.0607928 0.0650562 0.0650407 0.0617702 0.0689613 0.0608853 0.0770302 0.0786544 0.0721784 0.0819282 0.0775972 0.0960763 0.0817992 0.0721629 0.0983224 0.0883373  0.104842  0.100149  0.100666  0.100277 0.0647302 0.0566652 0.0597703 0.0602734 0.0415519 0.0327027         0 0.0496422 0.0544045 0.0560584 0.0688557  0.083678 0.0932288 0.0845093 0.0912298 0.0938724 0.0883373  0.115674 0.0719572 0.0748284 0.0825285 0.0904504 0.0608853 0.0883373 0.0645926 0.0747745
0.0843585 0.0902961 0.0913499 0.0829064 0.0790949 0.0809295  0.106826 0.0811602 0.0843779 0.0939324 0.0736788 0.0787946 0.0807502 0.0772685  0.079789 0.0733667 0.0838146 0.0557101 0.0762292 0.0668372  0.059032 0.0607005 0.0735658 0.0585255 0.0542657 0.0673664 0.0571572 0.0747387 0.0754094 0.0920635 0.0816706 0.0686454 0.0867451 0.0898082 0.0859445 0.0857076 0.0984068 0.0837903 0.0861602 0.0604723 0.0558918 0.0686886 0.0545695 0.0393533 0.0496422         0  0.049742 0.0512428 0.0484486  0.077937 0.0743111 0.0828046 0.0801899 0.0904051 0.0942751  0.108728  0.067272 0.0639592 0.0827792 0.0672548 0.0735658 0.0804599 0.0569212 0.0633577
0.0740511 0.0773361  0.106317 0.0818481 0.0626233 0.0703641 0.0932086 0.0735958 0.0912596  0.102471 0.0834192 0.0913873 0.0770767 0.0839384 0.0700135  0.071886 0.0731013 0.0581687 0.0661908 0.0615797 0.0513139 0.0643451   0.06006 0.0685472 0.0512801  0.070181 0.0700899 0.0701879 0.0658994 0.0932878 0.0789447 0.0682288 0.0758447 0.0865907 0.0961314 0.0792293   0.10114  0.103812 0.0903346 0.0873511 0.0831562 0.0833061 0.0832647  0.070168 0.0544045  0.049742         0 0.0485069 0.0539385 0.0760476 0.0724883 0.0555507 0.0875081 0.0952421 0.0973255  0.107038  0.070181 0.0656875 0.0625362  0.062974  0.052824 0.0773216 0.0622999 0.0638352
0.0735658 0.0706026 0.0946502 0.0758008 0.0728159 0.0661908 0.0818995 0.0648979 0.0716193  0.091693 0.0755672  0.084088 0.0896842  0.085585 0.0833406  0.059514 0.0648352 0.0577903 0.0727843 0.0686193 0.0448468 0.0568608 0.0608617 0.0592837 0.0671995  0.050138  0.068889 0.0700755 0.0622118 0.0732928 0.0684385 0.0684514 0.0820081 0.0692373 0.0742965 0.0758941 0.0877516 0.0825575 0.0818249 0.0835743 0.0954271  0.101114 0.0816122  0.070168 0.0560584 0.0512428 0.0485069         0 0.0414962 0.0666028 0.0749703 0.0601525 0.0621239 0.0969088 0.0927546  0.110769 0.0614061 0.0559643 0.0646673 0.0554138  0.059437 0.0801498 0.0638684 0.0568993
0.0816255 0.0805543 0.0996281  0.089214 0.0837105 0.0656555 0.0787481 0.0700899 0.0822557 0.0970515 0.0875081   0.08426 0.0860978 0.0872351 0.0698178 0.0745712 0.0775598 0.0552913 0.0818155 0.0741917 0.0583526 0.0691026 0.0662769 0.0734082 0.0669272 0.0675426 0.0601456 0.0660148 0.0685352 0.0829711 0.0745029 0.0705481 0.0908084 0.0805957 0.0717085 0.0715523 0.0854314 0.0713611  0.100022 0.0996457 0.0976521 0.0991131 0.0894915 0.0789761 0.0688557 0.0484486 0.0539385 0.0414962         0 0.0651094 0.0765438 0.0645258 0.0481727 0.0777755  0.106706  0.113804 0.0712523 0.0683607 0.0670088 0.0608853 0.0620037 0.0717883  0.068326 0.0674128
0.0849013 0.0838359 0.0967574 0.0928873 0.0746689 0.0909828  0.086802 0.0635644 0.0671618 0.0790204 0.0893073 0.0793551  0.102724  0.101046  0.113258 0.0803046  0.075341 0.0645808 0.0747172 0.0768113 0.0699808 0.0836589 0.0772145 0.0869099 0.0905309 0.0826738 0.0821947 0.0732289  0.079919 0.0908694 0.0708601 0.0838022  0.090095 0.0791247 0.0749602 0.0748543 0.0985792 0.0846698 0.0903346  0.105902  0.102344  0.106428  0.106103 0.0957474  0.083678  0.077937 0.0760476 0.0666028 0.0651094         0 0.0732289 0.0791973 0.0835249 0.0818033 0.0991398  0.112965 0.0898614 0.0662451  0.065896 0.0649385 0.0748868 0.0722518 0.0609977 0.0826924
0.0836199 0.0895453  0.111079  0.102961 0.0779407 0.0971537  0.124229 0.0865967 0.0936713  0.115613 0.0950638 0.0905862 0.0942482  0.100468 0.0925583 0.0869182 0.0551719  0.065031 0.0718418 0.0694137 0.0668672 0.0751552 0.0817734 0.0941082 0.0793473 0.0834519 0.0826738 0.0831584 0.0670246 0.0921325   0.08248 0.0819799 0.0922389  0.100015 0.0833812  0.087844  0.112712  0.112228  0.112021   0.10897  0.110023   0.12152    0.1096  0.097077 0.0932288 0.0743111 0.0724883 0.0749703 0.0765438 0.0732289         0 0.0655205 0.0861761  0.104269 0.0591856 0.0741671 0.0811602 0.0820169 0.0830741 0.0729269 0.0720459  0.101114 0.0799996 0.0624151
0.0550247 0.0488545  0.105927 0.0906274 0.0745647 0.0736788  0.071628 0.0647668   0.07598  0.088198 0.0808864  0.073644 0.0775146 0.0717458 0.0750626 0.0661221 0.0820405 0.0548768 0.0647074 0.0376123 0.0444381 0.0509604 0.0647551 0.0784124  0.043447 0.0547996 0.0734705 0.0833792 0.0639535 0.0630623 0.0749453 0.0750626 0.0779923 0.0855197 0.0798626 0.0695078 0.0780571 0.0768943 0.0843353 0.0796667 0.0840627 0.0966854 0.0932878 0.0715314 0.0845093 0.0828046 0.0555507 0.0601525 0.0645258 0.0791973 0.0655205         0 0.0666784 0.0931296  0.100335  0.108973 0.0475878 0.0687176 0.0599762 0.0413898 0.0365412 0.0766555 0.0777285 0.0635382
0.0993184 0.0854314  0.105285   0.10394  0.104269 0.0778797 0.0926925 0.0792662 0.0745441  0.102839 0.0848628 0.0984755  0.102822 0.0991023  0.072401 0.0763502 0.0920863 0.0698178 0.0857311 0.0853423  0.059197 0.0642314 0.0668296 0.0841054 0.0897455 0.0722483 0.0902432 0.0916021 0.0876109 0.0973022 0.0740511 0.0819928 0.0935567 0.0740991 0.0919685 0.0755165 0.0902642 0.0723452 0.0995088  0.100593  0.103343  0.116678  0.100977 0.0984168 0.0912298 0.0801899 0.0875081 0.0621239 0.0481727 0.0835249 0.0861761 0.0666784         0 0.0693236  0.124265  0.123148 0.0875755 0.0659618 0.0790583  0.080076 0.0717528  0.072895 0.0958936 0.0812897
0.0954463 0.0865907   0.11588 0.0935792  0.101619 0.0957821  0.105679 0.0973894 0.0972181  0.100376  0.100316 0.0976858  0.102549 0.0985873 0.0949452 0.0923544  0.103866 0.0787608 0.0883373 0.0834586  0.081276 0.0948176 0.0786501 0.0852475 0.0799996 0.0862125 0.0913194 0.0898509 0.0948176  0.108324 0.0911071 0.0820799  0.109857 0.0886029 0.0877827 0.0790204 0.0890949 0.0805652 0.0945239  0.103874  0.108788  0.104407  0.102432 0.0924245 0.0938724 0.0904051 0.0952421 0.0969088 0.0777755 0.0818033  0.104269 0.0931296 0.0693236         0  0.111724    0.1293  0.101774   0.08859 0.0592608 0.0848533 0.0876327 0.0745344 0.0969088 0.0876774
 0.129081  0.104382  0.119688  0.106317  0.100533  0.113258  0.127064  0.108235  0.117716  0.131365  0.109353 0.0967412 0.0965799  0.116043  0.116648  0.107015 0.0557878 0.0658071 0.0658994 0.0970494  0.101137 0.0927105  0.102805 0.0820799  0.104554 0.0970473  0.106706   0.11334  0.101295  0.123894  0.125493  0.122916  0.121663  0.122096 0.0998793  0.104285  0.108156  0.112981 0.0997318 0.0954557  0.112541  0.135868  0.113855  0.106586 0.0883373 0.0942751 0.0973255 0.0927546  0.106706 0.0991398 0.0591856  0.100335  0.124265  0.111724         0 0.0855628 0.0944102 0.0977584 0.0922821  0.102805 0.0897051  0.117773  0.102576 0.0796136
 0.130765  0.133844  0.122559   0.11466  0.115893  0.109772  0.136941  0.121762  0.119093   0.12991  0.123275  0.121961  0.127187  0.119489  0.115893  0.117975 0.0844848 0.0970378 0.0994834 0.0980823  0.111855  0.105462  0.111855  0.111369 0.0996157  0.101307  0.106895  0.115823  0.117461  0.124494  0.116352  0.124828  0.132721  0.117828  0.117312  0.113423  0.118132  0.133511  0.131507  0.124648  0.129225  0.140238  0.122801  0.118163  0.115674  0.108728  0.107038  0.110769  0.113804  0.112965 0.0741671  0.108973  0.123148    0.1293 0.0855628         0  0.103889  0.111416  0.111369  0.114827   0.11013  0.117947  0.106854 0.0854002
