
Alignment summary:
Oryctolagus_cuniculus: -=318 A=372 C=441 G=443 U=375
Homo_sapiens: -=337 A=375 C=420 G=446 U=371
Rattus_norvegicus: -=292 A=390 C=421 G=465 U=381
Mus_musculus: -=348 A=371 C=406 G=438 U=386
Gallus_gallus: -=304 A=371 C=419 G=482 U=373
Turdus_migratorius: -=321 A=380 C=417 G=464 U=367
Alligator_mississippiensis: -=333 A=357 C=428 G=459 U=372
Sceloporus_undulatus: -=371 A=377 C=393 G=440 U=368
Heterodon_platyrhinos: -=385 A=367 C=393 G=441 U=363
Trachemys_scripta: -=457 A=357 C=378 G=407 U=350
Typhlonectes_natans: -=390 A=367 C=408 G=425 U=359
Hypogeophis_rostratus: -=436 A=353 C=388 G=417 U=355
Grandisonia_alternans: -=417 A=359 C=393 G=424 U=356
Ichthyophis_bannanicus: -=419 A=348 C=404 G=430 U=348
Plethodon_yonhalossee: -=360 A=379 C=407 G=440 U=363
Ambystoma_mexicanum: -=423 A=347 C=401 G=431 U=347
Amphiuma_tridactylum: -=430 A=363 C=397 G=413 U=346
Siren_intermedia: -=535 A=348 C=355 G=394 U=317
Gastrophryne_carolinensis: -=538 A=338 C=363 G=396 U=314
Hyla_cinerea: -=533 A=330 C=358 G=389 U=339
Bufo_valliceps: -=438 A=357 C=380 G=427 U=347
Eleutherodactylus_cuneatus: -=467 A=352 C=385 G=421 U=324
Nesomantis_thomasseti: -=391 A=368 C=406 G=438 U=346
Scaphiopus_holbrooki: -=431 A=365 C=379 G=441 U=333
Xenopus_laevis: -=367 A=369 C=406 G=449 U=358
Discoglossus_pictus: -=404 A=354 C=397 G=429 U=365
Latimeria_chalumnae: -=301 A=390 C=407 G=473 U=378

Seed = 2329842615
Jukes-Cantor Distance Matrix:

        0 0.0253738 0.0306641 0.0340494 0.0319197 0.0396251 0.0380647 0.0479279 0.0412849 0.0428044 0.0498641 0.0451877 0.0459176 0.0434051 0.0415404 0.0468216 0.0500677 0.0342561 0.0474842 0.0590574 0.0481409 0.0402481 0.0443408 0.0395417 0.0373931 0.0325195  0.018814
0.0253738         0 0.0270604 0.0240341 0.0279578 0.0368984 0.0409032 0.0459144 0.0393416 0.0446582 0.0470219 0.0470942 0.0506429  0.048276 0.0473955 0.0448867 0.0509534 0.0341497 0.0482481 0.0511826 0.0504582 0.0380696 0.0378721 0.0333472  0.037817 0.0307552 0.0205211
0.0306641 0.0270604         0 0.0234656 0.0248123 0.0317435 0.0389066  0.049198 0.0394828 0.0440009 0.0459434 0.0426518 0.0500912 0.0457991 0.0472816 0.0463468 0.0508054 0.0410425 0.0585778 0.0599058 0.0489821 0.0434691 0.0509029 0.0429323 0.0445991 0.0315082 0.0272335
0.0340494 0.0240341 0.0234656         0 0.0222538 0.0258764 0.0314731 0.0463881 0.0443408 0.0462797 0.0541853  0.049305 0.0554458 0.0514073 0.0538251 0.0548453 0.0583952 0.0519051 0.0558769 0.0717243 0.0594594 0.0475631 0.0497379 0.0396333 0.0432143 0.0351235 0.0311033
0.0319197 0.0279578 0.0248123 0.0222538         0 0.0239637  0.028364 0.0473615 0.0377347 0.0418304 0.0451426 0.0376463 0.0520526 0.0471321 0.0516333 0.0493408 0.0572485 0.0469625 0.0609234 0.0639188 0.0514025 0.0471359 0.0551957 0.0502688 0.0515193 0.0412881  0.032138
0.0396251 0.0368984 0.0317435 0.0258764 0.0239637         0 0.0308474 0.0372879 0.0367244 0.0406114  0.048556 0.0450248 0.0526004  0.052286 0.0553348  0.056164 0.0610737 0.0542646 0.0648923  0.072611 0.0604041 0.0519786 0.0582009 0.0675118 0.0575895 0.0550979 0.0449172
0.0380647 0.0409032 0.0389066 0.0314731  0.028364 0.0308474         0 0.0338324 0.0311733 0.0376396 0.0460135 0.0407407   0.05264 0.0476587 0.0531588 0.0556786 0.0613049 0.0561009 0.0704105 0.0709189 0.0568661  0.054656 0.0588982 0.0655132 0.0588391 0.0519367 0.0427162
0.0479279 0.0459144  0.049198 0.0463881 0.0473615 0.0372879 0.0338324         0 0.0231923 0.0245193 0.0421214 0.0354048 0.0492726 0.0516285 0.0572545 0.0662026 0.0632676 0.0496313 0.0638326 0.0743871   0.06273 0.0555362 0.0561225  0.070426  0.066916  0.062568 0.0481566
0.0412849 0.0393416 0.0394828 0.0443408 0.0377347 0.0367244 0.0311733 0.0231923         0 0.0158927 0.0223532 0.0284083 0.0350685 0.0375631 0.0447576   0.05306 0.0542047  0.039544 0.0545695 0.0583672 0.0500314 0.0459765 0.0465382 0.0439456 0.0508026 0.0471758 0.0379284
0.0428044 0.0446582 0.0440009 0.0462797 0.0418304 0.0406114 0.0376396 0.0245193 0.0158927         0 0.0223789 0.0259157  0.034532  0.038441 0.0418304 0.0485727 0.0498777 0.0389293 0.0511468 0.0585546 0.0534117 0.0475595 0.0474374 0.0472341 0.0548691 0.0485906  0.042996
0.0498641 0.0470219 0.0459434 0.0541853 0.0451426  0.048556 0.0460135 0.0421214 0.0223532 0.0223789         0 0.0183022 0.0262562  0.023523 0.0360239 0.0383956 0.0449193 0.0296528 0.0426274 0.0502806   0.04052 0.0382443 0.0442606 0.0381568 0.0498201 0.0437593    0.0486
0.0451877 0.0470942 0.0426518  0.049305 0.0376463 0.0450248 0.0407407 0.0354048 0.0284083 0.0259157 0.0183022         0 0.0271224 0.0241784    0.0339 0.0370537 0.0417811 0.0312545 0.0444886  0.047571 0.0382966 0.0365345 0.0404472 0.0374785 0.0463826 0.0391852 0.0388745
0.0459176 0.0506429 0.0500912 0.0554458 0.0520526 0.0526004   0.05264 0.0492726 0.0350685  0.034532 0.0262562 0.0271224         0 0.0186034  0.025062 0.0379545  0.042422 0.0343969 0.0475159 0.0473498 0.0424715 0.0356288 0.0361516 0.0391427 0.0507496 0.0427053 0.0474034
0.0434051  0.048276 0.0457991 0.0514073 0.0471321  0.052286 0.0476587 0.0516285 0.0375631  0.038441  0.023523 0.0241784 0.0186034         0 0.0126853 0.0223951  0.030706 0.0235498 0.0353006 0.0420523 0.0321104 0.0317221 0.0315836 0.0311248 0.0420814 0.0322308 0.0408066
0.0415404 0.0473955 0.0472816 0.0538251 0.0516333 0.0553348 0.0531588 0.0572545 0.0447576 0.0418304 0.0360239    0.0339  0.025062 0.0126853         0 0.0219511 0.0316214 0.0250974  0.040247 0.0427023 0.0423676 0.0332649 0.0382847 0.0397792  0.046583 0.0369442 0.0409634
0.0468216 0.0448867 0.0463468 0.0548453 0.0493408  0.056164 0.0556786 0.0662026   0.05306 0.0485727 0.0383956 0.0370537 0.0379545 0.0223951 0.0219511         0 0.0251521  0.018667 0.0331546 0.0422978 0.0398091 0.0351685 0.0380111 0.0361326  0.040642 0.0387471 0.0414953
0.0500677 0.0509534 0.0508054 0.0583952 0.0572485 0.0610737 0.0613049 0.0632676 0.0542047 0.0498777 0.0449193 0.0417811  0.042422  0.030706 0.0316214 0.0251521         0  0.017766 0.0352159  0.043233 0.0398765 0.0329471 0.0422442 0.0425646 0.0488598  0.045434 0.0436487
0.0342561 0.0341497 0.0410425 0.0519051 0.0469625 0.0542646 0.0561009 0.0496313  0.039544 0.0389293 0.0296528 0.0312545 0.0343969 0.0235498 0.0250974  0.018667  0.017766         0 0.0181777 0.0263691 0.0244244 0.0265514 0.0286203 0.0301044 0.0308318 0.0298106 0.0285015
0.0474842 0.0482481 0.0585778 0.0558769 0.0609234 0.0648923 0.0704105 0.0638326 0.0545695 0.0511468 0.0426274 0.0444886 0.0475159 0.0353006  0.040247 0.0331546 0.0352159 0.0181777         0 0.0391467  0.035615 0.0422978 0.0386419  0.037305 0.0451573 0.0402444 0.0447191
0.0590574 0.0511826 0.0599058 0.0717243 0.0639188  0.072611 0.0709189 0.0743871 0.0583672 0.0585546 0.0502806  0.047571 0.0473498 0.0420523 0.0427023 0.0422978  0.043233 0.0263691 0.0391467         0 0.0313299 0.0353878 0.0412662 0.0493655 0.0502348  0.047571 0.0513764
0.0481409 0.0504582 0.0489821 0.0594594 0.0514025 0.0604041 0.0568661   0.06273 0.0500314 0.0534117   0.04052 0.0382966 0.0424715 0.0321104 0.0423676 0.0398091 0.0398765 0.0244244  0.035615 0.0313299         0 0.0251932 0.0301142 0.0326717 0.0400196 0.0406879 0.0407768
0.0402481 0.0380696 0.0434691 0.0475631 0.0471359 0.0519786  0.054656 0.0555362 0.0459765 0.0475595 0.0382443 0.0365345 0.0356288 0.0317221 0.0332649 0.0351685 0.0329471 0.0265514 0.0422978 0.0353878 0.0251932         0  0.023624 0.0195696 0.0320905 0.0296528 0.0354048
0.0443408 0.0378721 0.0509029 0.0497379 0.0551957 0.0582009 0.0588982 0.0561225 0.0465382 0.0474374 0.0442606 0.0404472 0.0361516 0.0315836 0.0382847 0.0380111 0.0422442 0.0286203 0.0386419 0.0412662 0.0301142  0.023624         0 0.0245741 0.0336724 0.0322308 0.0366184
0.0395417 0.0333472 0.0429323 0.0396333 0.0502688 0.0675118 0.0655132  0.070426 0.0439456 0.0472341 0.0381568 0.0374785 0.0391427 0.0311248 0.0397792 0.0361326 0.0425646 0.0301044  0.037305 0.0493655 0.0326717 0.0195696 0.0245741         0 0.0339458 0.0308856 0.0351455
0.0373931  0.037817 0.0445991 0.0432143 0.0515193 0.0575895 0.0588391  0.066916 0.0508026 0.0548691 0.0498201 0.0463826 0.0507496 0.0420814  0.046583  0.040642 0.0488598 0.0308318 0.0451573 0.0502348 0.0400196 0.0320905 0.0336724 0.0339458         0 0.0301116 0.0384788
0.0325195 0.0307552 0.0315082 0.0351235 0.0412881 0.0550979 0.0519367  0.062568 0.0471758 0.0485906 0.0437593 0.0391852 0.0427053 0.0322308 0.0369442 0.0387471  0.045434 0.0298106 0.0402444  0.047571 0.0406879 0.0296528 0.0322308 0.0308856 0.0301116         0 0.0362356
 0.018814 0.0205211 0.0272335 0.0311033  0.032138 0.0449172 0.0427162 0.0481566 0.0379284  0.042996    0.0486 0.0388745 0.0474034 0.0408066 0.0409634 0.0414953 0.0436487 0.0285015 0.0447191 0.0513764 0.0407768 0.0354048 0.0366184 0.0351455 0.0384788 0.0362356         0


JC Tree topology:
(1,(2,((3,((4,(5,6)),7)),(((((((((((8,9),10),11),12),13),(14,15)),((16,17),(18,19))),(20,21)),((22,24),23)),25),26))),27);

Putting MLE Branch Lengths
p: 0.234114
0.256704
0.279915
0.229267
s:  0.102007
 0.183877
0.0610378
 0.192236
 0.364097
0.0967453
Q: -0.740925  0.217858  0.392708  0.130359
 0.198686  -1.28229  0.374431  0.709176
 0.328452  0.343383 -0.844646  0.172812
 0.133115  0.794047  0.210989  -1.13815
(2:0.0105910,(((4:0.0128577,(5:0.0095224,6:0.0145084):0.0035255):0.0000100,7:0.0230362):0.0062860,3:0.0116819):0.0079089,(((((24:0.0114921,22:0.0138323):0.0039356,23:0.0141999):0.0094322,((((18:0.0008627,19:0.0192874):0.0041155,(17:0.0141020,16:0.0128622):0.0050445):0.0053978,(20:0.0197656,21:0.0153689):0.0103155):0.0034076,((((8:0.0225087,9:0.0077302):0.0039306,10:0.0081107):0.0144608,(11:0.0097030,12:0.0110462):0.0011898):0.0112709,((14:0.0016184,15:0.0117283):0.0043038,13:0.0146891):0.0045455):0.0111523):0.0072206):0.0068176,(25:0.0194129,26:0.0142343):0.0096658):0.0141248,(27:0.0145421,1:0.0083622):0.0057656):0.0037930);
stationary acceptance: 0.369243
symmetric acceptance: 0.521682
branch length acceptance: 0.933422
avgP:  0.21203 0.253504 0.294696  0.23977
sP: 7.24181e-05  8.8256e-05 9.08682e-05 8.81218e-05
avgS: 0.0827919  0.144566 0.0656778  0.256479  0.342815  0.107671
sS: 8.86883e-05 0.000168627 8.57562e-05 0.000206114 0.000403829 8.75347e-05
 0.21203 0.253504 0.294696  0.23977
0.0827919  0.144566 0.0656778  0.256479  0.342815  0.107671

-0.691024  0.195236  0.340909  0.154878
 0.163295  -1.34531  0.505867  0.676152
  0.24528  0.435158 -0.863119  0.182681
  0.13696  0.714883   0.22453  -1.07637

GTR Distance Matrix:

        0 0.0253634 0.0308612 0.0341585 0.0320033 0.0398325 0.0379967 0.0481075 0.0415093 0.0431461 0.0500055  0.045316 0.0460879 0.0435043 0.0419992 0.0470638 0.0504583 0.0346583 0.0479978 0.0594395 0.0486633 0.0406713 0.0446243 0.0400461 0.0376689 0.0327212 0.0189696
0.0253634         0 0.0271557 0.0241357 0.0280039 0.0371955 0.0409011 0.0463573 0.0395498 0.0449645  0.047329 0.0472892 0.0509379 0.0484402 0.0477899 0.0449834 0.0513378 0.0345028   0.04854  0.051359 0.0507665   0.03828 0.0379758 0.0336965 0.0380454 0.0309391 0.0206701
0.0308612 0.0271557         0 0.0235646 0.0249463 0.0320137 0.0389263 0.0497143 0.0399056 0.0445069 0.0463653 0.0429493  0.050556 0.0459899 0.0479023 0.0467007 0.0513876 0.0417176 0.0594513 0.0604986 0.0495277   0.04394 0.0513208 0.0436476 0.0450485 0.0317654 0.0275621
0.0341585 0.0241357 0.0235646         0 0.0223052 0.0261017 0.0315377  0.046903 0.0446702 0.0467159 0.0546743 0.0496924 0.0559207 0.0516189  0.054284 0.0550951 0.0589281 0.0525763 0.0563765 0.0723032 0.0600448 0.0479297  0.050122 0.0401851 0.0436278 0.0354461 0.0314229
0.0320033 0.0280039 0.0249463 0.0223052         0 0.0240991 0.0283672 0.0478086 0.0380593   0.04215 0.0454303 0.0378254 0.0523627 0.0472094 0.0521602 0.0494504  0.057705  0.047462 0.0615303 0.0642694 0.0518964 0.0474882 0.0555692 0.0511423 0.0521267 0.0415763 0.0325722
0.0398325 0.0371955 0.0320137 0.0261017 0.0240991         0  0.030935 0.0377331 0.0371825 0.0409942 0.0490521 0.0453991 0.0531099 0.0526254 0.0560088 0.0565581 0.0618695 0.0550525 0.0655854 0.0733495 0.0611102 0.0524386 0.0587612 0.0687042 0.0583753 0.0558261 0.0455557
0.0379967 0.0409011 0.0389263 0.0315377 0.0283672  0.030935         0 0.0340087 0.0313171 0.0379144 0.0461338 0.0408285 0.0527619 0.0475479 0.0533436 0.0555926 0.0614102 0.0565091 0.0706534 0.0710371 0.0570882 0.0547417 0.0589618 0.0661253 0.0592392 0.0521471 0.0429294
0.0481075 0.0463573 0.0497143  0.046903 0.0478086 0.0377331 0.0340087         0 0.0234535 0.0247611 0.0425251 0.0357427 0.0498613 0.0520478 0.0579855  0.066876 0.0639735 0.0502751 0.0645432 0.0749311 0.0636351 0.0562051 0.0568807 0.0718538 0.0679293   0.06333 0.0487714
0.0415093 0.0395498 0.0399056 0.0446702 0.0380593 0.0371825 0.0313171 0.0234535         0 0.0160626 0.0225456 0.0286562 0.0354149 0.0377801  0.045222 0.0534308 0.0547059 0.0401088 0.0551921  0.058785 0.0506571 0.0464732 0.0470261 0.0445392 0.0514794 0.0477032 0.0383151
0.0431461 0.0449645 0.0445069 0.0467159   0.04215 0.0409942 0.0379144 0.0247611 0.0160626         0 0.0226126 0.0262348  0.034877 0.0388168 0.0423126 0.0490226 0.0504319 0.0394473 0.0516124 0.0591621 0.0541995 0.0479453 0.0480142 0.0480347 0.0556824 0.0492773 0.0436209
0.0500055  0.047329 0.0463653 0.0546743 0.0454303 0.0490521 0.0461338 0.0425251 0.0225456 0.0226126         0 0.0183867 0.0264554 0.0235783 0.0363302 0.0385448  0.045251 0.0300493 0.0429274 0.0506607 0.0408791 0.0385773 0.0446982 0.0386396 0.0504099 0.0442117 0.0492099
 0.045316 0.0472892 0.0429493 0.0496924 0.0378254 0.0453991 0.0408285 0.0357427 0.0286562 0.0262348 0.0183867         0 0.0272821 0.0242259 0.0341939  0.037255 0.0420727 0.0316127 0.0447833 0.0479064 0.0385554 0.0367127 0.0406459 0.0378611 0.0468459  0.039497 0.0392715
0.0460879 0.0509379  0.050556 0.0559207 0.0523627 0.0531099 0.0527619 0.0498613 0.0354149  0.034877 0.0264554 0.0272821         0 0.0186335 0.0252218 0.0381324 0.0427829  0.034818 0.0478908 0.0475962 0.0429939 0.0359268 0.0364202 0.0397075 0.0514492 0.0431276 0.0479332
0.0435043 0.0484402 0.0459899 0.0516189 0.0472094 0.0526254 0.0475479 0.0520478 0.0377801 0.0388168 0.0235783 0.0242259 0.0186335         0 0.0127231 0.0224109 0.0308562 0.0238009 0.0354741 0.0422203 0.0323176 0.0318803 0.0316873 0.0314225 0.0424145 0.0324582  0.041191
0.0419992 0.0477899 0.0479023  0.054284 0.0521602 0.0560088 0.0533436 0.0579855  0.045222 0.0423126 0.0363302 0.0341939 0.0252218 0.0127231         0 0.0220807 0.0319056 0.0254645  0.040781 0.0430046 0.0429639 0.0336636 0.0387801 0.0405345 0.0473078 0.0374343 0.0416225
0.0470638 0.0449834 0.0467007 0.0550951 0.0494504 0.0565581 0.0555926  0.066876 0.0534308 0.0490226 0.0385448  0.037255 0.0381324 0.0224109 0.0220807         0 0.0252927 0.0188584 0.0333835 0.0424284 0.0400623 0.0353537 0.0382272 0.0365517 0.0410169 0.0390897 0.0419243
0.0504583 0.0513378 0.0513876 0.0589281  0.057705 0.0618695 0.0614102 0.0639735 0.0547059 0.0504319  0.045251 0.0420727 0.0427829 0.0308562 0.0319056 0.0252927         0 0.0180141 0.0356019 0.0435945 0.0402606 0.0332989  0.042635 0.0432159 0.0494819 0.0460025 0.0442448
0.0346583 0.0345028 0.0417176 0.0525763  0.047462 0.0550525 0.0565091 0.0502751 0.0401088 0.0394473 0.0300493 0.0316127  0.034818 0.0238009 0.0254645 0.0188584 0.0180141         0 0.0184604 0.0266341 0.0247071 0.0269115 0.0289879 0.0306833  0.031265 0.0302633 0.0289604
0.0479978   0.04854 0.0594513 0.0563765 0.0615303 0.0655854 0.0706534 0.0645432 0.0551921 0.0516124 0.0429274 0.0447833 0.0478908 0.0354741  0.040781 0.0333835 0.0356019 0.0184604         0 0.0393837 0.0360442 0.0427119 0.0390943 0.0378756 0.0458416 0.0407373 0.0455622
0.0594395  0.051359 0.0604986 0.0723032 0.0642694 0.0733495 0.0710371 0.0749311  0.058785 0.0591621 0.0506607 0.0479064 0.0475962 0.0422203 0.0430046 0.0424284 0.0435945 0.0266341 0.0393837         0 0.0316428 0.0356608 0.0416032 0.0500953 0.0506974 0.0480797  0.052082
0.0486633 0.0507665 0.0495277 0.0600448 0.0518964 0.0611102 0.0570882 0.0636351 0.0506571 0.0541995 0.0408791 0.0385554 0.0429939 0.0323176 0.0429639 0.0400623 0.0402606 0.0247071 0.0360442 0.0316428         0 0.0254691 0.0304331 0.0332244 0.0405546 0.0412014 0.0413882
0.0406713   0.03828   0.04394 0.0479297 0.0474882 0.0524386 0.0547417 0.0562051 0.0464732 0.0479453 0.0385773 0.0367127 0.0359268 0.0318803 0.0336636 0.0353537 0.0332989 0.0269115 0.0427119 0.0356608 0.0254691         0 0.0238541 0.0197979 0.0324457 0.0300158 0.0359347
0.0446243 0.0379758 0.0513208  0.050122 0.0555692 0.0587612 0.0589618 0.0568807 0.0470261 0.0480142 0.0446982 0.0406459 0.0364202 0.0316873 0.0387801 0.0382272  0.042635 0.0289879 0.0390943 0.0416032 0.0304331 0.0238541         0  0.024857 0.0339181 0.0324842 0.0370009
0.0400461 0.0336965 0.0436476 0.0401851 0.0511423 0.0687042 0.0661253 0.0718538 0.0445392 0.0480347 0.0386396 0.0378611 0.0397075 0.0314225 0.0405345 0.0365517 0.0432159 0.0306833 0.0378756 0.0500953 0.0332244 0.0197979  0.024857         0 0.0345198 0.0313867 0.0358521
0.0376689 0.0380454 0.0450485 0.0436278 0.0521267 0.0583753 0.0592392 0.0679293 0.0514794 0.0556824 0.0504099 0.0468459 0.0514492 0.0424145 0.0473078 0.0410169 0.0494819  0.031265 0.0458416 0.0506974 0.0405546 0.0324457 0.0339181 0.0345198         0 0.0303276 0.0390312
0.0327212 0.0309391 0.0317654 0.0354461 0.0415763 0.0558261 0.0521471   0.06333 0.0477032 0.0492773 0.0442117  0.039497 0.0431276 0.0324582 0.0374343 0.0390897 0.0460025 0.0302633 0.0407373 0.0480797 0.0412014 0.0300158 0.0324842 0.0313867 0.0303276         0  0.036681
0.0189696 0.0206701 0.0275621 0.0314229 0.0325722 0.0455557 0.0429294 0.0487714 0.0383151 0.0436209 0.0492099 0.0392715 0.0479332  0.041191 0.0416225 0.0419243 0.0442448 0.0289604 0.0455622  0.052082 0.0413882 0.0359347 0.0370009 0.0358521 0.0390312  0.036681         0

Seed = 1672612336
Seeds per core: 
     3001518436
     2046265075
     2941161677
     1960079542
      853557801
     2297489968
     2215557060
     2618642533
      391620341
     3940760970
     4206109562
     3420445794
     4030155712
     3159598788
      224973279
      709471716
      118251000
     1951973861
     2469462723
     4113358906
     3207382407
     3430391361
     3128214430
     3433752743
     1462253363
     3929065890
     2111048954
      527381484
      649570348
      744575431
     1191919415
     3874953220
     1725503118
     1232262398
     1706797691
     2069320335
     1229725687
       54333470
      279142974
     2503062446
     2132010141
     4280805453
      312360573
     3529336034
     4276606587
      613855857
     2935496524
      124513654
ESS = 44.28, or 4.43 percent.
Times: 
MCMC: 955 seconds
Bootstrap: 0 seconds
Estimate ccdprobs from bootstrap: 0 seconds
Importance sampling: 286 seconds
