
Alignment summary:
Cassowary: -=63 A=2729 C=2847 G=1916 R=1647 T=2973 Y=2015
Emu: -=6 A=2724 C=2859 G=1940 R=1640 T=2999 Y=2022
EasternMoa: -=15 A=2703 C=2870 G=1952 R=1625 T=2989 Y=2036
lbmoa: -=62 A=2670 C=2858 G=1959 R=1585 T=2979 Y=2077
Dinornis: -=52 A=2691 C=2841 G=1951 R=1597 T=2993 Y=2065
gskiwi: -=37 A=2714 C=2876 G=1917 R=1609 T=2985 Y=2052
BrownKiwi: -=21 A=2721 C=2851 G=1939 R=1602 T=2997 Y=2059
LSKiwi: -=23 A=2744 C=2870 G=1933 R=1601 T=2960 Y=2059
GreatRhea: -=23 A=2724 C=2852 G=1941 N=1 R=1608 T=2990 Y=2051
LesserRhea: -=40 A=2725 C=2873 G=1920 R=1588 T=2985 Y=2059
Ostrich: -=79 A=2725 C=2856 G=1914 N=1 R=1606 T=2971 Y=2038
BrushTurkey: -=79 A=2740 C=2861 G=1899 R=1612 T=2967 Y=2032
Chicken: -=62 A=2740 C=2896 G=1929 R=1578 T=2961 Y=2024
magpiegoose: -=65 A=2716 C=2903 G=1939 R=1574 T=2966 Y=2027
duck: -=62 A=2691 C=2865 G=1919 R=1603 T=2997 Y=2053
oystercatcher: -=22 A=2741 C=2878 G=1914 R=1614 T=2973 Y=2048
turnstone: -=2 A=2727 C=2852 G=1949 R=1592 T=2998 Y=2070
LBPenguin: -=1 A=2693 C=2870 G=1961 R=1611 T=3003 Y=2051
GaviaStellata: -=7 A=2743 C=2862 G=1944 R=1598 T=2973 Y=2063
Alligator: -=9 A=2715 C=2899 G=1952 R=1583 T=2953 Y=2079
Caiman: -=22 A=2744 C=2849 G=1927 R=1610 T=2987 Y=2051
Gtinamou: -=20 A=2722 C=2872 G=1963 R=1614 T=2954 Y=2045
ECtinamou: -=51 A=2680 C=2871 G=1943 R=1602 T=2985 Y=2058
Crypturellus: -=67 A=2727 C=2863 G=1922 R=1628 T=2950 Y=2033

Seed = 56757573
Jukes-Cantor Distance Matrix:

        0 0.0808816  0.105771  0.109625  0.119906  0.120845  0.123009  0.116284  0.117514  0.121946  0.122983  0.124217  0.127183  0.128229   0.12756  0.124616  0.125712  0.123893  0.118675  0.123771  0.116897   0.11083  0.101961 0.0805258
0.0808816         0 0.0792213  0.100845  0.113967   0.11734  0.117035  0.115157  0.113826  0.116761  0.114419  0.121118  0.127896  0.128261  0.128162  0.122646  0.124634  0.117695  0.118312  0.120356  0.119611  0.112893  0.108726  0.103078
 0.105771 0.0792213         0   0.07935  0.107524   0.11621  0.119027  0.116475  0.116141  0.117861  0.115071  0.117405  0.122606  0.129045  0.131225  0.127138  0.125524   0.12058  0.117964  0.122695  0.121949  0.119102  0.113915  0.112112
 0.109625  0.100845   0.07935         0 0.0828575  0.108322  0.114139  0.113148  0.116495  0.118111  0.115421  0.120132  0.124796  0.128556    0.1312  0.126188   0.12683   0.12467  0.123043  0.123194  0.124703  0.119695  0.114929  0.112447
 0.119906  0.113967  0.107524 0.0828575         0 0.0852188  0.103188  0.112809  0.113019  0.115529  0.115301  0.118768   0.12444  0.128082  0.131519  0.126962  0.125681  0.128835  0.126638  0.126903   0.12831  0.125877  0.119969  0.117368
 0.120845   0.11734   0.11621  0.108322 0.0852188         0 0.0843829  0.106103  0.112068  0.119012  0.113547  0.117673  0.124122  0.128548  0.131185  0.127883  0.127617  0.127716  0.124398  0.128615  0.128889  0.127363  0.120557  0.119532
 0.123009  0.117035  0.119027  0.114139  0.103188 0.0843829         0 0.0832061  0.102642  0.110922  0.108564  0.114796  0.120555  0.125966  0.127442  0.127557  0.128647  0.127617  0.121836  0.128288  0.127091   0.12591   0.12002   0.12022
 0.116284  0.115157  0.116475  0.113148  0.112809  0.106103 0.0832061         0 0.0804503 0.0984401 0.0994277  0.107888  0.119116  0.122159  0.121581  0.119138  0.122807  0.123804  0.120058  0.122447  0.125187  0.119524  0.115223  0.115761
 0.117514  0.113826  0.116141  0.116495  0.113019  0.112068  0.102642 0.0804503         0 0.0759292 0.0985944  0.109546  0.118112  0.123281  0.121694  0.119586  0.120456   0.11955  0.117269  0.123232   0.12654  0.125022  0.117456  0.118223
 0.121946  0.116761  0.117861  0.118111  0.115529  0.119012  0.110922 0.0984401 0.0759292         0  0.076137 0.0988431  0.113382  0.116403  0.119608  0.118964  0.119165  0.120269  0.118098  0.125308  0.127949  0.123161  0.119185  0.121533
 0.122983  0.114419  0.115071  0.115421  0.115301  0.113547  0.108564 0.0994277 0.0985944  0.076137         0 0.0737663 0.0979674  0.107083  0.112553  0.113159  0.114928  0.115028  0.114642  0.119596  0.119745  0.118237  0.112806  0.120646
 0.124217  0.121118  0.117405  0.120132  0.118768  0.117673  0.114796  0.107888  0.109546 0.0988431 0.0737663         0  0.079246 0.0986311  0.110313   0.10904  0.115251  0.114459  0.114741   0.12228  0.119733  0.119795  0.116149  0.120069
 0.127183  0.127896  0.122606  0.124796   0.12444  0.124122  0.120555  0.119116  0.118112  0.113382 0.0979674  0.079246         0 0.0783712  0.106555  0.113569  0.120108  0.118203  0.115708  0.120865  0.122807  0.122196  0.120581  0.125864
 0.128229  0.128261  0.129045  0.128556  0.128082  0.128548  0.125966  0.122159  0.123281  0.116403  0.107083 0.0986311 0.0783712         0  0.082939  0.108293  0.116239  0.115562  0.118399  0.122344  0.126092  0.124128  0.121615  0.125778
  0.12756  0.128162  0.131225    0.1312  0.131519  0.131185  0.127442  0.121581  0.121694  0.119608  0.112553  0.110313  0.106555  0.082939         0 0.0838387  0.106775  0.114623  0.116242  0.121655  0.125077  0.124912   0.12465    0.1276
 0.124616  0.122646  0.127138  0.126188  0.126962  0.127883  0.127557  0.119138  0.119586  0.118964  0.113159   0.10904  0.113569  0.108293 0.0838387         0   0.08063  0.103983  0.113283  0.118767  0.120817  0.119089  0.121393  0.123751
 0.125712  0.124634  0.125524   0.12683  0.125681  0.127617  0.128647  0.122807  0.120456  0.119165  0.114928  0.115251  0.120108  0.116239  0.106775   0.08063         0 0.0845881  0.109302  0.117521  0.122582  0.121524  0.120917  0.124622
 0.123893  0.117695   0.12058   0.12467  0.128835  0.127716  0.127617  0.123804   0.11955  0.120269  0.115028  0.114459  0.118203  0.115562  0.114623  0.103983 0.0845881         0 0.0812335  0.104719  0.117543  0.120952  0.121914  0.121118
 0.118675  0.118312  0.117964  0.123043  0.126638  0.124398  0.121836  0.120058  0.117269  0.118098  0.114642  0.114741  0.115708  0.118399  0.116242  0.113283  0.109302 0.0812335         0 0.0806387  0.105339  0.115887  0.112477  0.115135
 0.123771  0.120356  0.122695  0.123194  0.126903  0.128615  0.128288  0.122447  0.123232  0.125308  0.119596   0.12228  0.120865  0.122344  0.121655  0.118767  0.117521  0.104719 0.0806387         0   0.08331  0.109725  0.113955  0.116734
 0.116897  0.119611  0.121949  0.124703   0.12831  0.128889  0.127091  0.125187   0.12654  0.127949  0.119745  0.119733  0.122807  0.126092  0.125077  0.120817  0.122582  0.117543  0.105339   0.08331         0 0.0834808  0.104484  0.114732
  0.11083  0.112893  0.119102  0.119695  0.125877  0.127363   0.12591  0.119524  0.125022  0.123161  0.118237  0.119795  0.122196  0.124128  0.124912  0.119089  0.121524  0.120952  0.115887  0.109725 0.0834808         0 0.0815044  0.103634
 0.101961  0.108726  0.113915  0.114929  0.119969  0.120557   0.12002  0.115223  0.117456  0.119185  0.112806  0.116149  0.120581  0.121615   0.12465  0.121393  0.120917  0.121914  0.112477  0.113955  0.104484 0.0815044         0 0.0813742
0.0805258  0.103078  0.112112  0.112447  0.117368  0.119532   0.12022  0.115761  0.118223  0.121533  0.120646  0.120069  0.125864  0.125778    0.1276  0.123751  0.124622  0.121118  0.115135  0.116734  0.114732  0.103634 0.0813742         0


JC Tree topology:
(1,((2,(3,4)),((((5,6),(7,8)),((9,10),(11,12))),(((((13,14),15),(16,17)),(18,19)),((20,21),(22,23))))),24);

Putting MLE Branch Lengths
p: 0.258951
 0.27302
0.184317
0.283712
s:  0.156725
 0.226076
  0.11542
 0.046115
 0.412473
0.0431917
Q: -0.961997  0.302614  0.436522  0.222861
 0.287021  -1.12686 0.0844534  0.755388
 0.613281  0.125097 -0.855545  0.117167
 0.203411  0.726922 0.0761189  -1.00645
(((8:0.0721815,(9:0.0531356,10:0.0663985):0.0303170):0.0215256,(5:0.0832204,(7:0.0665542,6:0.0610978):0.0248612):0.0233034):0.0168218,(((15:0.0731761,(16:0.0527237,17:0.0740310):0.0270579):0.0221745,((13:0.0528545,14:0.0620451):0.0276258,(12:0.0521217,11:0.0638193):0.0290174):0.0166822):0.0151270,((18:0.0658488,19:0.0564745):0.0273695,(21:0.0709982,20:0.0555807):0.0332610):0.0233279):0.0181080,(((24:0.0602143,1:0.0674651):0.0264354,(22:0.0750210,23:0.0560864):0.0334863):0.0183247,((4:0.0747208,3:0.0581621):0.0260931,2:0.0762652):0.0232303):0.0143221);
stationary acceptance: 0.310592
symmetric acceptance: 0.303792
branch length acceptance: 0.66344
avgP: 0.243182 0.257574 0.186406 0.312838
sP: 6.79231e-06 6.69621e-06  1.0465e-05 1.22021e-05
avgS:  0.367478  0.159346  0.108759 0.0364492  0.303788 0.0241803
sS: 2.55628e-05 9.97123e-06 1.58183e-05 4.00297e-06 1.65749e-05 1.73126e-06
0.243182 0.257574 0.186406 0.312838
 0.367478  0.159346  0.108759 0.0364492  0.303788 0.0241803

 -1.30681  0.755562  0.327628  0.223616
 0.713344  -1.37381 0.0707549   0.58971
 0.427416 0.0977683 -0.590044  0.064859
 0.173826  0.485535 0.0386466 -0.698008

GTR Distance Matrix:

        0 0.0801576  0.105491  0.109685  0.119733  0.120892  0.123286  0.115891  0.117444   0.12159   0.12273  0.123884  0.126823   0.12826  0.127779  0.124503  0.125759  0.123745  0.118561  0.123857   0.11707  0.110669  0.101508 0.0796286
0.0801576         0 0.0785713  0.100802  0.114045  0.117768  0.117312  0.115013  0.113948  0.116689  0.114199  0.120924  0.127658  0.128588  0.128388  0.122761  0.124751  0.117681  0.118295   0.12067  0.120251  0.113155  0.108558  0.102538
 0.105491 0.0785713         0 0.0788076  0.107431  0.116455  0.119303  0.116336   0.11622  0.117621  0.114859  0.117229  0.122457  0.129411  0.131592   0.12751  0.125832  0.120773  0.118089  0.122751  0.122546  0.119467  0.113829  0.111842
 0.109685  0.100802 0.0788076         0 0.0825244  0.108569  0.114566  0.113323  0.116974  0.118227  0.115393  0.120192  0.124805  0.129098  0.131956  0.126834  0.127457  0.125316  0.123636  0.123487  0.125553  0.120287   0.11509  0.112524
 0.119733  0.114045  0.107431 0.0825244         0 0.0848982  0.103392  0.112714  0.113133  0.115559  0.115117  0.118553  0.124281  0.128478  0.132085  0.127267  0.126045  0.129301  0.126969  0.127303  0.128947  0.126345  0.120032  0.117313
 0.120892  0.117768  0.116455  0.108569 0.0848982         0 0.0838152  0.105883  0.112013  0.118966   0.11328  0.117428  0.124035  0.128929  0.131713  0.128115  0.127929  0.128175  0.125019  0.129373  0.129835  0.128153  0.120955  0.119658
 0.123286  0.117312  0.119303  0.114566  0.103392 0.0838152         0 0.0826455  0.102547  0.110655  0.108254  0.114645  0.120441  0.126202  0.127905  0.127866     0.129  0.128211  0.122372  0.129122  0.127996  0.126677  0.120222  0.120284
 0.115891  0.115013  0.116336  0.113323  0.112714  0.105883 0.0826455         0 0.0796306 0.0978469 0.0986992  0.107264  0.118421  0.121962  0.121549  0.119036  0.122694  0.123779  0.120107  0.122763  0.125638  0.119841  0.115135  0.115365
 0.117444  0.113948   0.11622  0.116974  0.113133  0.112013  0.102547 0.0796306         0  0.075313  0.098053  0.109001  0.117581  0.123183  0.121792  0.119499  0.120529  0.119733  0.117467  0.123729  0.127153  0.125515  0.117499  0.118203
  0.12159  0.116689  0.117621  0.118227  0.115559  0.118966  0.110655 0.0978469  0.075313         0 0.0752763 0.0981316  0.112605  0.116139  0.119495  0.118767  0.119016  0.120166   0.11801  0.125474  0.128223  0.123236   0.11898   0.12125
  0.12273  0.114199  0.114859  0.115393  0.115117   0.11328  0.108254 0.0986992  0.098053 0.0752763         0 0.0727929 0.0971531  0.106762  0.112382  0.112856  0.114665  0.114869   0.11457  0.119566  0.120026  0.118365  0.112689  0.120301
 0.123884  0.120924  0.117229  0.120192  0.118553  0.117428  0.114645  0.107264  0.109001 0.0981316 0.0727929         0 0.0781987 0.0981963  0.110044  0.108651  0.114863  0.114039  0.114459  0.122158  0.119784  0.119943   0.11601  0.119695
 0.126823  0.127658  0.122457  0.124805  0.124281  0.124035  0.120441  0.118421  0.117581  0.112605 0.0971531 0.0781987         0 0.0776878   0.10615  0.112935   0.11963  0.117713   0.11534  0.120696  0.122743  0.122062  0.120338  0.125389
  0.12826  0.128588  0.129411  0.129098  0.128478  0.128929  0.126202  0.121962  0.123183  0.116139  0.106762 0.0981963 0.0776878         0 0.0822002  0.107903  0.115963  0.115307  0.118266   0.12236  0.126289  0.124207  0.121768  0.125854
 0.127779  0.128388  0.131592  0.131956  0.132085  0.131713  0.127905  0.121549  0.121792  0.119495  0.112382  0.110044   0.10615 0.0822002         0 0.0830791  0.106532  0.114331  0.116241  0.121801  0.125431  0.125242   0.12494  0.127747
 0.124503  0.122761   0.12751  0.126834  0.127267  0.128115  0.127866  0.119036  0.119499  0.118767  0.112856  0.108651  0.112935  0.107903 0.0830791         0 0.0798019  0.103405  0.113063  0.118817  0.120968  0.119294  0.121405  0.123382
 0.125759  0.124751  0.125832  0.127457  0.126045  0.127929     0.129  0.122694  0.120529  0.119016  0.114665  0.114863   0.11963  0.115963  0.106532 0.0798019         0 0.0839779  0.109049  0.117665  0.122814  0.121828  0.121201  0.124703
 0.123745  0.117681  0.120773  0.125316  0.129301  0.128175  0.128211  0.123779  0.119733  0.120166  0.114869  0.114039  0.117713  0.115307  0.114331  0.103405 0.0839779         0 0.0807668  0.104583  0.117699  0.121105  0.122137  0.121084
 0.118561  0.118295  0.118089  0.123636  0.126969  0.125019  0.122372  0.120107  0.117467   0.11801   0.11457  0.114459   0.11534  0.118266  0.116241  0.113063  0.109049 0.0807668         0 0.0798791  0.105415  0.116074   0.11233  0.114874
 0.123857   0.12067  0.122751  0.123487  0.127303  0.129373  0.129122  0.122763  0.123729  0.125474  0.119566  0.122158  0.120696   0.12236  0.121801  0.118817  0.117665  0.104583 0.0798791         0 0.0827315  0.109904  0.114053  0.116548
  0.11707  0.120251  0.122546  0.125553  0.128947  0.129835  0.127996  0.125638  0.127153  0.128223  0.120026  0.119784  0.122743  0.126289  0.125431  0.120968  0.122814  0.117699  0.105415 0.0827315         0 0.0829988  0.104517  0.114424
 0.110669  0.113155  0.119467  0.120287  0.126345  0.128153  0.126677  0.119841  0.125515  0.123236  0.118365  0.119943  0.122062  0.124207  0.125242  0.119294  0.121828  0.121105  0.116074  0.109904 0.0829988         0 0.0811672  0.103433
 0.101508  0.108558  0.113829   0.11509  0.120032  0.120955  0.120222  0.115135  0.117499   0.11898  0.112689   0.11601  0.120338  0.121768   0.12494  0.121405  0.121201  0.122137   0.11233  0.114053  0.104517 0.0811672         0 0.0807326
0.0796286  0.102538  0.111842  0.112524  0.117313  0.119658  0.120284  0.115365  0.118203   0.12125  0.120301  0.119695  0.125389  0.125854  0.127747  0.123382  0.124703  0.121084  0.114874  0.116548  0.114424  0.103433 0.0807326         0

Seed = 2467990737
Seeds per core: 
     3931081307
     3922570422
     1655259813
     2777436113
      469041025
      407065214
      413542149
     2575011000
     1614364599
     2381702822
     2012067067
     3550620988
     3779520991
     2800915658
     3080649008
     2774874348
     1559512029
     2276101993
     1751249412
     1392613091
     1293441005
     3356081365
     2536661666
      641743818
       27454639
     2747818660
     1357301373
     3000402753
     2178942314
     3634087183
     3739874072
     2192246430
     4121650304
     2216605669
     2127028785
     2346490461
     2063146607
      774060300
     1114340944
      159662925
     1364071964
      756858398
     2151883767
     1783377212
     3282637812
     1408117400
     3541441951
      952081528
ESS = 437.87, or 43.79 percent.
Times: 
MCMC: 5002 seconds
Bootstrap: 0 seconds
Estimate ccdprobs from bootstrap: 0 seconds
Importance sampling: 1758 seconds
