        0 0.0914536   0.10938   0.11783  0.107069  0.124175  0.118892  0.119588  0.120319  0.113991  0.123513  0.135118  0.123429  0.116799  0.124277  0.113378  0.124465  0.101449  0.126446  0.105747  0.108239  0.116573  0.122637  0.116744  0.129746  0.109668   0.10656   0.13634  0.114178  0.100851  0.096243  0.116048  0.127024  0.113696  0.125173  0.126627  0.120588  0.118046  0.124798  0.131377  0.101146  0.102435  0.121879    0.1249  0.123086  0.117839   0.11873  0.129818  0.118182  0.125511  0.118373 0.0997119  0.122653  0.124522  0.108188  0.132651  0.104637  0.110471  0.118754  0.130151  0.112126  0.113264   0.11704  0.116948  0.129317  0.131609  0.126859  0.103064  0.116088  0.116704  0.112729  0.119723  0.124287  0.109575  0.102074  0.100084  0.120532  0.121832  0.110635  0.100571  0.117993  0.108848  0.124139  0.124075  0.110126  0.125639   0.12136  0.123057  0.117658  0.111336  0.119688  0.122283  0.108458  0.116686  0.117356  0.127234  0.118736  0.122452  0.129826 0.0785805
0.0914536         0  0.121053  0.126085  0.115458  0.122839  0.119933  0.127706  0.113609  0.110059  0.122068  0.136158  0.129295  0.123494  0.128445    0.1215  0.126495  0.107665  0.117991  0.110785  0.110889  0.121336   0.12368  0.125293   0.12441  0.114944  0.116964  0.137081  0.122134  0.109051 0.0931124  0.125872  0.129231   0.12461  0.125953  0.123236  0.125387   0.11402  0.118938  0.138527  0.108364   0.11527  0.128074  0.126556  0.135317  0.118123  0.116423   0.13663  0.118718  0.116045  0.122885  0.111068  0.129538  0.116646  0.109697  0.131065    0.1156  0.114385  0.119572  0.118897   0.11715  0.123305  0.125385  0.125206  0.128966  0.131928  0.129692  0.116124  0.121472  0.113774   0.12402  0.125534  0.134358  0.107863  0.109873  0.113746  0.124419  0.120738  0.113706   0.10113  0.127372  0.103525  0.129631  0.130925  0.123583  0.132933  0.127308  0.115022  0.124657  0.106803  0.126895  0.128485  0.114815  0.110581  0.129942    0.1296  0.125643   0.12207  0.124467 0.0841697
  0.10938  0.121053         0  0.126577  0.111904  0.129309  0.125862  0.127917  0.127789  0.134066   0.12881  0.135713   0.13106  0.118351  0.101206  0.130955  0.132592  0.120664  0.133606  0.119704  0.113858  0.110689  0.127274  0.125902  0.125469 0.0995547  0.114639  0.130325   0.12001   0.12276  0.114696  0.133051  0.134359  0.121266  0.116457  0.128164  0.123139  0.121397  0.136872  0.117829  0.116802   0.11979  0.126345  0.127833  0.127694  0.119609   0.13036  0.132562  0.125747  0.133485  0.120706  0.123349  0.137637  0.134805  0.111104  0.135499  0.130491  0.125545  0.120143  0.130279  0.123358  0.130568  0.134408  0.119675  0.122014  0.115979  0.125322  0.125161  0.105608  0.129529  0.122744  0.133056  0.104163   0.12075  0.127636  0.111556  0.123217  0.121987  0.119249  0.122665  0.130734   0.12298  0.125333  0.127075  0.117453  0.124252  0.114873  0.106406  0.119421  0.117586  0.134364  0.123031  0.127662  0.120819    0.1268  0.120941  0.118559  0.117638  0.133925 0.0862272
  0.11783  0.126085  0.126577         0  0.123944  0.114583   0.11198  0.123023  0.119247  0.118247  0.117608   0.11479  0.116841  0.126633  0.130808  0.118266  0.139163  0.117014  0.136545   0.13245   0.13001  0.127268  0.136707  0.130993  0.124267  0.131535  0.119363  0.138302   0.12166  0.128744   0.11609   0.11253  0.139642  0.126718  0.119572  0.121038   0.13382  0.127776  0.116652  0.138911  0.110989  0.113971  0.120563  0.133931  0.131532  0.137211   0.12926   0.13825  0.125533  0.126238   0.12973  0.114024  0.126696  0.118262  0.117179  0.113751  0.134558  0.124454  0.115677  0.124607  0.123868  0.123243  0.124416  0.127083  0.118949  0.142734  0.135832  0.131364  0.125731  0.126635  0.124683  0.127365  0.128201  0.110175  0.124084  0.118021  0.127017  0.124686   0.10975  0.122065  0.110705  0.119803  0.109579  0.114251  0.127863  0.132297  0.110336  0.131202  0.106261  0.128914  0.117256  0.115176  0.127795  0.130771  0.128345  0.126438   0.12863  0.129328  0.122318 0.0917029
 0.107069  0.115458  0.111904  0.123944         0  0.122207  0.124847  0.128358   0.13273  0.118015  0.127919  0.141616  0.125294  0.117823  0.119189  0.125028  0.128099  0.118621  0.111386  0.122997  0.120556  0.110322  0.115016  0.118392  0.123684  0.106075  0.102198  0.135768  0.112922  0.125182  0.117078  0.126599  0.128324  0.125838  0.115783  0.117541  0.121327  0.118386  0.121999  0.137423  0.118064  0.114634  0.114957  0.134332  0.125833 0.0979628  0.127798  0.121804  0.121214  0.123273  0.117088  0.110522  0.131967  0.119201  0.115049  0.130305  0.123722  0.108931  0.123269  0.128178  0.112369  0.112704  0.117677  0.118812  0.129952  0.122621  0.111098  0.108103  0.115386  0.118074  0.117584  0.111543  0.126957  0.112215  0.122239 0.0961713  0.109884  0.110969 0.0996278  0.124036  0.114505  0.103714  0.133216  0.128431  0.123986  0.119691  0.119648  0.115531  0.121877  0.112531  0.116602   0.12436  0.116351  0.115303  0.108436  0.125673  0.131596   0.12489  0.134234 0.0820014
 0.124175  0.122839  0.129309  0.114583  0.122207         0  0.122754  0.124108  0.111283  0.124891  0.116447  0.120623  0.121321  0.120205  0.125678  0.116092  0.125852  0.124191  0.121434  0.130468  0.123959  0.123834  0.134113  0.120875   0.11746  0.124643  0.125908  0.121975  0.125808   0.13735  0.128426  0.119723  0.134663   0.12989  0.123183  0.120573  0.130004  0.122537  0.111651  0.129515  0.133082  0.122234  0.117825   0.13774  0.120574  0.129504  0.124922  0.128753  0.120992   0.13314  0.120595   0.11645   0.12939  0.121855  0.126458  0.123626   0.13667  0.126587  0.106056  0.114454  0.123445  0.120513  0.104863  0.130091  0.110893  0.133577  0.115014  0.124375  0.127284   0.12511  0.127701  0.125171  0.127708  0.108347  0.124925  0.123476  0.125293  0.131398  0.124473  0.127924   0.12022  0.117725  0.120538  0.126763  0.121583  0.126169  0.127571  0.132723  0.108355  0.131032 0.0984411  0.113615  0.126383  0.121543   0.12913  0.128728  0.127612  0.130429  0.112895 0.0900851
 0.118892  0.119933  0.125862   0.11198  0.124847  0.122754         0  0.120453  0.115846  0.129083  0.124718  0.121283  0.120844  0.118361  0.133883  0.117738  0.139041  0.111922  0.147038  0.133063  0.130018  0.137816  0.133478  0.136562  0.125472  0.133678  0.111617  0.143127   0.12725  0.129185  0.118104  0.127431  0.150596  0.123876  0.123827  0.120789  0.141723  0.114904  0.123851  0.142531  0.108207  0.116497   0.12513  0.132247  0.139339  0.139551   0.13023  0.147747  0.113516  0.123165  0.123353  0.123594  0.128971  0.130834  0.114662  0.126446   0.14229  0.116837  0.108882  0.124717  0.129473  0.126313  0.125847  0.118445  0.135754  0.145686  0.144513  0.141612  0.125391  0.131783  0.123036  0.120409  0.141544  0.111385   0.13284  0.109039  0.131496  0.134268  0.100202  0.123309  0.124988  0.116985  0.119713  0.117286  0.125047  0.136173  0.123294  0.132376  0.116627  0.131577  0.135041  0.117328  0.126594  0.127466  0.128836  0.129414  0.135088  0.128095  0.122242  0.093397
 0.119588  0.127706  0.127917  0.123023  0.128358  0.124108  0.120453         0  0.127504  0.132122  0.121853  0.130852  0.118768  0.114903  0.133713  0.122957  0.125632  0.125137  0.136304  0.125467  0.128618   0.12846  0.126731  0.127479  0.129952  0.132459  0.125372  0.131571  0.122002  0.129002  0.124473  0.126278  0.133683  0.123747  0.122488  0.122469  0.138799  0.115711  0.126493  0.137244   0.12255  0.122493  0.118893  0.133157  0.126787  0.130225   0.13401  0.130857  0.118563  0.132703  0.125836  0.119426   0.13685  0.132382   0.11787   0.12187   0.13624  0.121703  0.118508  0.128598  0.119422  0.123915  0.117868  0.119579  0.123933   0.13422  0.125672   0.13594  0.121688  0.125998  0.114707  0.122611  0.129369  0.114889  0.127485  0.125296  0.120563  0.122358  0.124132  0.120597   0.12984  0.124764  0.118975  0.121514  0.125718  0.122433  0.132987    0.1405  0.119101  0.135337  0.127864  0.112467  0.124288  0.126849  0.129971  0.112874  0.124979  0.119303  0.123457 0.0910175
 0.120319  0.113609  0.127789  0.119247   0.13273  0.111283  0.115846  0.127504         0  0.133468  0.113195  0.120356  0.127574  0.126929  0.132062  0.113801   0.13662  0.119785  0.135991  0.119324  0.129895  0.127345  0.131077  0.130548  0.126582  0.133377  0.119363  0.129325  0.128265   0.13056  0.119578  0.118181  0.135013  0.115842  0.126372  0.128637  0.138051  0.119701   0.12279   0.13858  0.121214   0.11354  0.124552     0.135  0.133729  0.132599  0.126322  0.140382  0.124877  0.133188   0.12105  0.118734  0.118078  0.129414  0.118825  0.117997  0.135549  0.122017  0.107751   0.10518  0.135082  0.127384  0.124725  0.121242  0.127772  0.146301  0.136106  0.134215  0.127053  0.123835  0.130577  0.125878  0.136143  0.116442  0.123173  0.119126  0.135256  0.132004  0.115869  0.126538  0.129276  0.116863  0.127693  0.124626  0.130202  0.133506  0.128248  0.139908   0.12228  0.133162  0.123564  0.119071  0.131395  0.120091   0.13215  0.130862  0.129619  0.127777  0.117613 0.0932167
 0.113991  0.110059  0.134066  0.118247  0.118015  0.124891  0.129083  0.132122  0.133468         0   0.12034  0.132257  0.121319  0.121735   0.13983  0.119117  0.124544  0.108646  0.117308   0.12967  0.118268  0.138428  0.126989   0.11982    0.1283  0.129207  0.123563  0.138389  0.122762  0.115188  0.101591  0.125703   0.12841  0.128465  0.120842  0.116697  0.126888  0.122867  0.113053  0.133043  0.119818  0.117976  0.124821  0.134226  0.131899  0.130642  0.128826  0.127087  0.114724  0.118156  0.123061  0.106696  0.131609  0.126486  0.122425  0.126799  0.126652  0.116784  0.123701  0.127894  0.121148  0.123423  0.129759  0.130947  0.128832  0.130982  0.124362  0.118982  0.129373  0.114692  0.125679  0.122168  0.130982  0.109132  0.113792  0.118803  0.115227  0.131344  0.110312  0.119056  0.119435  0.117154  0.126795  0.131706  0.127448   0.12527  0.131643  0.129121   0.13176  0.124807  0.119783  0.126982  0.126667  0.110933  0.124813  0.131145  0.135146  0.123803  0.133707 0.0916212
 0.123513  0.122068   0.12881  0.117608  0.127919  0.116447  0.124718  0.121853  0.113195   0.12034         0  0.130547  0.114293  0.123996  0.131955  0.119142  0.123062  0.122489   0.12946  0.121407  0.123582  0.132264  0.136415  0.123498  0.134372   0.13275  0.124571  0.131548  0.125969  0.130104  0.121393  0.115704  0.132928  0.123838  0.121212  0.121301  0.129647  0.123929  0.122999  0.132796  0.124891  0.115765  0.116935  0.131164  0.129659  0.132155  0.127505  0.129689  0.122507   0.12809  0.125083  0.103689  0.112859  0.132222  0.124338  0.122295  0.129636  0.122072  0.121379  0.112609  0.125659  0.118624  0.130198  0.124535  0.124541  0.135604  0.130178  0.129245   0.12713  0.119906  0.125499  0.122226  0.131631   0.11362  0.121202  0.124208  0.125502    0.1313  0.117469  0.124883  0.125396  0.122525  0.124968  0.126192  0.126271  0.127574  0.130885  0.130662  0.119606  0.132101  0.120027   0.11855  0.129592  0.121205  0.127812  0.130991  0.122993  0.121015  0.121134 0.0900581
 0.135118  0.136158  0.135713   0.11479  0.141616  0.120623  0.121283  0.130852  0.120356  0.132257  0.130547         0  0.125333  0.132977  0.138678  0.108283  0.147294  0.131089  0.148277  0.145031  0.130637  0.144898  0.144278  0.133819  0.130352  0.133072  0.133227  0.132312  0.133491  0.134483  0.127707  0.124592  0.145235   0.13837  0.136071  0.124837  0.145209  0.127384  0.123776  0.131669  0.125545   0.12292  0.138182   0.13351  0.127006  0.143573  0.132004  0.146117  0.125921  0.126371  0.119529  0.122383  0.132501  0.135846  0.127485  0.130427  0.152343  0.129037 0.0968504  0.127314  0.144272  0.133209  0.117568  0.122397  0.126056  0.135257   0.14108  0.143635   0.14312  0.135076  0.135087  0.136595  0.133347  0.113691  0.132735  0.129859  0.143512  0.142585  0.129099    0.1312  0.126647  0.128617  0.116189  0.120499  0.131663   0.13823  0.129451  0.140126  0.112905  0.137529  0.144258  0.125147  0.143677  0.134304  0.132095   0.12438   0.14015  0.133011  0.128587  0.104253
 0.123429  0.129295   0.13106  0.116841  0.125294  0.121321  0.120844  0.118768  0.127574  0.121319  0.114293  0.125333         0  0.117571  0.136492  0.116514  0.122035  0.112058  0.137765     0.131    0.1176  0.139461  0.138529  0.133074  0.133303  0.133828  0.115698  0.143161  0.124318  0.127964   0.12382  0.124167   0.14186  0.128037  0.121607  0.124427  0.131447   0.11227  0.120694  0.135294   0.11762  0.112993  0.121678  0.128029  0.135921  0.134611  0.133278  0.128242  0.116287  0.118839  0.119179  0.109094   0.12929  0.136152  0.111668  0.118856  0.140229  0.122917  0.119912  0.129002  0.124969  0.129366  0.123942  0.120379     0.129  0.140277  0.129156  0.127678  0.132671  0.116749  0.117211  0.130386  0.135257  0.104343   0.11967  0.119372  0.120369  0.132273  0.115939  0.128913  0.133681  0.124031  0.114677  0.120003  0.123735  0.129856  0.133813   0.13482  0.116956  0.121314    0.1268  0.122503  0.126802  0.123772  0.128786  0.123612    0.1311  0.121278  0.128584 0.0893797
 0.116799  0.123494  0.118351  0.126633  0.117823  0.120205  0.118361  0.114903  0.126929  0.121735  0.123996  0.132977  0.117571         0  0.126098  0.123316  0.129408  0.112734  0.127256  0.124892  0.122212  0.131632  0.107533   0.10914  0.130238  0.125753  0.110626  0.140543  0.100974  0.128588  0.119303  0.132329  0.117995   0.11741  0.120156  0.125072  0.128316   0.10745  0.122123  0.118352  0.117175  0.119565   0.12362  0.131459  0.124735   0.12426  0.134916  0.120271 0.0819382  0.125818   0.11236  0.116752  0.139673  0.131378   0.12226  0.127319  0.131959  0.115528  0.122596  0.132802   0.11546  0.121427   0.12125  0.110704  0.122422   0.12728  0.117676  0.124129  0.117936  0.113648  0.117783  0.125888  0.122812  0.114159  0.120682  0.116876  0.126407  0.127215  0.108928  0.124994  0.128444  0.127225  0.123962  0.129205  0.117357  0.106404  0.130902  0.129689  0.124084  0.131331  0.130468  0.117944  0.120744  0.111241  0.123051  0.115435  0.124895  0.109612  0.129801 0.0852048
 0.124277  0.128445  0.101206  0.130808  0.119189  0.125678  0.133883  0.133713  0.132062   0.13983  0.131955  0.138678  0.136492  0.126098         0  0.136818  0.131041  0.132605  0.129043  0.129315  0.124752  0.120179  0.125634  0.124647  0.137434  0.116107  0.126137  0.139564  0.125562  0.128932   0.12537  0.139959  0.132626  0.126274  0.125813  0.131089   0.13314  0.127698  0.141541  0.123312   0.12878  0.119047  0.117995  0.129733   0.13682  0.131187  0.141988  0.138762  0.134125  0.133648  0.127702   0.12078  0.135034  0.136334  0.124259  0.142056   0.13262  0.133176  0.127558   0.13225  0.121798  0.132476  0.128737  0.129027  0.126808  0.116334  0.121013  0.129919  0.116682  0.132391  0.135874  0.135102  0.119672  0.131474  0.130088  0.126023  0.137885  0.127021  0.123363   0.12695  0.132782  0.136018  0.142309   0.13989  0.126018  0.126998   0.12444  0.120165  0.127197  0.137858  0.127886  0.133931  0.125777  0.128987  0.128955   0.12695  0.124616  0.131418  0.129373 0.0947277
 0.113378    0.1215  0.130955  0.118266  0.125028  0.116092  0.117738  0.122957  0.113801  0.119117  0.119142  0.108283  0.116514  0.123316  0.136818         0  0.129754  0.126429  0.133466  0.124805  0.126134  0.132673  0.131656  0.126253  0.123212  0.128448  0.118816  0.121279   0.12788  0.128665  0.121396  0.112712  0.133589  0.129314  0.122556  0.118318  0.130603   0.11205  0.104366  0.133848  0.117697  0.116423  0.124192  0.136583  0.111673  0.129195  0.120224  0.131229  0.118938  0.125439  0.109416  0.110076  0.110191  0.121902  0.118822  0.111556  0.130001   0.11624  0.111252  0.110699  0.131762  0.120768  0.115227  0.121755  0.126047  0.135376   0.12914  0.129594  0.129063  0.110148  0.123882  0.120021  0.129842  0.101555  0.111974  0.122568  0.123047   0.13637   0.11376  0.122313  0.116109  0.111518  0.110949  0.117192  0.130586  0.122577  0.127986   0.13562  0.121082  0.128688  0.121829  0.118481  0.124925  0.120693  0.127791  0.132509  0.128382  0.125246  0.123381 0.0892945
 0.124465  0.126495  0.132592  0.139163  0.128099  0.125852  0.139041  0.125632   0.13662  0.124544  0.123062  0.147294  0.122035  0.129408  0.131041  0.129754         0  0.129036  0.124791  0.133737  0.122925  0.133811  0.136989  0.132634  0.127491  0.126173  0.128289  0.132523  0.132996  0.128451  0.128067  0.130863  0.138425  0.128655  0.131547  0.121925  0.127221  0.128732  0.125247  0.133522  0.135215  0.131295  0.129736  0.134074  0.125115  0.129683  0.127777  0.129939  0.128894  0.135517  0.122314   0.12177  0.131639  0.129967  0.117165  0.136295  0.125719   0.12103  0.121786  0.128429  0.124361  0.120238  0.125011  0.135722  0.133353  0.124419  0.127438  0.126814   0.13193  0.124812  0.133185  0.121507  0.139996  0.117702  0.127671  0.132946  0.126534  0.135349  0.133864  0.129145  0.131042  0.121893  0.134839  0.133871  0.122069   0.13391  0.139248  0.123808  0.131428  0.131094  0.120002  0.131663  0.128715  0.133352  0.124431  0.133867  0.127676  0.129384  0.133064 0.0966564
 0.101449  0.107665  0.120664  0.117014  0.118621  0.124191  0.111922  0.125137  0.119785  0.108646  0.122489  0.131089  0.112058  0.112734  0.132605  0.126429  0.129036         0  0.126754  0.118606  0.113962  0.130184  0.131786  0.126774   0.12373  0.127427  0.106169  0.148972  0.118249  0.100001 0.0952432  0.130082  0.136854  0.116901  0.121782  0.126909  0.127375  0.110018  0.130134  0.138498  0.100394  0.104361  0.121437  0.123887  0.138843  0.120975  0.131299  0.129095  0.115565  0.111991   0.12541  0.110124  0.138621  0.130974   0.11181  0.127828  0.130706  0.113533  0.118661  0.124578  0.118358  0.126404  0.131798  0.122793  0.129577  0.138634  0.127673  0.116914  0.124323  0.119455  0.116271   0.12981  0.130627  0.110708  0.110902  0.100471  0.126916  0.120877   0.10336  0.117306  0.132236  0.117469  0.123723  0.123961  0.109466  0.129187  0.125685   0.12999  0.117824  0.118582  0.130326  0.123656  0.114666  0.116527   0.12679  0.120699  0.129361  0.125575  0.132609 0.0838796
 0.126446  0.117991  0.133606  0.136545  0.111386  0.121434  0.147038  0.136304  0.135991  0.117308   0.12946  0.148277  0.137765  0.127256  0.129043  0.133466  0.124791  0.126754         0  0.132783  0.126829  0.130624  0.130539  0.124201  0.130723  0.128697  0.126399  0.143742  0.130604  0.137387  0.123489  0.137826  0.127362  0.137008  0.129211  0.122841  0.132543  0.132015  0.122657  0.138917  0.137214  0.123221  0.125788   0.14528  0.133375  0.123577   0.13469  0.125337  0.128202  0.124008   0.12763  0.115931  0.138655  0.130453   0.12872  0.137519  0.130539  0.121525  0.132768  0.129425  0.120486  0.133943  0.128704  0.137867  0.135936  0.129146   0.11092  0.115032  0.128743  0.118729  0.135391  0.129591  0.137919  0.120732  0.128709  0.126301  0.123501  0.129248  0.122922  0.129958  0.127145  0.118336  0.141962  0.142202  0.135287  0.125679  0.140396   0.13804  0.135716  0.122147  0.115753  0.136007   0.12868  0.113277  0.130571  0.135564  0.139247  0.131005  0.139636 0.0960317
 0.105747  0.110785  0.119704   0.13245  0.122997  0.130468  0.133063  0.125467  0.119324   0.12967  0.121407  0.145031     0.131  0.124892  0.129315  0.124805  0.133737  0.118606  0.132783         0   0.12156  0.130511  0.130955  0.122268  0.133733  0.124302  0.119486   0.13109  0.126413  0.125971  0.114522   0.12849  0.128506  0.123934  0.125357   0.13167  0.132988  0.125803  0.137568  0.135077  0.118545  0.119082  0.126534  0.119757  0.135643   0.12439  0.129355  0.134204  0.129985  0.131313  0.133011  0.115561  0.125182  0.135172  0.116721  0.136705  0.114093    0.1254  0.130402  0.119532   0.12012  0.130277  0.133649  0.127196  0.132217   0.13839  0.127106   0.12079    0.1189  0.124994  0.130127  0.124776  0.133618  0.122209  0.123066  0.115432  0.126824  0.122548  0.117831  0.120712  0.130503  0.126735  0.138628  0.133526  0.127755  0.128272  0.133716  0.137241  0.127861  0.123424   0.12974   0.11967  0.111149  0.112535  0.139115  0.130426  0.126222  0.127457  0.134253 0.0903579
 0.108239  0.110889  0.113858   0.13001  0.120556  0.123959  0.130018  0.128618  0.129895  0.118268  0.123582  0.130637    0.1176  0.122212  0.124752  0.126134  0.122925  0.113962  0.126829   0.12156         0  0.136734  0.131333  0.123386  0.121659  0.111964  0.120166  0.128239  0.123817  0.126424  0.115246  0.131446  0.129662  0.126948  0.119367  0.127152  0.129308  0.119414   0.12971    0.1259  0.116131  0.115143  0.130732  0.112714  0.129829  0.123275  0.126924  0.132854  0.118026  0.121645  0.117257  0.112428   0.13666  0.137215  0.114658  0.131358   0.12529  0.112655  0.117327  0.129041  0.111037  0.129436  0.125607  0.126067  0.126896  0.115606  0.126509  0.103476   0.11506  0.122342  0.117547  0.130374  0.120421  0.118983  0.113145  0.119833  0.122681  0.125281  0.120658  0.107459  0.134156  0.118457  0.129121   0.12545  0.110912   0.12867  0.123301  0.119031  0.115113  0.113047  0.130226  0.122353  0.121564  0.115548  0.132793   0.11834  0.124497  0.117962  0.127548 0.0848776
 0.116573  0.121336  0.110689  0.127268  0.110322  0.123834  0.137816   0.12846  0.127345  0.138428  0.132264  0.144898  0.139461  0.131632  0.120179  0.132673  0.133811  0.130184  0.130624  0.130511  0.136734         0  0.127349  0.133031  0.127227  0.123368  0.118041  0.135501  0.132429  0.126304  0.125876  0.134179  0.135932  0.136635  0.116406  0.121911  0.123629  0.122665  0.136882  0.139688  0.131782  0.132223  0.120362  0.142147  0.134719  0.124576   0.12955  0.138578  0.134848   0.14442  0.129959  0.125213  0.140052  0.124471  0.119473  0.137554  0.133151  0.135947  0.129454  0.131914  0.130536  0.125226  0.130273  0.136751     0.122  0.136683  0.113596  0.130368  0.122638  0.133614  0.133779  0.134723   0.13098  0.118263  0.126902  0.126923  0.129773  0.128003  0.131513  0.131972  0.125082   0.12151  0.140347  0.133607  0.144248  0.129869  0.117201  0.122783  0.123655  0.128039  0.125741  0.126227  0.129774  0.131846  0.138023  0.133444  0.130255   0.13082  0.140119 0.0977435
 0.122637   0.12368  0.127274  0.136707  0.115016  0.134113  0.133478  0.126731  0.131077  0.126989  0.136415  0.144278  0.138529  0.107533  0.125634  0.131656  0.136989  0.131786  0.130539  0.130955  0.131333  0.127349         0  0.119548  0.136153  0.127109  0.121823  0.140108  0.116316  0.134127  0.127602  0.127443  0.114762    0.1305  0.124738  0.140715  0.136961  0.120655  0.119831  0.130688  0.124194  0.119539  0.131676   0.13277  0.134924  0.132268  0.131632  0.130002  0.112342  0.131106  0.120405  0.126207  0.144244  0.136483   0.12371  0.134814  0.135983   0.12564  0.133706  0.135749  0.127433  0.131012  0.129902  0.117972  0.114295  0.135725  0.123867   0.13307  0.122673  0.119966  0.129912   0.13131  0.134071  0.126463   0.12433  0.124034  0.121951  0.133581  0.113607  0.131416  0.132535  0.128973  0.141128  0.139955   0.13635  0.123256  0.135787  0.131536  0.136375  0.137827  0.133528  0.127233   0.13165  0.116964  0.137711    0.1262  0.134455  0.121791  0.137025 0.0972501
 0.116744  0.125293  0.125902  0.130993  0.118392  0.120875  0.136562  0.127479  0.130548   0.11982  0.123498  0.133819  0.133074   0.10914  0.124647  0.126253  0.132634  0.126774  0.124201  0.122268  0.123386  0.133031  0.119548         0  0.131974  0.116577  0.122734  0.134804  0.107255  0.130801  0.122553  0.130959  0.115181  0.122117  0.116147  0.122193  0.129935  0.127387  0.122849  0.126338  0.122475  0.123311  0.123502  0.130871  0.120667   0.12318  0.129628  0.117285  0.111212  0.129953  0.122386  0.119135  0.128692   0.13684    0.1306  0.132706  0.131574  0.119976  0.126885  0.125335  0.120014  0.124263  0.125942  0.116006  0.126737  0.115871  0.115289  0.117851   0.12179   0.11449  0.122462  0.118147  0.121904  0.124426  0.125021  0.117213  0.117673  0.118208  0.116555  0.124987  0.118997  0.121819  0.134458  0.132796  0.124991  0.100173  0.131715  0.132253  0.130983  0.133985  0.123148  0.123176  0.119197  0.112653  0.123426  0.121028  0.126145  0.124756  0.127955 0.0892445
 0.129746   0.12441  0.125469  0.124267  0.123684   0.11746  0.125472  0.129952  0.126582    0.1283  0.134372  0.130352  0.133303  0.130238  0.137434  0.123212  0.127491   0.12373  0.130723  0.133733  0.121659  0.127227  0.136153  0.131974         0  0.120914   0.12114  0.126263  0.137343  0.138012  0.121443  0.136897   0.14243   0.13798  0.128655  0.125957  0.145103  0.123551  0.118734  0.137136  0.125783  0.126878  0.129241  0.135072  0.124532  0.125811  0.129059  0.135874  0.130805  0.131799  0.118244  0.127265  0.140528   0.12073  0.125337  0.128402  0.142796  0.132681  0.121073  0.118097  0.126341  0.129841   0.12431  0.139706  0.113311  0.128712  0.129436  0.126176  0.130988  0.128878  0.135772   0.11919  0.131448  0.113138  0.133598  0.123088  0.137198  0.132078  0.124996  0.133457  0.106986  0.105946  0.127269  0.130355  0.129708  0.137652  0.114887  0.128036  0.118013  0.124605  0.127024  0.118406  0.136838  0.125697  0.138968  0.123995   0.12653  0.134775   0.13209 0.0972123
 0.109668  0.114944 0.0995547  0.131535  0.106075  0.124643  0.133678  0.132459  0.133377  0.129207   0.13275  0.133072  0.133828  0.125753  0.116107  0.128448  0.126173  0.127427  0.128697  0.124302  0.111964  0.123368  0.127109  0.116577  0.120914         0  0.119587  0.128475  0.125729  0.130026  0.120295  0.130564  0.138024  0.132674  0.125109  0.129106   0.12566  0.124836  0.127954  0.127903  0.122935  0.123814  0.126816  0.126161  0.119597  0.118621  0.117566  0.129661  0.127984  0.128845  0.119383  0.121688  0.134686  0.123076  0.112417  0.132992  0.131003   0.12096  0.116761  0.127062  0.125927  0.131983  0.126166  0.127666  0.123768  0.111104  0.125488  0.111588  0.117925  0.119601  0.123152  0.127111  0.115628  0.116403  0.126368   0.11652  0.121392  0.111732  0.125285  0.121798  0.122697  0.114275  0.135167  0.128241  0.120224  0.129688   0.12077   0.10288   0.11938   0.10702  0.127958  0.124766  0.118441  0.121901  0.131753  0.124535  0.130122  0.132704  0.136612 0.0877577
  0.10656  0.116964  0.114639  0.119363  0.102198  0.125908  0.111617  0.125372  0.119363  0.123563  0.124571  0.133227  0.115698  0.110626  0.126137  0.118816  0.128289  0.106169  0.126399  0.119486  0.120166  0.118041  0.121823  0.122734   0.12114  0.119587         0  0.142043  0.118918  0.124567   0.10922  0.127816  0.136671   0.11948  0.106254  0.115085  0.124921  0.110523    0.1233  0.134983  0.102196  0.110075  0.120583  0.127089  0.132564  0.112944  0.127413  0.131842  0.112828  0.124283  0.118448  0.114519  0.129426  0.128518 0.0995653  0.126447  0.122595  0.118461  0.117515  0.129282  0.120948  0.119945  0.117685   0.11634  0.135766  0.122787  0.113417  0.120848  0.118024  0.113384  0.119055  0.113917  0.123827  0.111098  0.121175  0.101236  0.124064  0.114612  0.101945  0.119502  0.118338  0.112184  0.129903  0.120226  0.121873  0.122786  0.119711  0.124397  0.124654  0.115837  0.124995  0.118989  0.113548  0.121236   0.11683  0.116563   0.12925  0.126398  0.131768 0.0823714
  0.13634  0.137081  0.130325  0.138302  0.135768  0.121975  0.143127  0.131571  0.129325  0.138389  0.131548  0.132312  0.143161  0.140543  0.139564  0.121279  0.132523  0.148972  0.143742   0.13109  0.128239  0.135501  0.140108  0.134804  0.126263  0.128475  0.142043         0  0.144857  0.145396  0.137718  0.126768  0.141047  0.142288  0.133593  0.136736  0.134714  0.132243  0.124673   0.12917  0.146778   0.14302  0.139943  0.142513  0.120625  0.138003  0.128652  0.140047  0.142584  0.148865  0.121088  0.136349  0.131496  0.121794  0.138774  0.133982  0.134474  0.142624  0.117359  0.131423  0.141462  0.133671  0.120456  0.134063  0.125439  0.133079   0.13122  0.136316  0.139105  0.137565  0.139441  0.129987  0.137587  0.130587  0.133202  0.141601  0.136532   0.14404  0.139081  0.141383  0.130352  0.127335  0.139031  0.136028  0.140618  0.138485  0.134072  0.129482  0.122113   0.14317  0.133257   0.12694   0.14022  0.137661  0.145916  0.134474  0.123941  0.135352  0.130032  0.106745
 0.114178  0.122134   0.12001   0.12166  0.112922  0.125808   0.12725  0.122002  0.128265  0.122762  0.125969  0.133491  0.124318  0.100974  0.125562   0.12788  0.132996  0.118249  0.130604  0.126413  0.123817  0.132429  0.116316  0.107255  0.137343  0.125729  0.118918  0.144857         0  0.132447  0.121658   0.13026  0.123621  0.126684  0.117422  0.127358  0.130965  0.124117  0.127371  0.130337  0.123478  0.114673  0.123926  0.139092  0.130884  0.116278  0.139724  0.122269  0.104105    0.1331  0.118696  0.124755  0.138767   0.13468  0.127795  0.122283  0.130823  0.116602  0.124391  0.136085  0.120776  0.119375  0.124824  0.113839  0.126926  0.125702  0.119382  0.124416  0.118445  0.119749  0.126452  0.113108  0.121464  0.122454   0.11912  0.105772  0.126467  0.125708  0.113953  0.125293  0.129365  0.120856  0.131229  0.128095  0.118196  0.102108  0.129045  0.126831  0.128819  0.128688  0.123996  0.119733  0.120931  0.110095  0.106823  0.119587  0.127257  0.125337   0.13464  0.087797
 0.100851  0.109051   0.12276  0.128744  0.125182   0.13735  0.129185  0.129002   0.13056  0.115188  0.130104  0.134483  0.127964  0.128588  0.128932  0.128665  0.128451  0.100001  0.137387  0.125971  0.126424  0.126304  0.134127  0.130801  0.138012  0.130026  0.124567  0.145396  0.132447         0  0.101288  0.120436  0.135555  0.115801  0.130564  0.132751  0.124011  0.121805  0.134913  0.133528  0.108678   0.11171  0.122819  0.125599  0.143898  0.130063  0.134009  0.142435  0.125574  0.118348  0.128658  0.112528  0.132855  0.128824  0.113147  0.142313  0.126761  0.119166  0.119825  0.134103  0.124921  0.119726  0.131548  0.126744  0.137153  0.136164  0.137007  0.133195  0.133098  0.129506   0.11916   0.13512  0.139032  0.120467  0.113032  0.115135  0.129866  0.129401  0.118983  0.110196  0.128037  0.123503  0.127841  0.125889  0.127593  0.135857  0.129161  0.125875  0.127984   0.12227  0.131582  0.137005  0.120692  0.126501  0.123295  0.125471  0.137802  0.123161  0.130895 0.0946647
 0.096243 0.0931124  0.114696   0.11609  0.117078  0.128426  0.118104  0.124473  0.119578  0.101591  0.121393  0.127707   0.12382  0.119303   0.12537  0.121396  0.128067 0.0952432  0.123489  0.114522  0.115246  0.125876  0.127602  0.122553  0.121443  0.120295   0.10922  0.137718  0.121658  0.101288         0  0.125267   0.12442  0.122063  0.123063  0.118137  0.126574  0.119083  0.123939  0.130285   0.10292   0.10602  0.118652  0.122006  0.135137  0.119228  0.127748  0.131415  0.118332  0.116191   0.12542  0.104814  0.125925  0.125583  0.106973  0.131051  0.122297  0.118511  0.119373   0.12278  0.107784  0.119847  0.123595  0.119941  0.130397  0.124241  0.120593  0.113892  0.123181   0.11895  0.121996  0.122479  0.130523  0.108088  0.111941  0.102207  0.120838  0.116486  0.103705    0.1029  0.111853  0.113536  0.127183  0.123306  0.119945  0.124313  0.119034   0.12373  0.119687  0.114598   0.12627  0.122663  0.115769  0.116135  0.123933  0.124897  0.131159  0.118107  0.124311 0.0830588
 0.116048  0.125872  0.133051   0.11253  0.126599  0.119723  0.127431  0.126278  0.118181  0.125703  0.115704  0.124592  0.124167  0.132329  0.139959  0.112712  0.130863  0.130082  0.137826   0.12849  0.131446  0.134179  0.127443  0.130959  0.136897  0.130564  0.127816  0.126768   0.13026  0.120436  0.125267         0  0.136874  0.122745  0.126746  0.128525  0.135868  0.130557  0.108936  0.138575  0.124618  0.122942  0.127442  0.128247  0.124935  0.136894  0.119751  0.136843   0.12792  0.132927   0.12386  0.114301  0.122287  0.128292  0.117875  0.124095  0.132198  0.122054  0.108183  0.120318  0.132605  0.118836  0.124276  0.125072  0.125451  0.143209  0.136875  0.131984   0.13206  0.130468  0.122611  0.129499  0.137863  0.113855  0.118229  0.125364  0.122918  0.133249  0.114051  0.128558  0.125238  0.119449  0.117408   0.12585  0.124884  0.137615  0.130247  0.130631  0.120433  0.127094    0.1208  0.125686  0.131927  0.133462  0.129399  0.125831  0.128858  0.128959  0.128552 0.0957067
 0.127024  0.129231  0.134359  0.139642  0.128324  0.134663  0.150596  0.133683  0.135013   0.12841  0.132928  0.145235   0.14186  0.117995  0.132626  0.133589  0.138425  0.136854  0.127362  0.128506  0.129662  0.135932  0.114762  0.115181   0.14243  0.138024  0.136671  0.141047  0.123621  0.135555   0.12442  0.136874         0  0.127261  0.134972  0.139423   0.13853  0.136971  0.133378  0.130645  0.129912  0.122353  0.135951  0.132024  0.132136  0.134996  0.133919  0.122057  0.113326  0.137907  0.122886  0.120768  0.141358  0.139662   0.13212  0.134988  0.132827  0.126397  0.142407   0.13585   0.12213  0.134121  0.137125  0.126089  0.131675  0.136765  0.129428  0.134778  0.121592  0.126281  0.136047  0.130888  0.136001  0.134701  0.125263   0.12668  0.134704  0.135379  0.123436  0.128553  0.132244  0.127051  0.145791  0.146174  0.138745  0.120382   0.14084  0.141197   0.13889  0.144562   0.13377  0.137021  0.133393  0.117992  0.133345  0.136053  0.133237  0.124386  0.134627  0.103378
 0.113696   0.12461  0.121266  0.126718  0.125838   0.12989  0.123876  0.123747  0.115842  0.128465  0.123838   0.13837  0.128037   0.11741  0.126274  0.129314  0.128655  0.116901  0.137008  0.123934  0.126948  0.136635    0.1305  0.122117   0.13798  0.132674   0.11948  0.142288  0.126684  0.115801  0.122063  0.122745  0.127261         0   0.12899  0.134323  0.129237  0.125021  0.130816  0.127861  0.113169  0.118723   0.12663   0.12699  0.142213  0.135955  0.128487  0.132066  0.122491    0.1285  0.124333  0.120176  0.129406   0.13139  0.115117  0.131832  0.128487  0.115846  0.124301  0.128181  0.126399  0.123337  0.132037  0.115629  0.142326  0.141862  0.136058  0.135668   0.12232  0.130654  0.119482  0.128783  0.133865   0.12388  0.125391  0.119299  0.131892  0.114721  0.118061  0.119122  0.135281   0.12499  0.130199  0.132811  0.121394   0.12875  0.133857  0.130917  0.129612  0.136071  0.134032  0.128297  0.126522  0.130341  0.120753  0.128283  0.136161  0.114653  0.122702  0.093013
 0.125173  0.125953  0.116457  0.119572  0.115783  0.123183  0.123827  0.122488  0.126372  0.120842  0.121212  0.136071  0.121607  0.120156  0.125813  0.122556  0.131547  0.121782  0.129211  0.125357  0.119367  0.116406  0.124738  0.116147  0.128655  0.125109  0.106254  0.133593  0.117422  0.130564  0.123063  0.126746  0.134972   0.12899         0  0.109105   0.12489  0.113192   0.12212  0.133105  0.127948  0.128475  0.119476  0.134926  0.135133  0.125927  0.139416  0.127438  0.120445  0.132097  0.127271  0.121663  0.133537  0.130941  0.116386  0.120602  0.129811  0.125704  0.120233  0.124811  0.127544  0.124097  0.128076  0.128739   0.11777  0.119974  0.115163  0.128928  0.119167  0.125958  0.123966  0.127636  0.121283  0.113991  0.117984    0.1207  0.118649  0.124769  0.112158  0.128139  0.126556  0.124461  0.128392  0.125843  0.132927  0.116505  0.124077  0.124068   0.13079  0.132052  0.127699  0.116991  0.132111   0.11457  0.127799  0.120953  0.128198  0.123811  0.128375 0.0896772
 0.126627  0.123236  0.128164  0.121038  0.117541  0.120573  0.120789  0.122469  0.128637  0.116697  0.121301  0.124837  0.124427  0.125072  0.131089  0.118318  0.121925  0.126909  0.122841   0.13167  0.127152  0.121911  0.140715  0.122193  0.125957  0.129106  0.115085  0.136736  0.127358  0.132751  0.118137  0.128525  0.139423  0.134323  0.109105         0  0.126344  0.118259  0.116729  0.138979  0.125134  0.123233  0.119839  0.134493  0.129163  0.105903   0.12803  0.127735  0.117405  0.126076  0.120204  0.118423  0.123293  0.129469  0.121246  0.122796  0.128276  0.117396  0.102741  0.121844  0.124193  0.115888  0.116963   0.13002  0.130534  0.101851  0.117997  0.118444  0.118435  0.124827  0.128217  0.106038  0.129455 0.0994556  0.126479  0.124981  0.121945  0.119404  0.119203  0.123064     0.117  0.115874  0.126746  0.120508  0.127733  0.124319  0.131965  0.128981  0.124457  0.131074  0.123661  0.114959  0.128127  0.127763  0.115093  0.124451  0.133131  0.129503  0.127707 0.0898111
 0.120588  0.125387  0.123139   0.13382  0.121327  0.130004  0.141723  0.138799  0.138051  0.126888  0.129647  0.145209  0.131447  0.128316   0.13314  0.130603  0.127221  0.127375  0.132543  0.132988  0.129308  0.123629  0.136961  0.129935  0.145103   0.12566  0.124921  0.134714  0.130965  0.124011  0.126574  0.135868   0.13853  0.129237   0.12489  0.126344         0  0.118558  0.130992  0.132466  0.130283  0.126881  0.129853   0.13181  0.145808  0.126779  0.131402  0.134471  0.125374  0.127403  0.132405  0.122241  0.133099  0.131492  0.117284  0.141063   0.12367  0.127338  0.127232  0.142229  0.124986  0.120046   0.12813  0.133009  0.141157   0.12755  0.128706  0.122011  0.129645  0.121914  0.123468  0.136298  0.135756  0.120152  0.122631  0.129918  0.133478  0.126787  0.130098  0.117333  0.131505  0.127392  0.140416  0.134356   0.12985  0.132671  0.137902  0.115058   0.12828  0.133159  0.130658  0.133034  0.118482  0.133455   0.12466   0.13374  0.136029  0.123686   0.13232  0.097521
 0.118046   0.11402  0.121397  0.127776  0.118386  0.122537  0.114904  0.115711  0.119701  0.122867  0.123929  0.127384   0.11227   0.10745  0.127698   0.11205  0.128732  0.110018  0.132015  0.125803  0.119414  0.122665  0.120655  0.127387  0.123551  0.124836  0.110523  0.132243  0.124117  0.121805  0.119083  0.130557  0.136971  0.125021  0.113192  0.118259  0.118558         0  0.121127  0.125184  0.112681  0.112299  0.125582  0.128278  0.129926    0.1199  0.133423  0.131952  0.104648  0.111478  0.115835  0.112202  0.138405  0.131378  0.116782  0.125273  0.133734  0.110262  0.119202  0.123996  0.124876  0.128826  0.120845  0.113348  0.123647  0.125987  0.119552  0.123397  0.120951   0.10953  0.112591  0.129128  0.127042  0.105945   0.11647  0.120116  0.127124  0.131709  0.109643  0.119391  0.131126  0.116845  0.119568  0.125784  0.127524   0.12584  0.134758  0.127282  0.116747  0.119682  0.135028  0.120083  0.127351  0.114343  0.127089  0.109788  0.120279   0.11271  0.131227 0.0837544
 0.124798  0.118938  0.136872  0.116652  0.121999  0.111651  0.123851  0.126493   0.12279  0.113053  0.122999  0.123776  0.120694  0.122123  0.141541  0.104366  0.125247  0.130134  0.122657  0.137568   0.12971  0.136882  0.119831  0.122849  0.118734  0.127954    0.1233  0.124673  0.127371  0.134913  0.123939  0.108936  0.133378  0.130816   0.12212  0.116729  0.130992  0.121127         0  0.133354  0.127978   0.12318  0.124765  0.132872   0.11075  0.130551  0.110737  0.125551  0.118218  0.124015  0.109411  0.117458  0.124603  0.110907   0.11986  0.117109  0.135586  0.123644  0.113457  0.117245  0.131658  0.123409  0.111688  0.126411  0.116744  0.133592  0.129036  0.126063  0.133947  0.113966  0.125865  0.117477  0.134882 0.0996459  0.121857  0.126634  0.114866  0.131693  0.117668  0.125809  0.119996  0.102281  0.118593  0.123386  0.125496  0.131421  0.134885  0.130281  0.120522  0.125337  0.112026  0.122277  0.128919  0.118981  0.130726  0.133908  0.130615   0.12427  0.119332 0.0927587
 0.131377  0.138527  0.117829  0.138911  0.137423  0.129515  0.142531  0.137244   0.13858  0.133043  0.132796  0.131669  0.135294  0.118352  0.123312  0.133848  0.133522  0.138498  0.138917  0.135077    0.1259  0.139688  0.130688  0.126338  0.137136  0.127903  0.134983   0.12917  0.130337  0.133528  0.130285  0.138575  0.130645  0.127861  0.133105  0.138979  0.132466  0.125184  0.133354         0  0.137465  0.132379  0.138509  0.134997  0.133546  0.141769  0.141087  0.136123  0.123958  0.138514  0.119949  0.130322  0.139477  0.144649  0.129843   0.14115  0.136366  0.136168  0.131397  0.138832  0.134231  0.138444  0.129564  0.123468  0.129921  0.128677  0.128862  0.140221  0.131679  0.129763  0.136961  0.139801   0.11748  0.129735  0.129154  0.137314  0.139082  0.144714  0.134934  0.130582  0.136532  0.137254  0.138805  0.142103  0.131505  0.124454  0.130519   0.12662  0.126984  0.140267  0.139229  0.132086  0.137369  0.126845  0.137269  0.126199  0.122743  0.117048  0.134191  0.102898
