
Alignment summary:
Varecia_variegata_variegata: A=543 C=489 G=240 T=492 a=19 c=19 g=9 t=13
Varecia_variegata_rubra: A=550 C=491 G=231 T=492 a=17 c=14 g=11 t=18
Ursus_americanus: A=547 C=499 G=223 T=495 a=17 c=19 g=13 t=11
Rhinocerus: A=550 C=492 G=228 T=494 a=18 c=20 g=10 t=12
Propithecus_tattersalli: A=550 C=490 G=232 N=1 T=491 a=19 c=15 g=8 t=18
Pongo_pygmaeus: A=553 C=510 G=245 T=492 a=12 c=2 g=1 t=9
Physeter_macrocephalus: A=544 C=532 G=240 N=3 T=505
Pan_troglodytes: A=557 C=506 G=239 T=522
Mirza_coquereli: A=551 C=520 G=241 T=512
Microcebus_tavaratra_69: A=544 C=521 G=249 T=510
Microcebus_tavaratra_110: A=554 C=529 G=247 T=494
Microcebus_sambiranensis_80: A=535 C=539 G=254 T=496
Microcebus_sambiranensis_72: A=556 C=532 G=240 T=496
Microcebus_ravelobensis_68: A=544 C=526 G=244 T=510
Microcebus_ravelobensis_66: A=552 C=510 G=249 T=513
Microcebus_myoxinus_76: A=559 C=508 G=241 T=516
Microcebus_myoxinus_185: A=560 C=507 G=242 T=515
Microcebus_murinus_74: A=548 C=526 G=240 T=510
Microcebus_murinus_199: A=558 C=500 G=244 T=522
Microcebus_murinus_153: A=559 C=489 G=246 T=530
Microcebus_murinus_141: A=555 C=509 G=250 N=2 T=508
Microcebus_murinus_122: A=555 C=500 G=249 N=4 T=516
Microcebus_griseorufus_355: A=559 C=499 G=242 N=1 T=523
Microcebus_griseorufus_351: A=559 C=493 G=244 N=4 T=524
Microcebus_griseorufus_116: A=568 C=502 G=241 N=1 T=512
Microcebus_griseorufus_101: A=568 C=487 G=245 N=1 T=523
Microcebus_berthae_159: A=561 C=508 G=244 N=1 T=510
Microcebus_berthae_148: A=562 C=502 G=244 T=516
Microcebus__rufus_2.191: A=564 C=507 G=242 T=511
Microcebus__rufus_2.190: A=552 C=506 G=250 N=1 T=515
Microcebus__rufus_1.174: A=566 C=485 G=250 N=1 T=522
Microcebus__rufus_1.171: A=546 C=492 G=254 N=1 T=531
Microcebus__rufus_1.162: A=552 C=505 G=246 T=521
Microcebus__rufus_1.138: A=561 C=479 G=244 N=1 T=539
Macaca_mulatta: A=559 C=472 G=247 N=1 T=545
Loris_tardigradus: A=560 C=474 G=245 T=545
Lepilemur_ruficaudatus: A=568 C=466 G=246 T=544
Lemur_catta: A=558 C=462 G=243 T=561
Homo_sapiens: A=560 C=462 G=247 T=555
Hippopotamus_amphibius: A=563 C=474 G=238 T=549
Hapalemur_griseus: A=572 C=474 G=230 T=548
Gorilla_gorilla: A=563 C=471 G=242 T=548
Galago_demidoff: A=547 C=489 G=243 T=545
Felis_catus: A=553 C=500 G=251 T=520
Eulemur_rubriventer: A=547 C=496 G=248 T=533
Eulemur_mongoz: A=551 C=490 G=253 T=530
Eulemur_macaco_macaco: A=546 C=493 G=244 T=541
Eulemur_macaco_flavifrons: A=556 C=474 G=238 N=5 T=551
Eulemur_fulvus_rufus: A=554 C=485 G=236 T=549
Eulemur_fulvus_collaris: A=543 C=495 G=248 T=538
Eulemur_fulvus_albifrons: A=550 C=503 G=246 T=525
Equus_caballus: A=544 C=506 G=238 T=536
Didelphis_virginiana: A=545 C=507 G=245 T=527
Daubentonia: A=530 C=474 G=236 T=524 a=18 c=21 g=9 t=12
Cheirogaleus_major: A=535 C=480 G=234 T=515 a=17 c=13 g=4 t=26
Canis_familiaris: A=521 C=486 G=243 T=514 a=23 c=23 g=3 t=11
Callithrix_jacchus: A=537 C=496 G=233 T=498 a=15 c=19 g=9 t=17
Bos_taurus: A=554 C=485 G=233 T=492 a=23 c=14 g=4 t=19
Balaenoptera_physalus: A=542 C=501 G=226 T=495 a=23 c=12 g=9 t=16

Seed = 3357198389

Jukes-Cantor Distance Matrix:

        0  0.197706  0.217958   0.22237  0.274454  0.255541  0.277198  0.275063  0.281419  0.276647  0.252464  0.269545  0.265629   0.26876  0.261733  0.257084  0.282217  0.251697   0.26251   0.26251  0.273054  0.280571  0.265022  0.261642  0.272085  0.262683  0.276037  0.259405   0.25477  0.264242  0.257252  0.258026  0.257857   0.27051  0.265022  0.271118  0.265629  0.238018  0.235763  0.247109  0.232018  0.229781  0.233514  0.257084   0.25093  0.248635  0.251697  0.242578  0.247872  0.244067  0.238018  0.256312  0.245587  0.240281  0.218691  0.217958  0.205597  0.215031   0.18497
 0.197706         0  0.204156  0.247109  0.242707  0.248635  0.276404  0.279825  0.279825  0.286221  0.275855  0.273482  0.278234   0.26251   0.26876   0.26251  0.267193  0.246348  0.260956  0.263289  0.264416  0.267114  0.266586  0.255437  0.236666  0.257252  0.272085  0.254001   0.26876  0.271297  0.271297  0.265804  0.266411  0.267369  0.255708  0.261733  0.257084  0.244067  0.241036  0.243308  0.241793  0.247109  0.233514   0.25863   0.24255   0.26018   0.26018   0.25175  0.266411  0.269545  0.252464  0.252464  0.256312  0.261733  0.236514  0.254001  0.221632  0.216493  0.206318
 0.217958  0.204156         0  0.207763    0.2588  0.228293  0.246828  0.263289  0.263289  0.286221  0.247109  0.250164  0.259405  0.276647  0.263289  0.244826  0.243308  0.241793  0.275063  0.260956  0.261299  0.263201  0.261905  0.255437  0.255708  0.240436  0.275245   0.25093  0.244826  0.246508  0.243466  0.262683  0.248635  0.253397  0.259575  0.279029  0.271118  0.256312  0.252464  0.249399  0.247109  0.257084  0.256312   0.26251  0.255541   0.26251  0.261733  0.238789  0.252464  0.250164  0.245587  0.252464  0.265629  0.283016  0.254001  0.270331   0.24255  0.228293   0.22237
  0.22237  0.247109  0.207763         0  0.234414  0.240281  0.262249  0.246348  0.284617  0.287829  0.261733  0.265629  0.256312  0.265629  0.271905  0.260956  0.264068   0.24255   0.26018  0.271118  0.273845  0.269471   0.27683  0.271047  0.272085    0.2588  0.266586  0.257857   0.25863  0.251861  0.242707  0.255708  0.259405  0.251094   0.27051  0.266411  0.279029  0.261733  0.257857  0.249399  0.235763  0.261733  0.254001  0.259405  0.252464  0.241793  0.261733  0.232766  0.252464  0.249399  0.232766  0.255541  0.257857  0.271905  0.255541  0.266411  0.249399  0.235763  0.243308
 0.274454  0.242707    0.2588  0.234414         0  0.234414  0.268685  0.263462  0.268153  0.288828  0.284006  0.275245  0.266586  0.276037  0.264242  0.259575  0.272874  0.258026   0.25648  0.264242  0.281182  0.281558  0.276221  0.275977    0.2794  0.260521  0.258969  0.254167  0.262683  0.266762  0.262077  0.255875  0.250327  0.262855  0.271476  0.280808  0.267369  0.276037  0.288022  0.272874  0.267369  0.280808  0.285609  0.292059  0.283205  0.272874  0.287217  0.280146  0.289634  0.289634  0.271297  0.280011  0.277624  0.282405  0.272874  0.297749  0.279215  0.280808  0.279215
 0.255541  0.248635  0.228293  0.240281  0.234414         0  0.227988  0.235763  0.247872  0.271118  0.252464  0.264068   0.25863  0.270331  0.274272  0.253232  0.260956   0.25477  0.256312  0.259405  0.272265  0.268685  0.268938  0.264764  0.284807  0.262683  0.281606  0.269545  0.253232  0.261905  0.251861  0.268153  0.251697  0.248797  0.265804  0.271118   0.26876  0.264848  0.255541  0.271118  0.264068  0.251697  0.273482   0.29592  0.271118  0.281419   0.27744  0.269649  0.286221  0.283016  0.255541  0.265629  0.264848  0.266411  0.264848  0.275063  0.257084  0.257084  0.263289
 0.277198  0.276404  0.246828  0.262249  0.268685  0.227988         0  0.236972  0.263028  0.269293  0.253728  0.276404  0.278789  0.293263  0.289215  0.268507  0.278789  0.274026  0.274026  0.272445  0.300192  0.259821  0.284575  0.277937  0.280571  0.258533  0.270259  0.277198  0.266154  0.248518  0.256984  0.263982  0.263028  0.268685   0.26633  0.281182  0.280384  0.274818  0.283583  0.268507  0.289215  0.288407  0.272445   0.26147  0.287601  0.283583  0.274818  0.268608  0.282782  0.283583  0.265371  0.275611  0.279586  0.275611  0.265371   0.27008  0.283583  0.270867  0.251421
 0.275063  0.279825  0.263289  0.246348  0.263462  0.235763  0.236972         0  0.238018  0.256312  0.235763  0.269545  0.267976  0.269545   0.29592  0.264848  0.275855  0.272693  0.284617  0.302456  0.292255  0.285378  0.277624  0.291027  0.286413  0.281606  0.303482  0.286221  0.290247   0.27051  0.265804  0.272085  0.275063  0.264242  0.305952  0.299998   0.27744  0.279825   0.26251  0.279029   0.26251  0.272693  0.290247  0.274272  0.283816  0.285419  0.278234  0.275183  0.280621   0.26876  0.267976  0.284617  0.264068  0.283016  0.265629  0.291864  0.275063  0.275855   0.26876
 0.281419  0.279825  0.263289  0.284617  0.268153  0.247872  0.263028  0.238018         0  0.257084  0.257857   0.25477  0.252464  0.281419  0.275063  0.251697  0.278234  0.279029  0.265629  0.271118  0.282593  0.279772  0.280808  0.275794  0.285609  0.266586   0.27683  0.273482  0.281419   0.27051  0.266586  0.263462  0.269545  0.263462  0.284807  0.285419  0.273482  0.275855  0.275855   0.26251  0.261733  0.284617  0.283016  0.291864  0.252464  0.274272  0.283016  0.285569  0.279029  0.276647  0.263289  0.283816  0.267976  0.269545  0.270331  0.287025  0.294295  0.281419   0.26876
 0.276647  0.286221  0.286221  0.287829  0.288828  0.271118  0.269293  0.256312  0.257084         0  0.223107  0.247872  0.253232   0.25477  0.285419  0.265629  0.278234  0.275855  0.275063  0.267193  0.303687   0.28217  0.280011  0.272626  0.274454  0.266586  0.283205   0.26876  0.280621  0.279215  0.269723   0.25648   0.25093  0.265022  0.278419  0.287025  0.276647  0.284617  0.271905  0.299998  0.267193  0.298364  0.294295  0.287829  0.279825   0.27744  0.286221  0.284765  0.288634  0.291864  0.280621  0.282217  0.291864  0.285419  0.263289  0.309049  0.299998  0.297549   0.28944
 0.252464  0.275855  0.247109  0.261733  0.284006  0.252464  0.253728  0.235763  0.257857  0.223107         0  0.215031  0.228293  0.243308  0.259405  0.252464  0.241793  0.246348  0.256312  0.256312  0.263635  0.252354  0.259575  0.247753  0.254167  0.244225  0.261127  0.249399   0.26251  0.248033  0.246508  0.244225  0.236514  0.238172  0.277624  0.271905  0.279029  0.266411  0.271118  0.275063  0.272693   0.26251  0.270331   0.26876  0.267976  0.269545   0.25863  0.266506  0.282217  0.275855  0.264068  0.265629  0.275855  0.282217  0.257084  0.292673  0.264848  0.278234  0.261733
 0.269545  0.273482  0.250164  0.265629  0.275245  0.264068  0.276404  0.269545   0.25477  0.247872  0.215031         0  0.207763   0.22237  0.236514  0.234263  0.247109  0.226807  0.252464  0.236514  0.265979  0.254665  0.260351   0.24394  0.260351  0.245746  0.250327  0.246348  0.254001  0.241949  0.242707  0.233664  0.235012  0.235915  0.241192  0.267976  0.265629  0.279825  0.263289  0.279825  0.250164  0.287025  0.270331  0.291055  0.267193  0.283016  0.278234  0.244099   0.25093  0.272693  0.263289  0.257857  0.256312  0.280621  0.282217  0.284617   0.26876  0.264068  0.266411
 0.265629  0.278234  0.259405  0.256312  0.266586   0.25863  0.278789  0.267976  0.252464  0.253232  0.228293  0.207763         0  0.191311  0.204156  0.215031  0.230526  0.239526  0.231272  0.237266  0.246668  0.250817  0.248033  0.234116  0.248033  0.236666  0.244985  0.238018  0.239526  0.236666   0.22325  0.225469  0.238018  0.235164  0.251094  0.252464  0.267976  0.271118  0.283816  0.273482  0.266411  0.271118   0.30657  0.284617  0.272693  0.279825  0.282217   0.26729  0.247109  0.271118   0.25863  0.271905   0.26876  0.285419  0.269545  0.291864  0.275063  0.271118   0.26018
  0.26876   0.26251  0.276647  0.265629  0.276037  0.270331  0.293263  0.269545  0.281419   0.25477  0.243308   0.22237  0.191311         0  0.169691  0.215031  0.219425   0.19842  0.224585  0.233514   0.23908  0.233366  0.236666  0.215578  0.233664  0.234414  0.242707  0.232018   0.24255  0.243466  0.237419  0.218097  0.226807  0.232168  0.251094  0.251697  0.249399  0.265629  0.280621   0.27744  0.261733  0.284617  0.279825  0.297549   0.26876  0.285419  0.292673  0.264939  0.273482  0.272693  0.263289  0.270331  0.269545  0.269545  0.274272  0.283016  0.275855  0.271118  0.257857
 0.261733   0.26876  0.263289  0.271905  0.264242  0.274272  0.289215   0.29592  0.275063  0.285419  0.259405  0.236514  0.204156  0.169691         0  0.176597  0.204876  0.194146  0.207763  0.219425  0.246668  0.244701  0.237419  0.233366   0.24727  0.241192  0.251094  0.234263  0.238772  0.246508  0.229183  0.234414  0.238018  0.236666  0.265022  0.255541  0.259405  0.271905  0.290247  0.295107  0.291055  0.288634  0.308222  0.308222  0.298364  0.290247   0.29592  0.277567  0.271118  0.283816  0.248635  0.276647  0.272693  0.281419  0.260956  0.290247  0.275063  0.272693  0.270331
 0.257084   0.26251  0.244826  0.260956  0.259575  0.253232  0.268507  0.264848  0.251697  0.265629  0.252464  0.234263  0.215031  0.215031  0.176597         0  0.162167  0.185672   0.18497  0.193436  0.224132  0.216311  0.218831  0.216311  0.226953  0.221037  0.232915  0.217958  0.219425  0.213707  0.210795  0.215899  0.215762  0.205727  0.240436  0.247109  0.244826  0.241036  0.260956  0.265629  0.257857  0.283016  0.279825   0.28944  0.273482  0.287025  0.282217  0.252519  0.251697  0.263289  0.234263  0.238772  0.252464  0.271118   0.25477  0.265629  0.267976  0.256312  0.267193
 0.282217  0.267193  0.243308  0.264068  0.272874  0.260956  0.278789  0.275855  0.278234  0.278234  0.241793  0.247109  0.230526  0.219425  0.204876  0.162167         0  0.158095  0.186374   0.19985  0.224873  0.220723  0.222512  0.218514  0.235164  0.232168  0.242707  0.223846  0.223107  0.222512  0.214437   0.22325  0.215031  0.205727  0.240436  0.244826  0.249399  0.245587  0.267193  0.264068   0.25477   0.27744  0.285419  0.275855  0.276647  0.280621  0.291864  0.261035  0.271118  0.252464  0.236514  0.260956  0.235763  0.265629  0.279825  0.294295  0.272693  0.260956   0.26876
 0.251697  0.246348  0.241793   0.24255  0.258026   0.25477  0.274026  0.272693  0.279029  0.275855  0.246348  0.226807  0.239526   0.19842  0.194146  0.185672  0.158095         0  0.156067  0.187077  0.200818  0.217045  0.209344   0.20684  0.216631  0.210069  0.222512  0.194857  0.192019  0.202127  0.194979   0.19783   0.19842  0.190015  0.215899  0.219425  0.225325  0.229781  0.238018  0.229036  0.232018  0.261733   0.26876  0.281419  0.265629  0.275063  0.271118   0.25948   0.25863   0.25477   0.22237  0.240281   0.26251  0.248635  0.254001  0.267193  0.259405   0.24255  0.247109
  0.26251  0.260956  0.275063   0.26018   0.25648  0.256312  0.274026  0.284617  0.265629  0.275063  0.256312  0.252464  0.231272  0.224585  0.207763   0.18497  0.186374  0.156067         0  0.166947  0.192259  0.205394  0.203565  0.196059  0.211522  0.193557  0.206449  0.212115  0.200566  0.192139  0.192848  0.199975  0.199134  0.182981  0.206449  0.211388  0.223846  0.232018  0.241036  0.244067  0.230526  0.244067  0.261733  0.287829  0.266411   0.25863  0.271905  0.256378  0.271118  0.240281  0.233514  0.250164  0.259405  0.264068  0.263289  0.279029  0.261733  0.257857  0.269545
  0.26251  0.263289  0.260956  0.271118  0.264242  0.259405  0.272445  0.302456  0.271118  0.267193  0.256312  0.236514  0.237266  0.233514  0.219425  0.193436   0.19985  0.187077  0.166947         0  0.174042  0.187544  0.193557  0.188957  0.215168  0.184383  0.199975   0.19842  0.202718  0.196403  0.187194  0.200692  0.192727  0.187898  0.207895  0.215762  0.221632  0.224585  0.237266  0.238018  0.232766   0.25863  0.263289  0.279029  0.265629  0.281419  0.283816  0.257927  0.251697  0.267976  0.241036  0.254001  0.252464  0.279029  0.263289  0.247872  0.275063  0.264848  0.265629
 0.273054  0.264416  0.261299  0.273845  0.281182  0.272265  0.300192  0.292255  0.282593  0.303687  0.263635  0.265979  0.246668   0.23908  0.246668  0.224132  0.224873  0.200818  0.192259  0.174042         0  0.159356  0.176926  0.192741  0.188839  0.190253  0.210336  0.192259  0.192968    0.1938  0.186019  0.184613    0.1852  0.189546  0.203822  0.212385  0.211656  0.210202  0.224132  0.233065  0.228586  0.255875  0.263635  0.276221  0.262077  0.280995  0.297133  0.272377  0.277809   0.26833  0.262855  0.261299  0.263635   0.26833  0.265197  0.284195  0.266762  0.257421  0.273054
 0.280571  0.267114  0.263201  0.269471  0.281558  0.268685  0.259821  0.285378  0.279772   0.28217  0.252354  0.254665  0.250817  0.233366  0.244701  0.216311  0.220723  0.217045  0.205394  0.187544  0.159356         0  0.164032  0.184485  0.187662  0.171596  0.196897  0.193921  0.186135  0.190491  0.184843  0.181334   0.17011  0.182034  0.203358  0.216311  0.222199  0.217779  0.225903  0.222939  0.222939  0.258533  0.265546  0.271836   0.25621  0.263201  0.279772  0.266425  0.262421  0.267899  0.254665  0.261642  0.263201     0.275  0.271836  0.274208  0.276588  0.258533  0.256984
 0.265022  0.266586  0.261905   0.27683  0.276221  0.268938  0.284575  0.277624  0.280808  0.280011  0.259575  0.260351  0.248033  0.236666  0.237419  0.218831  0.222512  0.209344  0.203565  0.193557  0.176926  0.164032         0    0.1579  0.180298  0.160324  0.170589  0.188603  0.183682  0.176816  0.177511  0.190134  0.184383   0.19155  0.219705   0.21225  0.210069  0.213707   0.22325  0.226953  0.217363  0.242707  0.240436  0.254937  0.238172  0.261127   0.27051  0.260428  0.275245  0.265022   0.25648  0.255708  0.284006  0.268938   0.27051  0.280808  0.274454  0.263462  0.253397
 0.261642  0.255437  0.255437  0.271047  0.275977  0.264764  0.277937  0.291027  0.275794  0.272626  0.247753   0.24394  0.234116  0.215578  0.233366  0.216311  0.218514   0.20684  0.196059  0.188957  0.192741  0.184485    0.1579         0  0.154515  0.157222  0.172287  0.180522  0.184728  0.185546  0.181334  0.199044  0.198203  0.193331   0.21206  0.214846   0.21925  0.221461  0.222199  0.220723   0.20395  0.237879  0.246225   0.26633  0.246225  0.265546  0.273416  0.261724   0.28217  0.278975  0.247753  0.265546   0.28217   0.28217   0.28137  0.286183  0.263982  0.275794  0.261642
 0.272085  0.236666  0.255708  0.272085    0.2794  0.284807  0.280571  0.286413  0.285609  0.274454  0.254167  0.260351  0.248033  0.233664   0.24727  0.226953  0.235164  0.216631  0.211522  0.215168  0.188839  0.187662  0.180298  0.154515         0  0.143523  0.161004  0.167735  0.178792  0.188016  0.167838  0.182395  0.182282  0.183095  0.205857  0.204285  0.217363  0.203565  0.217363  0.215168  0.196403  0.230674  0.241192  0.255708  0.237419  0.252629  0.255708  0.253455   0.27051  0.264242  0.259575    0.2588  0.279215  0.279215  0.283205  0.282405  0.265022  0.255708  0.257252
 0.262683  0.257252  0.240436    0.2588  0.260521  0.262683  0.258533  0.281606  0.266586  0.266586  0.244225  0.245746  0.236666  0.234414  0.241192  0.221037  0.232168  0.210069  0.193557  0.184383  0.190253  0.171596  0.160324  0.157222  0.143523         0   0.12839  0.158869  0.152792  0.158966  0.150869  0.161004  0.162948  0.155582  0.174735  0.182282  0.187898  0.187898  0.194268  0.194979  0.185085  0.221774  0.222512  0.238172  0.221037  0.244225  0.251094    0.2397  0.254937  0.249562   0.24727  0.249562  0.268938  0.262683  0.258026  0.280011  0.261905  0.262683  0.244985
 0.276037  0.272085  0.275245  0.266586  0.258969  0.281606  0.270259  0.303482   0.27683  0.283205  0.261127  0.250327  0.244985  0.242707  0.251094  0.232915  0.242707  0.222512  0.206449  0.199975  0.210336  0.196897  0.170589  0.172287  0.161004   0.12839         0  0.130922  0.147431   0.15154  0.147521  0.163048  0.167735  0.170589  0.186606  0.193557   0.19783  0.207171  0.217363  0.220301  0.204285  0.235915  0.234414  0.248797  0.236666  0.249562  0.261905  0.245782  0.267369  0.265804  0.271297  0.279215  0.295305  0.283205  0.281606  0.294492  0.285609  0.282405  0.283205
 0.259405  0.254001   0.25093  0.257857  0.254167  0.269545  0.277198  0.286221  0.273482   0.26876  0.249399  0.246348  0.238018  0.232018  0.234263  0.217958  0.223846  0.194857  0.212115   0.19842  0.192259  0.193921  0.188603  0.180522  0.167735  0.158869  0.130922         0 0.0995222  0.140122  0.144765  0.147431  0.151356  0.156162  0.168421  0.185672  0.195568  0.200566  0.205597  0.207763   0.19628   0.22755  0.229036  0.237266  0.217958  0.244067  0.254001  0.232766   0.25093  0.254001  0.260956  0.272693  0.280621  0.278234  0.265629  0.284617  0.265629   0.26876   0.26876
  0.25477   0.26876  0.244826   0.25863  0.262683  0.253232  0.266154  0.290247  0.281419  0.280621   0.26251  0.254001  0.239526   0.24255  0.238772  0.219425  0.223107  0.192019  0.200566  0.202718  0.192968  0.186135  0.183682  0.184728  0.178792  0.152792  0.147431 0.0995222         0 0.0983288  0.119899  0.134851  0.152027  0.164313  0.178097  0.189897  0.195568  0.206318  0.208487  0.208487  0.201282  0.232018  0.229781  0.245587  0.231272   0.25477  0.267976   0.25175  0.265629  0.264068  0.259405  0.273482  0.279825  0.279029  0.287025  0.296734  0.279029  0.256312  0.273482
 0.264242  0.271297  0.246508  0.251861  0.266762  0.261905  0.248518   0.27051   0.27051  0.279215  0.248033  0.241949  0.236666  0.243466  0.246508  0.213707  0.222512  0.202127  0.192139  0.196403    0.1938  0.190491  0.176816  0.185546  0.188016  0.158966   0.15154  0.140122 0.0983288         0 0.0829028  0.123198  0.140122  0.144853  0.171968  0.188603  0.189309  0.197116  0.205727  0.208619  0.190015  0.221774  0.230674   0.24727  0.226953  0.237419   0.24727  0.230669  0.248033  0.249562  0.244225  0.262683  0.266586  0.269723  0.282405  0.301839  0.271297  0.262683  0.271297
 0.257252  0.271297  0.243466  0.242707  0.262077  0.251861  0.256984  0.265804  0.266586  0.269723  0.246508  0.242707   0.22325  0.237419  0.229183  0.210795  0.214437  0.194979  0.192848  0.187194  0.186019  0.184843  0.177511  0.181334  0.167838  0.150869  0.147521  0.144765  0.119899 0.0829028         0 0.0884402  0.127013   0.12839  0.148189  0.164996  0.173243  0.170484  0.196403  0.202845  0.183682  0.208619  0.218831  0.229928  0.206449  0.221037  0.232915  0.207828  0.221037  0.228439  0.216631  0.233664  0.244225  0.257252  0.265022  0.288022  0.274454   0.25648  0.267369
 0.258026  0.265804  0.262683  0.255708  0.255875  0.268153  0.263982  0.272085  0.263462   0.25648  0.244225  0.233664  0.225469  0.218097  0.234414  0.215899   0.22325   0.19783  0.199975  0.200692  0.184613  0.181334  0.190134  0.199044  0.182395  0.161004  0.163048  0.147431  0.134851  0.123198 0.0884402         0 0.0908614  0.114836  0.134275  0.157514  0.160906  0.170484  0.195691  0.200692  0.194979  0.217363  0.210069  0.222512  0.209344  0.218831  0.229928   0.21279  0.219565  0.232915  0.225469  0.241192  0.238172   0.24727  0.261127  0.278419  0.276037  0.272085  0.275245
 0.257857  0.266411  0.248635  0.259405  0.250327  0.251697  0.263028  0.275063  0.269545   0.25093  0.236514  0.235012  0.238018  0.226807  0.238018  0.215762  0.215031   0.19842  0.199134  0.192727    0.1852   0.17011  0.184383  0.198203  0.182282  0.162948  0.167735  0.151356  0.152027  0.140122  0.127013 0.0908614         0 0.0749327  0.119256  0.140038  0.143349  0.150016  0.173827  0.182868  0.188486  0.215762  0.204876  0.214301  0.197706  0.218691  0.235763  0.222342  0.223846  0.210662  0.207041  0.225325  0.226066  0.223846  0.246348  0.267193  0.260956  0.271118  0.267193
  0.27051  0.267369  0.253397  0.251094  0.262855  0.248797  0.268685  0.264242  0.263462  0.265022  0.238172  0.235915  0.235164  0.232168  0.236666  0.205727  0.205727  0.190015  0.182981  0.187898  0.189546  0.182034   0.19155  0.193331  0.183095  0.155582  0.170589  0.156162  0.164313  0.144853   0.12839  0.114836 0.0749327         0 0.0933968  0.116047  0.121833  0.134195  0.162267  0.166364  0.169108  0.205005   0.21225  0.219565  0.210795  0.227695   0.22325  0.206378  0.215899  0.202845  0.199259  0.213707  0.220301  0.218831  0.241192  0.265804  0.254167  0.260351  0.261905
 0.265022  0.255708  0.259575   0.27051  0.271476  0.265804   0.26633  0.305952  0.284807  0.278419  0.277624  0.241192  0.251094  0.251094  0.265022  0.240436  0.240436  0.215899  0.206449  0.207895  0.203822  0.203358  0.219705   0.21206  0.205857  0.174735  0.186606  0.168421  0.178097  0.171968  0.148189  0.134275  0.119256 0.0933968         0 0.0914809  0.115407  0.137482  0.161586  0.162267  0.164996  0.190723  0.210795  0.222512  0.214437  0.225469   0.23142  0.216587  0.221037  0.211522  0.214437  0.214437  0.220301  0.237419  0.235164   0.25648   0.25648   0.25648  0.265804
 0.271118  0.261733  0.279029  0.266411  0.280808  0.271118  0.281182  0.299998  0.285419  0.287025  0.271905  0.267976  0.252464  0.251697  0.255541  0.247109  0.244826  0.219425  0.211388  0.215762  0.212385  0.216311   0.21225  0.214846  0.204285  0.182282  0.193557  0.185672  0.189897  0.188603  0.164996  0.157514  0.140038  0.116047 0.0914809         0 0.0926672  0.115979  0.141361  0.140038  0.158772  0.185672  0.189897  0.225325  0.218691  0.219425  0.221632  0.208422  0.219425  0.203436  0.206318  0.202718  0.204876  0.221632  0.225325  0.244826  0.248635  0.244826  0.264068
 0.265629  0.257084  0.271118  0.279029  0.267369   0.26876  0.280384   0.27744  0.273482  0.276647  0.279029  0.265629  0.267976  0.249399  0.259405  0.244826  0.249399  0.225325  0.223846  0.221632  0.211656  0.222199  0.210069   0.21925  0.217363  0.187898   0.19783  0.195568  0.195568  0.189309  0.173243  0.160906  0.143349  0.121833  0.115407 0.0926672         0 0.0864892  0.128888  0.136741  0.136084  0.180772  0.192019  0.200566  0.207041  0.217225  0.230526  0.206971  0.221632  0.207041  0.212115  0.210662  0.218691  0.210662  0.217225  0.243308  0.244067  0.245587  0.247872
 0.238018  0.244067  0.256312  0.261733  0.276037  0.264848  0.274818  0.279825  0.275855  0.284617  0.266411  0.279825  0.271118  0.265629  0.271905  0.241036  0.245587  0.229781  0.232018  0.224585  0.210202  0.217779  0.213707  0.221461  0.203565  0.187898  0.207171  0.200566  0.206318  0.197116  0.170484  0.170484  0.150016  0.134195  0.137482  0.115979 0.0864892         0 0.0858742  0.112149  0.128888  0.149347  0.171757  0.204876  0.178682   0.19985  0.209936  0.189783  0.192727  0.192019   0.19842  0.202718  0.212115  0.216493  0.202718  0.235012  0.236514  0.238018   0.22755
 0.235763  0.241036  0.252464  0.257857  0.288022  0.255541  0.283583   0.26251  0.275855  0.271905  0.271118  0.263289  0.283816  0.280621  0.290247  0.260956  0.267193  0.238018  0.241036  0.237266  0.224132  0.225903   0.22325  0.222199  0.217363  0.194268  0.217363  0.205597  0.208487  0.205727  0.196403  0.195691  0.173827  0.162267  0.161586  0.141361  0.128888 0.0858742         0 0.0834192  0.123051  0.131496  0.154718  0.199134  0.194857   0.18147  0.201282    0.1912     0.202  0.186374  0.192727  0.200566  0.209936  0.208487     0.202  0.224585  0.217958  0.232766  0.231272
 0.247109  0.243308  0.249399  0.249399  0.272874  0.271118  0.268507  0.279029   0.26251  0.299998  0.275063  0.279825  0.273482   0.27744  0.295107  0.265629  0.264068  0.229036  0.244067  0.238018  0.233065  0.222939  0.226953  0.220723  0.215168  0.194979  0.220301  0.207763  0.208487  0.208619  0.202845  0.200692  0.182868  0.166364  0.162267  0.140038  0.136741  0.112149 0.0834192         0 0.0995222  0.142686  0.138058  0.171757  0.177292  0.191311  0.187781  0.187662  0.208487   0.19985  0.194146  0.200566  0.215762   0.22237   0.22016  0.225325   0.22016  0.218691  0.229036
 0.232018  0.241793  0.247109  0.235763  0.267369  0.264068  0.289215   0.26251  0.261733  0.267193  0.272693  0.250164  0.266411  0.261733  0.291055  0.257857   0.25477  0.232018  0.230526  0.232766  0.228586  0.222939  0.217363   0.20395  0.196403  0.185085  0.204285   0.19628  0.201282  0.190015  0.183682  0.194979  0.188486  0.169108  0.164996  0.158772  0.136084  0.128888  0.123051 0.0995222         0 0.0995222  0.136084   0.14801  0.146009  0.166262  0.178682  0.170905     0.202  0.201282   0.19985  0.209936  0.215762  0.221632  0.217958  0.233514  0.223846  0.212115  0.228293
 0.229781  0.247109  0.257084  0.261733  0.280808  0.251697  0.288407  0.272693  0.284617  0.298364   0.26251  0.287025  0.271118  0.284617  0.288634  0.283016   0.27744  0.261733  0.244067   0.25863  0.255875  0.258533  0.242707  0.237879  0.230674  0.221774  0.235915   0.22755  0.232018  0.221774  0.208619  0.217363  0.215762  0.205005  0.190723  0.185672  0.180772  0.149347  0.131496  0.142686 0.0995222         0  0.124344  0.171757  0.149347  0.155392  0.182868  0.185546  0.187781   0.19842  0.194857  0.207763  0.211388  0.212843  0.217225  0.241036  0.226066  0.224585  0.225325
 0.233514  0.233514  0.256312  0.254001  0.285609  0.273482  0.272445  0.290247  0.283016  0.294295  0.270331  0.270331   0.30657  0.279825  0.308222  0.279825  0.285419   0.26876  0.261733  0.263289  0.263635  0.265546  0.240436  0.246225  0.241192  0.222512  0.234414  0.229036  0.229781  0.230674  0.218831  0.210069  0.204876   0.21225  0.210795  0.189897  0.192019  0.171757  0.154718  0.138058  0.136084  0.124344         0   0.13477  0.148678  0.171067  0.175211   0.19262  0.217225  0.206318  0.217958  0.224585  0.225325  0.233514  0.229036  0.238772  0.229036  0.223846  0.235763
 0.257084   0.25863   0.26251  0.259405  0.292059   0.29592   0.26147  0.274272  0.291864  0.287829   0.26876  0.291055  0.284617  0.297549  0.308222   0.28944  0.275855  0.281419  0.287829  0.279029  0.276221  0.271836  0.254937   0.26633  0.255708  0.238172  0.248797  0.237266  0.245587   0.24727  0.229928  0.222512  0.214301  0.219565  0.222512  0.225325  0.200566  0.204876  0.199134  0.171757   0.14801  0.171757   0.13477         0  0.128888  0.166262  0.160128  0.175059  0.209936  0.204876  0.197706  0.231272  0.232018  0.244826  0.237266  0.244826  0.248635  0.235012  0.235012
  0.25093   0.24255  0.255541  0.252464  0.283205  0.271118  0.287601  0.283816  0.252464  0.279825  0.267976  0.267193  0.272693   0.26876  0.298364  0.273482  0.276647  0.265629  0.266411  0.265629  0.262077   0.25621  0.238172  0.246225  0.237419  0.221037  0.236666  0.217958  0.231272  0.226953  0.206449  0.209344  0.197706  0.210795  0.214437  0.218691  0.207041  0.178682  0.194857  0.177292  0.146009  0.149347  0.148678  0.128888         0  0.130191  0.142686  0.153839  0.179378  0.192019  0.197706  0.207763  0.225325  0.238018  0.232766  0.255541  0.246348  0.252464  0.235763
 0.248635   0.26018   0.26251  0.241793  0.272874  0.281419  0.283583  0.285419  0.274272   0.27744  0.269545  0.283016  0.279825  0.285419  0.290247  0.287025  0.280621  0.275063   0.25863  0.281419  0.280995  0.263201  0.261127  0.265546  0.252629  0.244225  0.249562  0.244067   0.25477  0.237419  0.221037  0.218831  0.218691  0.227695  0.225469  0.219425  0.217225   0.19985   0.18147  0.191311  0.166262  0.155392  0.171067  0.166262  0.130191         0   0.13215   0.14445   0.15945   0.16353  0.187077  0.217225  0.209211  0.233514  0.235763  0.253232  0.252464  0.253232  0.244826
 0.251697   0.26018  0.261733  0.261733  0.287217   0.27744  0.274818  0.278234  0.283016  0.286221   0.25863  0.278234  0.282217  0.292673   0.29592  0.282217  0.291864  0.271118  0.271905  0.283816  0.297133  0.279772   0.27051  0.273416  0.255708  0.251094  0.261905  0.254001  0.267976   0.24727  0.232915  0.229928  0.235763   0.22325   0.23142  0.221632  0.230526  0.209936  0.201282  0.187781  0.178682  0.182868  0.175211  0.160128  0.142686   0.13215         0  0.116966  0.154045  0.155392  0.173136  0.207041  0.213572  0.220896  0.223846   0.24255  0.247109  0.254001   0.25093
 0.242578   0.25175  0.238789  0.232766  0.280146  0.269649  0.268608  0.275183  0.285569  0.284765  0.266506  0.244099   0.26729  0.264939  0.277567  0.252519  0.261035   0.25948  0.256378  0.257927  0.272377  0.266425  0.260428  0.261724  0.253455    0.2397  0.245782  0.232766   0.25175  0.230669  0.207828   0.21279  0.222342  0.206378  0.216587  0.208422  0.206971  0.189783    0.1912  0.187662  0.170905  0.185546   0.19262  0.175059  0.153839   0.14445  0.116966         0  0.127969  0.150472  0.151817  0.176449  0.196182  0.222342  0.210603  0.217183  0.221602  0.229773  0.246386
 0.247872  0.266411  0.252464  0.252464  0.289634  0.286221  0.282782  0.280621  0.279029  0.288634  0.282217   0.25093  0.247109  0.273482  0.271118  0.251697  0.271118   0.25863  0.271118  0.251697  0.277809  0.262421  0.275245   0.28217   0.27051  0.254937  0.267369   0.25093  0.265629  0.248033  0.221037  0.219565  0.223846  0.215899  0.221037  0.219425  0.221632  0.192727     0.202  0.208487     0.202  0.187781  0.217225  0.209936  0.179378   0.15945  0.154045  0.127969         0  0.131496  0.154045  0.167632  0.173827  0.218691  0.220896  0.217225  0.229781   0.24255  0.244826
 0.244067  0.269545  0.250164  0.249399  0.289634  0.283016  0.283583   0.26876  0.276647  0.291864  0.275855  0.272693  0.271118  0.272693  0.283816  0.263289  0.252464   0.25477  0.240281  0.267976   0.26833  0.267899  0.265022  0.278975  0.264242  0.249562  0.265804  0.254001  0.264068  0.249562  0.228439  0.232915  0.210662  0.202845  0.211522  0.203436  0.207041  0.192019  0.186374   0.19985  0.201282   0.19842  0.206318  0.204876  0.192019   0.16353  0.155392  0.150472  0.131496         0   0.12564  0.149347  0.154718  0.189897  0.199134  0.212843   0.22016  0.236514  0.241793
 0.238018  0.252464  0.245587  0.232766  0.271297  0.255541  0.265371  0.267976  0.263289  0.280621  0.264068  0.263289   0.25863  0.263289  0.248635  0.234263  0.236514   0.22237  0.233514  0.241036  0.262855  0.254665   0.25648  0.247753  0.259575   0.24727  0.271297  0.260956  0.259405  0.244225  0.216631  0.225469  0.207041  0.199259  0.214437  0.206318  0.212115   0.19842  0.192727  0.194146   0.19985  0.194857  0.217958  0.197706  0.197706  0.187077  0.173136  0.151817  0.154045   0.12564         0  0.124344  0.146009  0.167632  0.171757   0.19842  0.202718  0.215762  0.220896
 0.256312  0.252464  0.252464  0.255541  0.280011  0.265629  0.275611  0.284617  0.283816  0.282217  0.265629  0.257857  0.271905  0.270331  0.276647  0.238772  0.260956  0.240281  0.250164  0.254001  0.261299  0.261642  0.255708  0.265546    0.2588  0.249562  0.279215  0.272693  0.273482  0.262683  0.233664  0.241192  0.225325  0.213707  0.214437  0.202718  0.210662  0.202718  0.200566  0.200566  0.209936  0.207763  0.224585  0.231272  0.207763  0.217225  0.207041  0.176449  0.167632  0.149347  0.124344         0  0.130191  0.164895  0.176597  0.192019  0.210662  0.223107  0.224585
 0.245587  0.256312  0.265629  0.257857  0.277624  0.264848  0.279586  0.264068  0.267976  0.291864  0.275855  0.256312   0.26876  0.269545  0.272693  0.252464  0.235763   0.26251  0.259405  0.252464  0.263635  0.263201  0.284006   0.28217  0.279215  0.268938  0.295305  0.280621  0.279825  0.266586  0.244225  0.238172  0.226066  0.220301  0.220301  0.204876  0.218691  0.212115  0.209936  0.215762  0.215762  0.211388  0.225325  0.232018  0.225325  0.209211  0.213572  0.196182  0.173827  0.154718  0.146009  0.130191         0  0.151356  0.169691  0.196993  0.212843  0.212115  0.231272
 0.240281  0.261733  0.283016  0.271905  0.282405  0.266411  0.275611  0.283016  0.269545  0.285419  0.282217  0.280621  0.285419  0.269545  0.281419  0.271118  0.265629  0.248635  0.264068  0.279029   0.26833     0.275  0.268938   0.28217  0.279215  0.262683  0.283205  0.278234  0.279029  0.269723  0.257252   0.24727  0.223846  0.218831  0.237419  0.221632  0.210662  0.216493  0.208487   0.22237  0.221632  0.212843  0.233514  0.244826  0.238018  0.233514  0.220896  0.222342  0.218691  0.189897  0.167632  0.164895  0.151356         0  0.152027  0.194857   0.19985  0.214301  0.226066
 0.218691  0.236514  0.254001  0.255541  0.272874  0.264848  0.265371  0.265629  0.270331  0.263289  0.257084  0.282217  0.269545  0.274272  0.260956   0.25477  0.279825  0.254001  0.263289  0.263289  0.265197  0.271836   0.27051   0.28137  0.283205  0.258026  0.281606  0.265629  0.287025  0.282405  0.265022  0.261127  0.246348  0.241192  0.235164  0.225325  0.217225  0.202718     0.202   0.22016  0.217958  0.217225  0.229036  0.237266  0.232766  0.235763  0.223846  0.210603  0.220896  0.199134  0.171757  0.176597  0.169691  0.152027         0   0.15945  0.177986  0.193436  0.197706
 0.217958  0.254001  0.270331  0.266411  0.297749  0.275063   0.27008  0.291864  0.287025  0.309049  0.292673  0.284617  0.291864  0.283016  0.290247  0.265629  0.294295  0.267193  0.279029  0.247872  0.284195  0.274208  0.280808  0.286183  0.282405  0.280011  0.294492  0.284617  0.296734  0.301839  0.288022  0.278419  0.267193  0.265804   0.25648  0.244826  0.243308  0.235012  0.224585  0.225325  0.233514  0.241036  0.238772  0.244826  0.255541  0.253232   0.24255  0.217183  0.217225  0.212843   0.19842  0.192019  0.196993  0.194857   0.15945         0  0.162167  0.199134  0.194146
 0.205597  0.221632   0.24255  0.249399  0.279215  0.257084  0.283583  0.275063  0.294295  0.299998  0.264848   0.26876  0.275063  0.275855  0.275063  0.267976  0.272693  0.259405  0.261733  0.275063  0.266762  0.276588  0.274454  0.263982  0.265022  0.261905  0.285609  0.265629  0.279029  0.271297  0.274454  0.276037  0.260956  0.254167   0.25648  0.248635  0.244067  0.236514  0.217958   0.22016  0.223846  0.226066  0.229036  0.248635  0.246348  0.252464  0.247109  0.221602  0.229781   0.22016  0.202718  0.210662  0.212843   0.19985  0.177986  0.162167         0  0.173136  0.184268
 0.215031  0.216493  0.228293  0.235763  0.280808  0.257084  0.270867  0.275855  0.281419  0.297549  0.278234  0.264068  0.271118  0.271118  0.272693  0.256312  0.260956   0.24255  0.257857  0.264848  0.257421  0.258533  0.263462  0.275794  0.255708  0.262683  0.282405   0.26876  0.256312  0.262683   0.25648  0.272085  0.271118  0.260351   0.25648  0.244826  0.245587  0.238018  0.232766  0.218691  0.212115  0.224585  0.223846  0.235012  0.252464  0.253232  0.254001  0.229773   0.24255  0.236514  0.215762  0.223107  0.212115  0.214301  0.193436  0.199134  0.173136         0   0.16353
  0.18497  0.206318   0.22237  0.243308  0.279215  0.263289  0.251421   0.26876   0.26876   0.28944  0.261733  0.266411   0.26018  0.257857  0.270331  0.267193   0.26876  0.247109  0.269545  0.265629  0.273054  0.256984  0.253397  0.261642  0.257252  0.244985  0.283205   0.26876  0.273482  0.271297  0.267369  0.275245  0.267193  0.261905  0.265804  0.264068  0.247872   0.22755  0.231272  0.229036  0.228293  0.225325  0.235763  0.235012  0.235763  0.244826   0.25093  0.246386  0.244826  0.241793  0.220896  0.224585  0.231272  0.226066  0.197706  0.194146  0.184268   0.16353         0


JC Tree topology:
(1,2,((((3,4),(((5,6),(7,(8,9))),((10,11),((12,(13,(14,15))),(((16,(17,18)),(19,20)),(((21,22),((23,24),(25,(26,27)))),(((28,29),(30,31)),(32,(33,34))))))))),((((35,36),((37,38),(39,40))),((41,42),(43,(44,45)))),(((46,(47,48)),(49,50)),(51,(52,53))))),(((54,55),(56,57)),(58,59))));

Putting MLE Branch Lengths
p: 0.305062 0.274157 0.133686 0.287095
s:  0.198799  0.153766  0.152586 0.0303563  0.440365 0.0241285
Q: 
-0.827947  0.325834  0.252024  0.250089
 0.362564  -1.22105  0.055363  0.803125
 0.575101  0.113536  -0.77888 0.0902433
  0.26574  0.766932 0.0420218  -1.07469

((8:0.1155604,9:0.1345608):0.0328004,7:0.1372589,((((((((49:0.0701695,50:0.0639153):0.0168305,((47:0.0622618,48:0.0587456):0.0147517,46:0.0857615):0.0323402):0.0190955,((52:0.0576521,53:0.0756759):0.0291763,51:0.0537015):0.0294558):0.0260871,(((35:0.0585734,36:0.0368537):0.0389454,((37:0.0521147,38:0.0369104):0.0148314,(39:0.0392882,40:0.0467588):0.0316514):0.0114450):0.0324899,((42:0.0594937,41:0.0447333):0.0188931,((44:0.0687266,45:0.0634229):0.0306056,43:0.0667789):0.0233878):0.0269807):0.0302491):0.0452955,((((56:0.0880640,57:0.0801259):0.0249965,(54:0.0950376,55:0.0638568):0.0328551):0.0258435,(58:0.0851412,59:0.0884018):0.0241094):0.0261838,(1:0.0994263,2:0.1053228):0.0346558):0.0250839):0.0285432,(4:0.1093534,3:0.1062092):0.0302309):0.0251704,((10:0.1335645,11:0.1014122):0.0440952,(((13:0.1017204,(14:0.0815979,15:0.0942506):0.0382309):0.0277313,12:0.1299099):0.0197184,((((17:0.0898382,18:0.0734889):0.0339597,16:0.0900859):0.0220649,(19:0.0876684,20:0.0854322):0.0208686):0.0213718,(((32:0.0394737,(34:0.0497885,33:0.0272185):0.0362532):0.0290568,((30:0.0452359,31:0.0395912):0.0194733,(28:0.0617103,29:0.0387158):0.0401111):0.0121752):0.0376785,((21:0.0872679,22:0.0804907):0.0378546,(((27:0.0809641,26:0.0512768):0.0279503,25:0.0867606):0.0208256,(23:0.0835307,24:0.0793061):0.0244397):0.0195131):0.0184635):0.0249407):0.0303811):0.0207323):0.0304105):0.0215843,(6:0.1079555,5:0.1419713):0.0332388):0.0235439);
Seed = 826367383
Seeds per chain: 
     1006707927
     1481777339
