Pi: 0.234114 0.256704 0.279915 0.229267
S:  0.102007  0.183877 0.0610378  0.192236  0.364097 0.0967453
