        0  0.123621  0.136529  0.132129  0.124656  0.130849  0.130864  0.132325  0.115634  0.137853  0.113427  0.139342  0.131518  0.131365  0.120074  0.138288  0.132242  0.100383  0.123726  0.123579  0.141728  0.141602  0.122924  0.133731  0.133356  0.131019  0.129109  0.111592  0.135417  0.127395  0.129236  0.120727  0.141697  0.134055  0.126783  0.111222   0.13135  0.145738  0.137302  0.113825  0.132391  0.115798  0.131473  0.117364  0.141254  0.119962  0.132733   0.13596  0.111812  0.202914  0.193013  0.193927  0.187585   0.18549  0.207887  0.193308  0.185002  0.189125  0.189632  0.188628  0.187487  0.193652  0.200802  0.189174  0.178218  0.200062  0.195483  0.200397  0.188772  0.187053  0.192922  0.194337  0.189679  0.187279  0.188274  0.178969  0.191099  0.180508  0.189951  0.187443  0.201247  0.190906  0.182011  0.186048  0.195582  0.195135  0.195723  0.198775  0.199339  0.190233  0.184302  0.194607  0.187948  0.192348  0.184642  0.187466  0.197144  0.191708 0.0972856  0.183065 0.0972856  0.183065
 0.123621         0 0.0850421  0.120802  0.129248  0.118571  0.117788  0.109357   0.11445  0.110016  0.121514  0.125961  0.129981  0.135273  0.128368  0.136659  0.122047   0.12719  0.103584  0.110939  0.130498  0.128764  0.123715  0.130152  0.106889  0.122048  0.115884  0.113576  0.129287   0.12815  0.123963  0.134688  0.121672  0.114718  0.121364  0.112163 0.0964211  0.126361 0.0923456  0.120536  0.098036   0.12121   0.12905  0.102465  0.131222  0.128927  0.104307   0.10859  0.122108  0.231476  0.225565  0.224732  0.222997  0.219296  0.244049  0.227399  0.216206  0.220378  0.218379  0.224779  0.220688  0.227423   0.23713   0.22346  0.214229  0.233375  0.230357  0.235001  0.218894  0.222806  0.221438  0.224485  0.222107  0.221593  0.226202  0.219169  0.227351   0.22094  0.220141  0.219185  0.235048  0.220394  0.217115   0.21776  0.227365  0.229867  0.229019  0.233121  0.233777  0.224327    0.2201  0.224326  0.222222   0.22404  0.217566  0.225535  0.233448  0.225899 0.0812368  0.217683 0.0812368  0.217683
 0.136529 0.0850421         0  0.127004  0.145989   0.12524  0.119892  0.104763  0.133329 0.0949086  0.136643   0.12852   0.13827  0.150276  0.138479  0.144897  0.129582  0.138639  0.103947  0.119778  0.128568  0.146812  0.131319  0.143579  0.102254  0.133602  0.126623  0.126795  0.138996  0.143148  0.135382  0.143205  0.139821  0.123201  0.135772  0.121034  0.119154  0.135928  0.109269  0.127247  0.113814   0.13258  0.137209  0.108771  0.140858  0.145643  0.107076  0.111367  0.126339  0.242318  0.233994  0.232646  0.232406  0.227428  0.251112  0.232884  0.222728  0.227784  0.225124  0.233609   0.22895   0.23385  0.242423  0.228918   0.22103  0.240628  0.233006  0.240966  0.227101  0.230906  0.230459  0.231166  0.231209  0.226891  0.233304  0.223943  0.233747  0.227166  0.227257  0.226432  0.240778  0.226286   0.22417  0.226213  0.235171  0.234804  0.235147  0.240059   0.24073  0.232234  0.228798  0.234944  0.231763  0.233232  0.224112  0.229938  0.237993  0.234996 0.0936739   0.22499 0.0936739   0.22499
 0.132129  0.120802  0.127004         0  0.142261 0.0939254  0.133818  0.128011   0.12528   0.13314  0.132197  0.136135  0.139013  0.142964  0.127634  0.136948  0.127499  0.131519  0.126397  0.117204  0.146756  0.128326  0.132445  0.135014  0.119671  0.128927  0.126571  0.126162  0.101462  0.141374  0.092148  0.140162  0.139956  0.121025  0.133631  0.134488 0.0969907  0.133948  0.124502  0.130106  0.136277  0.128936  0.129007  0.127697  0.135558  0.135362  0.138032   0.13402  0.126918  0.239093  0.229107  0.227855  0.226785  0.223864   0.24847  0.230552  0.220185  0.224569   0.22384  0.230505  0.223438  0.231145  0.239884  0.225432  0.219266  0.238633  0.230865  0.237075   0.22351  0.227799  0.229559  0.227655  0.229693  0.225722  0.229617   0.21959  0.227119  0.223317  0.223681  0.224528  0.238031  0.222388   0.21943  0.223614  0.231631  0.233587  0.234421  0.237357  0.234826  0.229229  0.228028  0.230514  0.225217   0.23028  0.220306  0.228336  0.234856  0.229754  0.096194   0.22189  0.096194   0.22189
 0.124656  0.129248  0.145989  0.142261         0  0.136837  0.134213  0.132744  0.126186  0.141808  0.131136   0.14684  0.125366  0.128818   0.12177  0.141564  0.127869  0.119906  0.129858  0.134637  0.140444  0.139581   0.13168  0.128732  0.134038  0.129189  0.131833  0.128206  0.139186  0.128575  0.133766  0.134101  0.140254  0.138882   0.13759  0.122642  0.136625  0.141918  0.133901   0.11642  0.135571  0.130737  0.141402  0.136145  0.128153   0.10829  0.132878  0.136908  0.129389  0.202631  0.204149  0.197817  0.196654  0.192436  0.216337  0.201003   0.19384  0.195134  0.197529  0.197894  0.199326  0.205662  0.210843  0.196081  0.185344  0.207342   0.20449  0.211341  0.195814  0.196672   0.19868  0.199084  0.195003  0.195199  0.194209  0.195245  0.206205  0.196099  0.194551  0.193935  0.209315  0.198063  0.190442  0.192249  0.201923  0.207435  0.205399  0.205794  0.209487  0.201053  0.189894  0.195912  0.198745  0.199298  0.188214  0.196938   0.20484  0.199662 0.0994041  0.190827 0.0994041  0.190827
 0.130849  0.118571   0.12524 0.0939254  0.136837         0  0.135387  0.136478  0.124694  0.138898  0.135513  0.142544  0.139258  0.141676  0.131698  0.142124  0.133512  0.135249  0.129911   0.11005   0.15225  0.124369  0.133316  0.135883  0.129322  0.132884  0.128579   0.12991  0.109375  0.142019  0.102254  0.140316  0.146795  0.132612  0.135359  0.131191 0.0963195  0.138932  0.131152  0.127655  0.134068  0.130453  0.130672  0.131828   0.13333  0.134869  0.137499  0.136636  0.132804  0.234628  0.227523  0.227845  0.225133  0.222299  0.242625  0.229149  0.219374  0.220241  0.222938  0.226674  0.223556  0.228454  0.239294  0.224255   0.21671  0.234085  0.231422  0.236843  0.223501  0.226156  0.226214  0.224173  0.225135  0.222591  0.227135   0.21951  0.227957  0.222537  0.223761  0.221512  0.237049   0.22365  0.216849  0.221598  0.228007  0.230475  0.234385  0.233244  0.234322  0.229282  0.225282  0.226775  0.226277  0.227822  0.216439  0.224776  0.231992  0.228609  0.102037  0.219722  0.102037  0.219722
 0.130864  0.117788  0.119892  0.133818  0.134213  0.135387         0  0.117864  0.127526  0.130159  0.138268  0.142281  0.133304  0.143096  0.130626  0.146574  0.120464  0.141458  0.115277  0.127673  0.132178  0.146889  0.137255  0.129851  0.120595  0.131272  0.138132  0.132108  0.139307  0.141486  0.126382  0.136886  0.138508  0.130348  0.141444  0.133376  0.126318  0.147379  0.136446  0.125262  0.125283  0.125855   0.13649  0.119785  0.135733  0.128367  0.107084  0.118579  0.129251   0.23149   0.22645  0.225084  0.221861  0.219257  0.236812  0.225569  0.219503  0.222204  0.217108  0.223701  0.220954  0.227159  0.235515   0.22366  0.215698   0.23333  0.227938  0.229655  0.219785  0.227207  0.222711  0.223308  0.224145  0.221075  0.225357  0.214217  0.221732  0.217821  0.220967  0.218451  0.231204  0.222895   0.21612  0.221058  0.225483  0.228809  0.228104  0.230554  0.231813  0.225704  0.221808  0.223797  0.222243  0.224526  0.218276  0.223315  0.232702  0.225738 0.0938743  0.216814 0.0938743  0.216814
 0.132325  0.109357  0.104763  0.128011  0.132744  0.136478  0.117864         0  0.129789 0.0836619  0.136106  0.127552  0.133993  0.133395  0.128262  0.136831  0.113504  0.134993 0.0817536  0.119954  0.115755   0.14287  0.133606  0.130078 0.0917588  0.105457  0.119591  0.131583  0.130994  0.128005  0.126987  0.126733  0.130403  0.104368  0.128304  0.127381  0.129983  0.129167  0.117756  0.125206  0.118671  0.127744   0.13351  0.108449  0.136307  0.129843  0.114647  0.101458  0.126949  0.235819  0.231018  0.226447  0.226208  0.223375  0.246437  0.229266  0.218912  0.225396  0.223282  0.230096  0.224231  0.231126  0.237841  0.226147  0.217606  0.238887  0.231857  0.239359  0.224173   0.22716  0.226723  0.227647  0.225659  0.225565    0.2265  0.218323  0.229393  0.224027   0.22447  0.224469  0.238385  0.221602   0.22166  0.222206  0.232906  0.231798  0.232111  0.235999  0.238524  0.228095  0.226419  0.227769  0.225628  0.230611  0.219771  0.226326  0.236275  0.229199 0.0820047  0.221356 0.0820047  0.221356
 0.115634   0.11445  0.133329   0.12528  0.126186  0.124694  0.127526  0.129789         0  0.137261  0.119154  0.130321  0.125595  0.112218  0.114559  0.133654  0.119226  0.124099   0.11973  0.123868  0.144143  0.125393  0.120448  0.100755  0.120934  0.118435  0.126485   0.12098  0.130717   0.12877  0.120692   0.10738  0.125625  0.120698  0.124707  0.120204  0.111547  0.125716  0.131293  0.121343  0.124298   0.11866  0.106053  0.116573  0.114027  0.108477  0.128189  0.129565  0.115401  0.218135  0.209152  0.207117  0.207158  0.204391  0.225027  0.213861  0.205505  0.207661  0.201011  0.210802  0.207516  0.212325  0.222122  0.207388  0.201022  0.217812  0.215744  0.220724  0.207466  0.208348  0.208418  0.208474  0.204969  0.205828  0.211612  0.203685  0.212365  0.201929  0.204985   0.20329  0.220733  0.208734  0.202693  0.206313  0.215371  0.214269  0.213433  0.218255  0.217865  0.210061  0.206912  0.212649  0.209447  0.209084  0.202883  0.207861  0.217668  0.210591 0.0868051  0.201789 0.0868051  0.201789
 0.137853  0.110016 0.0949086   0.13314  0.141808  0.138898  0.130159 0.0836619  0.137261         0  0.136535  0.131218  0.143367   0.14648  0.141731  0.139611  0.121993  0.140613 0.0977544  0.121014   0.11892  0.144389  0.140992  0.142532 0.0949689   0.11984  0.127883  0.145064  0.141703  0.139419  0.139438  0.147952  0.136668  0.113894  0.134365   0.13703  0.135973  0.138072  0.117815  0.134411   0.12809   0.13809  0.136833  0.101708   0.14179   0.14161  0.113051  0.115116  0.127499  0.240261   0.23404   0.23447  0.229999  0.227584   0.25225  0.236029  0.226423  0.228074  0.230747   0.23672  0.229507   0.23749  0.243499  0.230631  0.223338  0.243989  0.234616  0.244218  0.229006  0.231295  0.230848  0.232877  0.232195  0.228633  0.232131  0.225997  0.236555  0.229788  0.228879  0.229429  0.244811  0.226541  0.225503  0.227327   0.23858  0.237656  0.237628  0.241046  0.241865  0.237278  0.230319  0.235595  0.231994  0.235345   0.22465  0.232973  0.239266  0.236002 0.0938337  0.226805 0.0938337  0.226805
 0.113427  0.121514  0.136643  0.132197  0.131136  0.135513  0.138268  0.136106  0.119154  0.136535         0  0.133612  0.127204  0.140444  0.127475  0.135506  0.132901  0.116543  0.127541  0.121125  0.141396  0.139094  0.114131  0.117969  0.124662  0.129489  0.122102  0.120601  0.142062  0.119754  0.132032  0.137517  0.136932   0.12833  0.131189   0.11697   0.13319  0.143004  0.142365  0.118919   0.12983  0.122189  0.137688  0.111903  0.135717  0.131376  0.133585  0.138901  0.110837   0.21049     0.199  0.199937  0.198661  0.192006  0.216972   0.20832  0.194698  0.195413  0.194421   0.20161  0.198652   0.20198  0.205102  0.195903  0.191585  0.211019  0.205305  0.206924  0.197639  0.201029  0.201191  0.203727  0.198551  0.200455  0.197851  0.191944  0.203018  0.197456  0.196384  0.192421  0.209727  0.198265  0.191023  0.196685  0.203964  0.205002  0.204715  0.208073  0.204541  0.199532  0.196519  0.199503  0.197025  0.198942  0.194978  0.197331  0.208772  0.199688 0.0974918  0.191973 0.0974918  0.191973
 0.139342  0.125961   0.12852  0.136135   0.14684  0.142544  0.142281  0.127552  0.130321  0.131218  0.133612         0  0.144291  0.146999  0.136909  0.141336  0.119604  0.140891  0.125624  0.134637  0.140027  0.147708  0.141764  0.136755  0.113787  0.118018  0.137633  0.126584  0.150168  0.145995  0.137697  0.145844  0.124555  0.116202  0.111878  0.144555  0.130753  0.125053  0.138136  0.137439  0.136717   0.14102  0.136579  0.116017  0.140015  0.148353  0.140231  0.138909  0.135077  0.240977  0.234729  0.231319  0.232639  0.227874  0.250485  0.237706  0.225424  0.229955  0.227529  0.233775  0.231607  0.238716   0.24412  0.230885  0.223518  0.248039  0.236852  0.241903  0.228222  0.230273  0.233391  0.232849  0.228928  0.229905  0.231718  0.223783  0.235469  0.226123  0.229758  0.225687  0.242661  0.229355  0.226098  0.228386   0.23541  0.239484  0.236185  0.241728  0.241093  0.231485  0.227812  0.235451  0.230376   0.23532  0.226381  0.232188  0.242731  0.232965  0.103886  0.226426  0.103886  0.226426
 0.131518  0.129981   0.13827  0.139013  0.125366  0.139258  0.133304  0.133993  0.125595  0.143367  0.127204  0.144291         0   0.13163   0.11794  0.139727  0.126704  0.127987  0.120471    0.1325  0.140936  0.138279  0.121347  0.108466  0.131329  0.133256  0.138277  0.130323  0.133379  0.128044   0.12973  0.128169  0.135894  0.132293  0.140897  0.122782  0.134082  0.142708   0.13836  0.117344  0.132832  0.135078  0.135928  0.128608  0.129024  0.111948  0.132107  0.132396  0.121842  0.191678  0.182482  0.188271  0.184815  0.177351   0.19919  0.188515  0.177125   0.17556  0.181006  0.187488  0.181795  0.188452  0.196729  0.180284  0.173217  0.192925   0.19101  0.194052   0.18231  0.186894  0.182071  0.183372  0.185471  0.184128  0.188243  0.178011  0.187418   0.18198   0.17956  0.179158  0.193309  0.176759  0.179142   0.17901  0.186515  0.189948   0.19286  0.193519  0.192658  0.188186  0.184827  0.185572   0.18542  0.185826  0.176216  0.186112  0.192595  0.188985  0.095761  0.175786  0.095761  0.175786
 0.131365  0.135273  0.150276  0.142964  0.128818  0.141676  0.143096  0.133395  0.112218   0.14648  0.140444  0.146999   0.13163         0  0.120706  0.147511  0.135289  0.138069  0.133693  0.142474  0.148652  0.139652  0.136668  0.105982  0.132021  0.131995  0.134626  0.134407  0.141647  0.134501   0.13789  0.078833  0.131782  0.135207  0.144814  0.131968  0.141623   0.13512  0.144055  0.133025  0.134727  0.143778  0.132573  0.142275  0.121016 0.0917569  0.141272  0.135959  0.141616  0.196411  0.192097  0.192655    0.1875  0.186392  0.208524  0.191293  0.189168  0.186361  0.188986  0.193203  0.188526  0.194716   0.20777  0.187488  0.183075  0.199801  0.192727  0.203629  0.184032  0.184925  0.193584  0.189995  0.188103   0.18555  0.189844  0.184555  0.196468  0.186179  0.189127  0.188867  0.202642  0.189735  0.182812  0.183299  0.196731  0.195336  0.191707  0.201877  0.202459  0.196589  0.189276  0.192217  0.187498  0.192177  0.182495  0.188861  0.199008  0.195191  0.106327  0.183323  0.106327  0.183323
 0.120074  0.128368  0.138479  0.127634   0.12177  0.131698  0.130626  0.128262  0.114559  0.141731  0.127475  0.136909   0.11794  0.120706         0  0.143137  0.123072  0.110186  0.118716   0.12819  0.147931  0.132573  0.128867  0.104382  0.122877  0.126108  0.130871  0.110603   0.12924  0.129932  0.124919  0.116129  0.129218  0.132914  0.138778  0.115268  0.122139  0.136511  0.134024  0.113019  0.121581   0.12713  0.135337  0.126001  0.113098  0.113117  0.127392  0.131079  0.129644  0.196427  0.190689  0.184393  0.183397  0.186621  0.204145  0.188389  0.178238  0.183888  0.180558  0.187339  0.183272   0.18904  0.200811  0.183767  0.176684  0.198107  0.195373  0.201172  0.185732   0.18744  0.188599  0.184027  0.183839  0.185612  0.190113  0.180771  0.188945  0.179544  0.187489  0.186737  0.196927   0.18249  0.182624  0.183422  0.194066  0.190883  0.194127   0.19399  0.195812  0.190983  0.191916  0.185974  0.181499  0.190607  0.181414   0.18754  0.193505  0.187367 0.0905416  0.179662 0.0905416  0.179662
 0.138288  0.136659  0.144897  0.136948  0.141564  0.142124  0.146574  0.136831  0.133654  0.139611  0.135506  0.141336  0.139727  0.147511  0.143137         0  0.133246  0.136841   0.13409  0.133503  0.141706  0.146447  0.140605  0.141685  0.130276  0.130497  0.137759  0.142471  0.151573  0.134067   0.14033  0.145204  0.146903  0.129432  0.138128  0.141213  0.144641  0.133279  0.144014  0.135577   0.13805  0.143786  0.143211  0.130516   0.14344  0.141117  0.146346  0.149067  0.128165  0.237099  0.231775  0.233576  0.227081  0.224607  0.248351   0.23431  0.219392  0.222841  0.225721   0.22763  0.229142  0.235537  0.238131  0.225838  0.217141  0.239204  0.231597  0.241026  0.222809  0.225187  0.226551  0.229812   0.22595  0.226113  0.226671  0.221783  0.233631  0.224889  0.226875  0.223524  0.239374  0.219689  0.220691  0.220489  0.233815   0.23646   0.23658  0.235787  0.237267  0.232549  0.223755  0.229694  0.228496  0.231407  0.221867  0.229721  0.238926   0.23148  0.105959   0.22235  0.105959   0.22235
 0.132242  0.122047  0.129582  0.127499  0.127869  0.133512  0.120464  0.113504  0.119226  0.121993  0.132901  0.119604  0.126704  0.135289  0.123072  0.133246         0  0.129921 0.0964658  0.124581  0.135421  0.138556  0.129479  0.122087  0.116243  0.101812  0.133829  0.132025  0.132103  0.132834  0.120237  0.131696  0.120034 0.0884397  0.106021  0.128269  0.128265  0.122907  0.124538  0.122894  0.130266   0.12942  0.123637  0.114268  0.125845  0.122944  0.119304  0.120987  0.126612  0.232262  0.224542  0.224252  0.220576  0.217363  0.240294  0.226688   0.21943  0.219532  0.218536    0.2277  0.218802  0.228652  0.236898  0.225206  0.214666  0.234132  0.227953  0.236554  0.221732   0.22606   0.22497  0.224253  0.221575  0.222263  0.225911  0.216999  0.227006  0.220803  0.221212  0.219303  0.233892  0.223727  0.216537  0.220318  0.229995  0.229093  0.229291  0.232165  0.231724  0.228061   0.22357  0.225754  0.222512   0.22775  0.216147  0.224177  0.231553  0.226804 0.0832005  0.217832 0.0832005  0.217832
 0.100383   0.12719  0.138639  0.131519  0.119906  0.135249  0.141458  0.134993  0.124099  0.140613  0.116543  0.140891  0.127987  0.138069  0.110186  0.136841  0.129921         0  0.123976   0.12939  0.141693  0.137155  0.126254  0.128938  0.134698  0.133604  0.134117  0.115092  0.139048  0.123266  0.126275  0.133391  0.136351  0.125078  0.127588  0.104792  0.130036  0.140845  0.135155  0.101592  0.136821  0.131961  0.141782  0.125721  0.140702  0.124029  0.130073  0.138352  0.121797  0.197313  0.190655  0.187033  0.186375  0.182103   0.20216  0.193076  0.180919  0.182263  0.180106  0.187705  0.185749   0.19617  0.199982  0.190493   0.17403  0.199633   0.19985  0.202359  0.192578  0.184255  0.195201  0.187723  0.182022  0.184648  0.190081   0.18451   0.19217   0.18333  0.187723  0.186096  0.196243  0.185941  0.181778  0.181557   0.18888  0.196377  0.197558  0.195136  0.193705  0.186671   0.18546  0.189986  0.186581  0.191979  0.182429  0.186976  0.195259  0.190292 0.0972024  0.180927 0.0972024  0.180927
 0.123726  0.103584  0.103947  0.126397  0.129858  0.129911  0.115277 0.0817536   0.11973 0.0977544  0.127541  0.125624  0.120471  0.133693  0.118716   0.13409 0.0964658  0.123976         0   0.11491  0.120986  0.137369  0.125814  0.123901  0.103771  0.111996  0.123971  0.130709  0.122429  0.122735   0.11598  0.127002  0.124519 0.0991732  0.126807  0.114957   0.12337  0.130323  0.112302  0.117569  0.114001   0.12091  0.127646 0.0979002  0.126455  0.125586  0.107079 0.0922429  0.119991  0.231342  0.221831  0.222303  0.222883  0.217333  0.238392  0.223823   0.21235  0.214346    0.2151  0.223631  0.217746  0.224549  0.232354  0.218468  0.212715  0.228637  0.227295  0.234222  0.215854  0.220184  0.221534  0.223711  0.218404  0.218339  0.222627  0.214791  0.223916  0.215313  0.218847  0.217347  0.230156  0.216975  0.214816  0.218193  0.223366  0.225524  0.226675  0.228498  0.232167  0.220867  0.220524  0.221587   0.22226  0.221369  0.216222  0.221217  0.228155  0.225486 0.0728573  0.214487 0.0728573  0.214487
 0.123579  0.110939  0.119778  0.117204  0.134637   0.11005  0.127673  0.119954  0.123868  0.121014  0.121125  0.134637    0.1325  0.142474   0.12819  0.133503  0.124581   0.12939   0.11491         0  0.136762  0.137373   0.12515  0.130497  0.121049  0.121689  0.115466  0.124703  0.119179  0.131817  0.108916  0.136596  0.135652  0.124559  0.131376  0.111949  0.112248  0.136094  0.129708  0.118388   0.12541  0.113787  0.121745   0.10603   0.13258  0.134709  0.123206  0.125462  0.119199  0.232784  0.224841  0.223343  0.223048  0.220946  0.237944  0.226489  0.216601  0.218351  0.217557  0.224305  0.221389  0.225934  0.237108  0.221475  0.214771  0.234022  0.226969   0.23363  0.221221  0.223421  0.220156  0.224208  0.223431  0.221238  0.225947  0.215324  0.224531  0.219193  0.220116   0.21927   0.23398  0.219166  0.217475  0.220682  0.227715  0.227143   0.22959   0.22927   0.23452  0.225845  0.220727  0.224572   0.22338   0.22523  0.215549  0.222385  0.233017  0.225104 0.0869535  0.216935 0.0869535  0.216935
 0.141728  0.130498  0.128568  0.146756  0.140444   0.15225  0.132178  0.115755  0.144143   0.11892  0.141396  0.140027  0.140936  0.148652  0.147931  0.141706  0.135421  0.141693  0.120986  0.136762         0   0.14912  0.146592  0.148571   0.10544  0.128964  0.141241  0.152849  0.143194  0.137783  0.148092  0.140711  0.149195  0.127119  0.139783  0.143902  0.147384  0.149047  0.135685  0.135452  0.143843  0.135595  0.151287  0.127818  0.151924  0.140502  0.124061  0.134585  0.131465  0.239242  0.235439  0.235916  0.232174   0.22823  0.250892  0.237016  0.227789  0.228258  0.229078  0.235745  0.231946  0.238026  0.242305  0.231144  0.221539  0.244689   0.23471  0.246475  0.231276  0.230072  0.232309  0.235011  0.231828  0.229898  0.232209  0.224989  0.237302  0.230889  0.231063  0.230427  0.243359  0.229799  0.224988  0.227065  0.236313  0.237289    0.2381  0.241693  0.243839   0.23914  0.229402   0.23444  0.233691  0.236497   0.22497   0.23115  0.239709  0.237376  0.106579  0.226947  0.106579  0.226947
 0.141602  0.128764  0.146812  0.128326  0.139581  0.124369  0.146889   0.14287  0.125393  0.144389  0.139094  0.147708  0.138279  0.139652  0.132573  0.146447  0.138556  0.137155  0.137369  0.137373   0.14912         0  0.139828  0.138259  0.133326  0.145279  0.136045  0.142318   0.12823   0.14175   0.12705  0.144399  0.131952  0.134866  0.141606  0.136505    0.1138  0.137959  0.139327  0.129383   0.14147  0.142414  0.137715  0.135752  0.125635  0.129704  0.137237  0.144391  0.138322  0.236697  0.230476  0.233173  0.227179  0.225282  0.246947  0.237792  0.225692  0.224271  0.226989  0.230458   0.22875  0.235595   0.24442  0.232171  0.221287  0.239191   0.23695  0.240965  0.229633  0.228658  0.228917  0.228946   0.22975  0.229009  0.231597  0.224856  0.233526  0.229676  0.228125  0.225468  0.242622  0.227718  0.223937  0.222657  0.234943  0.237796  0.236142   0.24074  0.239364  0.233795   0.22704  0.232587  0.230653  0.233705   0.22164  0.229536  0.240256  0.232548  0.106006  0.224538  0.106006  0.224538
 0.122924  0.123715  0.131319  0.132445   0.13168  0.133316  0.137255  0.133606  0.120448  0.140992  0.114131  0.141764  0.121347  0.136668  0.128867  0.140605  0.129479  0.126254  0.125814   0.12515  0.146592  0.139828         0  0.130274  0.127141  0.129769 0.0981276  0.115879  0.139363   0.10626   0.13751   0.12987  0.140391  0.129022   0.13636  0.114575  0.132181  0.141133   0.13645  0.118915  0.124001  0.116455  0.130723  0.120519  0.133097  0.134151  0.138168  0.132372 0.0908909  0.218904  0.209941  0.211298  0.207255  0.204323  0.225284  0.211846  0.201172  0.203298  0.202747   0.20727  0.205721  0.210794  0.222648  0.205814  0.198401  0.215053  0.213783  0.215546  0.205959  0.210699  0.205286  0.209807  0.208511  0.206038  0.210602  0.203479  0.210727  0.207347  0.203702  0.205146  0.218085  0.205237  0.200627  0.202834  0.214626  0.213847  0.215067   0.21629  0.219415  0.210584  0.204742  0.210801  0.207355  0.208567  0.200637  0.203962  0.219334  0.213387 0.0970866  0.201525 0.0970866  0.201525
 0.133731  0.130152  0.143579  0.135014  0.128732  0.135883  0.129851  0.130078  0.100755  0.142532  0.117969  0.136755  0.108466  0.105982  0.104382  0.141685  0.122087  0.128938  0.123901  0.130497  0.148571  0.138259  0.130274         0  0.125851  0.118825  0.136042  0.127657  0.136578  0.132222  0.122459 0.0996347  0.130362  0.129778  0.135879  0.125037  0.125146   0.13738  0.141126  0.127093  0.124604  0.128521  0.126216  0.125167  0.115362  0.105383  0.128358  0.128245  0.127777  0.184479   0.17932  0.179969  0.178353  0.175211  0.194883  0.184307  0.177377   0.17815  0.173396  0.185116  0.179318  0.185141  0.192444  0.178662  0.175742  0.191707  0.190197  0.192536   0.17842  0.182766  0.180792  0.180196  0.177751  0.180097  0.184222  0.176621   0.18386  0.178908  0.178482  0.172825  0.191636  0.179525  0.176322  0.178759  0.184722  0.186087  0.186945  0.191962  0.189793  0.184862  0.187069  0.182404  0.178653  0.180949   0.17756   0.18391    0.1883  0.183796 0.0930793  0.172347 0.0930793  0.172347
 0.133356  0.106889  0.102254  0.119671  0.134038  0.129322  0.120595 0.0917588  0.120934 0.0949689  0.124662  0.113787  0.131329  0.132021  0.122877  0.130276  0.116243  0.134698  0.103771  0.121049   0.10544  0.133326  0.127141  0.125851         0 0.0951657  0.117706  0.128689  0.126106  0.130684  0.125544  0.128462   0.12483  0.101063  0.122943  0.127311  0.118796  0.117808  0.116936  0.124134  0.114295   0.12458   0.12132   0.10071  0.125585  0.130836  0.124051  0.111716  0.123503   0.23316  0.226381  0.224647  0.223475  0.217757  0.242575  0.226301  0.214902   0.21824  0.216915  0.225769  0.220766  0.227423  0.235466  0.220962  0.214148  0.233457  0.228479  0.235658  0.218384  0.222387  0.221371  0.223219  0.222277  0.219899  0.223739  0.215281  0.227751  0.219149  0.220324  0.218626  0.232725  0.218258  0.218399  0.217647  0.229159  0.227554   0.22838  0.232432  0.234323  0.225381  0.223302  0.226271  0.222844  0.224725  0.217782  0.224138  0.231179  0.227611 0.0818433  0.216831 0.0818433  0.216831
 0.131019  0.122048  0.133602  0.128927  0.129189  0.132884  0.131272  0.105457  0.118435   0.11984  0.129489  0.118018  0.133256  0.131995  0.126108  0.130497  0.101812  0.133604  0.111996  0.121689  0.128964  0.145279  0.129769  0.118825 0.0951657         0  0.131318  0.130932  0.128619  0.127357  0.125698   0.12669  0.122219  0.106369  0.112793  0.130441  0.128831  0.118218  0.128199  0.129272  0.125048  0.127188  0.121725  0.108389  0.130996  0.130161  0.133452  0.120999  0.128061  0.230525   0.22344  0.224101  0.217821  0.216022  0.237229  0.225012  0.215382  0.215987  0.214981  0.223246   0.21763  0.226766  0.232339  0.218387  0.213182  0.233841  0.226668  0.234546  0.216222  0.218676  0.219571  0.221321  0.214452  0.218667  0.218698  0.214699  0.226125  0.215008  0.217161   0.21602  0.231798  0.218911  0.213202  0.216667  0.226793  0.227039  0.227044  0.228519  0.231031  0.223349  0.221944  0.223821  0.219675  0.222488  0.214685  0.221902  0.229432  0.223604 0.0872964  0.214844 0.0872964  0.214844
 0.129109  0.115884  0.126623  0.126571  0.131833  0.128579  0.138132  0.119591  0.126485  0.127883  0.122102  0.137633  0.138277  0.134626  0.130871  0.137759  0.133829  0.134117  0.123971  0.115466  0.141241  0.136045 0.0981276  0.136042  0.117706  0.131318         0  0.119724  0.138046  0.108069  0.130291  0.137776   0.13207  0.123993  0.135324  0.124145  0.127158  0.135394  0.128396  0.121614  0.121398   0.10996  0.130181  0.120908  0.128435  0.133951  0.134903   0.13023 0.0956662  0.229781  0.223652  0.221566  0.221228  0.218802  0.240595  0.223857  0.214957  0.218396  0.216567  0.223443  0.219696  0.222219  0.234726  0.219134  0.211794  0.234863  0.224923  0.230307  0.218732  0.219773  0.217344  0.222735   0.22102  0.218262  0.222375  0.216131  0.224543  0.220296  0.219582  0.219918  0.232178    0.2166  0.215614  0.215687  0.226975  0.223809  0.228372  0.229284  0.231526  0.222755  0.219928  0.222058  0.220998  0.222283   0.21326  0.218821  0.230906  0.224539 0.0934468  0.215732 0.0934468  0.215732
 0.111592  0.113576  0.126795  0.126162  0.128206   0.12991  0.132108  0.131583   0.12098  0.145064  0.120601  0.126584  0.130323  0.134407  0.110603  0.142471  0.132025  0.115092  0.130709  0.124703  0.152849  0.142318  0.115879  0.127657  0.128689  0.130932  0.119724         0  0.141385  0.134059  0.133548  0.133953  0.135742  0.126273  0.128059  0.109346  0.114814  0.136998  0.115668  0.108957  0.118381  0.115772  0.139632  0.120108  0.135447  0.133884  0.130961   0.13578   0.12827  0.215572  0.209826  0.205026  0.204912  0.205285  0.225946  0.211506  0.199164  0.203604  0.201866  0.204374  0.206274  0.207753  0.220888  0.202462  0.195478  0.219572  0.211553  0.213891   0.20398   0.20523  0.202742  0.204566  0.201615  0.204298  0.208082   0.20027  0.208636   0.19855  0.202494  0.203415   0.21798  0.202969  0.200141  0.201907  0.212912  0.211193  0.209818  0.211941  0.212902  0.203332  0.204101   0.20766  0.203832  0.208268   0.19755  0.205577  0.218438  0.206597 0.0965593  0.199408 0.0965593  0.199408
 0.135417  0.129287  0.138996  0.101462  0.139186  0.109375  0.139307  0.130994  0.130717  0.141703  0.142062  0.150168  0.133379  0.141647   0.12924  0.151573  0.132103  0.139048  0.122429  0.119179  0.143194   0.12823  0.139363  0.136578  0.126106  0.128619  0.138046  0.141385         0  0.136124 0.0935267   0.13423  0.133908  0.136526  0.146499  0.129225  0.108623  0.144938  0.134593  0.128737  0.137056  0.135872  0.131893  0.132927  0.137047  0.133605  0.137769  0.133812  0.131892  0.235376  0.228355  0.227853  0.225611  0.220276  0.241217  0.229559  0.221384  0.222505  0.224031  0.230445  0.222735  0.230779  0.237432  0.224828  0.218011  0.236491  0.234969  0.238865  0.223324  0.225409  0.226761  0.225693  0.222485  0.223245  0.226227  0.216509  0.228621  0.218334  0.222197  0.223961  0.235847  0.222547  0.219124  0.221618  0.229573  0.231317   0.23047   0.23675  0.236486  0.226501  0.226085  0.230057  0.225541  0.228641  0.221075  0.224954  0.229995  0.228661 0.0997039  0.220115 0.0997039  0.220115
 0.127395   0.12815  0.143148  0.141374  0.128575  0.142019  0.141486  0.128005   0.12877  0.139419  0.119754  0.145995  0.128044  0.134501  0.129932  0.134067  0.132834  0.123266  0.122735  0.131817  0.137783   0.14175   0.10626  0.132222  0.130684  0.127357  0.108069  0.134059  0.136124         0  0.131904  0.130419  0.128922   0.13547  0.134809  0.123656  0.137915  0.132796  0.142382  0.123276  0.129432  0.131492  0.139126  0.128459  0.132471  0.131951  0.138385  0.133272  0.100618  0.222955  0.216394  0.216696  0.214702  0.209077  0.234051  0.216877  0.206671  0.209316  0.209594  0.214872  0.213087  0.219176  0.224359  0.211266  0.203383  0.226476  0.221664  0.225896   0.20873  0.214082  0.215966  0.214542  0.208792  0.213436  0.212853  0.210541  0.218888  0.211773  0.212601  0.211608  0.223272  0.209444  0.206759  0.208401  0.216883   0.22025  0.220872  0.223684  0.223967  0.217306  0.211921  0.214652  0.212933   0.21345   0.20786  0.212499  0.222942  0.217356 0.0970255  0.208021 0.0970255  0.208021
 0.129236  0.123963  0.135382  0.092148  0.133766  0.102254  0.126382  0.126987  0.120692  0.139438  0.132032  0.137697   0.12973   0.13789  0.124919   0.14033  0.120237  0.126275   0.11598  0.108916  0.148092   0.12705   0.13751  0.122459  0.125544  0.125698  0.130291  0.133548 0.0935267  0.131904         0  0.133723  0.129028  0.126038  0.133829  0.125735  0.102566  0.139717  0.135681  0.122642   0.13527  0.130404  0.128645  0.123542  0.123999  0.123606  0.128181  0.126572  0.127073  0.235691  0.224468  0.224057  0.225742   0.22114  0.241931  0.227529  0.219968  0.221609   0.21838  0.228422  0.221983  0.228943  0.238442  0.224406  0.217168  0.236546  0.232012  0.235103  0.220627  0.226295  0.228394  0.225579  0.224985  0.224888   0.22824   0.21936  0.223037   0.22117  0.223554  0.222909  0.234583  0.220527  0.220285  0.221564  0.227339  0.230488  0.230829  0.236627  0.234048  0.225331  0.225286  0.227651  0.223933  0.225291  0.218548  0.226708  0.232995   0.22593  0.089125  0.219347  0.089125  0.219347
 0.120727  0.134688  0.143205  0.140162  0.134101  0.140316  0.136886  0.126733   0.10738  0.147952  0.137517  0.145844  0.128169  0.078833  0.116129  0.145204  0.131696  0.133391  0.127002  0.136596  0.140711  0.144399   0.12987 0.0996347  0.128462   0.12669  0.137776  0.133953   0.13423  0.130419  0.133723         0  0.135942  0.137241  0.138953  0.130094  0.137695  0.135813  0.145903  0.131191  0.131537  0.133814   0.13086  0.136577  0.126194 0.0906983  0.138763  0.134143  0.130526  0.196849  0.188542  0.189208  0.185514  0.184672  0.203754  0.183498  0.183377  0.185313  0.182075  0.188404  0.183555  0.186941  0.199694  0.185072  0.177644  0.195179  0.190131  0.200069  0.182213  0.183459  0.189198  0.186687  0.185269  0.183027  0.189968  0.177093  0.185127   0.18102  0.186696   0.18767  0.197998  0.188987   0.17804  0.183707  0.191074  0.187801  0.190543  0.198931  0.200179  0.190293  0.189675  0.189849  0.185105  0.188352  0.179139  0.183387  0.193218  0.192456  0.101565  0.179404  0.101565  0.179404
 0.141697  0.121672  0.139821  0.139956  0.140254  0.146795  0.138508  0.130403  0.125625  0.136668  0.136932  0.124555  0.135894  0.131782  0.129218  0.146903  0.120034  0.136351  0.124519  0.135652  0.149195  0.131952  0.140391  0.130362   0.12483  0.122219   0.13207  0.135742  0.133908  0.128922  0.129028  0.135942         0  0.127184  0.127861   0.13482  0.130932   0.11357  0.133204  0.127832   0.13475  0.147766  0.129943  0.128877  0.114345   0.13596   0.13403  0.130426  0.133675   0.23584  0.228774  0.228125   0.22632  0.220943  0.244015  0.231424  0.220853  0.222332  0.221877  0.229339  0.224997  0.230702  0.240082  0.227347  0.220532  0.244624  0.233127  0.236948  0.222295  0.224658  0.225832  0.225824  0.224918  0.224791  0.228964  0.222729  0.230377  0.221521  0.224019  0.223627  0.237494  0.224267  0.220747  0.223656  0.229456  0.231444  0.231417  0.239081   0.23473  0.228358  0.224126  0.230039  0.222427  0.227309  0.222603  0.226285  0.234965  0.226985 0.0970837  0.221224 0.0970837  0.221224
 0.134055  0.114718  0.123201  0.121025  0.138882  0.132612  0.130348  0.104368  0.120698  0.113894   0.12833  0.116202  0.132293  0.135207  0.132914  0.129432 0.0884397  0.125078 0.0991732  0.124559  0.127119  0.134866  0.129022  0.129778  0.101063  0.106369  0.123993  0.126273  0.136526   0.13547  0.126038  0.137241  0.127184         0  0.109508  0.128153  0.124867  0.120691  0.118078   0.12268  0.127297  0.132355  0.130834  0.113061  0.133667  0.131226  0.128676  0.123581  0.128347  0.237575  0.225939  0.226439  0.224275   0.21971  0.240979  0.230902  0.220371  0.216787  0.217196  0.228639  0.223181  0.228056  0.235628  0.224405  0.215003  0.236701  0.229241  0.237146  0.222615  0.223365  0.223214  0.227143  0.223449  0.220229  0.227353  0.217322  0.230364  0.219865  0.219776  0.218918  0.235763  0.221321  0.216606  0.219517  0.231148  0.229355  0.228707  0.228961  0.232679  0.227324  0.225255  0.227595  0.226077  0.226034  0.217312  0.223978  0.234861  0.228403 0.0859817  0.218396 0.0859817  0.218396
 0.126783  0.121364  0.135772  0.133631   0.13759  0.135359  0.141444  0.128304  0.124707  0.134365  0.131189  0.111878  0.140897  0.144814  0.138778  0.138128  0.106021  0.127588  0.126807  0.131376  0.139783  0.141606   0.13636  0.135879  0.122943  0.112793  0.135324  0.128059  0.146499  0.134809  0.133829  0.138953  0.127861  0.109508         0   0.13974  0.126891  0.125384  0.122195  0.135388  0.139738   0.13818    0.1332  0.116142  0.138925  0.135895  0.132481  0.133007  0.130052  0.237201  0.229837  0.228617  0.227012  0.223885  0.247012  0.233227  0.225574  0.224768  0.223364  0.233349  0.226514  0.234521  0.241274  0.230927  0.218017  0.241877  0.235865  0.244322  0.228359  0.227768  0.230795  0.229875  0.226966  0.229175  0.230891  0.223769  0.234189  0.228202  0.225898   0.22535  0.241449  0.228214  0.221278  0.224849  0.232896  0.235255  0.237355  0.238107  0.241654   0.23258    0.2273  0.229966  0.229734  0.232261  0.220628  0.230057  0.237247  0.231466 0.0992898  0.223978 0.0992898  0.223978
 0.111222  0.112163  0.121034  0.134488  0.122642  0.131191  0.133376  0.127381  0.120204   0.13703   0.11697  0.144555  0.122782  0.131968  0.115268  0.141213  0.128269  0.104792  0.114957  0.111949  0.143902  0.136505  0.114575  0.125037  0.127311  0.130441  0.124145  0.109346  0.129225  0.123656  0.125735  0.130094   0.13482  0.128153   0.13974         0  0.127957  0.142847  0.131373 0.0930575  0.122103  0.118818  0.135985  0.120186  0.133879   0.12573  0.126294  0.130856  0.119486  0.215087  0.206699  0.205812  0.202653  0.200422  0.222238  0.209499  0.196874  0.197924   0.19968  0.204083  0.202696  0.210594  0.218616  0.200203   0.19472  0.213039  0.214789  0.215337  0.203784  0.203955   0.20608  0.206896  0.201471  0.200654  0.206182  0.199604  0.205847  0.198012  0.202149  0.202399  0.214802  0.199348   0.19711  0.201066  0.208089  0.213395  0.212418  0.213441  0.212092  0.207768   0.20167  0.207191  0.203411  0.207515  0.197801  0.199936  0.212724  0.207854 0.0900542  0.196963 0.0900542  0.196963
  0.13135 0.0964211  0.119154 0.0969907  0.136625 0.0963195  0.126318  0.129983  0.111547  0.135973   0.13319  0.130753  0.134082  0.141623  0.122139  0.144641  0.128265  0.130036   0.12337  0.112248  0.147384    0.1138  0.132181  0.125146  0.118796  0.128831  0.127158  0.114814  0.108623  0.137915  0.102566  0.137695  0.130932  0.124867  0.126891  0.127957         0  0.133607  0.113603  0.126964  0.129409  0.121794  0.129265  0.118964  0.127445  0.130661  0.125137  0.126453  0.126013  0.232084  0.224569  0.222848  0.223916  0.219547  0.242575  0.227531  0.218901  0.222795  0.218344  0.227242  0.222158  0.227555  0.237011  0.225439  0.217071  0.237126  0.232452  0.234989  0.221687   0.22374  0.222707  0.223878  0.222349   0.22251  0.229395  0.219245  0.225991  0.219349   0.21848  0.220934  0.236043  0.221858  0.218384   0.22039   0.22778  0.230014  0.229518    0.2336  0.233889  0.222594  0.222447  0.225376  0.224973  0.225511  0.218268  0.224929  0.232585  0.225901 0.0927225  0.218218 0.0927225  0.218218
 0.145738  0.126361  0.135928  0.133948  0.141918  0.138932  0.147379  0.129167  0.125716  0.138072  0.143004  0.125053  0.142708   0.13512  0.136511  0.133279  0.122907  0.140845  0.130323  0.136094  0.149047  0.137959  0.141133   0.13738  0.117808  0.118218  0.135394  0.136998  0.144938  0.132796  0.139717  0.135813   0.11357  0.120691  0.125384  0.142847  0.133607         0  0.127847  0.121736  0.129452  0.141423  0.125267  0.133141  0.129838  0.139638  0.145607  0.134632  0.138211  0.242015  0.234962  0.235313  0.232994  0.227402  0.253615  0.235775  0.224053  0.226124  0.227165  0.233717   0.22915  0.238332  0.244137   0.22995  0.220974  0.245956   0.23669  0.246434  0.225725  0.227927  0.232896  0.231239  0.227567  0.229608  0.228951   0.22797   0.23898  0.228909   0.22848  0.228856  0.245137   0.22812  0.222827  0.224351  0.237957   0.23914  0.239376  0.240409  0.239854  0.236415  0.232117  0.234424  0.229734  0.234304  0.222484  0.231935  0.242087  0.233284   0.10236  0.226672   0.10236  0.226672
 0.137302 0.0923456  0.109269  0.124502  0.133901  0.131152  0.136446  0.117756  0.131293  0.117815  0.142365  0.138136   0.13836  0.144055  0.134024  0.144014  0.124538  0.135155  0.112302  0.129708  0.135685  0.139327   0.13645  0.141126  0.116936  0.128199  0.128396  0.115668  0.134593  0.142382  0.135681  0.145903  0.133204  0.118078  0.122195  0.131373  0.113603  0.127847         0  0.124003  0.124244  0.127585  0.136578  0.123066  0.134162  0.133212  0.118977  0.112074  0.138689  0.238175  0.230856  0.230247  0.228768  0.223227  0.249568  0.231742  0.223728   0.22339  0.225441  0.233123  0.224187  0.234094  0.245368  0.230945  0.220661  0.241477  0.234895  0.244507  0.225791   0.22915  0.228439  0.230151  0.228163  0.227539  0.230719   0.22649  0.234183  0.227916  0.224577  0.228764  0.242106  0.226394  0.222932  0.222745  0.233773  0.234728  0.238256  0.238491  0.237953  0.234592  0.229693  0.230947  0.229178  0.233381  0.221384  0.230635  0.237027  0.234018 0.0947666  0.224336 0.0947666  0.224336
