        0 0.0461081 0.0494911 0.0378896 0.0496217 0.0332359 0.0464704 0.0401891 0.0358695 0.0386364 0.0466396 0.0344317 0.0483499  0.047033 0.0407997 0.0408571 0.0405491  0.044075 0.0402935 0.0404632  0.048973 0.0473792 0.0329174 0.0394267 0.0475587 0.0361805 0.0434619 0.0427762 0.0417807 0.0352714 0.0451556 0.0464742 0.0475782 0.0441608 0.0451467 0.0432849 0.0414661 0.0412903 0.0465939  0.043271  0.053538 0.0516965  0.046847 0.0428323 0.0314457 0.0482931 0.0375058 0.0403622  0.048916  0.130922  0.133217  0.131685  0.131409  0.130117  0.133159  0.131625  0.128572  0.130482  0.128329  0.131363  0.131441  0.131237  0.128736   0.12936  0.130432  0.130721  0.130443  0.131774  0.131778  0.126435  0.128621  0.126414  0.131882  0.130255  0.127547   0.13104  0.131957  0.125568   0.13096  0.129034  0.130344  0.132521  0.128696  0.133361  0.129325   0.13022  0.126984  0.124866  0.127857  0.129043  0.135083  0.130845  0.134934  0.133292  0.132212  0.132459  0.131403  0.134573 0.0294608  0.119253 0.0294608  0.119253
0.0461081         0 0.0518797 0.0415006 0.0314841 0.0454495 0.0395922 0.0450428 0.0480827 0.0473291 0.0545442 0.0357394 0.0325129 0.0477783 0.0477338 0.0467932 0.0495648  0.026349 0.0503404 0.0399119 0.0317424 0.0442056 0.0393231 0.0452737 0.0452697 0.0491637 0.0447278 0.0532059 0.0460368 0.0350955 0.0494476 0.0387498 0.0533216 0.0554398 0.0464007 0.0497558 0.0479833 0.0546595 0.0470408 0.0407641 0.0490667 0.0519753  0.056558 0.0435237 0.0438814 0.0315022 0.0483307 0.0505075 0.0550445  0.148099  0.126178  0.148817   0.12463  0.123549  0.151044  0.148871  0.146106  0.148395  0.145657  0.149102  0.148109  0.148281  0.145761  0.146043  0.147931  0.148247  0.147655  0.148788  0.149265  0.143925  0.146801  0.143844  0.149858  0.124958  0.144537  0.147631  0.148398  0.143404  0.147952  0.122371  0.147821  0.149192  0.145848  0.149827  0.145639  0.148054   0.14379  0.142708  0.145304  0.123104  0.151407  0.147798  0.151416  0.150804  0.149257  0.125926  0.148898   0.15139 0.0378565  0.136792 0.0378565  0.136792
0.0494911 0.0518797         0 0.0387186 0.0508306 0.0510731 0.0493923 0.0440738 0.0440638 0.0432051 0.0455494 0.0485662 0.0479216 0.0436444 0.0452689 0.0455642 0.0455552 0.0475683 0.0461197 0.0473338 0.0481481 0.0441498 0.0490303 0.0459658 0.0439082 0.0446877 0.0404443 0.0367413 0.0447253 0.0529902  0.037802 0.0533036 0.0467181 0.0425414 0.0338285 0.0432225 0.0459047 0.0414008 0.0300505 0.0485947 0.0468819 0.0415953 0.0401926 0.0390863 0.0500508 0.0472834 0.0472771 0.0459121 0.0387633  0.130836   0.13447  0.131952  0.133766  0.132097  0.134198  0.131472  0.128616  0.129891  0.129123  0.132207  0.131337  0.130239  0.128386  0.128662   0.13041  0.130164  0.130958  0.131239  0.132286  0.126981   0.12841  0.126433  0.131843  0.133779  0.127848  0.131416  0.131487  0.124474  0.130788  0.131907  0.130792  0.131717  0.128004  0.133312  0.129739   0.12975  0.126505  0.124998  0.128496   0.13201  0.134268  0.131196  0.133897  0.133155   0.13269   0.13477  0.132651  0.134175 0.0349806  0.119092 0.0349806  0.119092
0.0378896 0.0415006 0.0387186         0 0.0458842 0.0465188 0.0426345 0.0310503  0.030311 0.0409693 0.0481222 0.0350958 0.0449803 0.0361074 0.0340726  0.049369 0.0439291 0.0385245 0.0505903 0.0413515 0.0452834 0.0358435 0.0420179  0.033144 0.0349054 0.0339591 0.0306913 0.0397378 0.0496889 0.0466803 0.0379347 0.0514095 0.0531184 0.0425688 0.0257265 0.0391776 0.0364568   0.04035  0.030956 0.0345086 0.0531046 0.0434046 0.0433454 0.0430396 0.0439174 0.0378756 0.0373666 0.0404612 0.0439027  0.134103  0.134354  0.133944  0.133265  0.131969  0.136128  0.134412  0.131332  0.133304  0.130997  0.134456  0.133657   0.13308  0.131105  0.131465  0.133229  0.133177  0.133319  0.134052  0.134865  0.129256  0.131565  0.128691  0.135297  0.132937  0.129689  0.133225  0.133595  0.127844  0.133082  0.131455  0.133005  0.134289  0.131258  0.135406   0.13132  0.133334  0.129076  0.127316   0.13045  0.131434    0.1365  0.133845  0.137005  0.135736  0.135024  0.134704  0.134713  0.136984 0.0280441  0.121964 0.0280441  0.121964
0.0496217 0.0314841 0.0508306 0.0458842         0 0.0508259 0.0430222 0.0498634 0.0508427 0.0461124 0.0564727 0.0405648 0.0140367 0.0440595 0.0506062 0.0523897 0.0527643  0.031705 0.0468686 0.0328682 0.0135083 0.0388363 0.0424603 0.0498647 0.0397376 0.0519865 0.0446443 0.0556017 0.0511987  0.040645 0.0538167 0.0292667 0.0491621 0.0574823 0.0497971 0.0508262 0.0523571 0.0567262 0.0517626 0.0463783 0.0443682 0.0520879 0.0583748 0.0491562 0.0481781 0.0395503 0.0512697 0.0469122 0.0531166  0.152577   0.12136  0.152526  0.121433  0.118137  0.155157  0.152718  0.151088  0.152177  0.149781  0.153044   0.15271  0.151943  0.149872   0.14999  0.151381  0.152546  0.151872  0.152516  0.153046  0.148105  0.150754  0.147589  0.153821  0.121809  0.148885   0.15231  0.152529  0.147361   0.15175  0.119599  0.151908  0.153487  0.150031  0.153918  0.150152  0.152271  0.147961  0.147372  0.149599  0.119945  0.155667  0.151471  0.155247  0.154494  0.153248  0.123568  0.153338  0.155486 0.0404025  0.141097 0.0404025  0.141097
0.0332359 0.0454495 0.0510731 0.0465188 0.0508259         0 0.0500138 0.0447408 0.0436784 0.0449561 0.0461974 0.0409598 0.0500735 0.0510778 0.0450341 0.0348121 0.0393729 0.0426131 0.0392243 0.0471245 0.0487266 0.0532421 0.0378169 0.0441832 0.0547872 0.0400939 0.0486278  0.045427 0.0333705 0.0352525 0.0492941 0.0465548 0.0473352 0.0484646 0.0470756 0.0464782 0.0455177 0.0410532 0.0501083 0.0494235 0.0511667   0.05531  0.047779 0.0436435 0.0259388 0.0515703 0.0435682 0.0489506 0.0528297  0.130148  0.130583  0.131093  0.128865  0.127754  0.132423  0.130782   0.12753  0.129776  0.127605  0.130673  0.130752  0.130635   0.12805  0.128775  0.129704  0.130072  0.129856  0.131439  0.130853  0.126277  0.127983  0.125821  0.131443  0.128067  0.126874  0.130434  0.131414  0.125291  0.130577  0.126873  0.130106  0.131577   0.12784   0.13239  0.129052  0.129706  0.126203  0.124588   0.12694  0.126392  0.134193  0.130066  0.134027  0.132926  0.131141  0.130215  0.130933  0.133928 0.0348979  0.118405 0.0348979  0.118405
0.0464704 0.0395922 0.0493923 0.0426345 0.0430222 0.0500138         0 0.0388182 0.0376383 0.0408138  0.045106 0.0473651 0.0417831 0.0409174 0.0370055 0.0492246 0.0408673 0.0417501 0.0503315 0.0461392 0.0407903 0.0374314 0.0460811 0.0383589 0.0380282 0.0401755 0.0399301 0.0463916 0.0495474  0.041109 0.0429962  0.040309  0.052622 0.0489837 0.0452267 0.0352926 0.0393874 0.0458826 0.0482335 0.0345757 0.0524554 0.0460216 0.0483716  0.053031 0.0469544  0.029514 0.0380899 0.0438613 0.0431552  0.139165  0.132453  0.140032   0.13108  0.129142  0.142289  0.140056   0.13639  0.139153  0.136966  0.140039  0.139908  0.138909  0.136861   0.13686  0.139059  0.138415  0.139235  0.139338  0.140865  0.135433  0.136099  0.134924  0.139523   0.13075  0.136298  0.139024  0.139294  0.132949  0.138934  0.128313  0.139088  0.140211  0.136597  0.140665  0.137401  0.138026  0.134921  0.132407   0.13675  0.128636  0.142258  0.138852  0.142085  0.141543  0.140943  0.131782   0.14036  0.142384 0.0314831  0.127431 0.0314831  0.127431
0.0401891 0.0450428 0.0440738 0.0310503 0.0498634 0.0447408 0.0388182         0 0.0338643 0.0412144 0.0476133 0.0431657  0.048934 0.0344423   0.03735 0.0473584 0.0414329 0.0466713 0.0454774 0.0468383 0.0482545 0.0421753 0.0466002 0.0136963 0.0412691 0.0291827 0.0312893 0.0379113 0.0490488  0.046205  0.029807 0.0451868 0.0497139 0.0406909 0.0324909 0.0307673 0.0234193 0.0351844 0.0371207 0.0277035 0.0494033 0.0394921 0.0418342 0.0490391 0.0401416 0.0403248 0.0382157 0.0344264 0.0359002  0.133048  0.138833  0.133136  0.137187  0.135865  0.135694  0.133519  0.129653  0.132366  0.129809  0.133088  0.132727  0.131974   0.13008  0.130257  0.132514  0.131505  0.131939  0.133163  0.134131  0.128117  0.129976   0.12769  0.133192  0.136095  0.128799  0.131841  0.132463  0.126216  0.132367  0.134462  0.132107  0.133223  0.130206  0.134261  0.130012  0.131767  0.127976  0.125914  0.129932   0.13438  0.135658  0.132291     0.136  0.134882  0.133881  0.137787  0.133603   0.13567 0.0265345  0.120884 0.0265345  0.120884
0.0358695 0.0480827 0.0440638  0.030311 0.0508427 0.0436784 0.0376383 0.0338643         0 0.0354009 0.0435434 0.0434606 0.0496693 0.0425342  0.021789  0.043742  0.037569  0.045974 0.0473818 0.0471411  0.050324 0.0403011 0.0371605 0.0357923 0.0393259 0.0226571 0.0380199 0.0308018 0.0436022 0.0435297 0.0384461 0.0499207 0.0507288  0.038345 0.0355951 0.0361966  0.036337 0.0311248 0.0397806 0.0349625 0.0552839  0.046412 0.0372639 0.0511412 0.0400172 0.0429428 0.0292864 0.0418656 0.0429787  0.130874  0.140625  0.131717  0.138673  0.137516  0.133541  0.131719  0.127947  0.130417  0.128329  0.131528  0.131981  0.130269   0.12885  0.128648   0.13072  0.129053  0.131206  0.131362  0.132343  0.126747  0.127472  0.125983   0.13103  0.138375  0.127808  0.130976   0.13174  0.124187   0.13115  0.136574  0.130444  0.131786  0.128027  0.132828  0.129495  0.129522  0.127059    0.1236  0.127915  0.136647  0.134699  0.131523  0.134345  0.132956   0.13316   0.13937  0.132236  0.135127 0.0251743  0.119446 0.0251743  0.119446
0.0386364 0.0473291 0.0432051 0.0409693 0.0461124 0.0449561 0.0408138 0.0412144 0.0354009         0 0.0453369 0.0484404 0.0451261 0.0483214 0.0339343  0.048054 0.0395264 0.0448786 0.0434229 0.0469431 0.0439787 0.0409714 0.0423977 0.0427468 0.0414194 0.0378352 0.0444504  0.042193 0.0478806 0.0386514 0.0453816 0.0439127  0.048213 0.0456557  0.045395 0.0429436 0.0423619 0.0417309  0.047287 0.0361065  0.053085 0.0496698 0.0450862 0.0536136   0.04119  0.044894 0.0294699  0.034335 0.0461917  0.135492  0.135288  0.135909  0.133213  0.132371  0.138604   0.13629   0.13277   0.13471  0.133028  0.136306  0.136264   0.13506  0.133452  0.132814  0.134774  0.134104  0.134943  0.135785  0.136602  0.131456  0.132813  0.130629   0.13566  0.133266  0.132676  0.135726  0.136459   0.12932  0.135784  0.131592  0.135505  0.136248  0.132304  0.137134  0.134105   0.13359  0.131217  0.129454  0.132572  0.131378  0.139143   0.13483  0.138691   0.13751  0.137173  0.133794  0.137138  0.139287 0.0299499  0.123953 0.0299499  0.123953
0.0466396 0.0545442 0.0455494 0.0481222 0.0564727 0.0461974  0.045106 0.0476133 0.0435434 0.0453369         0 0.0526086 0.0542749 0.0540189 0.0425971  0.039689 0.0289603 0.0515186  0.049601 0.0567677 0.0542283 0.0535452 0.0503186 0.0477039 0.0535115 0.0435655 0.0510101 0.0387398 0.0417565  0.045516 0.0416245 0.0530135 0.0432746 0.0283975 0.0444887 0.0445658 0.0487185   0.04017 0.0437424 0.0483386 0.0448635 0.0409912 0.0325637 0.0482569 0.0445669 0.0474226 0.0423577 0.0527351 0.0462752  0.121787  0.141575  0.123498  0.140615  0.138861  0.125259  0.122629  0.117499  0.122198  0.120472   0.12385  0.123226  0.122511   0.12036  0.120279  0.121791  0.118594   0.12278   0.12295  0.123355  0.118444  0.116841  0.118053  0.120477   0.13979  0.119569   0.12314  0.123262  0.113905  0.122855  0.138575  0.122256  0.123748  0.119701  0.124324  0.121284  0.119024  0.118695   0.11306  0.119301  0.138343  0.126089  0.122751  0.125049  0.124625  0.124521  0.141533  0.123873  0.126564 0.0363022  0.110992 0.0363022  0.110992
0.0344317 0.0357394 0.0485662 0.0350958 0.0405648 0.0409598 0.0473651 0.0431657 0.0434606 0.0484404 0.0526086         0 0.0400956 0.0451097 0.0472468 0.0441471 0.0479045 0.0333786 0.0452213 0.0341707 0.0412556 0.0452159   0.03136 0.0431013 0.0472126 0.0442652 0.0397284 0.0496656  0.044815 0.0432313 0.0478227 0.0484647 0.0488414  0.050589 0.0409847 0.0481397 0.0461148 0.0499648 0.0440679 0.0448655 0.0485348 0.0504033 0.0523658 0.0345803 0.0390891 0.0432398 0.0484008 0.0489777 0.0544835  0.145467  0.134634  0.146018  0.134089  0.131956  0.147551  0.145974  0.143905  0.145355  0.143119  0.145969  0.145691  0.145328  0.142791  0.143423  0.144964  0.145689  0.145244  0.145496  0.146383  0.141229  0.143447  0.140973   0.14738  0.133721  0.141929  0.145387  0.145862  0.140313  0.145011   0.13219  0.145041  0.146819  0.143393  0.147216  0.142989  0.145269  0.141489   0.13955  0.142737  0.132407  0.149087  0.145498  0.148889  0.148014  0.146768  0.135845  0.146219  0.148985 0.0344476  0.134062 0.0344476  0.134062
0.0483499 0.0325129 0.0479216 0.0449803 0.0140367 0.0500735 0.0417831  0.048934 0.0496693 0.0451261 0.0542749 0.0400956         0 0.0430289 0.0495026 0.0500478 0.0511773  0.032607 0.0448928 0.0311626 0.0127124 0.0375511 0.0416456 0.0486649 0.0386155  0.050837 0.0427186 0.0536606 0.0495754 0.0402243 0.0516678 0.0293111 0.0475696 0.0555097 0.0475016 0.0488443 0.0506415 0.0546663 0.0494488 0.0460988 0.0418472 0.0499882 0.0567022 0.0461089 0.0470815 0.0384293 0.0501751 0.0448785 0.0510314  0.150571  0.121045  0.150693  0.121483  0.117659  0.153153  0.150861  0.148833  0.150135  0.148136  0.151225  0.150913   0.15015  0.148018  0.148241  0.149647  0.150241  0.150314  0.150526  0.151443  0.146232  0.148422  0.145974  0.151454  0.121591  0.147224  0.150591  0.150406  0.144964  0.149744  0.119325  0.150129  0.151606  0.148029  0.152449  0.148378  0.149796   0.14614  0.144837  0.147552  0.120055  0.153822  0.149831  0.153522  0.152642  0.151608  0.123631    0.1516  0.153672  0.038448  0.138972  0.038448  0.138972
 0.047033 0.0477783 0.0436444 0.0361074 0.0440595 0.0510778 0.0409174 0.0344423 0.0425342 0.0483214 0.0540189 0.0451097 0.0430289         0 0.0456317 0.0528945 0.0499719 0.0481379 0.0483783 0.0394975 0.0421655  0.031002 0.0483268 0.0335986 0.0290724 0.0400536 0.0259295 0.0466459 0.0544318  0.052698 0.0426583 0.0473524 0.0514686  0.047374 0.0363937 0.0348826 0.0375532 0.0444136 0.0414347  0.042621 0.0498099 0.0415587 0.0488568 0.0499714 0.0484866  0.041816 0.0462463 0.0402634 0.0375907  0.135996  0.130121  0.136243  0.129968  0.126814   0.13861  0.136165  0.133901  0.135511  0.132756  0.135555  0.135415  0.134347  0.133037  0.133175  0.134732  0.135709  0.134884  0.136113  0.136433  0.131075  0.133463   0.13078  0.136226  0.128905  0.131877  0.134546  0.134983  0.129808  0.134285   0.12758  0.134762  0.136399  0.133797  0.137297  0.133611  0.135175  0.130958  0.130318  0.133321   0.12708  0.138328  0.134842  0.138459   0.13753  0.136567  0.131318  0.135939  0.137986 0.0344024  0.123781 0.0344024  0.123781
0.0407997 0.0477338 0.0452689 0.0340726 0.0506062 0.0450341 0.0370055   0.03735  0.021789 0.0339343 0.0425971 0.0472468 0.0495026 0.0456317         0 0.0465736 0.0380396  0.045347 0.0517996 0.0516733  0.049126 0.0385996 0.0411796 0.0388169 0.0376085 0.0294558 0.0417928 0.0353852 0.0448466 0.0414549  0.042077  0.050149 0.0537249 0.0405169 0.0385646 0.0397676 0.0420854 0.0338213 0.0419703 0.0312618 0.0570312 0.0477069 0.0384342 0.0526175 0.0449909 0.0407553 0.0244168 0.0447209 0.0453421  0.129816  0.138482   0.13055  0.135961  0.135849  0.132738  0.130896  0.127332  0.129702  0.127632  0.130894   0.13063  0.129392  0.128064  0.127225  0.129557  0.128602  0.130307  0.130756  0.131054  0.125992  0.127303  0.125257   0.13087  0.136312  0.126886  0.130142  0.130559  0.123776  0.130403  0.134808  0.129715  0.130276  0.126929  0.131667  0.128154  0.129184  0.125845  0.123998  0.126754  0.134336  0.133501  0.130368  0.132835  0.132179   0.13151  0.137198  0.131664  0.133892 0.0287733  0.118526 0.0287733  0.118526
0.0408571 0.0467932 0.0455642  0.049369 0.0523897 0.0348121 0.0492246 0.0473584  0.043742  0.048054  0.039689 0.0441471 0.0500478 0.0528945 0.0465736         0 0.0391713 0.0460489 0.0394153 0.0486134 0.0499674 0.0560885 0.0376449 0.0474581 0.0552164 0.0412416 0.0497977 0.0367527 0.0218494  0.040229 0.0421222 0.0492634 0.0347284 0.0389706 0.0452401     0.045 0.0483665 0.0398017 0.0433321 0.0510775  0.041871 0.0464459 0.0408934 0.0398905 0.0355126 0.0515483 0.0485847 0.0529806 0.0476791  0.131303  0.138506    0.1333  0.138293  0.135621  0.134943  0.132539  0.129026  0.131265  0.129437  0.131949  0.132281  0.132285   0.12894  0.129836  0.131283  0.130309  0.131568  0.132231  0.132671  0.127242  0.128618  0.127498  0.132016  0.137313  0.128803  0.132256  0.132315  0.125448   0.13185  0.135414   0.13138  0.133242  0.129229  0.134353  0.129859  0.130346  0.127704  0.125137  0.129376  0.135871  0.135812  0.131622  0.135313  0.134219  0.133441  0.139273   0.13235  0.135693 0.0347113  0.120349 0.0347113  0.120349
0.0405491 0.0495648 0.0455552 0.0439291 0.0527643 0.0393729 0.0408673 0.0414329  0.037569 0.0395264 0.0289603 0.0479045 0.0511773 0.0499719 0.0380396 0.0391713         0 0.0469483  0.040978 0.0526657  0.050557 0.0505589 0.0447311 0.0418241 0.0509254  0.035642 0.0458764 0.0370516 0.0389839 0.0399408 0.0396724 0.0481842 0.0472234  0.038252 0.0383201 0.0373339 0.0421007 0.0300926 0.0436566 0.0435667 0.0516238 0.0478053 0.0384559 0.0481343 0.0351746 0.0435047 0.0360574  0.048456 0.0450385  0.129532   0.13926  0.131587  0.137955  0.136362  0.132865   0.13075    0.1265  0.129879  0.127821  0.131449  0.131024  0.130302  0.128054  0.128263  0.129736  0.127627  0.130573  0.130404  0.130947  0.126516  0.126227  0.125806  0.129901  0.137236  0.127155  0.130933  0.131356  0.122561  0.131027  0.135961  0.130045  0.131113  0.127218  0.132221  0.128863  0.127931  0.126362  0.122603  0.127302  0.135713  0.133954  0.130452   0.13296  0.132467   0.13218  0.138854  0.131339  0.134536 0.0309117  0.118723 0.0309117  0.118723
 0.044075  0.026349 0.0475683 0.0385245  0.031705 0.0426131 0.0417501 0.0466713  0.045974 0.0448786 0.0515186 0.0333786  0.032607 0.0481379  0.045347 0.0460489 0.0469483         0  0.047922 0.0395709  0.030975  0.043297 0.0376414  0.046701 0.0427071 0.0473817 0.0438522 0.0511298 0.0440718 0.0343224 0.0494546 0.0399118 0.0511011 0.0529463 0.0417281  0.049956 0.0481617 0.0524942 0.0446917 0.0438874 0.0491137 0.0522267 0.0537638  0.038691 0.0419642 0.0363023 0.0457045 0.0512872 0.0540294  0.144419  0.124674  0.144916  0.124158  0.122714   0.14678  0.145125  0.142269  0.144173  0.142096    0.1452  0.144299  0.144293   0.14181  0.142277  0.143613  0.144603  0.144156  0.144814  0.145326  0.140427  0.142497  0.139776  0.146235  0.124177  0.140817  0.144457  0.144856  0.139233  0.144074  0.122517  0.143876  0.145647  0.141808   0.14603  0.142157   0.14405  0.140131   0.13871  0.141363    0.1223  0.147693  0.144177  0.147402  0.146393  0.145167  0.125527  0.145391  0.147762 0.0362304   0.13274 0.0362304   0.13274
0.0402935 0.0503404 0.0461197 0.0505903 0.0468686 0.0392243 0.0503315 0.0454774 0.0473818 0.0434229  0.049601 0.0452213 0.0448928 0.0483783 0.0517996 0.0394153  0.040978  0.047922         0 0.0420086 0.0440925 0.0535939 0.0434455 0.0452698 0.0528321 0.0437024 0.0479375 0.0446351 0.0377176 0.0437224 0.0442004 0.0404934 0.0326613 0.0468458 0.0457429 0.0401903 0.0448383 0.0394993 0.0492855 0.0511868 0.0415359 0.0496687 0.0481634  0.044698 0.0334572 0.0529365 0.0499071 0.0448035 0.0472844  0.136375  0.132446  0.137958  0.131523  0.129349  0.139352  0.137089  0.135149   0.13599  0.134125  0.137047  0.137164  0.136694  0.133958  0.135317  0.135771  0.136347  0.136422  0.136875   0.13727  0.132349  0.134589   0.13219  0.137576  0.130062  0.133364  0.136744   0.13745  0.130977  0.136645  0.129034   0.13618  0.138217  0.134153  0.138962  0.134953  0.136459  0.132304  0.131706  0.134403  0.128895  0.140533  0.135995  0.139995  0.138901  0.137827  0.132606  0.137534  0.140001 0.0358363  0.125212 0.0358363  0.125212
0.0404632 0.0399119 0.0473338 0.0413515 0.0328682 0.0471245 0.0461392 0.0468383 0.0471411 0.0469431 0.0567677 0.0341707 0.0311626 0.0394975 0.0516733 0.0486134 0.0526657 0.0395709 0.0420086         0 0.0314832  0.038074 0.0370145 0.0465802 0.0392298 0.0491476   0.04124 0.0539674 0.0496238 0.0472667 0.0503589 0.0396957 0.0461834 0.0554923 0.0463799 0.0487917 0.0475283 0.0536427 0.0482686 0.0481275 0.0444089 0.0517968  0.056524  0.041926 0.0450571 0.0441456 0.0507541 0.0423859 0.0496665  0.143852  0.120028   0.14408  0.120808  0.116885  0.146137  0.144073  0.141072   0.14327   0.14075  0.143839  0.143484   0.14306  0.140989  0.141432  0.142706  0.143305  0.142814  0.143695  0.144818  0.139504  0.141169   0.13871  0.143945  0.119791  0.140139  0.143374  0.143421  0.137692  0.142571  0.117685  0.142909  0.144977  0.141258  0.145472  0.141708  0.142346  0.139198  0.137543  0.140817  0.117969  0.146624  0.142798   0.14677  0.145417  0.144566  0.121539  0.143963  0.146233 0.0377667    0.1315 0.0377667    0.1315
 0.048973 0.0317424 0.0481481 0.0452834 0.0135083 0.0487266 0.0407903 0.0482545  0.050324 0.0439787 0.0542283 0.0412556 0.0127124 0.0421655  0.049126 0.0499674  0.050557  0.030975 0.0440925 0.0314832         0 0.0378756 0.0426009 0.0481323 0.0380027 0.0509416 0.0435393 0.0539917 0.0493668 0.0392474 0.0510745 0.0266849 0.0471787 0.0557229 0.0479057 0.0483571 0.0504253 0.0538731 0.0501786 0.0455056 0.0423305 0.0500454 0.0562814  0.047154 0.0469741 0.0375608 0.0493117 0.0447201 0.0508871  0.148883  0.119103  0.149185  0.119449  0.116097   0.15171  0.149088  0.147554  0.148478  0.146042  0.149287  0.148848  0.148432    0.1461  0.146482  0.147627  0.149084  0.148293   0.14891  0.149302  0.144656  0.147363     0.144  0.150342  0.119333  0.145431  0.148618  0.148776  0.143823  0.148093   0.11729  0.148312   0.14986  0.146391  0.150356  0.146463  0.148884  0.144198  0.144134   0.14603  0.117645  0.151846  0.147791  0.151608  0.150766  0.149417  0.121284  0.149657  0.151689 0.0385536  0.137313 0.0385536  0.137313
0.0473792 0.0442056 0.0441498 0.0358435 0.0388363 0.0532421 0.0374314 0.0421753 0.0403011 0.0409714 0.0535452 0.0452159 0.0375511  0.031002 0.0385996 0.0560885 0.0505589  0.043297 0.0535939  0.038074 0.0378756         0  0.045201 0.0417521 0.0206556 0.0454236  0.035983 0.0505689  0.055994 0.0489917 0.0467039 0.0445866 0.0549078 0.0529989 0.0431413 0.0433272 0.0443854 0.0501718 0.0453048 0.0373142 0.0515892 0.0465062 0.0522528 0.0516715 0.0516379 0.0370597 0.0384516 0.0386875 0.0415646  0.138843  0.126508  0.138752   0.12513  0.122765  0.141294  0.139078  0.136471  0.138561   0.13633  0.139273  0.139185  0.137762   0.13618  0.136049  0.137958  0.138244  0.138404  0.138733  0.139474  0.134996  0.135757  0.134039  0.138931  0.125526  0.135779  0.138474  0.138632  0.132212  0.138286   0.12348  0.138304  0.139486   0.13656  0.140072  0.137159  0.137673  0.134463  0.132461  0.136217  0.123196  0.141648  0.137824  0.141228  0.140588  0.139581  0.126705  0.140073  0.141602 0.0358153  0.126806 0.0358153  0.126806
0.0329174 0.0393231 0.0490303 0.0420179 0.0424603 0.0378169 0.0460811 0.0466002 0.0371605 0.0423977 0.0503186   0.03136 0.0416456 0.0483268 0.0411796 0.0376449 0.0447311 0.0376414 0.0434455 0.0370145 0.0426009  0.045201         0 0.0466628 0.0475968 0.0397562 0.0453702 0.0463989  0.038919 0.0381809 0.0496682 0.0464054 0.0466757 0.0490974 0.0462192  0.048921 0.0477384 0.0460582 0.0469469  0.045522 0.0501766 0.0531025 0.0493069 0.0394756 0.0380382 0.0455257 0.0431387 0.0482476 0.0533287  0.141115  0.133753  0.141537   0.13248  0.130272  0.143562  0.141204  0.139837  0.140679  0.138287  0.141099  0.141719  0.140717  0.138579  0.138942  0.140327  0.141319  0.140874  0.140967    0.1414  0.136631  0.139594  0.136288  0.142748  0.132467  0.137729  0.141012  0.141536  0.136242  0.140684  0.130489  0.140664  0.142121   0.13905  0.143082  0.138886   0.14085  0.137353  0.135896   0.13821  0.131147   0.14512  0.140518  0.144425  0.143748  0.142115   0.13394  0.141501  0.144872 0.0321508  0.129663 0.0321508  0.129663
0.0394267 0.0452737 0.0459658  0.033144 0.0498647 0.0441832 0.0383589 0.0136963 0.0357923 0.0427468 0.0477039 0.0431013 0.0486649 0.0335986 0.0388169 0.0474581 0.0418241  0.046701 0.0452698 0.0465802 0.0481323 0.0417521 0.0466628         0 0.0412141 0.0302187 0.0314021 0.0397662 0.0488688 0.0460788 0.0305891 0.0448976 0.0496499 0.0410747 0.0343173 0.0291431 0.0223003 0.0361199 0.0385906  0.029678 0.0493035 0.0378189 0.0422879 0.0487445 0.0397185 0.0408386 0.0381948 0.0353501 0.0356051  0.132627  0.138798  0.132789  0.136989  0.135904  0.135412  0.133192   0.13005  0.132387  0.129654  0.132489  0.132692  0.132097  0.129836  0.130107  0.132388  0.132375    0.1318  0.132957  0.133721   0.12777  0.130182  0.127581  0.133473  0.135924  0.128505  0.131519  0.132117  0.126637  0.131956  0.134235  0.131622  0.133398  0.130126  0.134036  0.129712   0.13219  0.127736  0.126344  0.129658  0.134071  0.135384  0.131771  0.135798  0.134574  0.133486  0.137814  0.133392  0.135256 0.0267094  0.120635 0.0267094  0.120635
0.0475587 0.0452697 0.0439082 0.0349054 0.0397376 0.0547872 0.0380282 0.0412691 0.0393259 0.0414194 0.0535115 0.0472126 0.0386155 0.0290724 0.0376085 0.0552164 0.0509254 0.0427071 0.0528321 0.0392298 0.0380027 0.0206556 0.0475968 0.0412141         0 0.0455125 0.0330012 0.0482461 0.0546693 0.0489982  0.044114  0.044257 0.0544379 0.0504826 0.0410475 0.0394869 0.0435191 0.0486621 0.0434179 0.0373964 0.0519807 0.0446279 0.0507597 0.0522502 0.0528552 0.0381337 0.0388792 0.0404556 0.0395083  0.139166  0.127999  0.139538  0.127351  0.125145  0.141945  0.139928  0.136744  0.138772  0.136711  0.139506   0.13913  0.138002  0.136738  0.136554  0.138119   0.13899  0.138985  0.139833  0.140047  0.134907  0.136381  0.134345  0.139427  0.127078  0.135972  0.138701  0.139015   0.13291  0.138383  0.125559  0.138685  0.140159  0.136596  0.140731  0.137695  0.138688  0.134655  0.133611  0.136713  0.124781  0.142135  0.138665  0.141801  0.140837  0.140065  0.128467  0.140181  0.141711 0.0352694  0.127281 0.0352694  0.127281
0.0361805 0.0491637 0.0446877 0.0339591 0.0519865 0.0400939 0.0401755 0.0291827 0.0226571 0.0378352 0.0435655 0.0442652  0.050837 0.0400536 0.0294558 0.0412416  0.035642 0.0473817 0.0437024 0.0491476 0.0509416 0.0454236 0.0397562 0.0302187 0.0455125         0 0.0361897 0.0315584 0.0432054 0.0434145 0.0391177 0.0502969 0.0473825 0.0361119  0.033664 0.0339389 0.0329958 0.0278161 0.0393254 0.0386217 0.0543955 0.0453664 0.0352329 0.0505973 0.0352557 0.0457404 0.0342406 0.0427552 0.0425665  0.129472  0.142277  0.130097  0.140516  0.139113  0.132229  0.130011  0.126694  0.128943  0.126523  0.129645  0.130438  0.129042   0.12702  0.127201  0.129188  0.127692  0.129169  0.129775  0.130646  0.124927  0.126594  0.124148  0.129839  0.139794  0.125812  0.129158  0.130028  0.122992  0.129788  0.138155    0.1283  0.130192  0.126511   0.13127  0.127426  0.128184  0.125174  0.122454   0.12635  0.138164  0.133081  0.129222  0.132809  0.131432  0.131193  0.141251  0.130531  0.133399 0.0251603  0.117944 0.0251603  0.117944
0.0434619 0.0447278 0.0404443 0.0306913 0.0446443 0.0486278 0.0399301 0.0312893 0.0380199 0.0444504 0.0510101 0.0397284 0.0427186 0.0259295 0.0417928 0.0497977 0.0458764 0.0438522 0.0479375   0.04124 0.0435393  0.035983 0.0453702 0.0314021 0.0330012 0.0361897         0 0.0436044  0.051169 0.0501928 0.0408169 0.0494424 0.0515718 0.0452367 0.0297263 0.0336412 0.0304732 0.0409763 0.0364451 0.0388063 0.0499838 0.0370686 0.0464948 0.0466277 0.0442876  0.039528 0.0436291 0.0390942 0.0396695  0.136829  0.133266  0.137172   0.13284  0.130364  0.139443  0.137747  0.134408  0.136235  0.134341  0.137188  0.136954  0.135617   0.13419  0.134383   0.13652  0.136585  0.136203  0.136942  0.138064  0.132131  0.134122  0.132103  0.137366  0.132393   0.13316  0.136055  0.136387  0.130566  0.135941  0.130432  0.136393  0.137429  0.134548  0.138476  0.134564  0.136026  0.132246  0.130521  0.134169   0.13061  0.139864  0.136379  0.140023  0.139036   0.13838  0.134088  0.137726  0.139841 0.0303417  0.124986 0.0303417  0.124986
0.0427762 0.0532059 0.0367413 0.0397378 0.0556017  0.045427 0.0463916 0.0379113 0.0308018  0.042193 0.0387398 0.0496656 0.0536606 0.0466459 0.0353852 0.0367527 0.0370516 0.0511298 0.0446351 0.0539674 0.0539917 0.0505689 0.0463989 0.0397662 0.0482461 0.0315584 0.0436044         0 0.0350368  0.046329 0.0279522 0.0529133 0.0415464 0.0284032 0.0347893 0.0339826  0.041997 0.0267438 0.0309904  0.042419 0.0490717 0.0394169 0.0276015 0.0437889 0.0430826 0.0501338 0.0392735 0.0479074 0.0354396  0.126691  0.147457    0.1283  0.145843  0.144533  0.130147   0.12782  0.125033   0.12651   0.12474  0.127472  0.127839  0.127071  0.124484  0.124666  0.126608   0.12527  0.127046  0.127748  0.127866  0.122264  0.124238  0.122336  0.128114  0.145188  0.123616  0.127291  0.127447  0.120688  0.127691  0.143954  0.126295   0.12768   0.12406  0.129304   0.12538   0.12616  0.122624  0.120943  0.124701  0.143705   0.13065  0.127416  0.130127  0.129219  0.129204   0.14703  0.128387   0.13107 0.0295193  0.115915 0.0295193  0.115915
0.0417807 0.0460368 0.0447253 0.0496889 0.0511987 0.0333705 0.0495474 0.0490488 0.0436022 0.0478806 0.0417565  0.044815 0.0495754 0.0544318 0.0448466 0.0218494 0.0389839 0.0440718 0.0377176 0.0496238 0.0493668  0.055994  0.038919 0.0488688 0.0546693 0.0432054  0.051169 0.0350368         0 0.0397511 0.0413731 0.0478045 0.0381798 0.0418653 0.0455004 0.0451924 0.0502675 0.0399493 0.0430615 0.0507646 0.0441674 0.0482189 0.0418919 0.0376783 0.0368183 0.0514596  0.049105 0.0541084 0.0474322  0.131084  0.136799  0.133563  0.135321  0.134017  0.134842  0.132753  0.130002  0.131622  0.130033  0.132515  0.132511  0.132743    0.1293  0.130158  0.131603  0.131499  0.132118  0.132842  0.132624  0.127516  0.129751  0.127887  0.133616  0.134889   0.12894  0.132591  0.133027  0.126442  0.132795   0.13327  0.131521  0.133515  0.129142  0.134334  0.130437  0.131751  0.128119  0.126768  0.129623  0.133173  0.136186   0.13215   0.13519  0.134482  0.133533  0.136712  0.133134  0.135922 0.0358926  0.120532 0.0358926  0.120532
0.0352714 0.0350955 0.0529902 0.0466803  0.040645 0.0352525  0.041109  0.046205 0.0435297 0.0386514  0.045516 0.0432313 0.0402243  0.052698 0.0414549  0.040229 0.0399408 0.0343224 0.0437224 0.0472667 0.0392474 0.0489917 0.0381809 0.0460788 0.0489982 0.0434145 0.0501928  0.046329 0.0397511         0 0.0489081 0.0378471 0.0475673 0.0474857 0.0502841  0.047562 0.0478974 0.0466609 0.0513109 0.0431042 0.0512978 0.0537602 0.0491831 0.0478615 0.0311959 0.0423729 0.0351802 0.0488731  0.053444  0.136346   0.12873  0.136935  0.128228  0.125642  0.138722  0.136924  0.133978  0.135928   0.13357  0.136779  0.136789  0.136748  0.134011  0.134245  0.135478  0.135841     0.136  0.136897  0.136742  0.131915  0.134442  0.131697  0.137695  0.127366  0.132886  0.136159  0.136952  0.131329  0.136209  0.126041  0.135953  0.137117  0.133741  0.138219   0.13431  0.135673  0.131965  0.130943  0.133267  0.125907  0.140166  0.135711   0.13958  0.138934  0.137089  0.129171  0.136604  0.139819 0.0338652  0.124746 0.0338652  0.124746
0.0451556 0.0494476  0.037802 0.0379347 0.0538167 0.0492941 0.0429962  0.029807 0.0384461 0.0453816 0.0416245 0.0478227 0.0516678 0.0426583  0.042077 0.0421222 0.0396724 0.0494546 0.0442004 0.0503589 0.0510745 0.0467039 0.0496682 0.0305891  0.044114 0.0391177 0.0408169 0.0279522 0.0413731 0.0489081         0 0.0473466 0.0437871 0.0356096 0.0347731 0.0315451 0.0332335 0.0342154 0.0300795 0.0361907 0.0445276 0.0345597  0.033714 0.0416623 0.0455223 0.0438517  0.042594 0.0411747 0.0274679  0.128617  0.141458  0.130091  0.140135  0.138679  0.131919  0.129534   0.12718  0.128651  0.126366  0.129176  0.129124  0.128827  0.125994  0.126753  0.128525  0.128575  0.128934  0.129106  0.129719  0.124381  0.126413  0.124254  0.130343  0.138821  0.125524  0.128832  0.128894  0.122675  0.128986  0.137499  0.128458  0.130119  0.126436  0.130867  0.126692  0.129125  0.124635  0.123096  0.126768   0.13728  0.131974  0.129024  0.132023  0.130794    0.1305  0.140896  0.130187  0.132127 0.0302715  0.117156 0.0302715  0.117156
0.0464742 0.0387498 0.0533036 0.0514095 0.0292667 0.0465548  0.040309 0.0451868 0.0499207 0.0439127 0.0530135 0.0484647 0.0293111 0.0473524  0.050149 0.0492634 0.0481842 0.0399118 0.0404934 0.0396957 0.0266849 0.0445866 0.0464054 0.0448976  0.044257 0.0502969 0.0494424 0.0529133 0.0478045 0.0378471 0.0473466         0 0.0464292 0.0554674 0.0532861 0.0453704 0.0464897 0.0519609 0.0549705 0.0424141 0.0433595 0.0515311 0.0560811 0.0519593 0.0444161 0.0438649 0.0485177 0.0411452 0.0448394  0.145537  0.124362  0.146747   0.12279  0.120807  0.148977  0.146403  0.143981  0.145834  0.143308  0.146725  0.146009  0.145582    0.1435  0.144008  0.145089  0.145997  0.145527   0.14654  0.146924  0.141885  0.143936  0.141183   0.14663  0.121801  0.142754  0.145949  0.146458  0.140484  0.145896  0.119736  0.145401  0.147512    0.1434  0.147838  0.144074   0.14599  0.141635  0.140574  0.143237  0.119662  0.149388  0.145242  0.148979  0.147827  0.146786  0.123874   0.14716  0.148754  0.038526  0.134415  0.038526  0.134415
0.0475782 0.0533216 0.0467181 0.0531184 0.0491621 0.0473352  0.052622 0.0497139 0.0507288  0.048213 0.0432746 0.0488414 0.0475696 0.0514686 0.0537249 0.0347284 0.0472234 0.0511011 0.0326613 0.0461834 0.0471787 0.0549078 0.0466757 0.0496499 0.0544379 0.0473825 0.0515718 0.0415464 0.0381798 0.0475673 0.0437871 0.0464292         0 0.0386108  0.049162 0.0452928  0.050231 0.0451566 0.0474833 0.0541129 0.0309368 0.0421818 0.0407663 0.0455099 0.0444712 0.0563636 0.0532191 0.0503215 0.0456265   0.13308  0.141353  0.134643  0.141057   0.13807  0.136268  0.134091  0.132553  0.133151  0.131087   0.13371  0.134038  0.133644  0.130626  0.131598   0.13244  0.133136   0.13306  0.133969  0.133868  0.128926  0.131334  0.128532  0.134444  0.139378  0.130217  0.133286  0.133636  0.128131  0.133381  0.138445  0.132473  0.134976  0.131368  0.135392  0.131942  0.133383  0.129188  0.128649  0.131433  0.138071  0.137182  0.132286  0.136143  0.135754  0.134954  0.141907  0.134279  0.136857 0.0382639  0.122469 0.0382639  0.122469
0.0441608 0.0554398 0.0425414 0.0425688 0.0574823 0.0484646 0.0489837 0.0406909  0.038345 0.0456557 0.0283975  0.050589 0.0555097  0.047374 0.0405169 0.0389706  0.038252 0.0529463 0.0468458 0.0554923 0.0557229 0.0529989 0.0490974 0.0410747 0.0504826 0.0361119 0.0452367 0.0284032 0.0418653 0.0474857 0.0356096 0.0554674 0.0386108         0 0.0370897 0.0375109 0.0434474 0.0331148 0.0361332 0.0459481 0.0442904 0.0340957 0.0250188 0.0468134 0.0442181  0.052121 0.0411802 0.0507099 0.0414281  0.119667  0.146564  0.121146  0.146387  0.144139  0.123082  0.120662  0.115741  0.120045  0.118016  0.120768  0.120593  0.120069  0.117906   0.11804  0.119589  0.116125  0.120255  0.121056  0.120813  0.115253  0.114814  0.115568  0.118492  0.145025  0.116478  0.120032  0.120444  0.111329  0.120194  0.143891  0.119135  0.121297   0.11783  0.122428  0.118473  0.116938  0.116124  0.111133  0.117517  0.143635  0.123651  0.120596  0.123007  0.122322  0.122317   0.14714  0.121037  0.124169 0.0327848  0.109176 0.0327848  0.109176
0.0451467 0.0464007 0.0338285 0.0257265 0.0497971 0.0470756 0.0452267 0.0324909 0.0355951  0.045395 0.0444887 0.0409847 0.0475016 0.0363937 0.0385646 0.0452401 0.0383201 0.0417281 0.0457429 0.0463799 0.0479057 0.0431413 0.0462192 0.0343173 0.0410475  0.033664 0.0297263 0.0347893 0.0455004 0.0502841 0.0347731 0.0532861  0.049162 0.0370897         0 0.0331311 0.0344126 0.0309982 0.0250822 0.0403968 0.0500207 0.0385559 0.0384273 0.0397023 0.0427241 0.0412421 0.0425575 0.0459126 0.0409802  0.130424  0.137123  0.131299  0.136602  0.134974  0.133418  0.131236  0.127889  0.129866  0.128104  0.131291  0.130269  0.129671  0.127768  0.128178  0.129979  0.129224  0.130263  0.130565  0.131833  0.125862  0.127884  0.125666  0.131646  0.136414  0.126329  0.130244  0.130161  0.123935  0.129969  0.134836  0.129649  0.130899  0.127686   0.13252  0.128154  0.129578  0.125754  0.123682  0.127501  0.134777  0.133317  0.130861  0.133395  0.132445  0.132186  0.138147  0.131588  0.133967 0.0297083  0.118799 0.0297083  0.118799
0.0432849 0.0497558 0.0432225 0.0391776 0.0508262 0.0464782 0.0352926 0.0307673 0.0361966 0.0429436 0.0445658 0.0481397 0.0488443 0.0348826 0.0397676     0.045 0.0373339  0.049956 0.0401903 0.0487917 0.0483571 0.0433272  0.048921 0.0291431 0.0394869 0.0339389 0.0336412 0.0339826 0.0451924  0.047562 0.0315451 0.0453704 0.0452928 0.0375109 0.0331311         0 0.0316388 0.0282203 0.0395257  0.037142  0.047847 0.0359022 0.0381081 0.0489457 0.0412036 0.0454633 0.0395944 0.0397061 0.0336028  0.131539   0.14164  0.132599  0.140101  0.138763  0.134951   0.13263  0.130254  0.131559  0.129321  0.132089  0.132218  0.131316  0.129214  0.129671  0.131238  0.131861  0.131587  0.131866  0.133031  0.127128  0.129574  0.127046  0.132997  0.139352  0.127832  0.131273  0.131627  0.125986  0.131293  0.137847  0.131153  0.132709  0.129296  0.133804   0.12964   0.13197    0.1269  0.126277  0.129457  0.137371  0.134869  0.131161  0.134815  0.134171  0.133306  0.141282   0.13289  0.134775 0.0277725  0.120301 0.0277725  0.120301
0.0414661 0.0479833 0.0459047 0.0364568 0.0523571 0.0455177 0.0393874 0.0234193  0.036337 0.0423619 0.0487185 0.0461148 0.0506415 0.0375532 0.0420854 0.0483665 0.0421007 0.0481617 0.0448383 0.0475283 0.0504253 0.0443854 0.0477384 0.0223003 0.0435191 0.0329958 0.0304732  0.041997 0.0502675 0.0478974 0.0332335 0.0464897  0.050231 0.0434474 0.0344126 0.0316388         0 0.0374577 0.0408979 0.0344182 0.0507433 0.0377765 0.0442514 0.0499272 0.0395078 0.0438009 0.0405806 0.0352714 0.0381327  0.131747    0.1371  0.132289  0.136032  0.134134  0.134591  0.133074   0.12867  0.131182  0.128968   0.13197  0.132076  0.131011  0.129129  0.129287  0.131645  0.131061  0.131131  0.131841  0.133476  0.127276  0.128642   0.12686  0.131834  0.134509  0.128216  0.130961  0.131699  0.125077  0.131024  0.132877  0.131139   0.13245  0.129218  0.133348  0.129284  0.130611  0.127155   0.12474  0.129096   0.13289  0.134639   0.13127  0.135259  0.133664  0.133418   0.13601  0.132621  0.134839 0.0288793  0.119594 0.0288793  0.119594
0.0412903 0.0546595 0.0414008   0.04035 0.0567262 0.0410532 0.0458826 0.0351844 0.0311248 0.0417309   0.04017 0.0499648 0.0546663 0.0444136 0.0338213 0.0398017 0.0300926 0.0524942 0.0394993 0.0536427 0.0538731 0.0501718 0.0460582 0.0361199 0.0486621 0.0278161 0.0409763 0.0267438 0.0399493 0.0466609 0.0342154 0.0519609 0.0451566 0.0331148 0.0309982 0.0282203 0.0374577         0 0.0374448 0.0432094 0.0524764 0.0429382 0.0304845 0.0486391 0.0387191 0.0491761 0.0370983 0.0446295 0.0393643  0.123168  0.141761  0.125157  0.140763  0.139027  0.126812  0.124122  0.122052  0.122895  0.121026  0.124094  0.124393  0.123368  0.121274  0.121873  0.122857  0.122491  0.123877  0.123821  0.124335  0.119294  0.121174  0.118893  0.124905  0.140291  0.120076  0.123902  0.124144  0.117382  0.123998  0.138741  0.123175  0.124362  0.120933  0.126273  0.122312  0.123642  0.119324  0.118099  0.121002  0.138637  0.127429  0.123705  0.126828  0.125999  0.125715  0.142006   0.12479  0.127673 0.0290892  0.112419 0.0290892  0.112419
0.0465939 0.0470408 0.0300505  0.030956 0.0517626 0.0501083 0.0482335 0.0371207 0.0397806  0.047287 0.0437424 0.0440679 0.0494488 0.0414347 0.0419703 0.0433321 0.0436566 0.0446917 0.0492855 0.0482686 0.0501786 0.0453048 0.0469469 0.0385906 0.0434179 0.0393254 0.0364451 0.0309904 0.0430615 0.0513109 0.0300795 0.0549705 0.0474833 0.0361332 0.0250822 0.0395257 0.0408979 0.0374448         0 0.0434744 0.0483204 0.0374949 0.0354084 0.0337981 0.0479121 0.0417307 0.0453069  0.048018 0.0370646   0.12857  0.138407  0.129387  0.136645  0.136143  0.131652  0.129083   0.12666  0.127942  0.126373  0.129215  0.128684  0.128075  0.125901  0.126241  0.128213  0.128004  0.128358  0.128852   0.12967   0.12393  0.126182  0.123968  0.130104   0.13669  0.124715  0.128617  0.128376  0.122243  0.128316   0.13479  0.127747  0.129277  0.126125  0.130806  0.126579  0.128024  0.124198  0.122352  0.125959  0.134829  0.131683  0.128747  0.131434  0.130684  0.130168  0.138163  0.129695  0.131994 0.0325152   0.11693 0.0325152   0.11693
