        0   0.12001  0.123217  0.123139  0.128164  0.117829  0.125322  0.120941    0.1268  0.125469  0.116457  0.105608  0.125747 0.0995547  0.123349  0.121266  0.115979  0.134359  0.120706  0.116802  0.119704  0.113858  0.129309  0.106406  0.127789  0.130734  0.122744  0.135713  0.101206  0.111904  0.122014   0.12881  0.136872  0.120664  0.127662  0.130325  0.111556  0.127274  0.133051  0.117453  0.121397  0.125161  0.111104  0.114696  0.122665  0.127917  0.121987  0.120819  0.130955  0.227342  0.229279   0.24183  0.219883  0.223879  0.217209  0.223617  0.219864  0.222167  0.224503  0.229394  0.226777  0.234222   0.24344  0.232901  0.222112  0.239787  0.231047    0.2163  0.222318  0.232466  0.232327  0.221051  0.226586  0.222954  0.228797  0.218611  0.221923  0.230328  0.224687  0.224088  0.219423  0.229063  0.217556  0.214964  0.219247  0.233363  0.221041  0.226505  0.229491  0.218319  0.223221  0.228747  0.236885  0.232375  0.227604  0.225041   0.22532  0.229013 0.0862272  0.183205 0.0862272  0.183205
  0.12001         0  0.126467  0.130965  0.127358  0.130337  0.119382  0.119587  0.106823  0.137343  0.117422  0.118445  0.104105  0.125729  0.124755  0.126684  0.125702  0.123621  0.118696  0.123478  0.126413  0.123817  0.125808  0.126831  0.128265  0.129365  0.126452  0.133491  0.125562  0.112922  0.126926  0.125969  0.127371  0.118249  0.120931  0.144857  0.105772  0.116316   0.13026  0.118196  0.124117  0.124416  0.127795  0.121658  0.125293  0.122002  0.125708  0.110095   0.12788  0.228769  0.231415  0.241181  0.228037  0.231125  0.223722  0.229849   0.22941  0.226728   0.22536  0.235431  0.232544  0.233152  0.243868  0.233246  0.225175  0.241217  0.229362  0.219752  0.224409  0.229633  0.235209  0.226266  0.234804  0.225571  0.232833  0.230059  0.225536  0.236811   0.22529  0.228517  0.223539  0.233521  0.224257  0.224683  0.223155  0.232099  0.227813  0.231413  0.230411  0.227262  0.231309   0.23448  0.240739  0.237222  0.231749  0.232812  0.229823  0.233317  0.087797  0.187547  0.087797  0.187547
 0.123217  0.126467         0  0.133478  0.121945  0.139082  0.120675  0.132547  0.131063  0.137198  0.118649  0.124107   0.12318  0.121392  0.120628  0.131892  0.131603  0.134704  0.124138  0.123281  0.126824  0.122681  0.125293  0.128024  0.135256  0.129484  0.119498  0.143512  0.137885  0.109884   0.12969  0.125502  0.114866  0.126916  0.124628  0.136532  0.122593  0.121951  0.122918  0.132858  0.127124  0.122623  0.112485  0.120838  0.123787  0.120563  0.118883  0.118028  0.123047  0.221168  0.219691   0.23939  0.210851  0.215875  0.212341  0.219468  0.212961  0.214298  0.223381  0.220472  0.220526  0.228771  0.240415  0.233067  0.216333  0.238845   0.22893  0.211179  0.214969  0.229669  0.225573  0.212482  0.220194  0.212945  0.225769  0.211841  0.214678  0.230431   0.21457  0.216911   0.21781  0.220717  0.213529  0.209203  0.213663  0.226732  0.212062  0.219875  0.228729  0.212757  0.216143  0.219812   0.23727  0.225031  0.216552  0.213717  0.218511  0.218172 0.0906584  0.175047 0.0906584  0.175047
 0.123139  0.130965  0.133478         0  0.126344  0.132466  0.128706   0.13374   0.12466  0.145103   0.12489  0.129645  0.125374   0.12566  0.122241  0.129237   0.12755   0.13853  0.132405  0.130283  0.132988  0.129308  0.130004  0.115058  0.138051  0.131505  0.123468  0.145209   0.13314  0.121327  0.141157  0.129647  0.130992  0.127375  0.118482  0.134714  0.129918  0.136961  0.135868   0.12985  0.118558  0.122011  0.117284  0.126574  0.117333  0.138799  0.126787  0.133455  0.130603  0.224869  0.226109  0.230257  0.220014  0.220487  0.214386    0.2217  0.222774  0.218388  0.221625  0.229493  0.225704  0.221236  0.232553  0.224709   0.22292  0.232016  0.220558   0.21454  0.223137  0.222582  0.231467  0.216703  0.225083  0.216525  0.229404  0.221573  0.223998  0.234831   0.22368  0.223862  0.218877  0.225876  0.220649  0.215519  0.217363   0.21932  0.217972  0.225677  0.220811  0.221714  0.219729  0.226316  0.230946  0.231114   0.22514  0.224997  0.221639  0.229775  0.097521  0.182223  0.097521  0.182223
 0.128164  0.127358  0.121945  0.126344         0  0.138979  0.117997  0.124451  0.115093  0.125957  0.109105  0.118435  0.117405  0.129106  0.118423  0.134323  0.101851  0.139423  0.120204  0.125134   0.13167  0.127152  0.120573  0.128981  0.128637     0.117  0.128217  0.124837  0.131089  0.117541  0.130534  0.121301  0.116729  0.126909  0.128127  0.136736  0.124981  0.140715  0.128525  0.127733  0.118259  0.118444  0.121246  0.118137  0.123064  0.122469  0.119404  0.127763  0.118318  0.230394  0.232327  0.236399  0.223505  0.224663  0.220002  0.227146  0.226182  0.220864  0.227563  0.233024  0.228417  0.231546   0.24261  0.230801  0.224342  0.242181   0.22895   0.21984  0.227568  0.230767  0.235383  0.221656  0.230394  0.219128  0.234069  0.224951  0.223834  0.238901  0.225351  0.222706   0.22621   0.23086  0.221915  0.219449  0.222863  0.230065  0.223153  0.234978  0.230608  0.226377  0.221756  0.228985  0.236615  0.235807  0.226218  0.228684  0.224083  0.231982 0.0898111  0.184387 0.0898111  0.184387
 0.117829  0.130337  0.139082  0.132466  0.138979         0  0.128862  0.126199  0.137269  0.137136  0.133105  0.131679  0.123958  0.127903  0.130322  0.127861  0.128677  0.130645  0.119949  0.137465  0.135077    0.1259  0.129515   0.12662   0.13858  0.136532  0.136961  0.131669  0.123312  0.137423  0.129921  0.132796  0.133354  0.138498  0.137369   0.12917  0.137314  0.130688  0.138575  0.131505  0.125184  0.140221  0.129843  0.130285  0.130582  0.137244  0.144714  0.126845  0.133848  0.237066  0.242032  0.240873  0.236441  0.230274  0.231703  0.235028  0.232026  0.230574  0.228099  0.240425  0.237601  0.233891  0.241561  0.234953    0.2266  0.240708  0.231923  0.226202  0.233937  0.230701  0.241989  0.230047  0.239061  0.232426  0.236193  0.230027  0.231481  0.240907  0.236343  0.237198  0.229445  0.239984  0.225488  0.227672  0.225624  0.233082  0.234609  0.231746  0.230318  0.234309  0.231321  0.240765  0.239666  0.248208   0.23931  0.242741  0.234581  0.235524  0.102898  0.194149  0.102898  0.194149
 0.125322  0.119382  0.120675  0.128706  0.117997  0.128862         0  0.123528  0.128641  0.129436  0.115163  0.125266   0.12155  0.125488  0.123403  0.136058  0.114864  0.129428  0.122741  0.135442  0.127106  0.126509  0.115014  0.130452  0.136106  0.122172  0.128139   0.14108  0.121013  0.111098  0.127186  0.130178  0.129036  0.127673    0.1266   0.13122  0.123686  0.123867  0.136875  0.131548  0.119552  0.123654  0.124958  0.120593  0.135181  0.125672  0.125487  0.118334   0.12914  0.229761  0.228253   0.24691  0.222668  0.225965  0.222284  0.225491  0.225235  0.222858  0.231193  0.233359  0.233234  0.235582  0.241998  0.238078  0.224704  0.243338  0.235032   0.22084  0.226552  0.236127  0.235062  0.221302  0.230341  0.222646  0.233186  0.223052  0.219966  0.235119  0.224676  0.225592  0.226318  0.229916  0.219127  0.221598  0.221759  0.234135   0.22185  0.226947  0.233932  0.224161  0.223129  0.228596  0.242367  0.229905  0.229196  0.227272  0.224752  0.229727 0.0920042  0.184909 0.0920042  0.184909
 0.120941  0.119587  0.132547   0.13374  0.124451  0.126199  0.123528         0  0.122423  0.123995  0.120953  0.122174  0.116114  0.124535  0.120902  0.128283  0.114167  0.136053  0.119577  0.122896  0.130426   0.11834  0.128728  0.121789  0.130862  0.132754  0.118873   0.12438   0.12695  0.125673  0.125427  0.130991  0.133908  0.120699  0.130782  0.134474  0.125606    0.1262  0.125831   0.12415  0.109788  0.129622   0.11662  0.124897  0.128583  0.112874  0.125936  0.127265  0.132509  0.233255  0.235681   0.24491  0.231105  0.229197  0.226416  0.234061  0.228319  0.231985  0.229093  0.240672  0.234036  0.240202   0.24735  0.240853  0.225083  0.245543  0.232568  0.225316  0.229399  0.234641  0.240345  0.225387  0.233776  0.228214  0.238877   0.23036  0.230562  0.240266  0.232215  0.227986  0.228306  0.237422  0.222904  0.222644  0.227353  0.238512  0.229357  0.233374  0.235251  0.232783  0.232272  0.237443  0.243696   0.23903   0.23247  0.232397  0.233954  0.233901 0.0917982  0.190474 0.0917982  0.190474
   0.1268  0.106823  0.131063   0.12466  0.115093  0.137269  0.128641  0.122423         0  0.138968  0.127799  0.123813  0.115389  0.131753  0.115698  0.120753  0.122646  0.133345  0.125293  0.127284  0.139115  0.132793   0.12913  0.128808   0.13215   0.12926  0.122117  0.132095  0.128955  0.108436   0.14386  0.127812  0.130726   0.12679  0.124624  0.145916  0.114523  0.137711  0.129399  0.119656  0.127089  0.127449  0.122196  0.123933  0.122153  0.129971   0.12346  0.131642  0.127791  0.234725  0.236823  0.241038  0.230013  0.228367  0.225287  0.233904  0.228668  0.230626  0.230332  0.234912  0.235371  0.235801  0.246994   0.23815  0.229389  0.246167  0.231058   0.22579  0.230022  0.232889  0.241713   0.22914  0.233858  0.226376  0.240017  0.235243  0.232092  0.244822  0.233708  0.228299  0.231241   0.23606  0.229549  0.226713  0.231308  0.235276  0.228528  0.236906  0.234593  0.230856  0.231677   0.23551  0.244342  0.241242  0.233391  0.233381  0.231639  0.237861 0.0937543  0.192125 0.0937543  0.192125
 0.125469  0.137343  0.137198  0.145103  0.125957  0.137136  0.129436  0.123995  0.138968         0  0.128655  0.130988  0.130805  0.120914  0.127265   0.13798  0.128712   0.14243  0.118244  0.125783  0.133733  0.121659   0.11746  0.128036  0.126582  0.106986  0.135772  0.130352  0.137434  0.123684  0.113311  0.134372  0.118734   0.12373  0.136838  0.126263  0.123088  0.136153  0.136897  0.129708  0.123551  0.126176  0.125337  0.121443  0.133457  0.129952  0.132078  0.125697  0.123212  0.235795  0.236299  0.246433  0.232965  0.229835  0.226784  0.234652  0.230599  0.231006   0.23229  0.240075  0.237747  0.235397  0.246687  0.240463  0.225791  0.244095  0.234149  0.225507  0.231964  0.233264   0.24404  0.229833  0.235524  0.229447  0.235939   0.23029  0.231218  0.238461   0.23461  0.228204  0.230543  0.238985   0.22913  0.228049  0.232053  0.234008  0.227236  0.237605   0.23573  0.231366  0.232312   0.23666  0.237862  0.244289  0.234069  0.235583  0.233478  0.235053 0.0972123  0.192599 0.0972123  0.192599
 0.116457  0.117422  0.118649   0.12489  0.109105  0.133105  0.115163  0.120953  0.127799  0.128655         0  0.119167  0.120445  0.125109  0.121663   0.12899  0.119974  0.134972  0.127271  0.127948  0.125357  0.119367  0.123183  0.124068  0.126372  0.126556  0.123966  0.136071  0.125813  0.115783   0.11777  0.121212   0.12212  0.121782  0.132111  0.133593    0.1207  0.124738  0.126746  0.132927  0.113192  0.128928  0.116386  0.123063  0.128139  0.122488  0.124769   0.11457  0.122556  0.233105  0.236552  0.240962  0.228919  0.230244   0.22254  0.231546  0.231329  0.230054  0.227137  0.238659  0.232615  0.229954  0.241799  0.231836  0.227613  0.240115  0.230495   0.22417  0.229632  0.230515  0.238925  0.226403  0.235817  0.227295  0.236241  0.226316   0.22729  0.237258  0.232611  0.231701  0.228898   0.23517  0.225212  0.224209  0.224933  0.228432  0.228787  0.233225  0.232308      0.23  0.231991  0.235821  0.235816  0.239386  0.236627   0.23174  0.233155  0.236614 0.0896772  0.189982 0.0896772  0.189982
 0.105608  0.118445  0.124107  0.129645  0.118435  0.131679  0.125266  0.122174  0.123813  0.130988  0.119167         0  0.119725  0.117925  0.124279   0.12232  0.122551  0.121592  0.129709  0.116279    0.1189   0.11506  0.127284  0.127293  0.127053  0.133514  0.119561   0.14312  0.116682  0.115386  0.128842   0.12713  0.133947  0.124323  0.123077  0.139105  0.119202  0.122673   0.13206  0.128206  0.120951   0.12101  0.117009  0.123181  0.109058  0.121688   0.11336  0.122875  0.129063  0.224817  0.227647   0.24339  0.221221  0.223882  0.219891  0.225115  0.221742   0.22116  0.226586  0.230192  0.226575  0.234051  0.246013  0.237132  0.218954  0.244684  0.232421  0.214513  0.223811  0.229283  0.232217  0.218018  0.227765  0.221937   0.23371  0.217212  0.222965  0.234215  0.226768  0.221883   0.22064  0.226817  0.215158  0.216608  0.218257  0.232877  0.220736  0.228008  0.234434  0.221817  0.222051  0.227212  0.239221  0.234105  0.224698  0.225561  0.222222  0.227804 0.0876002  0.181665 0.0876002  0.181665
 0.125747  0.104105   0.12318  0.125374  0.117405  0.123958   0.12155  0.116114  0.115389  0.130805  0.120445  0.119725         0  0.127984  0.115053  0.122491  0.128317  0.113326  0.109272  0.110625  0.129985  0.118026  0.120992  0.130785  0.124877  0.123661  0.116509  0.125921  0.134125  0.121214  0.125349  0.122507  0.118218  0.115565  0.119434  0.142584  0.117562  0.112342   0.12792  0.120955  0.104648  0.126504  0.116385  0.118332  0.115771  0.118563  0.128798   0.10466  0.118938  0.230125  0.235637  0.246064  0.231607  0.231316  0.225562  0.233038  0.230607  0.224874  0.232604  0.239362   0.23497  0.242378  0.249544  0.239845  0.225941  0.248899  0.234654  0.222774  0.228844  0.238847   0.23748  0.225178  0.231146  0.222519   0.23913   0.23109  0.231082  0.241805  0.226572  0.229473  0.227663   0.23488  0.225969   0.22269  0.224234  0.240441  0.228975  0.235017  0.237784  0.229993  0.230274  0.236131  0.244584  0.243693  0.230889  0.233682  0.231841  0.234621 0.0858044  0.189879 0.0858044  0.189879
0.0995547  0.125729  0.121392   0.12566  0.129106  0.127903  0.125488  0.124535  0.131753  0.120914  0.125109  0.117925  0.127984         0  0.121688  0.132674  0.111104  0.138024  0.119383  0.122935  0.124302  0.111964  0.124643   0.10288  0.133377  0.122697  0.123152  0.133072  0.116107  0.106075  0.123768   0.13275  0.127954  0.127427  0.118441  0.128475   0.11652  0.127109  0.130564  0.120224  0.124836  0.111588  0.112417  0.120295  0.121798  0.132459  0.111732  0.121901  0.128448  0.226805  0.227961  0.239515  0.218223  0.221341  0.215773  0.226144  0.219811  0.220296  0.223328  0.228755  0.226902  0.233388  0.242264  0.231728  0.220962  0.242437  0.230573  0.217182  0.222173  0.227042  0.231441  0.219477  0.224416   0.21733  0.230272  0.216975  0.219073   0.23067  0.224037  0.221833  0.219647  0.224106   0.21392  0.217154  0.217149   0.23225  0.218975  0.227167  0.231656  0.220146  0.222836  0.226958   0.24029   0.23171  0.223682  0.223196  0.222699  0.227122 0.0877577   0.18158 0.0877577   0.18158
 0.123349  0.124755  0.120628  0.122241  0.118423  0.130322  0.123403  0.120902  0.115698  0.127265  0.121663  0.124279  0.115053  0.121688         0  0.120176  0.128823  0.120768  0.117722  0.112664  0.115561  0.112428   0.11645  0.130555  0.118734  0.117372   0.11604  0.122383   0.12078  0.110522  0.122641  0.103689  0.117458  0.110124  0.117963  0.136349  0.111465  0.126207  0.114301  0.110485  0.112202  0.112536  0.111213  0.104814  0.110602  0.119426  0.125109  0.115479  0.110076  0.225498  0.226674   0.22938  0.224383  0.220913  0.216296  0.224832  0.223949  0.221161  0.219445  0.231832  0.227023  0.224836  0.234525  0.226818   0.22042  0.234518  0.222765  0.214754  0.222957   0.22641  0.232007  0.218738   0.22466  0.217196  0.231031  0.219673  0.226066  0.233261  0.225054  0.222517  0.219956  0.226626  0.217893    0.2138  0.218842  0.223801  0.224134  0.225447  0.223743  0.224473  0.220604  0.227906  0.231591  0.235801  0.223077  0.223973  0.223205   0.22776 0.0803622  0.180669 0.0803622  0.180669
 0.121266  0.126684  0.131892  0.129237  0.134323  0.127861  0.136058  0.128283  0.120753   0.13798   0.12899   0.12232  0.122491  0.132674  0.120176         0  0.141862  0.127261  0.124333  0.113169  0.123934  0.126948   0.12989  0.130917  0.115842  0.135281  0.119482   0.13837  0.126274  0.125838  0.142326  0.123838  0.130816  0.116901  0.126522  0.142288  0.119299    0.1305  0.122745  0.121394  0.125021  0.135668  0.115117  0.122063  0.119122  0.123747  0.114721  0.130341  0.129314  0.229607  0.235942   0.24411  0.233434  0.229346  0.226446  0.233639  0.227696  0.227491  0.231417  0.240617  0.235365  0.238367  0.246541  0.237371  0.226705  0.242438  0.232105  0.226268  0.228393  0.233403  0.239734  0.225386  0.235903   0.22549  0.234282   0.23311  0.230022  0.236825  0.230276  0.231191   0.23031   0.23485  0.225113  0.226042  0.226969  0.236999  0.231509  0.230519  0.235064  0.232025   0.23168   0.23821  0.239492  0.242112  0.233748  0.235561  0.233002  0.235758  0.093013  0.190588  0.093013  0.190588
 0.115979  0.125702  0.131603   0.12755  0.101851  0.128677  0.114864  0.114167  0.122646  0.128712  0.119974  0.122551  0.128317  0.111104  0.128823  0.141862         0  0.136765  0.122683  0.132325   0.13839  0.115606  0.133577  0.115839  0.146301  0.125932  0.137607  0.135257  0.116334  0.122621  0.129836  0.135604  0.133592  0.138634  0.127761  0.133079  0.134294  0.135725  0.143209  0.125337  0.125987  0.116604  0.126223  0.124241  0.127633   0.13422  0.127737  0.131417  0.135376  0.233638  0.234283   0.24111  0.226598   0.22672  0.222566  0.229624  0.225518  0.228887   0.22671  0.234177  0.234259  0.232118  0.244135   0.23417  0.227331   0.24513   0.23448  0.223112  0.226488  0.232511  0.237836  0.226258  0.232885  0.227394  0.236431  0.224868  0.226335  0.241734   0.23092  0.227304  0.228028  0.233403     0.223   0.22356  0.226125  0.231067  0.227308  0.231672  0.232132    0.2268  0.226668  0.230902  0.242136  0.237447   0.23207  0.232841  0.228873  0.232278 0.0962164  0.188251 0.0962164  0.188251
 0.134359  0.123621  0.134704   0.13853  0.139423  0.130645  0.129428  0.136053  0.133345   0.14243  0.134972  0.121592  0.113326  0.138024  0.120768  0.127261  0.136765         0  0.122886  0.129912  0.128506  0.129662  0.134663  0.141197  0.135013  0.132244  0.136047  0.145235  0.132626  0.128324  0.131675  0.132928  0.133378  0.136854  0.133393  0.141047   0.12668  0.114762  0.136874  0.138745  0.136971  0.134778   0.13212   0.12442  0.128553  0.133683  0.135379  0.117992  0.133589  0.235069  0.234931  0.251068  0.232345  0.233726  0.229522  0.235222  0.231008  0.233644  0.236517  0.241494  0.240826  0.242661  0.253166  0.244059   0.23094  0.251096  0.237591  0.225063  0.233862  0.238554  0.242457  0.225838  0.238924  0.230716  0.244062  0.230234  0.232775  0.245152  0.233263  0.234643  0.230314  0.238375  0.227468  0.230061  0.228267   0.24147  0.232898  0.233379  0.238931  0.229652  0.233798  0.237627  0.247824  0.244056  0.238454  0.238704  0.236392  0.236757  0.103378   0.19434  0.103378   0.19434
 0.120706  0.118696  0.124138  0.132405  0.120204  0.119949  0.122741  0.119577  0.125293  0.118244  0.127271  0.129709  0.109272  0.119383  0.117722  0.124333  0.122683  0.122886         0  0.120766  0.133011  0.117257  0.120595  0.122213   0.12105  0.123015  0.125601  0.119529  0.127702  0.117088  0.119493  0.125083  0.109411   0.12541  0.125049  0.121088  0.122601  0.120405   0.12386  0.121501  0.115835  0.125106  0.116385   0.12542  0.126237  0.125836  0.137238  0.118475  0.109416  0.229391  0.230965  0.237346   0.22557  0.218688  0.220169  0.226511  0.219672  0.218121   0.22627  0.230089  0.227971   0.23025  0.239114  0.234097  0.218602  0.241047  0.229772  0.220267  0.223444  0.228645  0.231747  0.220745  0.230233   0.21601  0.229002  0.225593  0.220705  0.233975  0.225366  0.221645  0.222698  0.228387  0.218838  0.216217  0.220331  0.228846  0.220191  0.226862  0.228549  0.227152  0.221476   0.22876  0.237813  0.231897  0.222906  0.226778   0.22447  0.228807 0.0882292  0.181857 0.0882292  0.181857
 0.116802  0.123478  0.123281  0.130283  0.125134  0.137465  0.135442  0.122896  0.127284  0.125783  0.127948  0.116279  0.110625  0.122935  0.112664  0.113169  0.132325  0.129912  0.120766         0  0.118545  0.116131  0.133082   0.12884  0.121214  0.110964  0.111518  0.125545   0.12878  0.118064  0.134607  0.124891  0.127978  0.100394   0.11318  0.146778 0.0986243  0.124194  0.124618  0.122228  0.112681  0.127925  0.105623   0.10292  0.105522   0.12255  0.117028  0.121035  0.117697  0.227914  0.235288  0.241161  0.228163  0.228055  0.221874  0.232281  0.226724   0.22544  0.228202  0.238306  0.230981  0.240256  0.248842   0.23587  0.223965  0.245786  0.234079  0.222293  0.229833  0.236053  0.235699  0.223201  0.229803  0.222073  0.234402  0.229856  0.232245  0.239303  0.229144  0.229264  0.229123  0.230463  0.223204  0.218862  0.225011  0.238296  0.229069  0.234387   0.23475  0.231137  0.226887  0.235746  0.241335  0.242209  0.227722  0.228362  0.230488  0.233412 0.0847401  0.187656 0.0847401  0.187656
 0.119704  0.126413  0.126824  0.132988   0.13167  0.135077  0.127106  0.130426  0.139115  0.133733  0.125357    0.1189  0.129985  0.124302  0.115561  0.123934   0.13839  0.128506  0.133011  0.118545         0   0.12156  0.130468  0.137241  0.119324  0.130503  0.130127  0.145031  0.129315  0.122997  0.132217  0.121407  0.137568  0.118606  0.111149   0.13109  0.115432  0.130955   0.12849  0.127755  0.125803   0.12079  0.116721  0.114522  0.120712  0.125467  0.122548  0.112535  0.124805  0.231686  0.232309  0.242929  0.227356   0.22836  0.220878  0.230309  0.226967  0.228687  0.226424  0.239361  0.233963  0.233104  0.244954  0.232657  0.226769  0.240104  0.230951  0.222211  0.227302  0.232469  0.236773  0.224336  0.232685  0.224163  0.232143  0.222925  0.226295  0.233135  0.226274  0.230244  0.227937   0.23232  0.222872  0.223096  0.224725  0.232359  0.227434  0.232286  0.232465  0.228862  0.228736  0.235712  0.239962  0.238973  0.230764   0.22935  0.232754  0.235573 0.0903579  0.188078 0.0903579  0.188078
 0.113858  0.123817  0.122681  0.129308  0.127152    0.1259  0.126509   0.11834  0.132793  0.121659  0.119367   0.11506  0.118026  0.111964  0.112428  0.126948  0.115606  0.129662  0.117257  0.116131   0.12156         0  0.123959  0.119031  0.129895  0.134156  0.117547  0.130637  0.124752  0.120556  0.126896  0.123582   0.12971  0.113962  0.121564  0.128239  0.119833  0.131333  0.131446  0.110912  0.119414  0.103476  0.114658  0.115246  0.107459  0.128618  0.125281  0.115548  0.126134  0.225862  0.226948  0.242879  0.222196  0.224077  0.220548  0.226361   0.22224  0.221145  0.227207  0.231351  0.228525  0.235021  0.244124  0.236396  0.218712  0.243643  0.234146  0.217656  0.222672  0.231324   0.23151  0.220742  0.230381  0.220119  0.229277  0.222134  0.222235  0.232352  0.222748  0.223955  0.222076  0.225563  0.216827  0.216844  0.217911  0.233781  0.219757  0.223807  0.231986  0.224011  0.223573  0.229779  0.240505  0.235663  0.224352  0.225913  0.225064  0.226639 0.0848776   0.18302 0.0848776   0.18302
 0.129309  0.125808  0.125293  0.130004  0.120573  0.129515  0.115014  0.128728   0.12913   0.11746  0.123183  0.127284  0.120992  0.124643   0.11645   0.12989  0.133577  0.134663  0.120595  0.133082  0.130468  0.123959         0  0.132723  0.111283   0.12022  0.127701  0.120623  0.125678  0.122207  0.110893  0.116447  0.111651  0.124191  0.126383  0.121975  0.123476  0.134113  0.119723  0.121583  0.122537  0.124375  0.126458  0.128426  0.127924  0.124108  0.131398  0.121543  0.116092  0.223569  0.226838  0.238037  0.220384   0.22021  0.219756  0.223767  0.222648  0.217754  0.224428    0.2291  0.226653  0.228064  0.238613  0.229418  0.219862   0.23731  0.226158  0.216038  0.222036   0.22729  0.233644  0.219564  0.227226  0.218197  0.228819  0.221866  0.221656  0.232613  0.222276  0.223834  0.220241  0.227943  0.217626  0.216401  0.217844  0.226978  0.220401  0.223144  0.226514   0.22209  0.220753  0.224787  0.233573  0.232565  0.221686  0.227783  0.222535  0.224134 0.0900851  0.180072 0.0900851  0.180072
 0.106406  0.126831  0.128024  0.115058  0.128981   0.12662  0.130452  0.121789  0.128808  0.128036  0.124068  0.127293  0.130785   0.10288  0.130555  0.130917  0.115839  0.141197  0.122213   0.12884  0.137241  0.119031  0.132723         0  0.139908  0.130598  0.129319  0.140126  0.120165  0.115531  0.132107  0.130662  0.130281   0.12999   0.12746  0.129482  0.129089  0.131536  0.130631  0.124933  0.127282  0.124006   0.11913   0.12373  0.126266    0.1405   0.12718  0.130372   0.13562  0.224226  0.229462  0.241498  0.223948  0.218224  0.223133  0.222219  0.222601  0.220063  0.226118  0.230941  0.225952   0.23796  0.248337  0.236042  0.220777  0.246182  0.233137  0.215745  0.228805  0.230377  0.230789  0.215763   0.22361   0.21829  0.228557  0.219984  0.224622  0.234396  0.223637  0.225848    0.2193  0.222873  0.216402  0.217115  0.217607  0.235745  0.218539   0.22681  0.234799  0.222791  0.221454  0.234434  0.241349  0.233393  0.224104  0.231421  0.225521  0.225129 0.0948489  0.182666 0.0948489  0.182666
 0.127789  0.128265  0.135256  0.138051  0.128637   0.13858  0.136106  0.130862   0.13215  0.126582  0.126372  0.127053  0.124877  0.133377  0.118734  0.115842  0.146301  0.135013   0.12105  0.121214  0.119324  0.129895  0.111283  0.139908         0  0.129276  0.130577  0.120356  0.132062   0.13273  0.127772  0.113195   0.12279  0.119785  0.131395  0.129325  0.119126  0.131077  0.118181  0.130202  0.119701  0.134215  0.118825  0.119578  0.126538  0.127504  0.132004  0.120091  0.113801  0.232998  0.236686   0.24276  0.234008  0.233792  0.224495  0.232833  0.230315  0.228329  0.230899  0.240542  0.234153  0.238183  0.249354  0.237948  0.231244  0.245213  0.233949  0.226993  0.229041  0.233141  0.238347  0.226191  0.236345  0.224982  0.234414  0.232758  0.227369   0.23877  0.227469  0.231319  0.231053  0.238938  0.226182  0.227292  0.225556  0.237092   0.22964   0.23718  0.236165  0.233322  0.232858   0.23738   0.24276  0.239907  0.232789  0.233017  0.232092  0.237946 0.0932167  0.191386 0.0932167  0.191386
 0.130734  0.129365  0.129484  0.131505     0.117  0.136532  0.122172  0.132754   0.12926  0.106986  0.126556  0.133514  0.123661  0.122697  0.117372  0.135281  0.125932  0.132244  0.123015  0.110964  0.130503  0.134156   0.12022  0.130598  0.129276         0  0.130803  0.126647  0.132782  0.114505  0.126106  0.125396  0.119996  0.132236  0.123074  0.130352  0.113242  0.132535  0.125238   0.13045  0.131126  0.125506  0.126413  0.111853  0.121746   0.12984  0.127312   0.12001  0.116109  0.231057  0.233368  0.235908  0.224287  0.226887  0.219493  0.229513  0.228217   0.22357  0.224595  0.231504  0.231283  0.228957  0.240208   0.22708  0.224779  0.238599  0.222449  0.218808  0.232948  0.224787    0.2363  0.221528  0.229408  0.221613  0.237564  0.225231  0.223709  0.241849  0.229453  0.224688  0.227518  0.231276  0.219961  0.222486  0.226958  0.227823  0.227382  0.234328  0.228312  0.226283  0.223796  0.232236  0.236424  0.234979  0.228486  0.230601  0.228866  0.232203 0.0935169  0.186107 0.0935169  0.186107
 0.122744  0.126452  0.119498  0.123468  0.128217  0.136961  0.128139  0.118873  0.122117  0.135772  0.123966  0.119561  0.116509  0.123152   0.11604  0.119482  0.137607  0.136047  0.125601  0.111518  0.130127  0.117547  0.127701  0.129319  0.130577  0.130803         0  0.135087  0.135874  0.117584  0.134419  0.125499  0.125865  0.116271  0.122585  0.139441  0.121759  0.129912  0.122611  0.125212  0.112591  0.124087  0.118163  0.121996  0.109754  0.114707  0.123072  0.125039  0.123882  0.221499  0.227524  0.236978  0.221034  0.220671  0.215019  0.223845  0.220109  0.216345  0.223927  0.229127  0.225074  0.233804  0.240912  0.231867   0.21728  0.239157  0.226959  0.213285  0.219298  0.231546  0.230256  0.214993  0.224734  0.217686   0.22923  0.219586  0.221324  0.232019  0.220966  0.218214  0.219175  0.225232  0.215125  0.212496  0.215404  0.232367  0.220821  0.226828  0.230286  0.219879  0.220285  0.226192  0.235335  0.233104  0.222385  0.219748  0.221557  0.223315 0.0880928  0.179072 0.0880928  0.179072
 0.135713  0.133491  0.143512  0.145209  0.124837  0.131669   0.14108   0.12438  0.132095  0.130352  0.136071   0.14312  0.125921  0.133072  0.122383   0.13837  0.135257  0.145235  0.119529  0.125545  0.145031  0.130637  0.120623  0.140126  0.120356  0.126647  0.135087         0  0.138678  0.141616  0.126056  0.130547  0.123776  0.131089  0.143677  0.132312  0.129859  0.144278  0.124592  0.131663  0.127384  0.143635  0.127485  0.127707    0.1312  0.130852  0.142585  0.134304  0.108283  0.241795  0.244495  0.242287  0.238071  0.239855  0.229748  0.243205  0.236061  0.235776  0.236063  0.247335  0.242875  0.244203  0.249654  0.241243  0.236183  0.250142  0.236297   0.23355   0.23766  0.240557    0.2447  0.237629   0.24327   0.23376  0.245557  0.239656  0.239067  0.247427  0.239305  0.237091  0.240531  0.244374  0.233818  0.230858  0.236435  0.242785  0.235069  0.247547  0.239735  0.239786  0.241476  0.245867  0.248297  0.250042  0.243508  0.239965  0.237635  0.244198  0.104253  0.200376  0.104253  0.200376
 0.101206  0.125562  0.137885   0.13314  0.131089  0.123312  0.121013   0.12695  0.128955  0.137434  0.125813  0.116682  0.134125  0.116107   0.12078  0.126274  0.116334  0.132626  0.127702   0.12878  0.129315  0.124752  0.125678  0.120165  0.132062  0.132782  0.135874  0.138678         0  0.119189  0.126808  0.131955  0.141541  0.132605  0.125777  0.139564  0.126023  0.125634  0.139959  0.126018  0.127698  0.129919  0.124259   0.12537   0.12695  0.133713  0.127021  0.128987  0.136818  0.232743  0.233065  0.241186  0.228981  0.229507  0.222754  0.230089  0.226393  0.231014  0.226358  0.237891  0.234067  0.233892  0.245354  0.233027  0.230085  0.240077  0.231893  0.223232  0.226962  0.232839  0.239832  0.227519  0.232044  0.227425  0.233471  0.227634  0.224662  0.234275  0.231158  0.229768  0.227084  0.234228   0.22132  0.223267  0.223831  0.233034  0.230648  0.229511  0.233201  0.226032  0.227024  0.232263  0.240198  0.237595  0.232467  0.232069   0.23016  0.234027 0.0947277  0.189022 0.0947277  0.189022
 0.111904  0.112922  0.109884  0.121327  0.117541  0.137423  0.111098  0.125673  0.108436  0.123684  0.115783  0.115386  0.121214  0.106075  0.110522  0.125838  0.122621  0.128324  0.117088  0.118064  0.122997  0.120556  0.122207  0.115531   0.13273  0.114505  0.117584  0.141616  0.119189         0  0.129952  0.127919  0.121999  0.118621  0.116351  0.135768 0.0961713  0.115016  0.126599  0.123986  0.118386  0.108103  0.115049  0.117078  0.124036  0.128358  0.110969  0.115303  0.125028  0.224438  0.220638  0.236479  0.214872  0.213544  0.209497  0.220366   0.21613  0.214215  0.223764  0.222854  0.221864   0.22623  0.237179  0.230251   0.21608   0.23759  0.227042  0.212818  0.220098  0.226266  0.228886  0.215042  0.221366  0.214037   0.22592  0.216648   0.21725  0.225932  0.217936  0.217335  0.218597  0.220499  0.212494  0.213576  0.215239  0.224753  0.217979  0.218986   0.22871  0.218278  0.217213  0.220632  0.237858  0.223625  0.216937   0.21554  0.216007  0.223776 0.0820014  0.175591 0.0820014  0.175591
 0.122014  0.126926   0.12969  0.141157  0.130534  0.129921  0.127186  0.125427   0.14386  0.113311   0.11777  0.128842  0.125349  0.123768  0.122641  0.142326  0.129836  0.131675  0.119493  0.134607  0.132217  0.126896  0.110893  0.132107  0.127772  0.126106  0.134419  0.126056  0.126808  0.129952         0  0.124541  0.116744  0.129577  0.138376  0.125439  0.136197  0.114295  0.125451  0.124871  0.123647  0.131851  0.126892  0.130397  0.131475  0.123933  0.140736  0.115746  0.126047   0.23094  0.231002  0.241398  0.228045   0.22784  0.221607  0.227414  0.229387  0.225595   0.22826  0.234896  0.230954  0.235171  0.243652   0.23286  0.226135  0.244799  0.232188  0.216119  0.229462  0.233521   0.23763  0.224405  0.229502  0.225698   0.23747  0.218793  0.228222  0.237013  0.229821  0.226822  0.224579   0.23187  0.223684  0.221784  0.221475  0.233516  0.227733  0.231539  0.233921  0.225265  0.229836   0.23385  0.237783  0.241346  0.230047   0.23177  0.229232  0.230184 0.0980332  0.186473 0.0980332  0.186473
  0.12881  0.125969  0.125502  0.129647  0.121301  0.132796  0.130178  0.130991  0.127812  0.134372  0.121212   0.12713  0.122507   0.13275  0.103689  0.123838  0.135604  0.132928  0.125083  0.124891  0.121407  0.123582  0.116447  0.130662  0.113195  0.125396  0.125499  0.130547  0.131955  0.127919  0.124541         0  0.122999  0.122489  0.129592  0.131548  0.124208  0.136415  0.115704  0.126271  0.123929  0.129245  0.124338  0.121393  0.124883  0.121853    0.1313  0.121205  0.119142  0.229077  0.230581  0.236158  0.227327  0.226665  0.223914  0.226855   0.22808  0.222865  0.225785  0.233937  0.228594  0.229646  0.239775   0.23197  0.225026  0.239705  0.228073  0.217761  0.227538  0.227166  0.235339  0.223409  0.231206  0.221906  0.233813  0.221159  0.227659  0.236878  0.226744  0.226748  0.224824  0.232789  0.223906  0.217694  0.219817   0.22833   0.22396  0.231115  0.226413   0.22721  0.224169  0.233505  0.236061  0.239099   0.22743  0.230196  0.224954  0.230559 0.0900581  0.184075 0.0900581  0.184075
 0.136872  0.127371  0.114866  0.130992  0.116729  0.133354  0.129036  0.133908  0.130726  0.118734   0.12212  0.133947  0.118218  0.127954  0.117458  0.130816  0.133592  0.133378  0.109411  0.127978  0.137568   0.12971  0.111651  0.130281   0.12279  0.119996  0.125865  0.123776  0.141541  0.121999  0.116744  0.122999         0  0.130134  0.128919  0.124673  0.126634  0.119831  0.108936  0.125496  0.121127  0.126063   0.11986  0.123939  0.125809  0.126493  0.131693  0.118981  0.104366  0.230486  0.233755  0.239043  0.227966   0.22504  0.221696  0.228347  0.226596  0.223232  0.226677  0.233475  0.232332   0.23042  0.239391  0.235103  0.224795  0.239882  0.229907  0.221582  0.225947  0.231372  0.235756  0.223928  0.230918  0.221098  0.231387  0.227536  0.227598    0.2339  0.230774  0.227175  0.225021  0.234494  0.223915  0.220344  0.224769  0.228938  0.225311  0.228314  0.229315   0.22942  0.222852   0.22977  0.238518  0.238157   0.22723  0.227659  0.228003  0.230574 0.0927587  0.185844 0.0927587  0.185844
 0.120664  0.118249  0.126916  0.127375  0.126909  0.138498  0.127673  0.120699   0.12679   0.12373  0.121782  0.124323  0.115565  0.127427  0.110124  0.116901  0.138634  0.136854   0.12541  0.100394  0.118606  0.113962  0.124191   0.12999  0.119785  0.132236  0.116271  0.131089  0.132605  0.118621  0.129577  0.122489  0.130134         0  0.114666  0.148972  0.100471  0.131786  0.130082  0.109466  0.110018  0.116914   0.11181 0.0952432  0.117306  0.125137  0.120877  0.116527  0.126429  0.229805  0.234951  0.244559  0.232009  0.230667  0.226999  0.232916  0.229559   0.22733  0.229931   0.24279  0.233525  0.242064  0.247727  0.240678  0.225783   0.24737    0.2357  0.222037  0.228853  0.237799  0.239345  0.226736  0.232001  0.225881  0.237188   0.23158  0.233572  0.238628   0.22793  0.230036   0.22785  0.234783  0.229338  0.221947  0.224819  0.240583  0.227361  0.235109  0.235036  0.232501  0.234637  0.238918  0.243042  0.244549  0.232639  0.231503  0.230692  0.236124 0.0838796  0.190166 0.0838796  0.190166
 0.127662  0.120931  0.124628  0.118482  0.128127  0.137369    0.1266  0.130782  0.124624  0.136838  0.132111  0.123077  0.119434  0.118441  0.117963  0.126522  0.127761  0.133393  0.125049   0.11318  0.111149  0.121564  0.126383   0.12746  0.131395  0.123074  0.122585  0.143677  0.125777  0.116351  0.138376  0.129592  0.128919  0.114666         0   0.14022  0.113347   0.13165  0.131927  0.112417  0.127351  0.103938  0.116904  0.115769  0.104627  0.124288  0.113271  0.124358  0.124925  0.226037  0.229087  0.234886  0.223444  0.218068   0.21612  0.224844  0.223177  0.222507  0.222878   0.23173  0.225909  0.228761  0.240897  0.228802  0.221263  0.237079  0.227616  0.217862  0.224454  0.226117  0.233325  0.217552  0.225178  0.215508  0.225277  0.227006  0.224325  0.231265  0.224471  0.226844  0.220855  0.227021  0.217033  0.218357   0.21742  0.227164  0.222032  0.225054    0.2277   0.22626   0.22184  0.226465  0.239737  0.232816  0.222634  0.224439  0.225097  0.229173 0.0875037  0.182079 0.0875037  0.182079
 0.130325  0.144857  0.136532  0.134714  0.136736   0.12917   0.13122  0.134474  0.145916  0.126263  0.133593  0.139105  0.142584  0.128475  0.136349  0.142288  0.133079  0.141047  0.121088  0.146778   0.13109  0.128239  0.121975  0.129482  0.129325  0.130352  0.139441  0.132312  0.139564  0.135768  0.125439  0.131548  0.124673  0.148972   0.14022         0  0.141601  0.140108  0.126768  0.140618  0.132243  0.136316  0.138774  0.137718  0.141383  0.131571   0.14404  0.137661  0.121279  0.226592  0.229346   0.24597  0.223454  0.217784  0.218744  0.219854  0.218395  0.219051  0.229238   0.23005  0.230555  0.234093  0.244895  0.237651   0.21987  0.246823  0.235072  0.217697  0.224185    0.2301  0.228338  0.215508  0.227579  0.222133  0.223778  0.216199    0.2214  0.229954   0.22733  0.224345  0.220182  0.224919  0.215892  0.219941  0.218916  0.233504  0.218206  0.225517  0.234915  0.222331  0.218487  0.230442  0.241097  0.232216  0.225871  0.226306  0.224529  0.224497  0.106745  0.182204  0.106745  0.182204
 0.111556  0.105772  0.122593  0.129918  0.124981  0.137314  0.123686  0.125606  0.114523  0.123088    0.1207  0.119202  0.117562   0.11652  0.111465  0.119299  0.134294   0.12668  0.122601 0.0986243  0.115432  0.119833  0.123476  0.129089  0.119126  0.113242  0.121759  0.129859  0.126023 0.0961713  0.136197  0.124208  0.126634  0.100471  0.113347  0.141601         0  0.124034  0.125364   0.11331  0.120116   0.12051  0.115645  0.102207  0.119082  0.125296  0.117193  0.110925  0.122568  0.232907  0.236335  0.244681  0.227565  0.229469   0.22156  0.234272   0.22767  0.226239  0.233004  0.237879  0.234182  0.239091  0.247035  0.237866  0.225674  0.244228  0.231857  0.223559  0.226969  0.235858  0.237995  0.229193  0.234685  0.227227  0.236474  0.233224  0.229777  0.237879  0.230586  0.229529  0.227855   0.23692  0.224964  0.221935  0.228036  0.237328  0.228177  0.235274  0.234472  0.230664  0.231903  0.235549   0.24405  0.237996  0.232456  0.231052  0.232122   0.23812 0.0824576  0.190202 0.0824576  0.190202
 0.127274  0.116316  0.121951  0.136961  0.140715  0.130688  0.123867    0.1262  0.137711  0.136153  0.124738  0.122673  0.112342  0.127109  0.126207    0.1305  0.135725  0.114762  0.120405  0.124194  0.130955  0.131333  0.134113  0.131536  0.131077  0.132535  0.129912  0.144278  0.125634  0.115016  0.114295  0.136415  0.119831  0.131786   0.13165  0.140108  0.124034         0  0.127443   0.13635  0.120655   0.13307   0.12371  0.127602  0.131416  0.126731  0.133581  0.116964  0.131656  0.234231  0.237893  0.245839  0.232204   0.23197  0.225605  0.233763  0.229029  0.228917  0.230701  0.240622  0.238848  0.238188  0.247505  0.239948  0.229923  0.248622  0.236283  0.225643  0.229934  0.237796  0.240033  0.225707  0.233344  0.229911  0.237032  0.226672  0.230841  0.238195  0.232581   0.23121  0.230779  0.236739  0.226032  0.227654  0.227762  0.235772   0.23459  0.230314  0.238993  0.232001   0.23204  0.236231  0.243625  0.241922  0.233607  0.233654  0.233719  0.236672 0.0972501  0.191846 0.0972501  0.191846
 0.133051   0.13026  0.122918  0.135868  0.128525  0.138575  0.136875  0.125831  0.129399  0.136897  0.126746   0.13206   0.12792  0.130564  0.114301  0.122745  0.143209  0.136874   0.12386  0.124618   0.12849  0.131446  0.119723  0.130631  0.118181  0.125238  0.122611  0.124592  0.139959  0.126599  0.125451  0.115704  0.108936  0.130082  0.131927  0.126768  0.125364  0.127443         0  0.124884  0.130557  0.131984  0.117875  0.125267  0.128558  0.126278  0.133249  0.133462  0.112712  0.228107  0.232319  0.244223  0.228772  0.225801  0.223465  0.228812  0.229972  0.224168  0.227601  0.236956      0.23  0.239602  0.247672  0.236465  0.222102  0.245502  0.231462  0.220166   0.22765  0.236261  0.234502   0.22232  0.228368  0.222338  0.236969  0.225446  0.228978  0.238641  0.231424  0.228985  0.225445  0.231634  0.222521  0.219163   0.22645  0.237339  0.227401  0.232711  0.235896  0.231073  0.227643  0.235102  0.243877  0.237568  0.229659  0.229092  0.230669  0.231021 0.0957067   0.18721 0.0957067   0.18721
