        0 0.0228207 0.0302329 0.0286242 0.0202675 0.0317746 0.0248659 0.0284995 0.0246049 0.0317458 0.0295003 0.0200028 0.0221906 0.0224059  0.021499 0.0229962 0.0219002 0.0206353  0.032298 0.0240967 0.0240548 0.0251257 0.0288007 0.0281134 0.0224848 0.0285094 0.0261689 0.0233912  0.023843 0.0316424 0.0225743 0.0245849 0.0254915 0.0273391  0.027483 0.0228416 0.0285059 0.0275939 0.0310555 0.0263729 0.0259003 0.0322657 0.0231683 0.0301741  0.030011 0.0332371 0.0246302 0.0202593 0.0260418 0.0500706 0.0504724 0.0485717 0.0517848 0.0513386 0.0527576 0.0501519 0.0474767 0.0460956 0.0530075 0.0470359 0.0484133 0.0506112 0.0512065 0.0476341  0.050397 0.0495272 0.0500215 0.0496687 0.0485413 0.0506055 0.0480772 0.0491989 0.0535499  0.051349 0.0493034 0.0479791 0.0531238 0.0481455 0.0565805 0.0511964 0.0574897 0.0470398  0.051837 0.0451866 0.0498161 0.0505195 0.0517713 0.0527922 0.0482188 0.0493618  0.054668 0.0496648 0.0497639  0.054113 0.0515635 0.0515694 0.0550283 0.0501578 0.0169478 0.0462724 0.0169478 0.0462724
0.0228207         0 0.0344591 0.0305809 0.0257499 0.0315359 0.0239874 0.0323216 0.0253687 0.0330228 0.0316936  0.026639 0.0224986 0.0228032 0.0253588 0.0250915 0.0253125 0.0264325  0.032405 0.0244436 0.0252979 0.0247319 0.0308217 0.0294128 0.0254965 0.0266839 0.0254399 0.0239841 0.0222689 0.0343045  0.025203 0.0263486 0.0224449 0.0283148 0.0279258 0.0250047 0.0272714 0.0289746 0.0343814 0.0317687 0.0303862 0.0353607 0.0250433 0.0303724 0.0292003 0.0333683 0.0250575 0.0228898 0.0260057 0.0515015 0.0517408 0.0494692 0.0545633 0.0533992 0.0540126 0.0518577 0.0501471 0.0474851 0.0530445 0.0494398 0.0508202 0.0537851 0.0523816  0.050161 0.0515747 0.0507909 0.0528035 0.0516424 0.0491948 0.0538548 0.0494012 0.0509056 0.0548338 0.0509191 0.0525988 0.0489397 0.0552618 0.0496252 0.0579159  0.053028 0.0599453  0.048584  0.052618  0.048565 0.0509255 0.0500401 0.0531694 0.0521229 0.0499046 0.0520253  0.054176 0.0519198 0.0516194   0.05407 0.0525838 0.0539744 0.0560752 0.0510114 0.0197097 0.0477064 0.0197097 0.0477064
0.0302329 0.0344591         0 0.0303343 0.0253249 0.0330521 0.0318115   0.03257  0.029416 0.0350144 0.0318571 0.0252005 0.0298105 0.0304205 0.0298443  0.032138 0.0259524 0.0285325 0.0294573 0.0308623 0.0290422 0.0263341 0.0281851  0.029673 0.0290967 0.0329013 0.0322783 0.0287781 0.0286657 0.0336526  0.028251 0.0282561  0.028273  0.035094 0.0259664 0.0293845 0.0297907 0.0311627 0.0315402 0.0282128 0.0286876 0.0340113 0.0282677 0.0288921 0.0329368 0.0343516 0.0318515 0.0309691 0.0305394 0.0511848  0.051367 0.0508717 0.0516912 0.0536148 0.0553531 0.0515851 0.0508213  0.047441  0.052773 0.0476702 0.0485455 0.0497048 0.0504587 0.0481183 0.0518942 0.0497661 0.0497888 0.0533391 0.0518414 0.0506907 0.0522621 0.0511492 0.0568403 0.0531006 0.0495018 0.0498123 0.0521978 0.0494656 0.0574246 0.0539597 0.0577415 0.0483563 0.0513629 0.0486597  0.050269 0.0521689 0.0558335 0.0552556 0.0492324 0.0523174 0.0554516  0.049602  0.052611 0.0554305 0.0522412 0.0551419 0.0574744 0.0515782 0.0231268 0.0478165 0.0231268 0.0478165
0.0286242 0.0305809 0.0303343         0 0.0294854 0.0283626  0.033592 0.0305588 0.0307543 0.0309769 0.0289174 0.0267733 0.0304348 0.0301638 0.0324901 0.0314646 0.0282318 0.0298351 0.0314334  0.031405  0.029641 0.0297664 0.0271298 0.0270804 0.0313279 0.0278454 0.0327565 0.0320722  0.030682 0.0298271 0.0279187 0.0285648 0.0308391 0.0295016 0.0252053  0.029362 0.0297678 0.0270264 0.0322019  0.028839 0.0303288 0.0301099 0.0308609 0.0287126  0.029213 0.0282249 0.0333782 0.0289644 0.0334681 0.0510647 0.0500033 0.0481299 0.0521226 0.0521555  0.052915 0.0503226 0.0482516 0.0452713 0.0510448 0.0472169 0.0481806 0.0486831 0.0493616 0.0466333 0.0485985 0.0490889 0.0489425 0.0516446 0.0494769 0.0512165 0.0490199 0.0485633 0.0545435 0.0519176 0.0495262 0.0469434 0.0507312 0.0498285 0.0559976 0.0515928 0.0572953 0.0456873 0.0506465 0.0464407 0.0503102 0.0504226 0.0515383 0.0525264 0.0475812  0.049871   0.05395 0.0484654 0.0503413 0.0539962 0.0511318 0.0525851 0.0553997 0.0498773 0.0226238 0.0460899 0.0226238 0.0460899
0.0202675 0.0257499 0.0253249 0.0294854         0 0.0300021 0.0229858 0.0260567 0.0219243 0.0311055 0.0279564 0.0182066 0.0230907 0.0230378 0.0208707 0.0219321    0.0215 0.0200765 0.0265053 0.0217516  0.024232 0.0238145 0.0246942 0.0273222  0.020453 0.0284288 0.0227959 0.0238197 0.0232622 0.0309792 0.0226991 0.0236904  0.021784 0.0281519 0.0256846 0.0209246 0.0234369 0.0255168 0.0278195 0.0280061 0.0195784 0.0288191 0.0209603 0.0270135 0.0285297 0.0296331 0.0239802 0.0208383 0.0221366 0.0486569 0.0497238 0.0474429  0.050919  0.051663 0.0534029 0.0498897 0.0477355  0.045535 0.0513034 0.0466168 0.0467503 0.0499542 0.0502816 0.0463553 0.0493355 0.0487541 0.0494694 0.0506609  0.048358 0.0501147 0.0494954 0.0491496 0.0545562 0.0510559   0.04789 0.0473112 0.0514921 0.0478401 0.0555407 0.0515548 0.0549231 0.0467975 0.0503028 0.0448541 0.0481981 0.0495774 0.0516422 0.0514513 0.0485201 0.0485729 0.0532817 0.0488218 0.0498871 0.0528864 0.0513607 0.0523868 0.0544906  0.049813 0.0143616 0.0455265 0.0143616 0.0455265
0.0317746 0.0315359 0.0330521 0.0283626 0.0300021         0  0.035847 0.0316412 0.0305902 0.0263241 0.0229584 0.0307618  0.030311  0.030831 0.0339557 0.0326093 0.0284742 0.0296828 0.0245723  0.032034 0.0329737 0.0292505 0.0272204 0.0304251 0.0326822 0.0228133 0.0325291  0.032189  0.031731 0.0223497 0.0279423 0.0312562 0.0313981 0.0283173 0.0248761 0.0300802 0.0299773 0.0287794  0.025404 0.0317606 0.0310848 0.0337427 0.0342949 0.0286097 0.0251241 0.0312242 0.0336958 0.0298409 0.0339888 0.0483593 0.0498432 0.0469794 0.0500812 0.0518568 0.0526015 0.0491179 0.0466802 0.0445435 0.0494241 0.0455851 0.0465869 0.0492355 0.0483893 0.0458716 0.0484249 0.0476958 0.0483476  0.049306 0.0472437 0.0499871 0.0492852 0.0496152 0.0536355 0.0499521 0.0475341  0.045831 0.0504423 0.0478712 0.0553843 0.0499694 0.0558963 0.0459216 0.0504936 0.0469227 0.0495086 0.0488666 0.0521194 0.0514559  0.047279  0.049289 0.0521531   0.04735 0.0496827  0.052158 0.0501702 0.0520036 0.0543502  0.048018 0.0242255  0.044889 0.0242255  0.044889
0.0248659 0.0239874 0.0318115  0.033592 0.0229858  0.035847         0 0.0330202 0.0286592 0.0335873 0.0312944 0.0259675  0.025016  0.018738 0.0218453 0.0276935 0.0273859 0.0275372 0.0319215 0.0248864 0.0285464 0.0252071 0.0303256 0.0307317 0.0228715 0.0306144 0.0224992 0.0239679 0.0240387 0.0347765 0.0265124 0.0265959 0.0224177 0.0337492 0.0334283  0.024449 0.0286828  0.029926  0.033854 0.0324749 0.0279139 0.0359734 0.0256486 0.0320833 0.0324946 0.0358411  0.026331   0.02516 0.0216226 0.0507297 0.0515596 0.0492492 0.0534292 0.0516548 0.0544556 0.0518094 0.0495972  0.047248 0.0527298 0.0488541 0.0500761 0.0515815 0.0531397 0.0488306  0.051609 0.0492705 0.0512826 0.0520078 0.0505397 0.0539109 0.0504068 0.0495719 0.0547314 0.0495901  0.051295 0.0487566   0.05347 0.0480502 0.0566282 0.0534832 0.0575159  0.047779 0.0515714 0.0482388 0.0502657 0.0511993 0.0533531 0.0532717 0.0490927  0.051743 0.0552674 0.0510086 0.0515372 0.0544914  0.053807 0.0525733 0.0569479 0.0520243 0.0205717 0.0472998 0.0205717 0.0472998
0.0284995 0.0323216   0.03257 0.0305588 0.0260567 0.0316412 0.0330202         0 0.0271155 0.0307809 0.0259255 0.0269731 0.0271347 0.0323939 0.0289523    0.0264 0.0281521 0.0265837 0.0309144 0.0295303 0.0280102 0.0272113 0.0274794 0.0294937 0.0305484 0.0310693  0.028895 0.0304675 0.0314332  0.031572 0.0285446 0.0268757 0.0285189 0.0251625 0.0284746  0.030272 0.0292028  0.026352 0.0312643 0.0260753 0.0265838 0.0308492 0.0278605 0.0283725 0.0273937 0.0320762 0.0294224  0.029482  0.032073 0.0408434 0.0420579 0.0394612 0.0430976 0.0438163 0.0456643 0.0412326 0.0407939  0.039466 0.0422794 0.0361116 0.0376555  0.041951 0.0423038 0.0393494 0.0444914 0.0394053 0.0422367 0.0450162 0.0411726 0.0421441  0.041609 0.0399514  0.045504 0.0431407 0.0402098 0.0381057 0.0435393 0.0397575 0.0464526  0.044101 0.0494309 0.0393882 0.0428476 0.0369862 0.0397533 0.0408469 0.0438324   0.04229 0.0399869 0.0415718 0.0449767 0.0416374 0.0427654 0.0453925 0.0433099 0.0436969 0.0464555 0.0425688 0.0215469 0.0369343 0.0215469 0.0369343
0.0246049 0.0253687  0.029416 0.0307543 0.0219243 0.0305902 0.0286592 0.0271155         0 0.0310303 0.0282522 0.0219891 0.0254078 0.0233168 0.0242457 0.0242002 0.0246982 0.0200399 0.0305745 0.0201032 0.0173279 0.0252867 0.0262059 0.0315771 0.0228306 0.0318305 0.0286083 0.0220483 0.0242637  0.033963 0.0250324 0.0226495 0.0232577 0.0288764 0.0234156 0.0196509  0.025087 0.0292073 0.0327094 0.0293908 0.0220536 0.0316441 0.0208998 0.0318193 0.0310317 0.0310127 0.0221921 0.0184518 0.0259805 0.0520884 0.0510625 0.0488792 0.0523141 0.0540715 0.0546231  0.051811 0.0510158 0.0480236 0.0529537 0.0474447 0.0499253 0.0533918 0.0521543 0.0499815 0.0521494 0.0499823 0.0528091 0.0523003 0.0501081 0.0521786 0.0510694 0.0529501 0.0561142  0.053524  0.049654  0.050773 0.0537617 0.0484637 0.0576791 0.0527878 0.0599175 0.0480492 0.0514604 0.0479491 0.0496101 0.0515997 0.0549192  0.051609 0.0497015 0.0512318 0.0546541 0.0514318 0.0525051 0.0541591 0.0525485 0.0552609 0.0552874 0.0509793 0.0175001 0.0477919 0.0175001 0.0477919
0.0317458 0.0330228 0.0350144 0.0309769 0.0311055 0.0263241 0.0335873 0.0307809 0.0310303         0 0.0178267 0.0308072 0.0335354 0.0314356 0.0318195 0.0309275 0.0316571 0.0302464 0.0282773 0.0318388 0.0320911 0.0297915  0.027548 0.0325392  0.034102 0.0297549 0.0328765 0.0326724 0.0346516 0.0256647 0.0326862 0.0303357 0.0316363  0.030308 0.0289578 0.0307957 0.0299055 0.0307211   0.02718 0.0332415 0.0334945 0.0322276 0.0309819 0.0298207 0.0247034 0.0333684 0.0310682 0.0310581  0.031512 0.0507915 0.0491759 0.0484171 0.0527245 0.0521187 0.0535792  0.050241  0.047728 0.0468091 0.0506057 0.0466815 0.0480194 0.0503008 0.0505084 0.0482335  0.049958 0.0474094 0.0517365 0.0526267 0.0502964 0.0518498 0.0513911 0.0513398 0.0563146 0.0510409 0.0484246 0.0477271 0.0506402 0.0477173 0.0544724 0.0526147 0.0557001 0.0472978 0.0515934 0.0465191  0.049738 0.0491692 0.0535668 0.0530538 0.0486036 0.0510646 0.0534043 0.0500047   0.05128 0.0542127 0.0530233 0.0533134 0.0542488 0.0505811 0.0247995 0.0464142 0.0247995 0.0464142
0.0295003 0.0316936 0.0318571 0.0289174 0.0279564 0.0229584 0.0312944 0.0259255 0.0282522 0.0178267         0 0.0265626 0.0291589 0.0283761  0.028537 0.0297776 0.0264088 0.0268176 0.0230846 0.0287566 0.0292127 0.0275752  0.023631 0.0299206 0.0324382  0.026979  0.029598 0.0289098 0.0319002 0.0218993 0.0287615 0.0279682 0.0286952 0.0292313 0.0269328 0.0283256  0.027653 0.0269926 0.0240656 0.0297794 0.0289394 0.0301625 0.0300959 0.0269888 0.0236071  0.028857 0.0303306 0.0292527 0.0303979 0.0474859 0.0466384   0.04542 0.0486535 0.0499536 0.0513825 0.0478987 0.0454114 0.0438064 0.0480059 0.0429467 0.0443691 0.0472007 0.0465481 0.0449713 0.0476248 0.0455105 0.0484414 0.0497372  0.046132 0.0488009 0.0487341 0.0483411  0.052657 0.0464774 0.0460778 0.0436802 0.0485171 0.0430843 0.0525956 0.0493648 0.0539287 0.0435929 0.0477098 0.0446705 0.0472342 0.0461664 0.0503594 0.0494604 0.0456493 0.0481358 0.0507123 0.0463586 0.0485677 0.0515397   0.04952 0.0507517 0.0521202 0.0463558 0.0211631 0.0432441 0.0211631 0.0432441
0.0200028  0.026639 0.0252005 0.0267733 0.0182066 0.0307618 0.0259675 0.0269731 0.0219891 0.0308072 0.0265626         0 0.0244492 0.0228465 0.0224002 0.0228421 0.0231757 0.0197713 0.0290701 0.0220575 0.0222881 0.0235832 0.0259762 0.0285616 0.0226438 0.0296081 0.0238167 0.0230106 0.0242132 0.0306592 0.0225642 0.0228016  0.023199 0.0305968 0.0252992 0.0220582 0.0243052 0.0278393 0.0291048 0.0253364 0.0213704 0.0286176 0.0226936  0.026456 0.0286568 0.0276862 0.0257454 0.0243823 0.0240665  0.051012 0.0502375 0.0488042 0.0519759 0.0529309 0.0536495 0.0507739 0.0485994 0.0469549 0.0515957 0.0464777 0.0474695 0.0511322 0.0498262 0.0480345 0.0501043 0.0494867  0.050948 0.0524039 0.0494875 0.0512884  0.050615 0.0499193 0.0553284 0.0513565 0.0481656 0.0475558 0.0531374 0.0485794 0.0561866 0.0529953 0.0576285 0.0481008 0.0514209 0.0466842 0.0501352  0.050397 0.0528197 0.0522796  0.049071 0.0495169 0.0542908 0.0503369 0.0506971 0.0552109 0.0525686  0.053784 0.0561017 0.0512754 0.0158043 0.0469341 0.0158043 0.0469341
0.0221906 0.0224986 0.0298105 0.0304348 0.0230907  0.030311  0.025016 0.0271347 0.0254078 0.0335354 0.0291589 0.0244492         0 0.0250883 0.0260634 0.0241852 0.0228199 0.0232229 0.0302617 0.0235667 0.0235894 0.0223952 0.0286724 0.0274254 0.0233212 0.0253733 0.0232388 0.0220119 0.0207959 0.0312994 0.0226912 0.0223174 0.0199104 0.0264465 0.0261863 0.0275822 0.0281329 0.0265591 0.0320782 0.0255311 0.0267495 0.0330782 0.0256296 0.0286017 0.0279962 0.0327576 0.0247396 0.0237396 0.0264797 0.0477169 0.0500298 0.0482543 0.0508062 0.0498482 0.0519878 0.0489304 0.0476108 0.0449838 0.0511886 0.0453215 0.0461914 0.0505432 0.0478826 0.0472412 0.0499642 0.0490433 0.0491665 0.0487066 0.0477084 0.0505926 0.0469538  0.047598 0.0522452 0.0506327 0.0494736  0.046743 0.0532281 0.0474936 0.0562997 0.0500879 0.0557622 0.0475108 0.0502221 0.0450689 0.0490759  0.049035 0.0529207 0.0511034 0.0478461 0.0499111 0.0525125 0.0496954 0.0513259 0.0520727 0.0500314 0.0515472 0.0549009 0.0505064 0.0179781 0.0455665 0.0179781 0.0455665
0.0224059 0.0228032 0.0304205 0.0301638 0.0230378  0.030831  0.018738 0.0323939 0.0233168 0.0314356 0.0283761 0.0228465 0.0250883         0 0.0209456 0.0281214 0.0248539 0.0237017 0.0298621   0.02088 0.0253636 0.0239565 0.0275618 0.0286341 0.0211956 0.0280021 0.0240225  0.023002 0.0232032 0.0313683 0.0227874  0.025404 0.0225843 0.0302763 0.0292863 0.0175498  0.024181 0.0304383 0.0308093 0.0299972 0.0248962 0.0326986 0.0256658 0.0307344 0.0316018 0.0311561 0.0244049 0.0203051 0.0224272 0.0502825 0.0483318 0.0468272 0.0508439 0.0511177 0.0530772 0.0496863 0.0475119 0.0448228 0.0502646 0.0475943 0.0491102 0.0504952 0.0508834 0.0470501 0.0492344 0.0479183 0.0491852 0.0494348 0.0480312 0.0509866 0.0485454 0.0498851 0.0525331 0.0484253 0.0486874 0.0477864 0.0513498 0.0468372 0.0554995 0.0514365 0.0572205 0.0461234 0.0500829 0.0474557  0.048649 0.0496946 0.0530342 0.0517746 0.0469073 0.0490184 0.0536039 0.0489885 0.0492283 0.0527078 0.0523063 0.0509522 0.0556905 0.0495766 0.0172445 0.0454036 0.0172445 0.0454036
 0.021499 0.0253588 0.0298443 0.0324901 0.0208707 0.0339557 0.0218453 0.0289523 0.0242457 0.0318195  0.028537 0.0224002 0.0260634 0.0209456         0 0.0272258 0.0247093 0.0245753 0.0306009 0.0230484 0.0269064  0.025422  0.027996  0.030701 0.0239494 0.0324114 0.0263125 0.0212721 0.0261685 0.0338251 0.0252179 0.0250339 0.0243805 0.0319871 0.0307035 0.0208901 0.0294462 0.0291837 0.0302381  0.029551 0.0256934 0.0315277 0.0246135 0.0312543  0.031707 0.0318297 0.0229388 0.0247779 0.0256249 0.0509725 0.0488029 0.0477489 0.0529828 0.0519265  0.053918  0.052283 0.0495223 0.0474314 0.0522185 0.0478481 0.0487223 0.0522137 0.0519475 0.0490406 0.0515352 0.0488871 0.0519217 0.0510793 0.0497464 0.0522873  0.049936 0.0504104 0.0538507 0.0491412 0.0482778 0.0483072 0.0534398 0.0463978 0.0558678 0.0520283 0.0578271 0.0481436 0.0508349 0.0476367 0.0495857 0.0501978 0.0525131 0.0516537 0.0487979 0.0493338 0.0555423 0.0507874 0.0499343 0.0544151 0.0535563 0.0533464 0.0559017 0.0510269 0.0181775 0.0468047 0.0181775 0.0468047
0.0229962 0.0250915  0.032138 0.0314646 0.0219321 0.0326093 0.0276935    0.0264 0.0242002 0.0309275 0.0297776 0.0228421 0.0241852 0.0281214 0.0272258         0 0.0242057  0.022637 0.0321549 0.0241713 0.0237245 0.0236648 0.0274715 0.0280239 0.0222094  0.030386 0.0254186 0.0263686 0.0243081 0.0334573  0.022631 0.0234205 0.0230033 0.0274099 0.0278746 0.0283498 0.0282736 0.0274731 0.0330018   0.02773 0.0263602 0.0336335 0.0229513 0.0280378 0.0284377 0.0322183 0.0259423  0.023844 0.0258318  0.048572 0.0517651 0.0487923 0.0522962 0.0529714 0.0535825 0.0505858 0.0483444 0.0470486 0.0534036 0.0457864 0.0485345 0.0518524 0.0512788 0.0488032 0.0512967 0.0495713  0.052186 0.0522548  0.049288 0.0522147 0.0506391 0.0501122 0.0552735 0.0518749 0.0487771 0.0486264 0.0544183 0.0496102   0.05671 0.0534718  0.057004 0.0479994 0.0520956 0.0457943 0.0485964 0.0495709 0.0519314 0.0513326 0.0501074 0.0501517  0.053309 0.0508002 0.0510019 0.0537763  0.052639 0.0537868  0.055907 0.0508916 0.0187684 0.0469377 0.0187684 0.0469377
0.0219002 0.0253125 0.0259524 0.0282318    0.0215 0.0284742 0.0273859 0.0281521 0.0246982 0.0316571 0.0264088 0.0231757 0.0228199 0.0248539 0.0247093 0.0242057         0 0.0247376 0.0258803 0.0253264 0.0249404 0.0199077 0.0282337  0.027516 0.0250796 0.0284891 0.0284708 0.0207182 0.0235828 0.0294961 0.0211761 0.0222556 0.0245769 0.0275733 0.0277679 0.0233131 0.0282933 0.0281686 0.0285733  0.028787 0.0260687 0.0306297 0.0267202 0.0284953 0.0293484 0.0314536 0.0253463 0.0252677 0.0277339 0.0482626 0.0488025 0.0465347 0.0489054 0.0516231 0.0522113 0.0493715 0.0464981 0.0444505 0.0503786 0.0448688 0.0466989 0.0474921 0.0481991 0.0453814 0.0489743 0.0476708 0.0488506 0.0499444 0.0461035 0.0485651 0.0493536 0.0484266 0.0531809 0.0495372 0.0480637 0.0447021 0.0502761 0.0471557 0.0547552 0.0503187 0.0547432 0.0445545 0.0497567 0.0454876 0.0479625 0.0474804 0.0495773 0.0510134  0.048282 0.0485785 0.0515399 0.0466245 0.0495982 0.0516335 0.0499559 0.0518098 0.0535541 0.0467064 0.0171983 0.0444238 0.0171983 0.0444238
0.0206353 0.0264325 0.0285325 0.0298351 0.0200765 0.0296828 0.0275372 0.0265837 0.0200399 0.0302464 0.0268176 0.0197713 0.0232229 0.0237017 0.0245753  0.022637 0.0247376         0 0.0310228 0.0210167 0.0225165  0.023006  0.026749 0.0288784 0.0240676 0.0299638 0.0260123 0.0233484 0.0255646 0.0319372 0.0242433  0.023833 0.0213448 0.0285246 0.0244681 0.0224577 0.0267148 0.0286316 0.0312743 0.0268876 0.0243679 0.0319572 0.0216948 0.0282942 0.0300479 0.0313803 0.0232458 0.0202092 0.0248291 0.0494974 0.0505063 0.0465457 0.0508851 0.0518328 0.0525918 0.0477195 0.0482334 0.0463902 0.0512136 0.0452366  0.047324 0.0493378 0.0499204 0.0469524 0.0494578 0.0488203 0.0496664 0.0514878 0.0484814 0.0503946 0.0489103 0.0511076 0.0541692 0.0514273 0.0466055 0.0478647 0.0516579 0.0463623   0.05605 0.0508574 0.0578983  0.046587 0.0503672 0.0458721 0.0481613 0.0497512 0.0531694 0.0505215 0.0481382 0.0495145 0.0529053 0.0489493 0.0498492 0.0539827 0.0511809 0.0524742 0.0545135 0.0497223 0.0164591 0.0457555 0.0164591 0.0457555
 0.032298  0.032405 0.0294573 0.0314334 0.0265053 0.0245723 0.0319215 0.0309144 0.0305745 0.0282773 0.0230846 0.0290701 0.0302617 0.0298621 0.0306009 0.0321549 0.0258803 0.0310228         0  0.029478 0.0305052 0.0290985 0.0265547 0.0327247 0.0331557 0.0269958 0.0320132 0.0307527 0.0324031 0.0246626  0.031669 0.0298066 0.0312232  0.032312 0.0282883 0.0289535 0.0287751 0.0281183 0.0254157  0.032002 0.0306382 0.0315422  0.030436 0.0293702 0.0240541 0.0298493 0.0319377 0.0304415 0.0319389 0.0504957 0.0497852  0.047729 0.0498039 0.0523037 0.0540747 0.0497454 0.0488749 0.0459416 0.0506312 0.0474606 0.0479591  0.050016 0.0499286 0.0465291 0.0497837 0.0487393 0.0501096 0.0519931 0.0483638 0.0505412 0.0518731 0.0507081 0.0557629 0.0500218 0.0493289  0.047727  0.050514 0.0478762 0.0554627 0.0529563 0.0551348 0.0461516 0.0498993 0.0469352 0.0490517 0.0493288 0.0534074 0.0521563 0.0484111 0.0498449 0.0535515 0.0486889 0.0513758 0.0532875 0.0523912 0.0530581  0.054381 0.0499226 0.0234529 0.0460751 0.0234529 0.0460751
0.0240967 0.0244436 0.0308623  0.031405 0.0217516  0.032034 0.0248864 0.0295303 0.0201032 0.0318388 0.0287566 0.0220575 0.0235667   0.02088 0.0230484 0.0241713 0.0253264 0.0210167  0.029478         0 0.0217864 0.0258843 0.0282106  0.030766  0.022985 0.0303145 0.0251366 0.0218983 0.0254932 0.0336038 0.0247231 0.0197251 0.0218615  0.031987 0.0276326 0.0218061 0.0258986 0.0303706 0.0333421 0.0295033 0.0221641 0.0312689  0.024114 0.0304525 0.0304038  0.031573 0.0239923  0.020704 0.0246784 0.0511212 0.0505937 0.0483306 0.0516827 0.0521835  0.053964 0.0503239 0.0500076 0.0470984 0.0513371 0.0478244  0.048648 0.0524933 0.0508609 0.0483049 0.0503368  0.049753 0.0507634 0.0519464 0.0498361 0.0523705 0.0500835 0.0513739 0.0557148 0.0512821 0.0490791 0.0490789  0.051925 0.0486377 0.0566222 0.0526073 0.0579402 0.0485122 0.0510058 0.0475307 0.0501721 0.0501883 0.0552283 0.0518982 0.0482283 0.0508468 0.0555295 0.0504303 0.0512298 0.0539356   0.05258 0.0534252 0.0557002  0.051608 0.0181099  0.046994 0.0181099  0.046994
0.0240548 0.0252979 0.0290422  0.029641  0.024232 0.0329737 0.0285464 0.0280102 0.0173279 0.0320911 0.0292127 0.0222881 0.0235894 0.0253636 0.0269064 0.0237245 0.0249404 0.0225165 0.0305052 0.0217864         0 0.0258098 0.0279838 0.0293624 0.0263725 0.0311339 0.0267122 0.0231974 0.0251097 0.0327459 0.0246473  0.022667 0.0232741 0.0299129 0.0253049 0.0247993 0.0266028 0.0289339 0.0357169 0.0266341 0.0265388 0.0329994 0.0221335 0.0305047 0.0291473 0.0337702 0.0260541 0.0214445 0.0279106 0.0520362 0.0511223 0.0499602 0.0514134 0.0531799 0.0538128 0.0516795 0.0503714 0.0475615 0.0539016 0.0462368 0.0498118  0.052083 0.0512495 0.0493257  0.052031 0.0498275 0.0522435 0.0523718 0.0503273 0.0515257 0.0507944 0.0520236  0.056398  0.053203 0.0509048 0.0506933 0.0546671 0.0485857 0.0576257 0.0532507 0.0591239 0.0483642 0.0514878 0.0464957 0.0501185 0.0512991 0.0549976 0.0532082 0.0491199 0.0520882 0.0542765 0.0516808 0.0524859 0.0545313 0.0513895 0.0544894 0.0549334 0.0508249 0.0191241 0.0477816 0.0191241 0.0477816
0.0251257 0.0247319 0.0263341 0.0297664 0.0238145 0.0292505 0.0252071 0.0272113 0.0252867 0.0297915 0.0275752 0.0235832 0.0223952 0.0239565  0.025422 0.0236648 0.0199077  0.023006 0.0290985 0.0258843 0.0258098         0 0.0286733 0.0271818 0.0234766 0.0277726 0.0261071 0.0196669 0.0233934 0.0311928 0.0211248 0.0203591  0.022528 0.0289235 0.0267907 0.0240913 0.0245396 0.0275161  0.029942 0.0259987 0.0271874  0.032112 0.0248068 0.0263718 0.0297239 0.0312659 0.0215245 0.0266916 0.0241478 0.0483419 0.0491926 0.0476035 0.0490969 0.0510854 0.0525593 0.0494433 0.0480057 0.0455307 0.0496384 0.0434856   0.04702 0.0490004  0.049344 0.0469636 0.0503998 0.0467142 0.0490012 0.0512424   0.04826 0.0501453 0.0498422 0.0492353 0.0540819 0.0494634 0.0477713 0.0460025 0.0507188 0.0471524 0.0541469 0.0522722 0.0559823  0.046622 0.0508151  0.046101 0.0472406 0.0485885 0.0525185 0.0521814 0.0478356 0.0499933 0.0515636 0.0491827 0.0503801 0.0527886 0.0510047 0.0522351 0.0560693 0.0497309 0.0170365 0.0452405 0.0170365 0.0452405
0.0288007 0.0308217 0.0281851 0.0271298 0.0246942 0.0272204 0.0303256 0.0274794 0.0262059  0.027548  0.023631 0.0259762 0.0286724 0.0275618  0.027996 0.0274715 0.0282337  0.026749 0.0265547 0.0282106 0.0279838 0.0286733         0 0.0266147 0.0272074 0.0264662 0.0248316 0.0283534 0.0293776 0.0272908 0.0284082  0.028308  0.026366 0.0298317 0.0193254 0.0274177 0.0267823 0.0228968 0.0257257 0.0271335 0.0268388 0.0293372  0.028561 0.0265426 0.0252513 0.0251252 0.0293274 0.0269604 0.0289133  0.049297 0.0495814 0.0468343 0.0510785 0.0516155 0.0532342 0.0497209 0.0476935 0.0452676 0.0515552 0.0462871 0.0476098 0.0507595 0.0505287  0.047368  0.049524 0.0483081 0.0507271 0.0499912 0.0481987 0.0512588 0.0490532 0.0491214   0.05276 0.0497423 0.0476302 0.0481717 0.0527627  0.046202 0.0561943 0.0512181 0.0569945 0.0465762 0.0489028 0.0465477 0.0479515 0.0499853 0.0523726 0.0501248  0.048246  0.048873 0.0534114 0.0488999 0.0498785 0.0524494 0.0521332   0.05227 0.0555047 0.0498314 0.0197869 0.0455925 0.0197869 0.0455925
0.0281134 0.0294128  0.029673 0.0270804 0.0273222 0.0304251 0.0307317 0.0294937 0.0315771 0.0325392 0.0299206 0.0285616 0.0274254 0.0286341  0.030701 0.0280239  0.027516 0.0288784 0.0327247  0.030766 0.0293624 0.0271818 0.0266147         0 0.0291812 0.0280231 0.0264285 0.0306316 0.0275194 0.0306638 0.0239552 0.0305306 0.0251549 0.0273876 0.0265471 0.0307011  0.029856 0.0257136 0.0323638 0.0257546 0.0304891 0.0291257  0.031607 0.0269291 0.0288867 0.0319199 0.0329867 0.0296521  0.031258  0.046016 0.0485395 0.0460516 0.0474072 0.0494298  0.050098 0.0490742 0.0457529 0.0438378 0.0511583 0.0429667 0.0479429  0.046754  0.049001 0.0442471 0.0489399 0.0461674 0.0464315 0.0479015 0.0473713 0.0476294 0.0460752  0.046915 0.0506823 0.0478898 0.0456401 0.0461125 0.0533397 0.0462748 0.0553203 0.0490498 0.0558849 0.0463276 0.0487382 0.0460398 0.0468797 0.0480776 0.0507795 0.0515003 0.0458217 0.0487913 0.0519309 0.0474594 0.0465891  0.050418 0.0480183 0.0500756  0.054944 0.0473719 0.0219128 0.0437948 0.0219128 0.0437948
0.0224848 0.0254965 0.0290967 0.0313279  0.020453 0.0326822 0.0228715 0.0305484 0.0228306  0.034102 0.0324382 0.0226438 0.0233212 0.0211956 0.0239494 0.0222094 0.0250796 0.0240676 0.0331557  0.022985 0.0263725 0.0234766 0.0272074 0.0291812         0 0.0294269 0.0245377 0.0226155 0.0199624 0.0347107 0.0228878 0.0241392   0.02063 0.0291693  0.026918 0.0233829 0.0261141 0.0270135 0.0315287 0.0280742 0.0243531 0.0343477 0.0240024 0.0279572 0.0315865 0.0307173 0.0232977  0.021027 0.0231134 0.0500692 0.0513688 0.0504869 0.0529916 0.0527976  0.054543 0.0523305 0.0493591 0.0478597 0.0532956 0.0482517 0.0495455 0.0532348  0.052361 0.0492076 0.0526883 0.0507537 0.0511557 0.0509482 0.0513332 0.0533966 0.0503806 0.0505754 0.0553358 0.0534009 0.0495644 0.0503497 0.0541055 0.0509177 0.0580762 0.0533672  0.058388 0.0480704 0.0524572 0.0475029 0.0502583 0.0529942  0.053633 0.0527287 0.0490452 0.0504689 0.0556554 0.0515551 0.0511413 0.0545789 0.0533092 0.0537465 0.0577386 0.0520991 0.0174186 0.0478888 0.0174186 0.0478888
0.0285094 0.0266839 0.0329013 0.0278454 0.0284288 0.0228133 0.0306144 0.0310693 0.0318305 0.0297549  0.026979 0.0296081 0.0253733 0.0280021 0.0324114  0.030386 0.0284891 0.0299638 0.0269958 0.0303145 0.0311339 0.0277726 0.0264662 0.0280231 0.0294269         0 0.0259025 0.0293288 0.0270952 0.0251646 0.0269169 0.0289814 0.0279841 0.0274883 0.0233108 0.0295088 0.0267596 0.0241547 0.0285718 0.0281763 0.0310605 0.0329958 0.0313415 0.0277614 0.0232847 0.0304519 0.0312961 0.0284088  0.031361 0.0495374 0.0503546 0.0480666 0.0510306 0.0510311 0.0522276 0.0490829  0.046419 0.0450671 0.0506885  0.046876 0.0480066 0.0506589 0.0492755 0.0464301 0.0490453  0.049509 0.0486589 0.0497777 0.0475808 0.0517959 0.0486186 0.0480683 0.0535455 0.0501707 0.0504346 0.0458598 0.0521464 0.0491487 0.0559882 0.0508922 0.0562262  0.047172 0.0517466 0.0461339 0.0497354 0.0495039 0.0518194 0.0523308 0.0479818 0.0500872 0.0527654 0.0499195 0.0508498 0.0531254 0.0510755 0.0510149 0.0557518  0.050289 0.0216332 0.0457256 0.0216332 0.0457256
0.0261689 0.0254399 0.0322783 0.0327565 0.0227959 0.0325291 0.0224992  0.028895 0.0286083 0.0328765  0.029598 0.0238167 0.0232388 0.0240225 0.0263125 0.0254186 0.0284708 0.0260123 0.0320132 0.0251366 0.0267122 0.0261071 0.0248316 0.0264285 0.0245377 0.0259025         0 0.0248713 0.0248477 0.0315608 0.0250871 0.0275906 0.0217316 0.0295796 0.0269804 0.0265708 0.0265435 0.0252287 0.0314645 0.0262913 0.0252239 0.0342732 0.0276695 0.0270932 0.0277224 0.0315536 0.0285811 0.0264967  0.023481  0.050648 0.0522232 0.0504238  0.053076 0.0531625 0.0548051 0.0509906 0.0489906 0.0481506 0.0533639  0.048234  0.049524 0.0537829 0.0527669 0.0499547 0.0521737 0.0507223 0.0518185  0.051698 0.0501018 0.0539193 0.0499217 0.0503545 0.0551056 0.0504466 0.0506092  0.048729 0.0561702 0.0494532 0.0583704 0.0537449 0.0592603 0.0500278 0.0529776 0.0488609   0.05158 0.0512642 0.0549798 0.0534136 0.0503528 0.0523308 0.0552409 0.0527404 0.0518216   0.05535 0.0539434 0.0531977 0.0576726 0.0530205 0.0198119 0.0481658 0.0198119 0.0481658
0.0233912 0.0239841 0.0287781 0.0320722 0.0238197  0.032189 0.0239679 0.0304675 0.0220483 0.0326724 0.0289098 0.0230106 0.0220119  0.023002 0.0212721 0.0263686 0.0207182 0.0233484 0.0307527 0.0218983 0.0231974 0.0196669 0.0283534 0.0306316 0.0226155 0.0293288 0.0248713         0 0.0229558 0.0340377 0.0222487 0.0204761 0.0218108 0.0314241 0.0271465 0.0213298 0.0281921 0.0274267 0.0318842 0.0266918 0.0246503 0.0322297 0.0280692 0.0303221 0.0305705 0.0312755  0.018664 0.0231772 0.0266043 0.0503757 0.0494782 0.0491282 0.0507777  0.052085 0.0535438  0.051345 0.0497306 0.0472772 0.0517436 0.0452915 0.0479713  0.052203 0.0500007 0.0488332   0.05143 0.0487851 0.0505533 0.0515717 0.0496028  0.052844 0.0505556 0.0509574 0.0557255 0.0501186 0.0484552 0.0478344 0.0531966 0.0474982 0.0557427  0.052259 0.0570824 0.0484629 0.0515112 0.0478766 0.0497274 0.0499872 0.0543005 0.0520461 0.0490952 0.0515791 0.0545157 0.0515854 0.0518995  0.054197 0.0518893 0.0538431 0.0560049 0.0507823 0.0177671 0.0469876 0.0177671 0.0469876
 0.023843 0.0222689 0.0286657  0.030682 0.0232622  0.031731 0.0240387 0.0314332 0.0242637 0.0346516 0.0319002 0.0242132 0.0207959 0.0232032 0.0261685 0.0243081 0.0235828 0.0255646 0.0324031 0.0254932 0.0251097 0.0233934 0.0293776 0.0275194 0.0199624 0.0270952 0.0248477 0.0229558         0 0.0324308 0.0182972 0.0270887 0.0221641 0.0299212 0.0266583 0.0234662 0.0269908  0.027311 0.0329507 0.0286622 0.0247883 0.0339823 0.0243539 0.0286968 0.0288141 0.0325475 0.0265671 0.0232229 0.0260202  0.050744 0.0520813 0.0505641 0.0529133 0.0534531 0.0537718 0.0522897 0.0484086 0.0471554  0.052742 0.0482125 0.0497635 0.0525523 0.0500037 0.0480338 0.0512854 0.0504251 0.0510953 0.0509629  0.049944 0.0525641 0.0503748 0.0496383 0.0550755 0.0530027 0.0506141 0.0492876 0.0546424 0.0509543 0.0580572 0.0529867 0.0583531 0.0483809 0.0517509 0.0483776 0.0517644 0.0513988 0.0541221 0.0529816 0.0484051 0.0516682 0.0553527 0.0505232 0.0521467 0.0529108 0.0516535 0.0539304 0.0567176  0.051313 0.0191551 0.0476374 0.0191551 0.0476374
0.0316424 0.0343045 0.0336526 0.0298271 0.0309792 0.0223497 0.0347765  0.031572  0.033963 0.0256647 0.0218993 0.0306592 0.0312994 0.0313683 0.0338251 0.0334573 0.0294961 0.0319372 0.0246626 0.0336038 0.0327459 0.0311928 0.0272908 0.0306638 0.0347107 0.0251646 0.0315608 0.0340377 0.0324308         0 0.0293423  0.031519 0.0331497 0.0303096 0.0290229 0.0317077 0.0322283 0.0300888 0.0282702 0.0308484 0.0329481 0.0339541 0.0338683 0.0296119 0.0210939  0.033521 0.0357634 0.0330903 0.0352413  0.048951 0.0498167  0.047576 0.0500827 0.0521467 0.0531735 0.0488133 0.0459035 0.0445498 0.0504988   0.04594 0.0466006 0.0484564  0.049261 0.0454928 0.0484153 0.0476911 0.0492043 0.0500234 0.0476449 0.0494722 0.0498333  0.048696 0.0541403   0.04952 0.0484122  0.045672 0.0513441 0.0479941 0.0554188 0.0508326 0.0546367 0.0460764 0.0504596 0.0457871 0.0503049 0.0495364 0.0520635 0.0527323 0.0480792 0.0498383 0.0523773 0.0479807 0.0499443  0.052732 0.0511075 0.0513693    0.0536 0.0492783 0.0258671 0.0452688 0.0258671 0.0452688
0.0225743  0.025203  0.028251 0.0279187 0.0226991 0.0279423 0.0265124 0.0285446 0.0250324 0.0326862 0.0287615 0.0225642 0.0226912 0.0227874 0.0252179  0.022631 0.0211761 0.0242433  0.031669 0.0247231 0.0246473 0.0211248 0.0284082 0.0239552 0.0228878 0.0269169 0.0250871 0.0222487 0.0182972 0.0293423         0 0.0254532 0.0234581 0.0281862 0.0272455 0.0216467 0.0261847 0.0265168 0.0309772 0.0252756 0.0228914 0.0321456 0.0277865  0.027205 0.0289846 0.0310533 0.0276855 0.0237829 0.0282747 0.0476359 0.0494895 0.0478517 0.0488056 0.0519164 0.0524467 0.0500327 0.0460371 0.0450139 0.0520632 0.0439466 0.0470494 0.0489773 0.0491632 0.0457394 0.0486922 0.0479658 0.0480594 0.0498238 0.0482571  0.050522 0.0489991 0.0483843 0.0539177 0.0491426 0.0467745 0.0460596 0.0534598 0.0478519 0.0559944 0.0505593  0.055632 0.0468203 0.0501487  0.046867 0.0491031 0.0490829 0.0510925   0.05203 0.0474595 0.0495578 0.0528157 0.0489479 0.0488684 0.0525412 0.0497101  0.052228 0.0551673 0.0485336 0.0178063 0.0452601 0.0178063 0.0452601
0.0245849 0.0263486 0.0282561 0.0285648 0.0236904 0.0312562 0.0265959 0.0268757 0.0226495 0.0303357 0.0279682 0.0228016 0.0223174  0.025404 0.0250339 0.0234205 0.0222556  0.023833 0.0298066 0.0197251  0.022667 0.0203591  0.028308 0.0305306 0.0241392 0.0289814 0.0275906 0.0204761 0.0270887  0.031519 0.0254532         0 0.0234622 0.0300663 0.0264341 0.0253212 0.0272907 0.0283185 0.0322299 0.0271626  0.025217 0.0301828 0.0253597 0.0289632 0.0285595 0.0321915 0.0195717 0.0248873 0.0266694 0.0501459 0.0497301 0.0478693 0.0508799 0.0513499 0.0528948 0.0499102 0.0492494 0.0463679 0.0500124 0.0454508 0.0471431 0.0500722 0.0496528 0.0477358 0.0502736 0.0483395 0.0498938 0.0520087 0.0490277 0.0513958 0.0496182  0.048737 0.0550715 0.0514729 0.0490438 0.0464696 0.0501743 0.0483497 0.0547428 0.0520486 0.0566462 0.0464717 0.0514528 0.0459375 0.0485408 0.0496569 0.0526709  0.051492  0.048724 0.0506228 0.0534722 0.0499718 0.0516501 0.0540128  0.051888 0.0532005 0.0554678  0.051362 0.0174362 0.0461135 0.0174362 0.0461135
0.0254915 0.0224449  0.028273 0.0308391  0.021784 0.0313981 0.0224177 0.0285189 0.0232577 0.0316363 0.0286952  0.023199 0.0199104 0.0225843 0.0243805 0.0230033 0.0245769 0.0213448 0.0312232 0.0218615 0.0232741  0.022528  0.026366 0.0251549   0.02063 0.0279841 0.0217316 0.0218108 0.0221641 0.0331497 0.0234581 0.0234622         0 0.0291092 0.0253382 0.0253617 0.0264371 0.0272433 0.0323698 0.0281592 0.0255924 0.0325484 0.0250956 0.0243502 0.0283859  0.031372 0.0232633 0.0240301 0.0223578 0.0477953 0.0485275 0.0474976 0.0513013 0.0510093 0.0525915 0.0495486  0.049233 0.0455683 0.0507352 0.0450369 0.0471659 0.0496528 0.0494204 0.0473772 0.0501408 0.0478714 0.0491147 0.0506188 0.0492681 0.0511804 0.0474883 0.0493227 0.0531835 0.0491479 0.0474722 0.0472605 0.0529372 0.0463877 0.0556764 0.0511076 0.0568781 0.0471274 0.0490481 0.0465181 0.0474089 0.0489333 0.0525612 0.0503415 0.0477086 0.0500775  0.052037 0.0497264 0.0492568 0.0525458 0.0501263 0.0526104 0.0554351 0.0494471 0.0170726 0.0454247 0.0170726 0.0454247
0.0273391 0.0283148  0.035094 0.0295016 0.0281519 0.0283173 0.0337492 0.0251625 0.0288764  0.030308 0.0292313 0.0305968 0.0264465 0.0302763 0.0319871 0.0274099 0.0275733 0.0285246  0.032312  0.031987 0.0299129 0.0289235 0.0298317 0.0273876 0.0291693 0.0274883 0.0295796 0.0314241 0.0299212 0.0303096 0.0281862 0.0300663 0.0291092         0 0.0265482 0.0309619 0.0306121 0.0278482 0.0318033 0.0288127 0.0319699  0.034669 0.0310823 0.0297872 0.0289797 0.0339564 0.0306639 0.0274631 0.0314685 0.0395451 0.0421238 0.0411918 0.0445441 0.0442152 0.0447609 0.0422521 0.0390446 0.0380419 0.0442044 0.0396687 0.0404557 0.0436101 0.0442397 0.0407902 0.0436463 0.0398445 0.0418881 0.0406117 0.0402504 0.0418252 0.0387202 0.0412789  0.045624 0.0450311 0.0405267 0.0399781 0.0465844  0.042953 0.0499687 0.0441698 0.0491597 0.0382465 0.0446137 0.0375025 0.0415888 0.0421505 0.0450259  0.043728 0.0417995 0.0434299 0.0442245  0.042595 0.0422973 0.0448209 0.0436134 0.0434675 0.0461799 0.0421471 0.0221456 0.0375429 0.0221456 0.0375429
 0.027483 0.0279258 0.0259664 0.0252053 0.0256846 0.0248761 0.0334283 0.0284746 0.0234156 0.0289578 0.0269328 0.0252992 0.0261863 0.0292863 0.0307035 0.0278746 0.0277679 0.0244681 0.0282883 0.0276326 0.0253049 0.0267907 0.0193254 0.0265471  0.026918 0.0233108 0.0269804 0.0271465 0.0266583 0.0290229 0.0272455 0.0264341 0.0253382 0.0265482         0 0.0274943 0.0259128  0.022881 0.0297954 0.0247243 0.0271226 0.0308084 0.0271847  0.024879 0.0253066 0.0276604 0.0278759 0.0250022 0.0293195 0.0500504 0.0504301 0.0492956 0.0524866 0.0531486 0.0538999 0.0501319  0.049256 0.0463087 0.0518045 0.0475028 0.0484719  0.051714 0.0505544 0.0485796 0.0502272 0.0498092 0.0501209 0.0517771  0.049944 0.0516633  0.048428 0.0500399   0.05512 0.0527278 0.0489771 0.0489776 0.0530964 0.0494852 0.0577728 0.0525764  0.059183 0.0465223 0.0511084 0.0470881 0.0495261 0.0511905 0.0541342 0.0509324 0.0486854 0.0511297 0.0538003 0.0503404  0.050741 0.0542264 0.0513375 0.0535851 0.0557208 0.0505253 0.0196515 0.0468511 0.0196515 0.0468511
0.0228416 0.0250047 0.0293845  0.029362 0.0209246 0.0300802  0.024449  0.030272 0.0196509 0.0307957 0.0283256 0.0220582 0.0275822 0.0175498 0.0208901 0.0283498 0.0233131 0.0224577 0.0289535 0.0218061 0.0247993 0.0240913 0.0274177 0.0307011 0.0233829 0.0295088 0.0265708 0.0213298 0.0234662 0.0317077 0.0216467 0.0253212 0.0253617 0.0309619 0.0274943         0 0.0235094 0.0286065 0.0303679 0.0303909 0.0188959 0.0305059 0.0235454 0.0315537 0.0318607 0.0299504 0.0249257 0.0179058 0.0258081 0.0520863 0.0503595 0.0484733 0.0516542 0.0537334 0.0550846 0.0503461 0.0488532 0.0476617 0.0521034 0.0487613 0.0502519 0.0512759 0.0528045 0.0481424 0.0501993 0.0498973 0.0509931 0.0520349 0.0504924 0.0528611 0.0511838 0.0522755  0.056245 0.0513089 0.0496572  0.049304 0.0524052 0.0482696  0.057615 0.0526315 0.0589066  0.047604 0.0515406 0.0492869  0.050004 0.0512844 0.0542673 0.0530847  0.049059 0.0511677  0.054519 0.0502242 0.0509974 0.0551632 0.0534486 0.0538848 0.0559886 0.0506756 0.0171897 0.0471734 0.0171897 0.0471734
0.0285059 0.0272714 0.0297907 0.0297678 0.0234369 0.0299773 0.0286828 0.0292028  0.025087 0.0299055  0.027653 0.0243052 0.0281329  0.024181 0.0294462 0.0282736 0.0282933 0.0267148 0.0287751 0.0258986 0.0266028 0.0245396 0.0267823  0.029856 0.0261141 0.0267596 0.0265435 0.0281921 0.0269908 0.0322283 0.0261847 0.0272907 0.0264371 0.0306121 0.0259128 0.0235094         0 0.0280761 0.0302435 0.0293676 0.0258921 0.0312214 0.0250432  0.027624 0.0303165 0.0292602 0.0296463  0.024585  0.025807 0.0509404 0.0495411 0.0487193 0.0512244 0.0526211 0.0539762 0.0506162 0.0487115 0.0464593 0.0504608 0.0468255 0.0488133 0.0512904  0.050149 0.0476371 0.0501448 0.0489612 0.0504287 0.0519658 0.0494953 0.0521636 0.0511279 0.0510627 0.0559296 0.0511363 0.0505558 0.0481921 0.0512397 0.0481141 0.0555763  0.052811 0.0570373 0.0475104 0.0508587 0.0468155 0.0486498 0.0501868 0.0537589 0.0525855 0.0478827 0.0507507 0.0527485  0.050573 0.0521698 0.0535198 0.0517127  0.053289 0.0558022 0.0504597 0.0195138 0.0464529 0.0195138 0.0464529
0.0275939 0.0289746 0.0311627 0.0270264 0.0255168 0.0287794  0.029926  0.026352 0.0292073 0.0307211 0.0269926 0.0278393 0.0265591 0.0304383 0.0291837 0.0274731 0.0281686 0.0286316 0.0281183 0.0303706 0.0289339 0.0275161 0.0228968 0.0257136 0.0270135 0.0241547 0.0252287 0.0274267  0.027311 0.0300888 0.0265168 0.0283185 0.0272433 0.0278482  0.022881 0.0286065 0.0280761         0 0.0273368 0.0256574 0.0281571 0.0328308 0.0303377 0.0269445 0.0248246 0.0243257 0.0282722 0.0276434 0.0302985 0.0481905 0.0502734 0.0498123 0.0497059 0.0517326 0.0525129 0.0498687 0.0477863 0.0469227 0.0530557 0.0455046 0.0488293 0.0509863 0.0508905 0.0465737 0.0520367 0.0494447 0.0487835 0.0491414 0.0494258  0.051657  0.048451 0.0484407 0.0544027 0.0506219 0.0478319 0.0478479 0.0538063  0.048379 0.0571003 0.0512337 0.0572707 0.0464486 0.0510599 0.0468915 0.0485127 0.0510331 0.0517176 0.0516028  0.047935 0.0509262 0.0551411 0.0498593 0.0495113  0.053066 0.0504297 0.0523907 0.0556992 0.0497979 0.0206584 0.0462812 0.0206584 0.0462812
0.0310555 0.0343814 0.0315402 0.0322019 0.0278195  0.025404  0.033854 0.0312643 0.0327094   0.02718 0.0240656 0.0291048 0.0320782 0.0308093 0.0302381 0.0330018 0.0285733 0.0312743 0.0254157 0.0333421 0.0357169  0.029942 0.0257257 0.0323638 0.0315287 0.0285718 0.0314645 0.0318842 0.0329507 0.0282702 0.0309772 0.0322299 0.0323698 0.0318033 0.0297954 0.0303679 0.0302435 0.0273368         0 0.0324471 0.0315358 0.0339053 0.0339029 0.0277475 0.0279694 0.0289743 0.0325036  0.032056 0.0335394 0.0505215 0.0519197 0.0494623 0.0525817  0.053758 0.0552057 0.0518537 0.0489331 0.0477075  0.051575 0.0481453 0.0489862  0.051309 0.0509798 0.0482449 0.0514178 0.0502231 0.0509076 0.0510298 0.0495071 0.0526657 0.0520401  0.051191 0.0549089 0.0519945 0.0488812 0.0480912 0.0526837 0.0500931 0.0567875  0.053437 0.0570076 0.0483656 0.0530155 0.0489169 0.0508061 0.0513836  0.052387 0.0533885 0.0502532 0.0488216 0.0548573  0.049101 0.0519156 0.0550974 0.0542872 0.0539629 0.0579603 0.0510031 0.0242381 0.0474512 0.0242381 0.0474512
