        0 0.0653766 0.0602445  0.057413 0.0596568  0.062576 0.0576068 0.0673394 0.0582374 0.0604781 0.0584568 0.0544385 0.0641383 0.0669199 0.0611336 0.0591885 0.0637329 0.0607541 0.0704931 0.0595522 0.0601013 0.0625691 0.0641728  0.063515 0.0590476 0.0613331 0.0623188 0.0603782 0.0604168 0.0650172  0.059808 0.0666885 0.0644197 0.0619799 0.0642335 0.0573404 0.0581111 0.0640272   0.05879 0.0658939 0.0632891  0.066818 0.0562889 0.0664024  0.062715 0.0488726 0.0611857 0.0591312 0.0551982 0.0816012 0.0823747 0.0805343 0.0838318 0.0765287 0.0836166 0.0798872 0.0774636 0.0835209 0.0802798 0.0853401 0.0818277 0.0746665 0.0724767  0.078014 0.0804606 0.0774118 0.0840643 0.0811945 0.0783385 0.0854537 0.0823678 0.0843093 0.0816484 0.0851388 0.0890286 0.0780356 0.0792234 0.0824223 0.0834385 0.0852939 0.0797538 0.0789196 0.0794134 0.0770256 0.0819594 0.0743377 0.0853892 0.0846213 0.0740375 0.0829155 0.0817216 0.0795522 0.0832847 0.0827319 0.0874856 0.0839504 0.0834263 0.0845079 0.0481162 0.0694332 0.0481162 0.0694332
0.0653766         0 0.0583072 0.0513866 0.0597329 0.0693105 0.0640532 0.0608488 0.0603096 0.0497295 0.0549126 0.0627849 0.0590914 0.0743436 0.0581049 0.0634228  0.062099 0.0535569 0.0653538 0.0541222 0.0551663 0.0480026 0.0597526 0.0668698 0.0557588 0.0491667 0.0663593 0.0443434 0.0538272  0.066397 0.0599835 0.0649143 0.0598963 0.0534868 0.0629607 0.0510023 0.0556494 0.0620566 0.0479034 0.0616022 0.0490147 0.0729868 0.0580665 0.0569969 0.0589367 0.0629413 0.0678522 0.0553521 0.0604547 0.0781112 0.0801235 0.0781322 0.0825507 0.0754596 0.0772203 0.0819164  0.074837 0.0785516 0.0771965 0.0833135 0.0805573 0.0750873 0.0746434 0.0787066 0.0758565 0.0736218  0.077659 0.0824109 0.0714186 0.0798163 0.0790172 0.0801956 0.0806007 0.0815396 0.0797652 0.0752067 0.0747436 0.0782693 0.0764962 0.0846869 0.0780804 0.0784856 0.0821876 0.0767659 0.0796231 0.0741982 0.0800107 0.0801983 0.0732674 0.0796501 0.0822845 0.0759842  0.080247 0.0809701 0.0828229 0.0809639 0.0794238 0.0835949  0.048969 0.0662004  0.048969 0.0662004
0.0602445 0.0583072         0 0.0562453 0.0572908 0.0592749 0.0471904 0.0517431 0.0502069 0.0513671 0.0651026 0.0578686 0.0586443 0.0714745 0.0586861 0.0456882 0.0594478 0.0535655 0.0560388 0.0492647 0.0527146 0.0557461 0.0541426  0.058898 0.0486746 0.0598465  0.050461 0.0558059 0.0562577 0.0564903 0.0594486 0.0490347 0.0473662 0.0529916  0.045328 0.0535912 0.0614954 0.0490609 0.0575544 0.0438083 0.0587398 0.0652476 0.0591665 0.0605591 0.0507739 0.0554563 0.0588814 0.0590686 0.0494586 0.0681846  0.066914  0.068971 0.0687195 0.0630851 0.0690202 0.0706112 0.0602459 0.0688471 0.0686025 0.0735758 0.0682349  0.063922 0.0629309 0.0653669 0.0677098 0.0605451 0.0685725 0.0710435 0.0618881 0.0716751 0.0721459 0.0665708 0.0675821 0.0694832 0.0731399 0.0648296  0.070216 0.0685943  0.066064  0.073151  0.070198 0.0645813 0.0673642 0.0632578 0.0668594 0.0639595 0.0727101 0.0710417  0.060434 0.0679759 0.0678106 0.0639107 0.0715993 0.0671196 0.0714327 0.0691433 0.0703354 0.0725569 0.0397102 0.0539668 0.0397102 0.0539668
 0.057413 0.0513866 0.0562453         0  0.053138 0.0620773 0.0542129 0.0600057 0.0550325 0.0517819 0.0552873 0.0598347 0.0490583 0.0619563 0.0537017 0.0583619 0.0573007 0.0455818 0.0615259 0.0542816 0.0505904 0.0442726 0.0573758  0.059388 0.0532431 0.0500801 0.0566713 0.0471281 0.0512201  0.060761 0.0533043 0.0580022  0.059682 0.0544085 0.0548656 0.0496409 0.0436426 0.0529771   0.04972 0.0615257 0.0453914 0.0666596  0.055159 0.0596797 0.0553264 0.0488281 0.0627593 0.0513417 0.0558421 0.0777003 0.0794389 0.0809404 0.0754295 0.0710817 0.0751165 0.0767975 0.0755701 0.0772916 0.0758764 0.0781075 0.0789309  0.072931 0.0698022 0.0769209 0.0714967 0.0733012 0.0772033 0.0803584 0.0708958 0.0760501 0.0748993  0.077849 0.0778106 0.0745877 0.0820071 0.0767914 0.0736138 0.0771101 0.0773212 0.0812371 0.0757286  0.072807 0.0747222 0.0721937 0.0765905 0.0715417 0.0782424 0.0734002 0.0707247 0.0753867 0.0738729 0.0743125 0.0782555 0.0784897 0.0793115 0.0733318 0.0806097 0.0810473 0.0409065 0.0634503 0.0409065 0.0634503
0.0596568 0.0597329 0.0572908  0.053138         0 0.0603207 0.0542341  0.056006 0.0560003 0.0508958 0.0544305 0.0587809 0.0530551 0.0667476 0.0472388 0.0547113 0.0476906 0.0479722 0.0594241 0.0599887 0.0465146 0.0578134 0.0499724 0.0609507 0.0583673 0.0493898  0.055637 0.0533987 0.0503628 0.0511001 0.0501049 0.0552385   0.05812 0.0572276 0.0587215 0.0504924 0.0537172 0.0580504 0.0562058 0.0562643 0.0505829 0.0644614 0.0494375 0.0503822 0.0550641 0.0585499 0.0604092 0.0603027  0.048653 0.0773097 0.0766556 0.0794904 0.0744557 0.0741126 0.0768062 0.0769499 0.0787926 0.0821976  0.075201 0.0784781 0.0809275 0.0771751  0.068003 0.0778541 0.0717824 0.0747892 0.0789704 0.0848049 0.0729576  0.081447 0.0784304 0.0790601 0.0813576  0.074841 0.0839086 0.0790271 0.0743328 0.0775097 0.0779069 0.0840711 0.0799869 0.0764081 0.0737609 0.0691138 0.0707615 0.0770132 0.0802779 0.0753572 0.0729315 0.0790665 0.0734759 0.0771207 0.0779985 0.0802324 0.0842915 0.0715175 0.0814921 0.0839485 0.0403056  0.065749 0.0403056  0.065749
 0.062576 0.0693105 0.0592749 0.0620773 0.0603207         0 0.0550767 0.0554602 0.0586254 0.0630009 0.0641949 0.0652571 0.0615142 0.0592556 0.0550941 0.0554265 0.0635453 0.0611613 0.0539314 0.0607498 0.0618402 0.0655067 0.0646478 0.0542035 0.0564527 0.0638464 0.0499037 0.0646525 0.0622197 0.0574367 0.0586542 0.0616849 0.0560973 0.0477551 0.0585023 0.0625555 0.0621297 0.0564703 0.0649171 0.0594728 0.0659945 0.0527354 0.0596329 0.0622952 0.0468288  0.062415 0.0536437 0.0632059 0.0522454 0.0815273 0.0783075  0.080015 0.0728427 0.0739597 0.0811136 0.0715682 0.0728564 0.0816328 0.0797272 0.0766987  0.079277  0.076879 0.0624529 0.0755088 0.0716979 0.0758894   0.08126 0.0779139 0.0767077 0.0801806 0.0823023 0.0828752 0.0779159 0.0728483 0.0868615   0.08013 0.0782761 0.0769628 0.0828527 0.0829925 0.0773406 0.0755392 0.0737232 0.0666282 0.0727215 0.0763203 0.0811508 0.0747512 0.0738781 0.0778951 0.0723536 0.0756156 0.0831612 0.0776937 0.0813023 0.0733601 0.0803118 0.0801578 0.0448337 0.0667988 0.0448337 0.0667988
0.0576068 0.0640532 0.0471904 0.0542129 0.0542341 0.0550767         0  0.054603 0.0460392  0.058495 0.0586775 0.0582558 0.0599805 0.0630211 0.0567496 0.0455548 0.0580058 0.0580687 0.0561952 0.0509522 0.0566683 0.0599362 0.0594317 0.0531457 0.0510757 0.0595825 0.0468013 0.0577999 0.0568853 0.0536253 0.0570221 0.0506491 0.0523939 0.0531577 0.0494923 0.0561481 0.0590844 0.0512826 0.0556018 0.0544838 0.0605988 0.0616754 0.0632705 0.0614452 0.0504962 0.0523064 0.0532734 0.0559243 0.0485096 0.0745476 0.0729851 0.0727425 0.0763928 0.0683614 0.0730703 0.0759706 0.0661969 0.0726312 0.0715681 0.0775527 0.0730571  0.063193 0.0656472 0.0702556 0.0700961 0.0688113 0.0721085 0.0714552 0.0689248 0.0746297 0.0752413 0.0756835 0.0725942  0.072101 0.0803868 0.0719765 0.0714896  0.072957 0.0748179 0.0787446 0.0696879 0.0681388 0.0717119 0.0672265 0.0724665 0.0627177 0.0744595 0.0758455 0.0662551 0.0718232 0.0725629 0.0694697  0.075967 0.0737789 0.0783544 0.0736062 0.0770113 0.0748904 0.0391048  0.058983 0.0391048  0.058983
0.0673394 0.0608488 0.0517431 0.0600057  0.056006 0.0554602  0.054603         0 0.0463263 0.0595063 0.0584707  0.066007 0.0562138 0.0621616 0.0504716  0.046327 0.0589558 0.0569521 0.0474711 0.0544448 0.0558428  0.060193  0.060304 0.0581216 0.0551981 0.0586139 0.0450474 0.0598726 0.0537273  0.051446 0.0510521 0.0510075 0.0455659 0.0478189 0.0551046 0.0554064 0.0551532 0.0506064  0.060314 0.0413033 0.0587134 0.0523385 0.0573829 0.0534079 0.0498779 0.0635784  0.048354 0.0637579 0.0515759 0.0755145 0.0748813 0.0773314 0.0754083 0.0710054 0.0735186 0.0740272 0.0693709 0.0775974 0.0729326   0.07729 0.0753569 0.0712261 0.0636637 0.0733973 0.0660405 0.0709394 0.0744046 0.0790251 0.0704569 0.0748855 0.0794098 0.0753336 0.0754706 0.0705275 0.0785896 0.0740493 0.0713894 0.0730189 0.0742861 0.0801364 0.0775669 0.0733779 0.0721321  0.066909  0.070667 0.0705946 0.0755623 0.0757471 0.0690135 0.0744596 0.0727174 0.0739866 0.0789016 0.0722048 0.0780595 0.0728397 0.0756376 0.0793439 0.0384869 0.0605982 0.0384869 0.0605982
0.0582374 0.0603096 0.0502069 0.0550325 0.0560003 0.0586254 0.0460392 0.0463263         0 0.0562752 0.0521951 0.0569287 0.0532879 0.0624438 0.0499883 0.0439223 0.0530594  0.055053 0.0536943 0.0543203 0.0501036 0.0533226 0.0530902 0.0522964 0.0468416 0.0573301 0.0496549  0.053862 0.0523941 0.0530326 0.0498571 0.0478968 0.0558327 0.0506432  0.047755 0.0584622 0.0544347 0.0516337 0.0544187 0.0423625 0.0524376 0.0605931 0.0540953 0.0544542  0.053761 0.0585736 0.0514861 0.0560874 0.0473743 0.0693535 0.0723115 0.0726737 0.0770486 0.0671312 0.0690482 0.0736557 0.0672151 0.0710752 0.0708575 0.0766162 0.0720842 0.0667957  0.063057 0.0711506 0.0689276  0.068833 0.0730222 0.0764577 0.0688822 0.0735645 0.0740025 0.0756963 0.0713168 0.0744516  0.075395 0.0723405 0.0700306 0.0711883 0.0715589 0.0764819 0.0688611 0.0660874 0.0718149 0.0699707 0.0716235 0.0660663 0.0736895 0.0776831 0.0655887  0.070135 0.0720124 0.0686073 0.0719363 0.0715741 0.0755934 0.0735348 0.0731999 0.0751361 0.0356498 0.0578065 0.0356498 0.0578065
0.0604781 0.0497295 0.0513671 0.0517819 0.0508958 0.0630009  0.058495 0.0595063 0.0562752         0 0.0530747 0.0577315 0.0547655  0.066229 0.0468668 0.0591053 0.0536517 0.0411066  0.061387 0.0503969 0.0421286 0.0506008 0.0553991 0.0623571 0.0548954 0.0504382 0.0591489 0.0477113 0.0514721 0.0604587 0.0524664 0.0543743 0.0564837 0.0552905  0.054285 0.0481501 0.0552335 0.0564422 0.0506853 0.0542813 0.0401238 0.0652154 0.0526986 0.0532626  0.056506 0.0551381 0.0628401 0.0572316  0.056278 0.0712372 0.0712414 0.0698953 0.0758889  0.067769  0.071368 0.0761637 0.0677484 0.0736878 0.0688425 0.0821624 0.0739336 0.0663771  0.069103 0.0710451 0.0729434 0.0641909 0.0718901 0.0746257 0.0660715 0.0745164 0.0715768 0.0703047  0.074944 0.0797447 0.0776842 0.0699796 0.0712867 0.0734354 0.0737035 0.0754255 0.0704969 0.0691976 0.0752453 0.0722726 0.0732028 0.0663642 0.0765944 0.0745652  0.067064 0.0741767 0.0754502  0.068114 0.0738694 0.0738279  0.078011 0.0757674 0.0750194 0.0744694 0.0422957 0.0593291 0.0422957 0.0593291
0.0584568 0.0549126 0.0651026 0.0552873 0.0544305 0.0641949 0.0586775 0.0584707 0.0521951 0.0530747         0 0.0581497 0.0551019 0.0595913  0.045651 0.0546782 0.0525632 0.0546053 0.0668344  0.060233 0.0481663 0.0530568 0.0563651 0.0541162 0.0610965 0.0537262 0.0610092   0.05272 0.0522562 0.0633993 0.0518168 0.0605616 0.0614606  0.060085 0.0651152 0.0539738 0.0510476 0.0614454 0.0495302 0.0609035 0.0497152 0.0588255 0.0508656 0.0501216 0.0642308 0.0603809 0.0579024 0.0545097  0.054523 0.0722133  0.073048  0.072571 0.0828481 0.0699888 0.0708525 0.0778505 0.0729622 0.0748289 0.0691685 0.0834884 0.0721569 0.0715412  0.069572 0.0714954 0.0768498 0.0719355  0.072639 0.0774539 0.0688006 0.0753288 0.0721758 0.0771084 0.0768288 0.0818695 0.0776104 0.0708581 0.0666976 0.0727089 0.0733276 0.0773451 0.0716068  0.069868 0.0803664 0.0744517 0.0789173 0.0696877 0.0733895 0.0800208 0.0688144  0.072656 0.0800537 0.0728144 0.0748427 0.0762513 0.0774695 0.0785073 0.0749074 0.0784236 0.0425762 0.0613558 0.0425762 0.0613558
0.0544385 0.0627849 0.0578686 0.0598347 0.0587809 0.0652571 0.0582558  0.066007 0.0569287 0.0577315 0.0581497         0 0.0607197 0.0684177 0.0530363 0.0545659 0.0614714 0.0602947 0.0731232 0.0638188 0.0554227 0.0598669  0.055951 0.0587291 0.0577917 0.0640848 0.0624813 0.0610357 0.0600888 0.0637295 0.0543075 0.0622744 0.0597265 0.0622735 0.0626786 0.0615044 0.0600742 0.0602413 0.0560601 0.0592183 0.0593788 0.0673959 0.0565169 0.0581168  0.064076 0.0561089 0.0659491 0.0546584 0.0567961 0.0794517 0.0792956 0.0801722 0.0869629 0.0732231 0.0799017 0.0833226 0.0773107 0.0822134 0.0788048 0.0861603 0.0791696 0.0772129 0.0771932 0.0740885 0.0831211 0.0747334 0.0810311 0.0821104 0.0765454 0.0839069 0.0776387 0.0812816 0.0803057 0.0873457 0.0880134 0.0803067 0.0782608 0.0785256  0.081702 0.0860643 0.0748501 0.0757718 0.0826861 0.0779465 0.0836212 0.0770311  0.086743 0.0871998 0.0691093 0.0780137 0.0857629 0.0762952  0.077842 0.0833823 0.0861758 0.0838998 0.0823329 0.0811458 0.0464461 0.0687071 0.0464461 0.0687071
0.0641383 0.0590914 0.0586443 0.0490583 0.0530551 0.0615142 0.0599805 0.0562138 0.0532879 0.0547655 0.0551019 0.0607197         0 0.0618931 0.0523337 0.0596984 0.0479304 0.0520958 0.0583038 0.0574705 0.0487952 0.0547963 0.0540469 0.0578945 0.0560412 0.0560051 0.0543606 0.0529952 0.0474214 0.0574918 0.0490491 0.0530385 0.0552981 0.0571441  0.054862 0.0557334  0.047122 0.0544624 0.0601093 0.0550241 0.0528356 0.0678498 0.0531143 0.0573095 0.0574339 0.0548884 0.0573523 0.0610631 0.0504882 0.0799789 0.0801121 0.0831353 0.0787509 0.0747509 0.0804626 0.0777889 0.0817728 0.0813668 0.0761248 0.0783108 0.0802317  0.081619 0.0672876 0.0802552 0.0714976 0.0776782 0.0817025 0.0899656 0.0746496  0.082753 0.0816401 0.0826571  0.084788 0.0747622   0.08417 0.0815624 0.0768184  0.078734 0.0787046 0.0834255 0.0777577 0.0764616 0.0764479 0.0706502 0.0736993 0.0815054 0.0861102 0.0749715 0.0745305 0.0786897 0.0763743 0.0770514 0.0808523 0.0854977 0.0821603 0.0741162 0.0845754  0.086175 0.0394025 0.0682202 0.0394025 0.0682202
0.0669199 0.0743436 0.0714745 0.0619563 0.0667476 0.0592556 0.0630211 0.0621616 0.0624438  0.066229 0.0595913 0.0684177 0.0618931         0 0.0608433 0.0636631 0.0648293 0.0640369 0.0639748 0.0602833 0.0625851  0.069327 0.0697751 0.0566903 0.0649105 0.0648041 0.0571966 0.0683282  0.066172 0.0665313 0.0565853 0.0647126 0.0617188 0.0627567 0.0645842 0.0622125 0.0559333 0.0611823 0.0638724 0.0666721 0.0637656 0.0562543 0.0601909 0.0681259 0.0615039 0.0619197 0.0622712 0.0656895 0.0625812 0.0819236 0.0800371 0.0850191 0.0840199 0.0729671 0.0814259   0.07959 0.0808103 0.0838306  0.076101  0.084599 0.0811379  0.079769 0.0762713 0.0798841 0.0775187 0.0818652 0.0825549 0.0844596 0.0771149 0.0816894 0.0796933 0.0856485 0.0822144 0.0796019 0.0882743 0.0848217 0.0748017 0.0792177 0.0837531 0.0846078 0.0789674 0.0769176 0.0815432 0.0758603  0.079435 0.0788947 0.0824268 0.0815543 0.0753336 0.0786559 0.0838665 0.0821243 0.0853794 0.0823325 0.0802497 0.0799379 0.0831257 0.0822084  0.049136 0.0688418  0.049136 0.0688418
0.0611336 0.0581049 0.0586861 0.0537017 0.0472388 0.0550941 0.0567496 0.0504716 0.0499883 0.0468668  0.045651 0.0530363 0.0523337 0.0608433         0 0.0512433 0.0438672 0.0519517 0.0571718 0.0590192  0.043786 0.0522023 0.0462567 0.0514659 0.0554585 0.0524279 0.0537554 0.0542221 0.0520287 0.0548979 0.0481132 0.0507346  0.052946 0.0508709 0.0574908 0.0542382 0.0532098 0.0555625 0.0521564  0.050343  0.048281 0.0529683 0.0522317 0.0427312 0.0531156 0.0581603 0.0565645 0.0582446 0.0510431 0.0730692 0.0753294  0.073438 0.0782999 0.0693566 0.0753385 0.0765789 0.0733679 0.0785272 0.0686605 0.0787991 0.0751509  0.074942 0.0687513  0.073187 0.0732289  0.072963 0.0743703   0.07983  0.069556 0.0800881 0.0749182 0.0754757 0.0770127  0.078564  0.081792 0.0743147 0.0720495 0.0761135 0.0749063 0.0797204 0.0743792 0.0712755 0.0752648 0.0712546 0.0733337 0.0739952 0.0775881   0.07673 0.0700493 0.0736776 0.0780424 0.0727846 0.0771131 0.0766031 0.0804786 0.0751024 0.0760317 0.0803886 0.0373323 0.0627999 0.0373323 0.0627999
0.0591885 0.0634228 0.0456882 0.0583619 0.0547113 0.0554265 0.0455548  0.046327 0.0439223 0.0591053 0.0546782 0.0545659 0.0596984 0.0636631 0.0512433         0 0.0544428 0.0586016 0.0531212 0.0576443 0.0526862 0.0566295   0.05717 0.0539754 0.0525527 0.0548077  0.048289 0.0588079 0.0587296 0.0515734 0.0548482 0.0521331 0.0509371 0.0517238 0.0528118  0.059724 0.0617492 0.0496745 0.0587069 0.0448181 0.0576154  0.053742 0.0595184 0.0546279 0.0511373 0.0613634 0.0491076  0.059667 0.0470952  0.069662 0.0710569 0.0726713 0.0783746 0.0668526 0.0683677 0.0737026 0.0653488 0.0733713 0.0696868 0.0790486 0.0705547 0.0647243 0.0658544 0.0681956 0.0706458 0.0665729 0.0696385 0.0709149 0.0653454  0.071604 0.0716854 0.0730262 0.0697972 0.0742515 0.0745128 0.0702163 0.0699816 0.0710735 0.0697533 0.0758025 0.0702086 0.0635562 0.0730638 0.0672224 0.0736495 0.0648342 0.0698903 0.0763155 0.0615671 0.0688372 0.0743833 0.0663394 0.0720866 0.0691444 0.0718421 0.0718721 0.0710705 0.0733201 0.0381542 0.0569061 0.0381542 0.0569061
0.0637329  0.062099 0.0594478 0.0573007 0.0476906 0.0635453 0.0580058 0.0589558 0.0530594 0.0536517 0.0525632 0.0614714 0.0479304 0.0648293 0.0438672 0.0544428         0 0.0513141 0.0583198 0.0570907 0.0446412 0.0542912 0.0516643 0.0606718  0.057758 0.0511302 0.0512064 0.0512037 0.0496144 0.0544047 0.0489252 0.0507024 0.0535981 0.0564355 0.0529237 0.0559892 0.0557319 0.0513349 0.0591229 0.0514047 0.0518652  0.066051 0.0519119 0.0510662 0.0588716 0.0584378 0.0543742 0.0586873 0.0490375 0.0761255 0.0763644 0.0764128  0.078888  0.073083 0.0768101   0.07598 0.0785654 0.0803656 0.0720979 0.0782602 0.0766669 0.0782322 0.0695087 0.0768298 0.0717753 0.0768351 0.0781309 0.0852868 0.0717362 0.0810572 0.0766257 0.0782487 0.0824665 0.0777045 0.0810169 0.0767357 0.0744881 0.0761169 0.0751969 0.0815309 0.0733333 0.0731673 0.0751375 0.0700074 0.0732092 0.0776865 0.0807132 0.0733903 0.0750173 0.0762585 0.0765681 0.0735432 0.0789706 0.0815482 0.0829366 0.0716031 0.0808511 0.0845632  0.038954 0.0650995  0.038954 0.0650995
0.0607541 0.0535569 0.0535655 0.0455818 0.0479722 0.0611613 0.0580687 0.0569521  0.055053 0.0411066 0.0546053 0.0602947 0.0520958 0.0640369 0.0519517 0.0586016 0.0513141         0 0.0595275 0.0531225 0.0395384 0.0497978 0.0540527 0.0630359 0.0535672 0.0457168 0.0561584 0.0494649 0.0497242 0.0592435 0.0493921 0.0557397 0.0566991 0.0563993 0.0551137 0.0481202 0.0458567 0.0492523 0.0530941 0.0566648 0.0370755 0.0685754 0.0466958 0.0529673 0.0569792 0.0545785  0.057986 0.0561498 0.0576655  0.070254 0.0697519 0.0747907 0.0687358 0.0640729 0.0670662 0.0684325  0.070759 0.0723807 0.0694154  0.073988 0.0716752 0.0682371 0.0616577 0.0716303 0.0659397 0.0680337 0.0730392 0.0770097  0.065157 0.0731431 0.0708791 0.0695218 0.0737605 0.0695907 0.0752671 0.0709267 0.0660012  0.069036 0.0713162 0.0720654 0.0699384 0.0702105 0.0691366 0.0655592 0.0653927 0.0682079 0.0736352 0.0695616 0.0652049 0.0696111 0.0676659 0.0686872 0.0706878 0.0714294 0.0745454 0.0680997 0.0732701 0.0750556 0.0399913 0.0564673 0.0399913 0.0564673
0.0704931 0.0653538 0.0560388 0.0615259 0.0594241 0.0539314 0.0561952 0.0474711 0.0536943  0.061387 0.0668344 0.0731232 0.0583038 0.0639748 0.0571718 0.0531212 0.0583198 0.0595275         0 0.0528879 0.0600547 0.0592582 0.0651425 0.0631952 0.0539615 0.0549493 0.0482174 0.0577982 0.0602782 0.0519452 0.0587464 0.0537341 0.0442526 0.0472483 0.0487801 0.0604339 0.0630228 0.0487294 0.0650092 0.0519687 0.0597481 0.0580576 0.0656197 0.0609676 0.0468414 0.0649534 0.0569583 0.0622564 0.0540512 0.0757614 0.0745184 0.0764277 0.0708285 0.0714056 0.0771269 0.0731023 0.0714301 0.0754465 0.0739652 0.0768333 0.0775369 0.0730954 0.0635154 0.0777311 0.0664708  0.069262 0.0768297 0.0794628 0.0683129 0.0770613 0.0775164 0.0775493 0.0792235 0.0673066 0.0796912 0.0773149 0.0735464 0.0736599  0.077761 0.0789905 0.0761578 0.0738734 0.0706041 0.0654364 0.0676354 0.0715089 0.0757036 0.0702049  0.071286 0.0746167  0.071496 0.0721327 0.0791371 0.0750272  0.076835 0.0702633 0.0771046 0.0810997 0.0441683 0.0620481 0.0441683 0.0620481
0.0595522 0.0541222 0.0492647 0.0542816 0.0599887 0.0607498 0.0509522 0.0544448 0.0543203 0.0503969  0.060233 0.0638188 0.0574705 0.0602833 0.0590192 0.0576443 0.0570907 0.0531225 0.0528879         0 0.0543254 0.0551524 0.0645881 0.0598731 0.0435101 0.0508966 0.0534239 0.0511347 0.0574385 0.0533128 0.0554275 0.0535234 0.0443974 0.0486941 0.0434818 0.0506685 0.0548739 0.0497359 0.0547193 0.0503905 0.0569316 0.0616776 0.0577204 0.0603755 0.0520985 0.0536967 0.0540683 0.0518224 0.0510509 0.0735486 0.0689515 0.0713443 0.0722767  0.066703 0.0714956 0.0714268 0.0669267 0.0689734 0.0691802 0.0765389 0.0724781 0.0621715 0.0666128 0.0702876 0.0664129 0.0639863 0.0720097 0.0727399 0.0659865 0.0726666 0.0726844 0.0735038 0.0747553 0.0719772 0.0758083 0.0690586   0.07023 0.0679619 0.0695474 0.0756065 0.0685148 0.0713969  0.072812 0.0674491 0.0692609 0.0622636 0.0753978 0.0710411 0.0652632 0.0722733 0.0723287  0.069419 0.0739451 0.0732644 0.0743344 0.0713891 0.0736529 0.0750413 0.0413161 0.0566838 0.0413161 0.0566838
0.0601013 0.0551663 0.0527146 0.0505904 0.0465146 0.0618402 0.0566683 0.0558428 0.0501036 0.0421286 0.0481663 0.0554227 0.0487952 0.0625851  0.043786 0.0526862 0.0446412 0.0395384 0.0600547 0.0543254         0  0.050589 0.0492794 0.0560025 0.0552318 0.0457607 0.0537186 0.0511737 0.0517753 0.0590349 0.0482155 0.0533569 0.0577836 0.0564091 0.0535518 0.0493961 0.0486824 0.0521026 0.0507954 0.0541193 0.0423645  0.061951 0.0473291 0.0425145 0.0565614 0.0555626 0.0584481  0.056661 0.0527679 0.0654474 0.0666886 0.0691445 0.0722908 0.0640551 0.0662439 0.0727102 0.0701655 0.0726395 0.0635992 0.0760324 0.0679546 0.0683228 0.0630433 0.0676282 0.0697032 0.0670179 0.0696515 0.0757584 0.0609622 0.0706055 0.0696428 0.0671886 0.0720555 0.0736563 0.0727718 0.0706456 0.0630502 0.0697487 0.0675883 0.0731592 0.0661852 0.0649587 0.0734846  0.068997 0.0683977 0.0672846 0.0727295 0.0707542 0.0645208 0.0666606 0.0700972 0.0670229 0.0680098 0.0716036 0.0759071 0.0703657 0.0719043 0.0723206 0.0361745 0.0549064 0.0361745 0.0549064
0.0625691 0.0480026 0.0557461 0.0442726 0.0578134 0.0655067 0.0599362  0.060193 0.0533226 0.0506008 0.0530568 0.0598669 0.0547963  0.069327 0.0522023 0.0566295 0.0542912 0.0497978 0.0592582 0.0551524  0.050589         0 0.0536302  0.065758 0.0566386 0.0508603 0.0587467 0.0390259 0.0494201  0.063318 0.0548516 0.0564705 0.0543377  0.053075 0.0546465 0.0511902 0.0519879 0.0527415 0.0508778 0.0563371 0.0458499 0.0630323 0.0577229 0.0580053 0.0586921 0.0568109 0.0639904 0.0525162 0.0573895 0.0694131 0.0757612 0.0761611 0.0741202  0.070692 0.0710084 0.0752471 0.0726751 0.0741694 0.0710753 0.0792506 0.0741747   0.07034 0.0686828 0.0735594 0.0700827 0.0684259 0.0737939  0.078802 0.0658364 0.0781289 0.0723454 0.0727245 0.0772145 0.0763057 0.0763773 0.0744998 0.0700091  0.072475 0.0718893 0.0795308 0.0699707 0.0696644 0.0762199 0.0678481 0.0746183 0.0676641  0.077312 0.0743867 0.0693179 0.0727399 0.0753768 0.0673029 0.0766421 0.0774257 0.0769373 0.0727184 0.0761848  0.079435 0.0429592 0.0606106 0.0429592 0.0606106
0.0641728 0.0597526 0.0541426 0.0573758 0.0499724 0.0646478 0.0594317  0.060304 0.0530902 0.0553991 0.0563651  0.055951 0.0540469 0.0697751 0.0462567   0.05717 0.0516643 0.0540527 0.0651425 0.0645881 0.0492794 0.0536302         0 0.0609706  0.059793 0.0611874 0.0592504 0.0519778 0.0490208 0.0632899 0.0495681 0.0544954  0.063746 0.0575454 0.0602941 0.0537528 0.0568984 0.0592756 0.0559543 0.0565682 0.0521717 0.0656154 0.0514031 0.0535456 0.0575407 0.0621023 0.0651546 0.0645846 0.0544308 0.0771946 0.0805877 0.0810647 0.0720979 0.0774811 0.0797262 0.0741624 0.0780591 0.0828962 0.0780068 0.0730275 0.0785112 0.0774245 0.0643129 0.0797462 0.0680585 0.0777399 0.0812176 0.0827512 0.0760471 0.0848584   0.08071 0.0806033 0.0832532 0.0740363 0.0858804 0.0812761 0.0757992 0.0804127 0.0782523 0.0873936 0.0795496 0.0787666 0.0726141 0.0666085  0.068495 0.0766328 0.0844953 0.0742024 0.0751128 0.0790918 0.0730453 0.0778764 0.0825335 0.0809365 0.0883327 0.0710106 0.0852307 0.0849446 0.0420661 0.0683608 0.0420661 0.0683608
 0.063515 0.0668698  0.058898  0.059388 0.0609507 0.0542035 0.0531457 0.0581216 0.0522964 0.0623571 0.0541162 0.0587291 0.0578945 0.0566903 0.0514659 0.0539754 0.0606718 0.0630359 0.0631952 0.0598731 0.0560025  0.065758 0.0609706         0 0.0561257 0.0661653 0.0537629 0.0664748 0.0625125 0.0567835 0.0489554 0.0553289 0.0573236 0.0548874 0.0551842 0.0652508 0.0575876 0.0545574 0.0590536 0.0566792 0.0607062  0.057021 0.0598914  0.060889 0.0560799 0.0584311 0.0581267 0.0593647 0.0521837 0.0738889 0.0739638 0.0763547 0.0759954 0.0680917 0.0762726 0.0746906  0.071674 0.0756936 0.0712694 0.0793265 0.0763119 0.0753678 0.0666258 0.0721152 0.0723537  0.074687 0.0743027 0.0774553  0.072568 0.0747658 0.0768039 0.0788275 0.0732823 0.0740103  0.082504 0.0773473 0.0715858  0.073408  0.074366 0.0804316 0.0751533 0.0709692 0.0741772 0.0711408 0.0757456 0.0740314 0.0809691 0.0732995 0.0696583  0.070416 0.0719398 0.0743892 0.0751393 0.0771689  0.078218 0.0718541 0.0761047  0.076369 0.0422838 0.0620639 0.0422838 0.0620639
0.0590476 0.0557588 0.0486746 0.0532431 0.0583673 0.0564527 0.0510757 0.0551981 0.0468416 0.0548954 0.0610965 0.0577917 0.0560412 0.0649105 0.0554585 0.0525527  0.057758 0.0535672 0.0539615 0.0435101 0.0552318 0.0566386  0.059793 0.0561257         0 0.0543369 0.0565766 0.0519538 0.0574103  0.050906 0.0550244 0.0515206 0.0504418 0.0463334 0.0415205 0.0586383 0.0574182 0.0495748 0.0556765 0.0496648 0.0562389 0.0659897 0.0586691 0.0596667 0.0493232  0.054586 0.0537922 0.0551602   0.04611 0.0759687 0.0739354 0.0758712 0.0748638 0.0686974 0.0734575 0.0708002 0.0686436 0.0730725 0.0740696 0.0726937 0.0734491 0.0664893 0.0655728 0.0723262 0.0652653 0.0697512 0.0763906 0.0781597 0.0693961 0.0750945 0.0737188 0.0760134 0.0756134 0.0720302 0.0790496 0.0737934 0.0741285 0.0709153 0.0720409 0.0801122  0.072525 0.0726898 0.0708245 0.0666848 0.0675237 0.0663877 0.0763557 0.0727952 0.0646074 0.0739442 0.0718905  0.070369 0.0729091  0.077158 0.0762092 0.0720193 0.0761105 0.0781733 0.0393242 0.0593881 0.0393242 0.0593881
0.0613331 0.0491667 0.0598465 0.0500801 0.0493898 0.0638464 0.0595825 0.0586139 0.0573301 0.0504382 0.0537262 0.0640848 0.0560051 0.0648041 0.0524279 0.0548077 0.0511302 0.0457168 0.0549493 0.0508966 0.0457607 0.0508603 0.0611874 0.0661653 0.0543369         0 0.0587285  0.049529 0.0576211 0.0574145 0.0571514 0.0629436 0.0562631 0.0500487 0.0571372 0.0509331 0.0545013 0.0568541 0.0487426 0.0607181 0.0450557 0.0681788 0.0549007 0.0497374 0.0556925  0.059002 0.0616657 0.0549917 0.0558626 0.0719201 0.0733758 0.0732975 0.0798882 0.0705378 0.0729011 0.0766147 0.0734241 0.0749855  0.069246 0.0798096 0.0741316 0.0705902 0.0685494 0.0754258 0.0714727 0.0707234 0.0733883 0.0786286 0.0645967 0.0742998  0.073429 0.0760336  0.077203 0.0761449 0.0757033 0.0729842 0.0672125  0.073914  0.073725 0.0774263 0.0719387 0.0704906 0.0757125 0.0704504 0.0714929 0.0701792 0.0712827 0.0741831 0.0688388 0.0725453  0.075789 0.0707616 0.0740839 0.0753342 0.0746665    0.0747 0.0745496 0.0791457 0.0441381 0.0602296 0.0441381 0.0602296
0.0623188 0.0663593  0.050461 0.0566713  0.055637 0.0499037 0.0468013 0.0450474 0.0496549 0.0591489 0.0610092 0.0624813 0.0543606 0.0571966 0.0537554  0.048289 0.0512064 0.0561584 0.0482174 0.0534239 0.0537186 0.0587467 0.0592504 0.0537629 0.0565766 0.0587285         0 0.0553019 0.0531618 0.0537685 0.0529821 0.0487783 0.0452275 0.0503394 0.0493514 0.0578007 0.0549295 0.0418282 0.0612988 0.0472619 0.0597879 0.0544611 0.0562286 0.0607916 0.0457872 0.0583946 0.0484685 0.0592175 0.0479009 0.0704604 0.0699061 0.0704584 0.0702291 0.0633957 0.0713511 0.0676316 0.0653914 0.0744567 0.0681087 0.0696571 0.0702849 0.0695931 0.0600361 0.0673932 0.0643608 0.0686198 0.0708174  0.071655 0.0673354 0.0722039 0.0757897 0.0710327 0.0680711 0.0659578 0.0751921 0.0691614 0.0684668 0.0703367 0.0705729 0.0736062 0.0675988  0.065836 0.0640026 0.0596929 0.0671043 0.0685335 0.0726313 0.0705516 0.0663008 0.0673719 0.0671005 0.0685146 0.0745779 0.0723692 0.0754093 0.0671168 0.0716938 0.0731254 0.0358215  0.055501 0.0358215  0.055501
0.0603782 0.0443434 0.0558059 0.0471281 0.0533987 0.0646525 0.0577999 0.0598726  0.053862 0.0477113   0.05272 0.0610357 0.0529952 0.0683282 0.0542221 0.0588079 0.0512037 0.0494649 0.0577982 0.0511347 0.0511737 0.0390259 0.0519778 0.0664748 0.0519538  0.049529 0.0553019         0 0.0453764 0.0623473 0.0545855 0.0553461 0.0532024 0.0504795 0.0524537 0.0481529 0.0542594 0.0544576 0.0508847  0.056148 0.0484175 0.0653608 0.0562323 0.0581749 0.0514958 0.0577237 0.0605984  0.050966 0.0531486 0.0738293  0.075628 0.0764119 0.0728341 0.0712287 0.0733842 0.0706075 0.0724991 0.0758833 0.0729727 0.0711768 0.0757275  0.068469 0.0658468 0.0758869 0.0670708 0.0692281 0.0747268  0.078608 0.0680018 0.0785159 0.0749527  0.074899 0.0779645 0.0740969  0.076432  0.071654 0.0729161  0.071118 0.0741633 0.0801149 0.0690072 0.0719325 0.0732839 0.0648847 0.0700433 0.0672386 0.0765466 0.0706418 0.0703935 0.0750188 0.0725072 0.0694417 0.0760952 0.0792493 0.0775882 0.0708901 0.0768496 0.0810964 0.0407425 0.0610648 0.0407425 0.0610648
0.0604168 0.0538272 0.0562577 0.0512201 0.0503628 0.0622197 0.0568853 0.0537273 0.0523941 0.0514721 0.0522562 0.0600888 0.0474214  0.066172 0.0520287 0.0587296 0.0496144 0.0497242 0.0602782 0.0574385 0.0517753 0.0494201 0.0490208 0.0625125 0.0574103 0.0576211 0.0531618 0.0453764         0 0.0590684  0.050474 0.0524476 0.0574672 0.0563838 0.0572875 0.0535225 0.0492261 0.0560797 0.0571241 0.0542536 0.0514607 0.0650341 0.0475025 0.0560706 0.0570551 0.0567135 0.0567143 0.0584503 0.0467395 0.0747222 0.0781798 0.0767141 0.0731349 0.0722506 0.0768518   0.07223 0.0757194 0.0792937 0.0743357 0.0765261 0.0800627 0.0739494 0.0621339 0.0746069 0.0658633 0.0732826 0.0784665 0.0848425 0.0735728 0.0783061  0.076709 0.0752212 0.0801038 0.0723579 0.0825624  0.073694 0.0726867 0.0753157 0.0753098 0.0817609 0.0752767 0.0742526 0.0698286 0.0664073 0.0701359 0.0729894 0.0798823 0.0720383 0.0718804 0.0776831 0.0737541 0.0724166 0.0790633 0.0796671 0.0790443 0.0712454 0.0806923 0.0817181 0.0392974 0.0632291 0.0392974 0.0632291
0.0650172  0.066397 0.0564903  0.060761 0.0511001 0.0574367 0.0536253  0.051446 0.0530326 0.0604587 0.0633993 0.0637295 0.0574918 0.0665313 0.0548979 0.0515734 0.0544047 0.0592435 0.0519452 0.0533128 0.0590349  0.063318 0.0632899 0.0567835  0.050906 0.0574145 0.0537685 0.0623473 0.0590684         0 0.0525079 0.0500664 0.0505164 0.0538657 0.0470067 0.0641812 0.0602396 0.0538067 0.0637566 0.0508894  0.059504 0.0637129 0.0597769 0.0598209 0.0573844 0.0616629 0.0513103 0.0596125 0.0456024 0.0761464 0.0756538  0.077733 0.0748108 0.0736998 0.0765501 0.0741147 0.0757733 0.0812338 0.0739765 0.0786829 0.0767442 0.0766939 0.0665368 0.0773878 0.0688313 0.0736901 0.0766415 0.0843332  0.072568 0.0774261 0.0764956 0.0793182 0.0802452 0.0737111 0.0805035 0.0780342   0.07315 0.0754702 0.0756265 0.0809046 0.0772857 0.0732143  0.073304 0.0691732 0.0716917 0.0771513 0.0780849 0.0742091 0.0707499 0.0774817 0.0750997 0.0760402 0.0758401 0.0776505 0.0809238 0.0695264 0.0803074 0.0829929 0.0412622 0.0638672 0.0412622 0.0638672
 0.059808 0.0599835 0.0594486 0.0533043 0.0501049 0.0586542 0.0570221 0.0510521 0.0498571 0.0524664 0.0518168 0.0543075 0.0490491 0.0565853 0.0481132 0.0548482 0.0489252 0.0493921 0.0587464 0.0554275 0.0482155 0.0548516 0.0495681 0.0489554 0.0550244 0.0571514 0.0529821 0.0545855  0.050474 0.0525079         0 0.0529484  0.055207  0.049697 0.0553818 0.0536047  0.047936 0.0470979 0.0530629 0.0514289  0.050102   0.05996 0.0462898 0.0551082 0.0568808 0.0553782 0.0558391  0.053445 0.0469144 0.0708517 0.0727999 0.0758757 0.0696679 0.0685095   0.07139 0.0686216 0.0731618 0.0753518 0.0692773 0.0701556 0.0743577 0.0718309 0.0603082 0.0721437 0.0620901 0.0721555 0.0753051 0.0799339 0.0707553  0.073343 0.0715894 0.0764946 0.0770341 0.0683575 0.0794129 0.0756388 0.0680046 0.0713645 0.0703177 0.0788219 0.0698619  0.068249 0.0662922 0.0631983 0.0657566 0.0706605 0.0776824 0.0682001 0.0668398 0.0723887 0.0679371 0.0723286 0.0733858 0.0754397 0.0784657 0.0633524 0.0760883 0.0775509 0.0352347 0.0595225 0.0352347 0.0595225
0.0666885 0.0649143 0.0490347 0.0580022 0.0552385 0.0616849 0.0506491 0.0510075 0.0478968 0.0543743 0.0605616 0.0622744 0.0530385 0.0647126 0.0507346 0.0521331 0.0507024 0.0557397 0.0537341 0.0535234 0.0533569 0.0564705 0.0544954 0.0553289 0.0515206 0.0629436 0.0487783 0.0553461 0.0524476 0.0500664 0.0529484         0  0.047219 0.0575384 0.0457191 0.0595373 0.0602247 0.0523049 0.0638279 0.0408485 0.0587837 0.0639854 0.0615868 0.0624476 0.0549111 0.0624216 0.0568669 0.0616143 0.0466341 0.0740821 0.0735124 0.0765604 0.0777703 0.0701656 0.0741078 0.0762339 0.0721386 0.0785027 0.0727447 0.0786443 0.0766108 0.0737322 0.0670565  0.076429 0.0693912 0.0731269 0.0757584 0.0814834   0.07035 0.0797599 0.0787979 0.0767833 0.0782148 0.0755657 0.0782004 0.0757607 0.0743539 0.0758906 0.0721987 0.0803159 0.0749973 0.0708087 0.0732101 0.0672169 0.0713441 0.0737366 0.0798166 0.0757449 0.0715087 0.0752988 0.0748898 0.0725169 0.0773186 0.0797944 0.0801643 0.0719167 0.0782294 0.0795662  0.038234 0.0627322  0.038234 0.0627322
0.0644197 0.0598963 0.0473662  0.059682   0.05812 0.0560973 0.0523939 0.0455659 0.0558327 0.0564837 0.0614606 0.0597265 0.0552981 0.0617188  0.052946 0.0509371 0.0535981 0.0566991 0.0442526 0.0443974 0.0577836 0.0543377  0.063746 0.0573236 0.0504418 0.0562631 0.0452275 0.0532024 0.0574672 0.0505164  0.055207  0.047219         0 0.0478766 0.0454407 0.0535967 0.0562622 0.0432736 0.0582433 0.0433228 0.0610544 0.0547069 0.0612704 0.0613578 0.0479297  0.056571 0.0518559 0.0569207 0.0520589 0.0738846 0.0725296 0.0750566 0.0746798 0.0666795 0.0744722 0.0744716 0.0681887 0.0735602 0.0698202 0.0766621 0.0727261 0.0705342 0.0683543 0.0713029 0.0700887  0.067712 0.0730893 0.0771523 0.0666961 0.0759015 0.0764888 0.0745918 0.0752221 0.0740172 0.0787172 0.0712288 0.0728988 0.0701032 0.0720682 0.0765517 0.0720245 0.0702135 0.0738415 0.0638826 0.0708281 0.0703017 0.0774091 0.0729324  0.066363 0.0727607 0.0743744 0.0686601 0.0755825 0.0772766 0.0748185  0.071821  0.075265  0.078788 0.0386855 0.0592267 0.0386855 0.0592267
0.0619799 0.0534868 0.0529916 0.0544085 0.0572276 0.0477551 0.0531577 0.0478189 0.0506432 0.0552905  0.060085 0.0622735 0.0571441 0.0627567 0.0508709 0.0517238 0.0564355 0.0563993 0.0472483 0.0486941 0.0564091  0.053075 0.0575454 0.0548874 0.0463334 0.0500487 0.0503394 0.0504795 0.0563838 0.0538657  0.049697 0.0575384 0.0478766         0 0.0505795 0.0542964 0.0582155 0.0500157 0.0544985 0.0485333 0.0538044 0.0546036 0.0568842 0.0536604 0.0422232 0.0573975 0.0557884 0.0564046 0.0489353  0.071752  0.071363 0.0711067 0.0690686 0.0685481 0.0737903 0.0644812 0.0658732 0.0746802 0.0717365 0.0701011 0.0706707 0.0690038  0.058055 0.0702402 0.0630455 0.0691038 0.0714909 0.0739859 0.0643915 0.0730628 0.0706566 0.0742429 0.0731738 0.0675251 0.0759298 0.0715862 0.0690394 0.0685154 0.0720405 0.0776667 0.0699564 0.0713765 0.0665561 0.0617439 0.0657007 0.0681053 0.0735092  0.066747 0.0660157 0.0718535 0.0686609 0.0663551 0.0741252 0.0700252 0.0745398 0.0683229 0.0716006 0.0765877 0.0386159 0.0567481 0.0386159 0.0567481
0.0642335 0.0629607  0.045328 0.0548656 0.0587215 0.0585023 0.0494923 0.0551046  0.047755  0.054285 0.0651152 0.0626786  0.054862 0.0645842 0.0574908 0.0528118 0.0529237 0.0551137 0.0487801 0.0434818 0.0535518 0.0546465 0.0602941 0.0551842 0.0415205 0.0571372 0.0493514 0.0524537 0.0572875 0.0470067 0.0553818 0.0457191 0.0454407 0.0505795         0 0.0571181 0.0600958 0.0430999 0.0566912 0.0459582 0.0578774 0.0623394 0.0615992 0.0620111 0.0490231 0.0541491 0.0518861 0.0555946 0.0492725 0.0698731 0.0696079 0.0723786 0.0667409 0.0644543 0.0709867 0.0702931 0.0669082 0.0702245 0.0701847 0.0729714 0.0718322 0.0665541 0.0653222 0.0712746 0.0664945 0.0656431 0.0708457 0.0767356 0.0645719 0.0731188 0.0726049 0.0713117 0.0714922 0.0710806 0.0745709 0.0708912 0.0725579 0.0679038  0.070804 0.0748775 0.0695474 0.0667525  0.069402 0.0656171  0.067939 0.0661567 0.0768438 0.0699215   0.06613  0.071252 0.0674149 0.0655363 0.0720711 0.0735413 0.0727976 0.0655619 0.0748095 0.0769131 0.0393066 0.0565323 0.0393066 0.0565323
0.0573404 0.0510023 0.0535912 0.0496409 0.0504924 0.0625555 0.0561481 0.0554064 0.0584622 0.0481501 0.0539738 0.0615044 0.0557334 0.0622125 0.0542382  0.059724 0.0559892 0.0481202 0.0604339 0.0506685 0.0493961 0.0511902 0.0537528 0.0652508 0.0586383 0.0509331 0.0578007 0.0481529 0.0535225 0.0641812 0.0536047 0.0595373 0.0535967 0.0542964 0.0571181         0 0.0492119 0.0592433  0.044983 0.0603587 0.0497852 0.0598952 0.0496299 0.0556571 0.0559536 0.0547374 0.0624564 0.0508927 0.0569338 0.0765695 0.0757059 0.0770446 0.0727688 0.0724042 0.0760753 0.0779278 0.0755777 0.0786457 0.0731542 0.0795509 0.0771615  0.071506 0.0692711 0.0743777 0.0708857 0.0724327 0.0746303 0.0785164 0.0701839 0.0772872 0.0781212 0.0760789 0.0779849 0.0759146 0.0805656 0.0741067 0.0727053  0.075231 0.0776341 0.0793587 0.0762332 0.0769948   0.07672 0.0679061 0.0738061 0.0715776 0.0802772  0.072471 0.0727307 0.0771694 0.0710174 0.0747738 0.0792018 0.0768526 0.0796323 0.0730304 0.0781024 0.0800446 0.0418196 0.0630205 0.0418196 0.0630205
0.0581111 0.0556494 0.0614954 0.0436426 0.0537172 0.0621297 0.0590844 0.0551532 0.0544347 0.0552335 0.0510476 0.0600742  0.047122 0.0559333 0.0532098 0.0617492 0.0557319 0.0458567 0.0630228 0.0548739 0.0486824 0.0519879 0.0568984 0.0575876 0.0574182 0.0545013 0.0549295 0.0542594 0.0492261 0.0602396  0.047936 0.0602247 0.0562622 0.0582155 0.0600958 0.0492119         0  0.052897 0.0507503 0.0603921 0.0491918 0.0630729 0.0441734 0.0589762 0.0604006  0.053559 0.0591036  0.059148 0.0561225 0.0745748 0.0781184 0.0805702 0.0761011 0.0703612 0.0749474 0.0761751 0.0790776 0.0774203 0.0731782 0.0774973 0.0784975 0.0757193 0.0672096 0.0744669 0.0718684  0.077476 0.0774429 0.0851012 0.0743357 0.0771185 0.0775426 0.0779881 0.0789845 0.0764146 0.0824869 0.0761913 0.0706022 0.0756247 0.0753313 0.0798371 0.0753476 0.0734859 0.0756406 0.0711757 0.0754402 0.0748834 0.0799645 0.0748522 0.0721535 0.0744856 0.0745268  0.077415   0.07802 0.0801044 0.0791819 0.0756481 0.0801141 0.0807025 0.0396757 0.0633584 0.0396757 0.0633584
0.0640272 0.0620566 0.0490609 0.0529771 0.0580504 0.0564703 0.0512826 0.0506064 0.0516337 0.0564422 0.0614454 0.0602413 0.0544624 0.0611823 0.0555625 0.0496745 0.0513349 0.0492523 0.0487294 0.0497359 0.0521026 0.0527415 0.0592756 0.0545574 0.0495748 0.0568541 0.0418282 0.0544576 0.0560797 0.0538067 0.0470979 0.0523049 0.0432736 0.0500157 0.0430999 0.0592433  0.052897         0 0.0567802 0.0483375 0.0563399 0.0595735 0.0587271 0.0610076 0.0504084 0.0545494 0.0528538 0.0552257 0.0533151 0.0641521 0.0670524 0.0709022 0.0639327 0.0603333 0.0654539 0.0633076 0.0623857 0.0662977  0.066488 0.0688296 0.0675764 0.0650945 0.0597329 0.0668195  0.060062 0.0640552 0.0706021 0.0716752 0.0621414  0.069203 0.0693861 0.0663889  0.067122 0.0643591 0.0734487 0.0679771  0.066592 0.0634346 0.0661758  0.070883 0.0644086 0.0626307 0.0625845  0.059985  0.063222 0.0632308 0.0705547 0.0663217 0.0607627  0.063171 0.0641562 0.0629787 0.0704646 0.0686822 0.0698229 0.0603811 0.0698164 0.0723945 0.0363672 0.0511868 0.0363672 0.0511868
  0.05879 0.0479034 0.0575544   0.04972 0.0562058 0.0649171 0.0556018  0.060314 0.0544187 0.0506853 0.0495302 0.0560601 0.0601093 0.0638724 0.0521564 0.0587069 0.0591229 0.0530941 0.0650092 0.0547193 0.0507954 0.0508778 0.0559543 0.0590536 0.0556765 0.0487426 0.0612988 0.0508847 0.0571241 0.0637566 0.0530629 0.0638279 0.0582433 0.0544985 0.0566912  0.044983 0.0507503 0.0567802         0 0.0625488 0.0474841 0.0631986 0.0516325  0.051713 0.0571728  0.053946 0.0631185 0.0452313 0.0601936 0.0695696 0.0733692  0.073044 0.0771853 0.0668837 0.0700028 0.0783922 0.0718097 0.0744001 0.0681257  0.078868 0.0727199 0.0681387 0.0699696 0.0714792 0.0706259 0.0703945 0.0701435 0.0734282  0.066841 0.0742893 0.0718879 0.0729934 0.0710566 0.0789962 0.0765662 0.0716923 0.0684802 0.0718174 0.0728096 0.0771838 0.0705217 0.0695533 0.0772497 0.0704545  0.075393 0.0670157 0.0745686 0.0747925 0.0656609 0.0694371 0.0741731 0.0709016 0.0730385 0.0741351 0.0753687  0.073981 0.0732677 0.0748848 0.0430932 0.0593746 0.0430932 0.0593746
