         0   0.099704   0.136456  0.0980295   0.123721   0.115836   0.117444   0.119073   0.134324  0.0521038   0.113069  0.0822032   0.101477   0.105314   0.076582   0.116334   0.100224   0.110299   0.103457   0.112626   0.108199   0.123597   0.122919  0.0967417  0.0745734   0.105055  0.0943501  0.0730106   0.116935   0.117189   0.107095  0.0894506   0.122268   0.132033   0.134805    0.13784   0.101914  0.0878309   0.118519   0.134451   0.141949   0.129381   0.090899   0.139972   0.138277   0.106395  0.0821606   0.142003   0.112611    0.12807   0.131042   0.129625   0.129593   0.132275   0.126485   0.130442   0.127829   0.129516   0.128294   0.129705   0.129723   0.128731   0.131713   0.126913    0.13097   0.125767   0.131323   0.128643   0.131093   0.130252   0.126544   0.131314   0.129754   0.109641   0.130228   0.130638   0.129747   0.111453    0.11613   0.129828   0.130214   0.129269   0.129479   0.128704   0.127442   0.128685   0.132092   0.128221   0.129054   0.113099   0.129779   0.130278   0.129129   0.127542   0.129332   0.130847   0.127577   0.130023  0.0835109   0.120265  0.0835109   0.120265
  0.099704          0   0.146871   0.116155   0.135065    0.12668   0.134284   0.112597   0.146133   0.101727   0.137128  0.0988612   0.122806   0.118003  0.0922722   0.129462   0.108599   0.129135   0.122161   0.130664   0.132311   0.130184   0.137961   0.115955   0.091364   0.116552   0.121982   0.110064  0.0950278   0.120222   0.122683   0.116677   0.131912   0.145327   0.131789   0.142764   0.114879  0.0973445   0.141273   0.147768   0.150226   0.139389   0.111613   0.140751   0.147718   0.125709   0.113239   0.152834   0.131512   0.125585   0.127685   0.125635   0.121739   0.129417    0.11633   0.127527   0.118247    0.12502   0.119499   0.124384   0.127488   0.126478   0.127741   0.117982   0.125821   0.116906   0.129249   0.126229    0.12806   0.125777   0.118469   0.128866   0.125578   0.129207   0.128195   0.120366    0.12586   0.128778   0.127907   0.120635   0.128217   0.120457   0.120049   0.125065   0.118491     0.1264   0.129371   0.119496   0.119373   0.126786   0.127455   0.126399   0.125553   0.124753   0.127896   0.127044   0.119415   0.126882   0.100065   0.116693   0.100065   0.116693
  0.136456   0.146871          0   0.115572  0.0910225   0.124834   0.119097   0.120005   0.100995   0.133028   0.124618   0.128384   0.128012   0.105225    0.14814  0.0969668   0.127188   0.124377    0.11866   0.124709   0.124688  0.0974141   0.112839   0.113219   0.134845   0.125959   0.109298   0.125767   0.146847   0.115233   0.103686    0.11617  0.0984599   0.105986   0.128595   0.114552   0.118526   0.124404   0.128575   0.107296   0.086362   0.127204   0.116315   0.122101   0.113713   0.104813   0.121258  0.0755254   0.128683   0.145481   0.146871   0.149708   0.146826   0.146644   0.144696   0.146362   0.146583   0.146202   0.146307   0.145743   0.147997   0.147647   0.145309   0.145834   0.146459   0.144381   0.147847   0.147757   0.146919   0.146655   0.146097    0.14737   0.146072   0.108183   0.145991   0.146356   0.147461   0.105754   0.105504    0.14791   0.147189   0.147429   0.145391   0.145716    0.14699   0.146778   0.145039   0.147251   0.147151   0.103726    0.14599   0.147036   0.145885   0.146557   0.148075   0.148294   0.147623   0.147555  0.0930102   0.137164  0.0930102   0.137164
 0.0980295   0.116155   0.115572          0  0.0939221   0.120868   0.111883   0.120867   0.139407   0.102389   0.109852   0.081896  0.0954393   0.112213   0.118948  0.0854262  0.0988955   0.118899   0.118506   0.121469       0.12   0.136843   0.105388  0.0976085  0.0995963   0.127607  0.0982338  0.0907241   0.134654   0.121576   0.102059   0.118232   0.134878   0.138028    0.15357   0.141386   0.114937  0.0983793   0.117447   0.138259    0.12784   0.123008    0.10552   0.146343   0.146197   0.102779   0.111214   0.127331    0.11868   0.134114   0.136783    0.13667   0.133882     0.1386   0.130981   0.136535   0.132998   0.135885   0.134012   0.136108   0.138393   0.134913   0.137307    0.13169   0.136558   0.131661   0.140116   0.136806   0.137138   0.135638    0.13349    0.13894   0.135916   0.111328   0.136988   0.134452    0.13619   0.110923   0.106333   0.133914   0.137107   0.134318   0.133873    0.13621   0.133366   0.136751   0.138348    0.13466   0.135099   0.103689   0.136918   0.136102   0.134629   0.134742   0.138244   0.136428   0.133405   0.137642  0.0880335   0.126605  0.0880335   0.126605
  0.123721   0.135065  0.0910225  0.0939221          0   0.107102  0.0999042   0.103247   0.129114   0.118363   0.108758   0.116643    0.11026  0.0775756    0.13603  0.0745615    0.10557   0.112426   0.105484   0.111878   0.114734   0.123895  0.0980921  0.0929134   0.131039   0.122281  0.0967148   0.116022   0.134885   0.100711  0.0888125   0.105612   0.120481   0.131983    0.14592   0.139608   0.136699   0.114585   0.114599    0.13307   0.112413   0.104681  0.0933104   0.145403   0.138404   0.078064   0.110556   0.112653    0.11569    0.13564   0.138105   0.138379   0.134255   0.137044   0.131433   0.137366   0.134372   0.136034   0.132648    0.13619   0.139054   0.138305   0.137165   0.132582    0.13692   0.131129   0.139064   0.139258   0.136611   0.136359   0.134376   0.138835   0.135945   0.122959   0.136305   0.133821   0.137526   0.121498   0.120853    0.13424   0.137965   0.135034   0.133662   0.134815   0.134401   0.138187   0.137422   0.134245   0.135476   0.118662   0.136441   0.137035   0.135097   0.136059   0.139313   0.137344   0.133747    0.13967  0.0818838   0.127184  0.0818838   0.127184
  0.115836    0.12668   0.124834   0.120868   0.107102          0   0.063347   0.107476   0.097345   0.108523   0.069518    0.11533   0.098127  0.0830821   0.130367   0.117082  0.0849274  0.0606184   0.107956   0.053385  0.0764439    0.12807   0.105257   0.100185   0.120615   0.107472   0.097351    0.11107    0.11224   0.103058  0.0926428  0.0986157   0.118801  0.0956156   0.124426   0.112691   0.130708   0.113379  0.0751179   0.109969  0.0981846  0.0561178  0.0894463   0.121787   0.112859  0.0949435    0.10847   0.108911  0.0769582   0.105634     0.1061   0.106761   0.102555   0.106291  0.0981682   0.106568   0.101848   0.103694   0.100105   0.104604   0.106525   0.105246   0.106201   0.101012   0.103868  0.0966514   0.106591   0.107468   0.105418   0.106311   0.100005   0.107646   0.105183    0.13753   0.105724   0.101035   0.106725   0.138665   0.138967   0.104498   0.105621    0.10127   0.100714   0.104641    0.10075   0.108262   0.106753   0.102342   0.101906   0.137007   0.104956   0.106823   0.104627   0.103464   0.107034   0.107491   0.101746   0.107489  0.0759383  0.0965111  0.0759383  0.0965111
  0.117444   0.134284   0.119097   0.111883  0.0999042   0.063347          0   0.111053   0.106896   0.105375  0.0561959    0.11633  0.0762719   0.093999   0.128715  0.0976149   0.100403  0.0472949   0.097166  0.0477624  0.0767231   0.133942  0.0952376   0.111524   0.123887   0.104274  0.0969315   0.110842   0.118637   0.104317  0.0800409  0.0976003    0.12029    0.10473   0.130044   0.120509   0.134561   0.105746  0.0628756   0.115876  0.0973845  0.0673162  0.0993791   0.127046   0.118537  0.0777332   0.108336   0.101973  0.0669925   0.105984   0.108319   0.108898  0.0998083   0.106787  0.0987538   0.107973   0.100108   0.105632  0.0984279   0.107034   0.107163   0.106428   0.108162    0.10071   0.107226  0.0958396   0.107649   0.109002    0.10654   0.107484  0.0986499   0.108493   0.106151   0.132561   0.106398  0.0994463    0.10847   0.133147   0.133866   0.102224    0.10657  0.0994347  0.0998173   0.107026   0.100234   0.108575   0.107485   0.101421   0.101433   0.131488   0.107575   0.108427   0.105135   0.106459   0.107143   0.107694   0.100698    0.10945  0.0756891  0.0972787  0.0756891  0.0972787
  0.119073   0.112597   0.120005   0.120867   0.103247   0.107476   0.111053          0   0.129094   0.118991   0.115765  0.0978674   0.122846  0.0912617  0.0993689   0.114172   0.111996   0.104845   0.111887   0.106651   0.106324   0.127056   0.114018   0.094347   0.124221   0.118128  0.0867797   0.110182   0.116084   0.118126  0.0868517  0.0965758   0.122536   0.129511   0.109905   0.128876   0.136233   0.122735   0.121828   0.131983   0.133586   0.122799  0.0972658   0.134808   0.127276    0.09236   0.103989   0.134036   0.110623   0.106758   0.109054   0.109721     0.1042   0.109083   0.101859   0.107802   0.104478   0.105361   0.102016   0.105594   0.107426   0.108134   0.105727   0.102447   0.106425   0.103216   0.107075   0.107473   0.108764   0.106668   0.104373    0.10751   0.107884   0.144567   0.106756   0.104011   0.107617    0.14411   0.142465   0.102649   0.106496   0.105645   0.105611   0.104757   0.102693   0.107603   0.106479   0.103825   0.105883   0.138832   0.104409   0.107469   0.104967   0.105872    0.10797   0.106191   0.106305   0.110151  0.0768777  0.0973437  0.0768777  0.0973437
  0.134324   0.146133   0.100995   0.139407   0.129114   0.097345   0.106896   0.129094          0   0.137065   0.109254   0.129596   0.130485   0.118927   0.150556   0.135012    0.12583  0.0996502   0.135635  0.0991947  0.0973032  0.0947876   0.110155   0.123471   0.134231    0.12891   0.115214   0.127989   0.132249     0.1343    0.11878   0.125963   0.108364  0.0398631    0.11316  0.0696122   0.120891   0.139896   0.111951  0.0658261  0.0747324   0.113838   0.126477  0.0824502  0.0725406    0.12758      0.126  0.0773055   0.110143   0.125324   0.125649   0.128744   0.123917   0.126752    0.12196    0.12568   0.123235   0.124711   0.122763   0.125349   0.126516   0.127669   0.123826   0.123539   0.124582   0.119809   0.125143   0.126437   0.126558   0.128253   0.121934    0.12706    0.12583   0.129385   0.124783   0.122585   0.128451   0.130126   0.131012   0.126459   0.126148   0.123369   0.121398    0.12452   0.123955   0.127612   0.124247    0.12373    0.12311   0.128745   0.124997    0.12802   0.126458   0.125105   0.126996    0.12829   0.125753   0.126211  0.0984241   0.116925  0.0984241   0.116925
 0.0521038   0.101727   0.133028   0.102389   0.118363   0.108523   0.105375   0.118991   0.137065          0   0.111271  0.0970433  0.0865974  0.0952722  0.0755052   0.107554  0.0910889   0.102573   0.092574    0.10142   0.114344   0.125559   0.124158   0.103685  0.0887642  0.0924156   0.105357  0.0849924   0.121508   0.108229  0.0962245  0.0792419   0.114574   0.136291   0.135616   0.143618    0.10371  0.0730829   0.116452   0.137311    0.13834   0.119612  0.0815451   0.144053    0.14458  0.0930285  0.0938326   0.138761   0.103076   0.129585   0.132766   0.131142   0.130239   0.132224   0.127352   0.130929   0.128873   0.130798   0.128702   0.130183   0.130565   0.130617   0.132427   0.128301   0.131448   0.126036   0.132315    0.13051    0.13201   0.131747   0.127825   0.132666   0.130579   0.104711    0.13114   0.130288   0.131244   0.106676   0.113109   0.130501   0.130914    0.12976   0.129723   0.129782   0.128411   0.129328   0.132882    0.12905   0.129332   0.111164   0.131759   0.131867   0.130205   0.129702   0.130356   0.132614   0.128245   0.130937  0.0798377   0.121137  0.0798377   0.121137
  0.113069   0.137128   0.124618   0.109852   0.108758   0.069518  0.0561959   0.115765   0.109254   0.111271          0    0.11444  0.0923774   0.102404   0.133339   0.113505   0.105478  0.0652908   0.101817  0.0611656   0.077738   0.137506   0.102585   0.108057   0.119438   0.114241  0.0935463   0.112251    0.12152   0.112369  0.0964584   0.102463   0.126371   0.107292   0.135923   0.119197   0.132285   0.107832  0.0415621    0.11795   0.103317  0.0759244   0.107011   0.130639   0.121817  0.0882731   0.103353   0.108214  0.0791915   0.110449   0.112164   0.113977   0.102951   0.112162   0.102811   0.112719   0.103532    0.10988   0.103181   0.111547   0.111825    0.11039   0.112809   0.103008   0.111054   0.100115   0.113481   0.112236   0.112112   0.112851    0.10157    0.11346     0.1117   0.138454   0.111431   0.104519   0.112731    0.13865   0.137646   0.106396   0.110909    0.10342   0.102947   0.111632   0.104241   0.112601   0.112086   0.104977   0.104534   0.134987   0.111964   0.113581       0.11   0.110353   0.111986     0.1123   0.104731   0.114253  0.0827691   0.102513  0.0827691   0.102513
 0.0822032  0.0988612   0.128384   0.081896   0.116643    0.11533    0.11633  0.0978674   0.129596  0.0970433    0.11444          0   0.102729   0.105383  0.0981811   0.106336  0.0905237   0.105439   0.120095   0.111382   0.101009   0.126794   0.109378  0.0804597  0.0763556   0.117398  0.0709759  0.0638902   0.116857    0.12746  0.0900363   0.107448   0.128786   0.127033   0.136389   0.123031   0.107784   0.100067   0.120688   0.126107   0.139904   0.130774  0.0983886    0.12891   0.124647   0.106203  0.0902313   0.139705   0.107596   0.113418   0.116253   0.115997   0.115371   0.118931   0.111731   0.115229   0.113103   0.113499   0.113992   0.114681    0.11499   0.113974   0.115754    0.11285   0.114991   0.112914   0.117407   0.114308   0.117035   0.114423    0.11338   0.115708    0.11465   0.128182   0.115775   0.115087   0.115679   0.129011   0.126665   0.112723   0.115833   0.115582   0.113858   0.115008   0.112889   0.114339   0.115738   0.115012   0.115278   0.124336   0.113973   0.115883   0.113704   0.113822    0.11524   0.114336   0.114711   0.115542   0.075836   0.105734   0.075836   0.105734
  0.101477   0.122806   0.128012  0.0954393    0.11026   0.098127  0.0762719   0.122846   0.130485  0.0865974  0.0923774   0.102729          0   0.107854   0.113848  0.0938402  0.0828476   0.085688   0.112431  0.0890082    0.10413   0.145224   0.109688    0.11214   0.113796   0.114835   0.108698  0.0873882   0.134366   0.117054  0.0948767   0.112584   0.131464   0.128459    0.14976   0.135632   0.124459  0.0904453  0.0982445   0.128167   0.119976  0.0994136   0.101449   0.139364   0.137854  0.0944344   0.120152   0.120569  0.0885123   0.120424   0.123197   0.122942   0.121153   0.122791     0.1177   0.122289   0.118626    0.12069   0.118367   0.120912   0.121867   0.120029   0.123163   0.118899   0.121247   0.117084   0.123009   0.121456   0.122254   0.120907    0.11885    0.12423   0.121449   0.117093   0.122094   0.118735     0.1225   0.118988   0.122574   0.121633   0.120665   0.119499   0.119429   0.122638   0.119126   0.120252   0.121545   0.121183   0.120165   0.121362   0.122409   0.123198   0.119852   0.120873   0.121966   0.123277   0.120181   0.121607  0.0855089   0.112134  0.0855089   0.112134
  0.105314   0.118003   0.105225   0.112213  0.0775756  0.0830821   0.093999  0.0912617   0.118927  0.0952722   0.102404   0.105383   0.107854          0   0.121986  0.0969959  0.0843614  0.0926555  0.0913445   0.091553  0.0973946   0.107037    0.10238  0.0716548   0.110064   0.094558  0.0798388     0.1017   0.118184  0.0845642  0.0701654  0.0743102   0.102564   0.120959   0.129179    0.13183   0.124546  0.0999122   0.107123   0.122213   0.125061  0.0982831  0.0592101   0.134577   0.128603  0.0664471  0.0857179   0.123856  0.0958894   0.122427    0.12502   0.124251   0.122645   0.124941    0.11826   0.122749   0.121765   0.122597   0.121092   0.122803   0.124692   0.123894   0.123999   0.120904   0.123218   0.117605   0.125143   0.126859   0.123502   0.123529   0.121424   0.125035   0.122404   0.130088   0.123649   0.121458   0.123841   0.130274   0.129103   0.121472   0.124684   0.123041   0.121365    0.12185   0.121229   0.124991   0.125471   0.120719   0.123083   0.126963   0.122084   0.123987   0.122135   0.122605   0.125173   0.124822   0.120176   0.125199  0.0601967   0.113908  0.0601967   0.113908
  0.076582  0.0922722    0.14814   0.118948    0.13603   0.130367   0.128715  0.0993689   0.150556  0.0755052   0.133339  0.0981811   0.113848   0.121986          0     0.1268   0.115659   0.121018   0.115983   0.124911   0.127701    0.14045   0.139474   0.122737   0.106521   0.118211   0.119345   0.102894   0.118937   0.131449   0.118779   0.102573   0.134808    0.14859   0.119989   0.146545   0.121306   0.103295   0.138351   0.149524   0.152134   0.142382   0.108214   0.145846   0.147521   0.118257   0.111958   0.152039   0.123376    0.12137   0.124581   0.121828   0.121449   0.123046   0.119001   0.123184   0.120539   0.121136   0.119017   0.120684   0.120523   0.122465   0.122525   0.119446   0.122748   0.119287   0.122536   0.119384    0.12372   0.122182   0.119412   0.122724   0.121528   0.124314   0.122516   0.120975   0.121532    0.12552   0.131029   0.121364   0.121337   0.120843   0.121904   0.120399   0.118895   0.119129   0.122644   0.120261   0.120439   0.127723   0.122206   0.121814    0.12101   0.120171   0.120238   0.122431   0.121453   0.121944  0.0983944   0.112752  0.0983944   0.112752
  0.116334   0.129462  0.0969668  0.0854262  0.0745615   0.117082  0.0976149   0.114172   0.135012   0.107554   0.113505   0.106336  0.0938402  0.0969959     0.1268          0   0.104268   0.107409   0.106802    0.11115   0.119186   0.126544  0.0813134  0.0970452   0.121435    0.12129  0.0990797   0.103512   0.140735   0.110397  0.0820531   0.107584   0.120701   0.136052   0.149394   0.144964   0.128365   0.103367   0.118016   0.137107   0.119126   0.115592  0.0932434   0.146207    0.14416  0.0851088   0.111787   0.119962   0.112668   0.136448   0.139445   0.139542   0.134722   0.138627   0.132048   0.137629   0.134001   0.136912   0.133606   0.137305   0.138734   0.138274   0.137818   0.133097    0.13795   0.132309    0.13956   0.138652   0.138312   0.138251   0.134856   0.139805   0.137172   0.115042   0.137754   0.134085   0.137964   0.114924   0.115039   0.133797   0.138344   0.135226   0.134081   0.137522   0.134023   0.138178   0.139095   0.134799    0.13509   0.113965   0.139095   0.138326   0.135874   0.138341   0.138739   0.137849   0.135108   0.139767  0.0820669   0.127657  0.0820669   0.127657
  0.100224   0.108599   0.127188  0.0988955    0.10557  0.0849274   0.100403   0.111996    0.12583  0.0910889   0.105478  0.0905237  0.0828476  0.0843614   0.115659   0.104268          0  0.0953226   0.121074  0.0938486   0.106578   0.135162   0.114167  0.0818462   0.105173   0.115745   0.101654  0.0845804   0.129323   0.110924  0.0960358   0.109705   0.125825   0.125383   0.144597   0.131947    0.11681  0.0914165    0.11167    0.12734   0.128179   0.103377  0.0826263   0.137644   0.134543   0.104916   0.116221   0.131492   0.101015   0.124717   0.125308   0.125981   0.124842     0.1251   0.118416   0.124802   0.121609   0.121969   0.121022   0.122424    0.12451   0.123717   0.124784   0.120693   0.122226   0.118943   0.125967     0.1248   0.124385   0.123124   0.122055   0.126673   0.123607   0.125814   0.124688   0.121826   0.124576   0.127097   0.125008   0.123653   0.124106   0.123532   0.121544   0.122955     0.1205   0.124438   0.125526    0.12359   0.122309   0.125367   0.123541   0.125286   0.123152   0.123077   0.125164   0.125939   0.122267   0.125392  0.0820409   0.114975  0.0820409   0.114975
  0.110299   0.129135   0.124377   0.118899   0.112426  0.0606184  0.0472949   0.104845  0.0996502   0.102573  0.0652908   0.105439   0.085688  0.0926555   0.121018   0.107409  0.0953226          0   0.100748  0.0348362  0.0661107   0.128683  0.0956376   0.106049   0.115965   0.102375  0.0876677   0.101732   0.116931   0.113881  0.0752048  0.0878841   0.113016  0.0975331   0.125104   0.112901   0.128214    0.10584  0.0718391   0.108706   0.103317   0.081892  0.0962316   0.120251   0.110089  0.0865707  0.0996556   0.109338  0.0532651  0.0988063   0.100417   0.101456  0.0925036  0.0995549  0.0914629   0.100131  0.0928891  0.0968879  0.0902471  0.0993948  0.0977772  0.0996125  0.0996043  0.0930935  0.0990103  0.0891303  0.0989955  0.0991923  0.0999727   0.100891  0.0904693  0.0999268   0.099097   0.138299  0.0983417  0.0914839   0.101073   0.139281   0.139602  0.0931194  0.0986841  0.0920385  0.0914622  0.0993899  0.0913473  0.0996507  0.0991681  0.0934536  0.0929483   0.137019  0.0992644   0.101311  0.0977913  0.0990191  0.0977868  0.0992177  0.0939228   0.101343  0.0682935  0.0895003  0.0682935  0.0895003
  0.103457   0.122161    0.11866   0.118506   0.105484   0.107956   0.097166   0.111887   0.135635   0.092574   0.101817   0.120095   0.112431  0.0913445   0.115983   0.106802   0.121074   0.100748          0   0.103052   0.113456   0.118432   0.114658    0.10966   0.108296  0.0887652   0.100258   0.120663   0.119043  0.0868081  0.0882803  0.0577812   0.103245   0.136843   0.129069   0.146803   0.123737  0.0862153  0.0949513   0.141436   0.132415   0.101434  0.0926317   0.146631   0.143362   0.077132  0.0817419   0.130284   0.107276   0.123526   0.127383   0.126104   0.122799   0.124554   0.121513   0.125259   0.122859   0.125079   0.122494   0.124945   0.124983   0.124877    0.12645   0.122414   0.126159   0.120596   0.126164    0.12708   0.125119   0.125473    0.12227   0.126203   0.125261    0.12715   0.124855    0.12382   0.125333   0.125092   0.126552   0.123006   0.125828   0.122995   0.122702   0.124533    0.12346    0.12462   0.126657   0.121861   0.124347   0.122867   0.125136   0.125214   0.123748   0.125203   0.125054   0.126504   0.122346    0.12722  0.0804386   0.115408  0.0804386   0.115408
  0.112626   0.130664   0.124709   0.121469   0.111878   0.053385  0.0477624   0.106651  0.0991947    0.10142  0.0611656   0.111382  0.0890082   0.091553   0.124911    0.11115  0.0938486  0.0348362   0.103052          0  0.0754626   0.129576   0.101352   0.107031   0.119144   0.102469   0.093291    0.10822   0.118414   0.113954  0.0804711  0.0918409   0.116223   0.098587   0.127183   0.114802   0.129378   0.107611  0.0654436   0.111296   0.101105  0.0755737  0.0972451    0.12446   0.114216  0.0841999   0.103607   0.110826  0.0639728   0.104862   0.106065   0.107426  0.0961111    0.10544  0.0952187   0.106187  0.0966586    0.10287  0.0942317   0.105088   0.103856   0.104926   0.105562   0.096409    0.10439  0.0921219   0.105132   0.104919   0.105488   0.106461  0.0940777   0.106315    0.10522   0.138524   0.104125  0.0958654   0.106571   0.139985   0.140405  0.0980419   0.104108  0.0963892  0.0955407   0.103977  0.0948148   0.105153   0.104721  0.0967395  0.0956726   0.138472   0.105419   0.107564   0.104025   0.104414   0.104683   0.106338  0.0977698   0.106997   0.072533  0.0955267   0.072533  0.0955267
  0.108199   0.132311   0.124688       0.12   0.114734  0.0764439  0.0767231   0.106324  0.0973032   0.114344   0.077738   0.101009    0.10413  0.0973946   0.127701   0.119186   0.106578  0.0661107   0.113456  0.0754626          0   0.123211  0.0987385   0.100494   0.111564   0.106398  0.0764383  0.0929489   0.110391   0.120277  0.0880762   0.100114   0.120242  0.0946164    0.12316   0.105094   0.128129   0.120684  0.0875878  0.0931839   0.110015  0.0997353   0.104474    0.10742  0.0951437   0.101283  0.0944994   0.104028  0.0616326  0.0956386  0.0970882  0.0989689  0.0975475  0.0984528  0.0962139  0.0973204  0.0979697  0.0964117  0.0967295  0.0979637  0.0975709  0.0981801    0.09713  0.0980921  0.0972056  0.0949753  0.0965148  0.0991503  0.0981763  0.0987498  0.0960458  0.0967786  0.0970503   0.141377   0.096503  0.0971912  0.0995054   0.142381   0.141732  0.0985492  0.0976611  0.0963221   0.097054  0.0965746  0.0981411  0.0989412  0.0965923  0.0978501  0.0994487   0.139024  0.0954592  0.0987946  0.0960265  0.0964779  0.0970153  0.0966299  0.0978881  0.0992337  0.0735149  0.0888095  0.0735149  0.0888095
  0.123597   0.130184  0.0974141   0.136843   0.123895    0.12807   0.133942   0.127056  0.0947876   0.125559   0.137506   0.126794   0.145224   0.107037    0.14045   0.126544   0.135162   0.128683   0.118432   0.129576   0.123211          0   0.116676   0.114322   0.112413   0.110086   0.109894   0.128536   0.129702   0.108231   0.112585   0.108548  0.0718244   0.100909   0.122869   0.112208  0.0964682   0.122698   0.140156   0.103911   0.119917   0.142002   0.116764   0.100164   0.109672   0.121827   0.102032   0.116946   0.131011    0.14489   0.146936   0.147965   0.146502   0.148232   0.142906   0.144815   0.144938   0.146413   0.145374    0.14598    0.14732   0.147637   0.145326   0.145324   0.145893   0.142645   0.147055   0.148434   0.148011   0.147758   0.144931    0.14791   0.146455   0.111715   0.146066   0.145475   0.148383   0.110296   0.109168   0.145296    0.14792   0.146284   0.144544   0.144212   0.145778   0.147639   0.147209   0.144671   0.145879   0.107094   0.145491   0.147233   0.146918   0.147097   0.147528   0.147797   0.145783   0.146546  0.0952226    0.13708  0.0952226    0.13708
  0.122919   0.137961   0.112839   0.105388  0.0980921   0.105257  0.0952376   0.114018   0.110155   0.124158   0.102585   0.109378   0.109688    0.10238   0.139474  0.0813134   0.114167  0.0956376   0.114658   0.101352  0.0987385   0.116676          0   0.101296   0.126608    0.12441  0.0873362   0.110863   0.130887   0.120195  0.0819596    0.11157   0.123197   0.115226   0.142498   0.126747   0.138011   0.126559    0.10724   0.120267   0.115467   0.114779   0.108535    0.12663   0.125188  0.0955506   0.104927   0.118791   0.104336   0.123083   0.127183   0.127313   0.119585   0.126814   0.117919   0.124781   0.118361   0.123997   0.120003   0.125867   0.126006   0.126346   0.125293   0.118033   0.125274    0.11664   0.126636   0.126997   0.125668   0.126388   0.120564   0.127548    0.12518    0.13741   0.125695   0.118349   0.126283   0.138047     0.1373   0.119117   0.126814   0.120345   0.118052   0.124271   0.120637   0.126877   0.127082   0.119159   0.120426   0.134784   0.124978    0.12626   0.124231   0.126093   0.126248   0.125514   0.120449   0.127296   0.081968   0.115516   0.081968   0.115516
 0.0967417   0.115955   0.113219  0.0976085  0.0929134   0.100185   0.111524   0.094347   0.123471   0.103685   0.108057  0.0804597    0.11214  0.0716548   0.122737  0.0970452  0.0818462   0.106049    0.10966   0.107031   0.100494   0.114322   0.101296          0  0.0954565   0.115918  0.0632631  0.0820695    0.12483   0.103944  0.0814737  0.0959991   0.115838   0.123229   0.140132   0.130479   0.115039   0.106284   0.114749   0.126167   0.134038   0.116133  0.0712154   0.137274    0.13002  0.0902986  0.0822412   0.134244   0.112173    0.12867   0.129841     0.1311   0.129174   0.132022   0.123819   0.129347   0.127011   0.128022   0.127392   0.128182   0.130173   0.128366   0.129449   0.125767   0.128174   0.125664   0.131278   0.130935   0.130463   0.128943   0.127158   0.131084   0.129125   0.131801   0.129356   0.129203   0.129677   0.131542   0.128461   0.127489   0.129804   0.129243    0.12736   0.128091   0.126451   0.130549    0.13089   0.128318   0.128393   0.127517   0.127772   0.129945   0.128144   0.127847   0.130523   0.129969   0.127579   0.130936  0.0711443   0.120167  0.0711443   0.120167
 0.0745734   0.091364   0.134845  0.0995963   0.131039   0.120615   0.123887   0.124221   0.134231  0.0887642   0.119438  0.0763556   0.113796   0.110064   0.106521   0.121435   0.105173   0.115965   0.108296   0.119144   0.111564   0.112413   0.126608  0.0954565          0  0.0934593  0.0915342  0.0875081   0.116342   0.108063   0.106214   0.100835   0.112368   0.131463   0.139751   0.134458  0.0842826  0.0783095     0.1254   0.133433   0.142205   0.136303   0.102832   0.134387   0.137416   0.113708  0.0743949   0.142782   0.117706   0.132757   0.135076   0.135526   0.135162   0.137575   0.131167   0.134509    0.13223   0.133477   0.134209   0.133815   0.134875    0.13387   0.136345   0.133138   0.134677   0.131421   0.136624    0.13478   0.136792   0.134911   0.131702    0.13594   0.134871   0.113453   0.134801    0.13569    0.13532   0.113204   0.108961   0.134596    0.13567    0.13446   0.133251   0.134353      0.133   0.134687   0.136567   0.134033   0.134109    0.10805   0.135096   0.135654   0.133945   0.134008   0.134634   0.134672   0.132374   0.135326  0.0864962   0.125393  0.0864962   0.125393
  0.105055   0.116552   0.125959   0.127607   0.122281   0.107472   0.104274   0.118128    0.12891  0.0924156   0.114241   0.117398   0.114835   0.094558   0.118211    0.12129   0.115745   0.102375  0.0887652   0.102469   0.106398   0.110086    0.12441   0.115918  0.0934593          0   0.102998   0.115146   0.102457  0.0935581  0.0922032  0.0825222   0.100991    0.12906   0.124095    0.13364   0.115337  0.0934131   0.119018    0.12304    0.13279   0.121589   0.102411   0.127953   0.133462  0.0991704  0.0849453   0.128777  0.0895155   0.128262   0.132026   0.130692   0.129317   0.131931   0.126883    0.12855   0.128461    0.12963   0.128134   0.129819   0.130538   0.130521   0.130486   0.129695   0.130732   0.124992   0.130727   0.132632   0.131965   0.131079   0.127683   0.131649   0.129795   0.121329   0.129985   0.129261   0.131891   0.122364    0.12143   0.127976   0.130799   0.129604   0.128846   0.129092   0.128409   0.130909   0.132151   0.127623   0.130461   0.118508   0.129504   0.131101   0.129281   0.130577   0.130445   0.130798   0.127337   0.131252  0.0796712    0.12061  0.0796712    0.12061
 0.0943501   0.121982   0.109298  0.0982338  0.0967148   0.097351  0.0969315  0.0867797   0.115214   0.105357  0.0935463  0.0709759   0.108698  0.0798388   0.119345  0.0990797   0.101654  0.0876677   0.100258   0.093291  0.0764383   0.109894  0.0873362  0.0632631  0.0915342   0.102998          0  0.0772972   0.116746    0.10724  0.0580449  0.0839635   0.109457   0.114781   0.129822   0.122931   0.118461   0.109069   0.102305   0.116816   0.128104   0.116151   0.086079   0.128489   0.118473  0.0807669  0.0589644    0.12607  0.0925745   0.112143   0.115324   0.115963   0.113504   0.117564   0.110559   0.114553   0.111987   0.113221   0.112394   0.114182   0.114283   0.113891   0.115161     0.1117   0.114589   0.110795   0.115157   0.115168   0.115831   0.114176   0.111848   0.114225   0.114448   0.137058   0.113801   0.113414   0.115381   0.136888   0.134494   0.110267   0.115454   0.113138   0.112897   0.112886   0.111894    0.11513   0.114656   0.112321   0.114173   0.131736   0.112631   0.114756   0.112478   0.113791   0.114507   0.113244   0.112642   0.116314  0.0563571    0.10489  0.0563571    0.10489
 0.0730106   0.110064   0.125767  0.0907241   0.116022    0.11107   0.110842   0.110182   0.127989  0.0849924   0.112251  0.0638902  0.0873882     0.1017   0.102894   0.103512  0.0845804   0.101732   0.120663    0.10822  0.0929489   0.128536   0.110863  0.0820695  0.0875081   0.115146  0.0772972          0    0.12817   0.124503  0.0906828   0.105835   0.126477   0.125416   0.142554   0.131888   0.107745  0.0978532   0.119099   0.123827   0.137161   0.127286   0.091278   0.135876   0.129447   0.107721  0.0974676   0.135442   0.102489   0.121335   0.123978   0.124202   0.124826   0.125959    0.12044   0.122769    0.12178   0.122574   0.123178   0.122668   0.123051   0.122282    0.12361   0.121671     0.1234   0.121084   0.123885   0.122678   0.124183   0.122791   0.122456   0.123437   0.122532    0.11849   0.124016   0.123647   0.123749   0.120352   0.122282   0.122405   0.123368   0.123845    0.12298   0.123567   0.121577   0.122234   0.123613   0.124418   0.123511   0.119843   0.122148   0.123258   0.121462   0.121718    0.12284   0.123328   0.123273   0.122917  0.0757229   0.113966  0.0757229   0.113966
  0.116935  0.0950278   0.146847   0.134654   0.134885    0.11224   0.118637   0.116084   0.132249   0.121508    0.12152   0.116857   0.134366   0.118184   0.118937   0.140735   0.129323   0.116931   0.119043   0.118414   0.110391   0.129702   0.130887    0.12483   0.116342   0.102457   0.116746    0.12817          0   0.121516   0.121833   0.115822   0.132745    0.12949   0.115875   0.121863   0.136607   0.126012   0.126777   0.129263   0.139029   0.126577   0.124033   0.121369   0.128588   0.124443   0.110825   0.139319   0.109795   0.111734   0.114958   0.112311   0.108622   0.116873   0.106473   0.114092     0.1093   0.113884   0.108955   0.114405   0.116064   0.114247   0.114966   0.108765     0.1149   0.105899   0.117077   0.116679   0.115712   0.114452   0.106843   0.115965    0.11255   0.145207   0.114808   0.110719   0.114525   0.145896   0.145614   0.109392   0.115979   0.108838   0.108898   0.112123   0.109763   0.116673   0.115907   0.106521   0.109677   0.142792   0.113304   0.114181   0.113617   0.111594   0.115922   0.113834   0.106904   0.115774  0.0985611   0.105019  0.0985611   0.105019
  0.117189   0.120222   0.115233   0.121576   0.100711   0.103058   0.104317   0.118126     0.1343   0.108229   0.112369    0.12746   0.117054  0.0845642   0.131449   0.110397   0.110924   0.113881  0.0868081   0.113954   0.120277   0.108231   0.120195   0.103944   0.108063  0.0935581    0.10724   0.124503   0.121516          0  0.0978209  0.0902718  0.0983255    0.13511   0.133923   0.145069   0.117366  0.0973356   0.115391   0.139986   0.129204   0.105912  0.0906025   0.141581   0.143221  0.0914897  0.0974574   0.127938   0.119525   0.139482   0.141684   0.141615   0.140599   0.141218   0.135581   0.140738   0.138493   0.139695   0.138496   0.139266   0.141638   0.139703   0.141505      0.139    0.14043   0.135445   0.142239   0.143672   0.140497   0.139523   0.138657   0.143116   0.139663   0.117588   0.140798    0.13979   0.141502   0.116043   0.115461   0.140009   0.141379   0.139628   0.138664    0.13935   0.138408   0.141896   0.142842   0.139333   0.139856   0.113248   0.140219   0.140095   0.139848   0.140105   0.141764   0.142226   0.137852   0.141543  0.0864701   0.130998  0.0864701   0.130998
  0.107095   0.122683   0.103686   0.102059  0.0888125  0.0926428  0.0800409  0.0868517    0.11878  0.0962245  0.0964584  0.0900363  0.0948767  0.0701654   0.118779  0.0820531  0.0960358  0.0752048  0.0882803  0.0804711  0.0880762   0.112585  0.0819596  0.0814737   0.106214  0.0922032  0.0580449  0.0906828   0.121833  0.0978209          0  0.0732629   0.102455   0.120532   0.129847   0.129811   0.123457  0.0986869   0.102926    0.12164   0.123674    0.10741  0.0778995   0.133075   0.126574  0.0550941  0.0783893   0.122097  0.0810004   0.114533    0.11772   0.118336   0.111425   0.117536   0.109422    0.11578   0.110824   0.115073   0.110529   0.115561   0.116662   0.116462   0.116174   0.110702   0.116029   0.108793   0.117014   0.117825   0.117113   0.115869   0.111231   0.116918    0.11586   0.133134   0.115025   0.111021   0.117225   0.133019   0.131049   0.108925   0.117124   0.111443   0.111377   0.114921   0.110541   0.116527   0.116707   0.110709   0.113433   0.128868   0.115795   0.117083   0.114111   0.116852   0.116799   0.115295    0.11112   0.118515  0.0510725   0.105899  0.0510725   0.105899
 0.0894506   0.116677    0.11617   0.118232   0.105612  0.0986157  0.0976003  0.0965758   0.125963  0.0792419   0.102463   0.107448   0.112584  0.0743102   0.102573   0.107584   0.109705  0.0878841  0.0577812  0.0918409   0.100114   0.108548    0.11157  0.0959991   0.100835  0.0825222  0.0839635   0.105835   0.115822  0.0902718  0.0732629          0  0.0919078   0.126869   0.117791   0.136417    0.11549  0.0886574   0.107896   0.130181   0.130906   0.114333  0.0701918   0.136319   0.132082  0.0713839  0.0690535     0.1293  0.0949197   0.124525   0.127159   0.127391   0.123159    0.12625   0.121317   0.125223   0.123434    0.12535    0.12202   0.125496    0.12524   0.126062    0.12581   0.122418   0.126468   0.120891   0.126128    0.12643    0.12641    0.12651   0.122597   0.126122   0.125949   0.127105   0.124803   0.123795   0.126423   0.126378   0.125426   0.122334   0.125938   0.123468    0.12341    0.12392   0.122391   0.125042    0.12635    0.12152   0.124175   0.121968   0.124701   0.126067   0.124793   0.125595   0.125094   0.125912   0.122523   0.127485  0.0649961   0.115712  0.0649961   0.115712
  0.122268   0.131912  0.0984599   0.134878   0.120481   0.118801    0.12029   0.122536   0.108364   0.114574   0.126371   0.128786   0.131464   0.102564   0.134808   0.120701   0.125825   0.113016   0.103245   0.116223   0.120242  0.0718244   0.123197   0.115838   0.112368   0.100991   0.109457   0.126477   0.132745  0.0983255   0.102455  0.0919078          0   0.106652   0.113784   0.116216  0.0794489   0.103022   0.129788   0.111024   0.115804   0.132635   0.108823   0.114352   0.107849   0.110104   0.102701   0.113411   0.119163   0.142916   0.144251   0.146695   0.144839   0.144783   0.141241   0.143605    0.14296   0.143964   0.142563   0.142941   0.144031   0.145277   0.143495   0.143284   0.143482   0.141612   0.143707   0.144231   0.145738   0.144907    0.14204    0.14407   0.143987   0.108768   0.142761   0.144459   0.145639   0.107287    0.10619   0.143772   0.144302   0.143764   0.142701   0.142081   0.143216   0.144432   0.142216   0.143594    0.14292   0.104533   0.143725   0.144618   0.143863   0.144954   0.143924   0.144866   0.143623   0.144331  0.0873606   0.134119  0.0873606   0.134119
  0.132033   0.145327   0.105986   0.138028   0.131983  0.0956156    0.10473   0.129511  0.0398631   0.136291   0.107292   0.127033   0.128459   0.120959    0.14859   0.136052   0.125383  0.0975331   0.136843   0.098587  0.0946164   0.100909   0.115226   0.123229   0.131463    0.12906   0.114781   0.125416    0.12949    0.13511   0.120532   0.126869   0.106652          0   0.110638  0.0596382   0.116754   0.138641   0.111782  0.0586381   0.077669   0.113223   0.126915  0.0831432  0.0678163   0.129664   0.124833    0.08346   0.107334   0.123063   0.122739   0.126235   0.122819   0.124455   0.119705   0.123063   0.121493   0.122268   0.121342   0.123283   0.123802   0.124284   0.122072   0.121853   0.121993   0.118302   0.123181   0.123981   0.124306   0.125315   0.119573   0.124018   0.123229   0.129848   0.122295   0.121347   0.125739   0.130747   0.131331   0.124989   0.123545   0.121574   0.119498   0.123025    0.12196   0.125409   0.121348    0.12287   0.121682    0.12904   0.121965    0.12534    0.12406   0.122478   0.124051   0.125377   0.123183   0.123276  0.0984403   0.114515  0.0984403   0.114515
  0.134805   0.131789   0.128595    0.15357    0.14592   0.124426   0.130044   0.109905    0.11316   0.135616   0.135923   0.136389    0.14976   0.129179   0.119989   0.149394   0.144597   0.125104   0.129069   0.127183    0.12316   0.122869   0.142498   0.140132   0.139751   0.124095   0.129822   0.142554   0.115875   0.133923   0.129847   0.117791   0.113784   0.110638          0   0.109737   0.127068   0.142836   0.139424   0.117374   0.124923   0.137808   0.130591   0.119771   0.105087   0.134942   0.130245   0.121182   0.129113   0.124911   0.126824   0.126643   0.125084   0.126474   0.123715   0.126051   0.125704   0.124983   0.124409    0.12413   0.124741   0.126715   0.123207   0.125813   0.125679   0.122964   0.124235   0.125245   0.126205   0.126951   0.123414   0.125241   0.124453   0.140023   0.124069   0.125408   0.126474    0.14123   0.141642   0.126174   0.125135   0.124569   0.126038   0.123401    0.12437   0.126322   0.123676   0.123226    0.12555   0.137711   0.123649   0.124865   0.125659   0.123287   0.125098   0.127078   0.127125   0.125234   0.109417   0.116381   0.109417   0.116381
