        0 0.0962512 0.0909522  0.080752 0.0761668 0.0943101 0.0940004 0.0832909 0.0941041 0.0794283 0.0860629 0.0886918 0.0827451 0.0981245 0.0770093 0.0798749 0.0988396  0.100426 0.0969726  0.101318  0.078606 0.0810014 0.0930499 0.0856058 0.0771309 0.0936697 0.0943438 0.0979157 0.0885446 0.0791535 0.0884337 0.0958093  0.088996 0.0910492 0.0916599 0.0926906 0.0982364 0.0994979 0.0881447 0.0898496 0.0668633 0.0771137 0.0774228 0.0866303 0.0859546 0.0855698 0.0876309 0.0995985 0.0922314  0.133309  0.140387  0.138236  0.134179  0.159992  0.155741  0.147947  0.151505  0.143063  0.141036  0.148277  0.153605  0.160483  0.156957  0.138125  0.151406  0.138528  0.147156  0.144333  0.136655  0.161284  0.154466  0.151264  0.146494  0.150067  0.134649  0.155252  0.152515   0.15112  0.156467  0.150316  0.144027  0.151513  0.149181  0.151089  0.146828  0.161201  0.157979   0.15364   0.15117  0.159048  0.151874  0.146185  0.160044  0.167403  0.152677  0.156807  0.154475  0.149623 0.0656724  0.127637 0.0656724  0.127637
0.0962512         0 0.0808376 0.0922298 0.0933288  0.100537 0.0952041 0.0845349 0.0905278  0.080104  0.105372 0.0716394 0.0815923 0.0816224 0.0892717 0.0925779 0.0907275 0.0770547 0.0882316 0.0821575 0.0913639 0.0880492 0.0899289 0.0821393 0.0913453 0.0940429 0.0953409 0.0809481 0.0742648 0.0965743  0.085554 0.0809041 0.0847665 0.0811288 0.0959556 0.0840688  0.082554 0.0828362 0.0974284 0.0981416 0.0911662 0.0925886 0.0843995 0.0718712 0.0932409 0.0869193 0.0878696   0.09279 0.0877815  0.134132  0.143024  0.135652  0.143302  0.138335  0.136076  0.127121  0.138688  0.124501   0.12769  0.145258  0.126846  0.141001  0.138394  0.141514  0.136804  0.147419  0.147676  0.141586  0.145791  0.142668  0.128584  0.126761  0.147881  0.133504  0.134642  0.137488  0.132648  0.133176  0.139169   0.13142  0.137995  0.130398   0.12816  0.135929  0.129829  0.143292  0.152585  0.141542  0.136672  0.142342  0.130252  0.138226  0.144494  0.143218  0.140505  0.137389  0.136754  0.137047 0.0627768  0.110246 0.0627768  0.110246
0.0909522 0.0808376         0 0.0799087 0.0907793 0.0909059 0.0946772 0.0858914 0.0910998 0.0891701  0.102317 0.0917386 0.0920588 0.0830385  0.077192 0.0896999  0.107484 0.0972146 0.0875688 0.0981046 0.0918854 0.0948051 0.0896338 0.0814069  0.089416 0.0972428  0.090863 0.0808682 0.0973022  0.098881 0.0758689 0.0910149 0.0948815  0.100987 0.0918952 0.0864392  0.098884 0.0960621  0.086264 0.0802338 0.0793293 0.0859589 0.0805863 0.0787935 0.0921414 0.0811801 0.0859399 0.0932888 0.0880057  0.125903  0.128337  0.131258  0.126533  0.144667  0.143576  0.136197  0.140693  0.125998  0.124251  0.137312  0.133707   0.14427  0.138252  0.131075  0.136688  0.137242  0.137314  0.132616  0.136677  0.151451  0.138975  0.142083   0.13721  0.138994  0.132432  0.138477  0.140599   0.13367  0.142305  0.140165  0.135949  0.139485  0.137475  0.141545  0.134736  0.145692  0.151919  0.145577   0.13251  0.142925  0.135322  0.129755  0.143433  0.151888  0.141134  0.143177  0.143034   0.13531 0.0659611  0.114695 0.0659611  0.114695
 0.080752 0.0922298 0.0799087         0  0.085869 0.0888285 0.0972294 0.0848694  0.094493 0.0891983 0.0961245 0.0900457 0.0903361 0.0923887 0.0809983 0.0823423  0.106334  0.099508 0.0882235  0.104454  0.090545 0.0906209 0.0889858 0.0797933 0.0858987   0.10593 0.0963984 0.0878769  0.102244  0.094684 0.0850574 0.0982098 0.0950175 0.0985375 0.0849538 0.0858326 0.0960006 0.0958815 0.0908905 0.0794317 0.0659498 0.0757247 0.0772644 0.0852627 0.0859661 0.0815448 0.0914528 0.0988663 0.0893649   0.12902  0.131912  0.128209  0.128349  0.147061  0.145615   0.14168  0.137539   0.13285  0.129606  0.142096    0.1405  0.148202  0.149851  0.127851  0.138128  0.132021  0.137588  0.134095  0.136314   0.15008  0.144996  0.140807  0.134539  0.138333  0.130234  0.140408  0.144591  0.139132  0.140325  0.135839  0.136741  0.142402  0.140822  0.141983  0.135172  0.148424  0.151499  0.145981  0.140198  0.148151  0.140803  0.129356  0.145433  0.151858  0.143531  0.142041   0.14477  0.138526  0.066497  0.114221  0.066497  0.114221
0.0761668 0.0933288 0.0907793  0.085869         0  0.101311 0.0883784 0.0815286  0.093442 0.0876538 0.0977121 0.0873542 0.0825116  0.105957 0.0860235 0.0875095 0.0888205 0.0967695 0.0969234   0.10283  0.082228 0.0833975 0.0837005 0.0873983 0.0806427 0.0827821 0.0981222 0.0979217 0.0903074 0.0893221 0.0808126 0.0893682  0.103868 0.0952298 0.0994327 0.0878602 0.0989338 0.0968418 0.0829603 0.0810695 0.0802802 0.0787949 0.0788844 0.0765899 0.0844191 0.0634864 0.0855232   0.10191 0.0938282  0.141041  0.142651  0.139647  0.139724  0.155396  0.150974  0.138075  0.154409  0.139042  0.139461    0.1478  0.148329  0.158966  0.154925  0.139082  0.152212  0.143875  0.150062  0.143745   0.14285  0.159047  0.151424  0.144137  0.149573  0.142919    0.1379  0.149888  0.145733  0.149608  0.150841  0.144232  0.145663  0.149029  0.142082  0.151281  0.143529  0.160948  0.161158  0.154393    0.1488  0.152163  0.145581  0.147822  0.162641  0.163546  0.147447   0.15081  0.151461   0.14812 0.0644175  0.124024 0.0644175  0.124024
0.0943101  0.100537 0.0909059 0.0888285  0.101311         0  0.106378 0.0978007 0.0740479 0.0940274 0.0936363  0.103089  0.100581  0.101297 0.0908117 0.0923978  0.106998  0.104243 0.0954882 0.0942033 0.0907774  0.100555  0.101001 0.0900316 0.0896969  0.102299 0.0848566 0.0975965 0.0955593 0.0976956 0.0942576  0.105731  0.115806  0.105165 0.0902553 0.0986904  0.103382  0.103494 0.0991406 0.0983507  0.085239 0.0931198 0.0796734  0.101023 0.0983421 0.0953482 0.0959007  0.107299 0.0728861  0.133094  0.137056  0.127744  0.127083  0.133746  0.143886  0.130572  0.139781  0.132902   0.13628  0.135987  0.136712  0.139183  0.147195  0.121784  0.138438   0.13325  0.133874   0.12426  0.136713  0.150005  0.129372  0.129997  0.129604  0.135252  0.121546  0.141659  0.132423  0.145883  0.139939  0.136838  0.133322  0.138927  0.121911  0.138967  0.122371   0.13885  0.147238  0.145655  0.142375  0.146962  0.130404  0.128009  0.140955   0.13393  0.137196   0.14435  0.139249  0.144173 0.0764249  0.110768 0.0764249  0.110768
0.0940004 0.0952041 0.0946772 0.0972294 0.0883784  0.106378         0 0.0842007  0.100255 0.0929388 0.0980188 0.0809156 0.0962915  0.106984 0.0898671 0.0831652 0.0754056  0.100815 0.0946348 0.0991466 0.0859872 0.0841134 0.0916125  0.105814 0.0907939  0.073353 0.0954681  0.100945 0.0845439 0.0843532 0.0849179  0.094917 0.0997648 0.0890696 0.0992705  0.103002 0.0860643 0.0888433 0.0874553 0.0934799 0.0917513 0.0877253 0.0904527 0.0931471 0.0957783 0.0824616 0.0918005 0.0852835  0.101563  0.154967  0.159554  0.152415  0.152708  0.157672  0.161105  0.151944  0.158322  0.147966  0.151405  0.155031  0.153189  0.166756  0.167138  0.151746  0.159767  0.159517  0.159609  0.156981  0.155869  0.166056  0.158849  0.152923  0.163608  0.156569  0.152666   0.15843   0.15389  0.159506   0.16203    0.1536  0.157295  0.158752  0.150673  0.159938  0.151277   0.16713  0.174224  0.167609  0.159141  0.162117  0.157311  0.157493  0.166573  0.167705  0.156472  0.157848  0.164505  0.158933  0.072196  0.136176  0.072196  0.136176
0.0832909 0.0845349 0.0858914 0.0848694 0.0815286 0.0978007 0.0842007         0 0.0858711 0.0905757  0.084242  0.080862 0.0936667 0.0974519 0.0824694 0.0766602 0.0938468 0.0901599 0.0984684 0.0915223 0.0879283 0.0820556 0.0670841  0.087918 0.0873477 0.0853205 0.0859782  0.095984 0.0794712 0.0852965 0.0770377 0.0936204  0.098452 0.0875282 0.0871678 0.0955437 0.0885703 0.0887311 0.0888418 0.0926209 0.0836217 0.0893191 0.0727377 0.0852822 0.0918137 0.0751342 0.0888848 0.0812986 0.0776789  0.139288  0.139386  0.137732  0.140086  0.154209  0.145939  0.142806  0.144076  0.131808  0.139131  0.136246  0.136759  0.152661  0.155887  0.138868  0.145768  0.137617  0.143492  0.136101  0.140402  0.151397  0.145591  0.148143  0.142164  0.140121  0.127868  0.142885  0.148107  0.149417  0.146781  0.142605  0.138783  0.143435  0.146668  0.144058  0.139987  0.153483  0.152035  0.152241  0.148175  0.147836  0.146585  0.137178  0.153244  0.162465  0.142912  0.146389  0.141719  0.147458 0.0627359  0.118433 0.0627359  0.118433
0.0941041 0.0905278 0.0910998  0.094493  0.093442 0.0740479  0.100255 0.0858711         0  0.088843 0.0916555 0.0949245 0.0888982  0.085985 0.0822319 0.0999738 0.0985483 0.0944663 0.0844052 0.0807709 0.0757183 0.0823765 0.0920978  0.088826 0.0948973 0.0909436 0.0916253 0.0906976 0.0849455 0.0915307 0.0846689 0.0883923  0.104463 0.0932232 0.0824773 0.0777857 0.0934558 0.0883654 0.0922894 0.0984996 0.0902543 0.0943367 0.0711455   0.08915 0.0874142 0.0838805  0.083523 0.0939047 0.0565972  0.131216    0.1373  0.127892  0.132849  0.138731  0.126018  0.128704  0.127279  0.116202  0.119428  0.130701   0.12019  0.132663  0.132108  0.126217  0.127302  0.132312   0.13715  0.128531  0.135873  0.130616  0.132048  0.128028  0.134519   0.11923  0.118662  0.122283  0.127432  0.130984  0.126692  0.120209   0.12797  0.125482   0.12172  0.123852  0.123726  0.132211  0.133148  0.131677  0.121655  0.132524  0.128371  0.130501  0.135897  0.138268  0.122144  0.126448  0.126083  0.128597 0.0635672  0.096571 0.0635672  0.096571
0.0794283  0.080104 0.0891701 0.0891983 0.0876538 0.0940274 0.0929388 0.0905757  0.088843         0 0.0992296 0.0725882 0.0612256 0.0812865 0.0886203 0.0877779 0.0881388  0.086621 0.0832079 0.0891353 0.0830076 0.0907929 0.0931264 0.0879654 0.0891897 0.0905047 0.0893174 0.0832608 0.0794243 0.0889617 0.0930206 0.0852851 0.0893163 0.0765234 0.0965668 0.0837969 0.0810515 0.0940673 0.0964246  0.100404 0.0878347 0.0870511 0.0855895 0.0645667 0.0857596 0.0835363 0.0753315 0.0980928 0.0923386  0.137217  0.149063  0.148929  0.139296   0.14413  0.148043  0.133325  0.150454  0.138662  0.137124  0.154323  0.142627  0.150106  0.144312   0.14961  0.146661  0.151097   0.15738  0.150767   0.14588  0.156219  0.138661  0.136392  0.152831  0.143584   0.14163  0.149372  0.136136  0.142838  0.150516  0.141599  0.149849  0.144464  0.139473  0.147456  0.131506  0.151307  0.154928  0.150939  0.143923  0.150546  0.137589  0.152483  0.155687  0.149933  0.146907  0.146517  0.149971  0.142676 0.0605079    0.1213 0.0605079    0.1213
0.0860629  0.105372  0.102317 0.0961245 0.0977121 0.0936363 0.0980188  0.084242 0.0916555 0.0992296         0  0.099407  0.104498  0.103861 0.0846064 0.0921544  0.105514  0.101701  0.104073 0.0909772 0.0891625 0.0929406 0.0969263 0.0953772 0.0936782 0.0980158 0.0798513  0.109492 0.0879449 0.0852483 0.0929572  0.106037 0.0973559  0.100493 0.0973122  0.104046  0.102295 0.0994253 0.0875905 0.0995531 0.0859361 0.0800096 0.0950838  0.101847 0.0981951 0.0880907  0.113333 0.0924097 0.0900859  0.141458  0.140705   0.13507  0.141086  0.163265  0.158363  0.150507  0.151931  0.140993  0.148472  0.137005  0.145195  0.151717  0.159379  0.133221   0.14473  0.137096  0.143436  0.136308  0.149701  0.162143  0.154162  0.156154  0.142592  0.151138  0.128218  0.150011  0.158085  0.154538  0.153848  0.149407  0.140335  0.146652  0.150699  0.155067  0.147562  0.153655  0.160389  0.156089  0.152245  0.152599  0.151855  0.139401  0.162394  0.164638  0.144998   0.15384  0.152872   0.15257 0.0800166   0.12563 0.0800166   0.12563
0.0886918 0.0716394 0.0917386 0.0900457 0.0873542  0.103089 0.0809156  0.080862 0.0949245 0.0725882  0.099407         0 0.0750304 0.0979546 0.0936439 0.0777657 0.0828329  0.080718 0.0936351 0.0883916 0.0896939 0.0823063 0.0852254 0.0910348 0.0878513 0.0899524 0.0906151 0.0963866 0.0678856 0.0899326 0.0846856 0.0914022 0.0931897 0.0730145 0.0930861 0.0883956 0.0722653 0.0847581  0.100257  0.097618 0.0870424 0.0878855 0.0917164 0.0752062 0.0919126 0.0841548  0.082694 0.0891383 0.0970906  0.147899  0.158786  0.151802  0.154196   0.15047  0.151184   0.14509  0.151201  0.138528  0.143619  0.148014  0.144522  0.155011  0.157292  0.155494  0.151588  0.156353  0.158336  0.156003  0.156666  0.159326  0.144008  0.144047  0.160085  0.147961   0.14873  0.148974  0.143708  0.149607  0.151684  0.143723  0.156563  0.145551  0.146414  0.152493  0.138479   0.15677  0.166057  0.154986  0.151861  0.153285  0.147012  0.153994  0.155538  0.158392  0.150899  0.147897  0.153891  0.151074 0.0661293  0.127045 0.0661293  0.127045
0.0827451 0.0815923 0.0920588 0.0903361 0.0825116  0.100581 0.0962915 0.0936667 0.0888982 0.0612256  0.104498 0.0750304         0 0.0825971 0.0899644 0.0922202 0.0956109 0.0826863 0.0851416 0.0918191 0.0825484 0.0853425 0.0961775 0.0867582 0.0930198 0.0953215 0.0990939 0.0841146 0.0786267 0.0880089 0.0933718 0.0806206 0.0881753  0.079119 0.0983811 0.0750515 0.0909838 0.0939555 0.0984485 0.0953373  0.089173 0.0886444 0.0834351 0.0724959 0.0918679 0.0856661 0.0681481 0.0988541 0.0898776  0.131188  0.146074  0.141389  0.138898  0.139443  0.141487  0.127373  0.135914  0.127582   0.13121  0.150423   0.13412  0.145781   0.13775  0.145885  0.140037  0.146258  0.152703  0.146357  0.140016  0.146333  0.134539  0.128302  0.147623  0.134348  0.137235   0.14011  0.129571  0.131996  0.136952  0.132978  0.144078  0.136101  0.133919  0.136695  0.124957  0.147188  0.146637  0.139347  0.139972  0.143275  0.128748  0.141161  0.143015  0.147255  0.139883  0.138455  0.140622   0.13584 0.0627079   0.11218 0.0627079   0.11218
0.0981245 0.0816224 0.0830385 0.0923887  0.105957  0.101297  0.106984 0.0974519  0.085985 0.0812865  0.103861 0.0979546 0.0825971         0 0.0809088  0.104752  0.109772 0.0844951 0.0653552  0.082908 0.0972247   0.10031 0.0975554 0.0794547  0.103574  0.107874  0.100005 0.0689275 0.0900897 0.0958793 0.0930505  0.072559 0.0817112 0.0944039 0.0982088 0.0792818 0.0958799 0.0861033 0.0958721   0.10604  0.094814 0.0933532 0.0872029 0.0838591 0.0890167 0.0942194 0.0857206 0.0954272 0.0904541  0.120851   0.13263  0.132343   0.12859  0.130997  0.135476   0.11773  0.127708  0.118696  0.117503  0.141041  0.121316  0.135645  0.129661  0.135036   0.13673  0.138665  0.139897  0.135489  0.133719  0.137764  0.124853  0.118243  0.139244  0.126549  0.125646  0.131197  0.121575  0.123259  0.130716  0.131062  0.129171  0.129077   0.12143    0.1306  0.120036  0.136953  0.135418  0.129167  0.120052  0.136211  0.116834  0.132559  0.136691  0.128399   0.12931  0.131468  0.126876  0.125345 0.0698567  0.100756 0.0698567  0.100756
0.0770093 0.0892717  0.077192 0.0809983 0.0860235 0.0908117 0.0898671 0.0824694 0.0822319 0.0886203 0.0846064 0.0936439 0.0899644 0.0809088         0 0.0896585 0.0972436 0.0958376 0.0835301 0.0963782 0.0848262 0.0811192 0.0847215  0.071635 0.0796906 0.0982037  0.094581 0.0812184 0.0899434  0.087224 0.0767654 0.0839089 0.0929013 0.0908011 0.0768559  0.080081 0.0863789 0.0797157 0.0670035 0.0762843 0.0657498 0.0700637 0.0675075 0.0794505 0.0760734  0.084437 0.0767457 0.0816227 0.0853586  0.112745  0.119552  0.117565  0.119821  0.146522  0.136494  0.135596  0.133263  0.121149  0.119658  0.129762  0.128679  0.142992  0.138435  0.116451  0.134218  0.127139  0.126405  0.123385  0.121909  0.141189  0.140154  0.138029  0.129572  0.135621  0.120233  0.135152  0.137713  0.127504   0.13542   0.13526   0.12712  0.131279  0.135493  0.136413  0.138435  0.141508  0.140902  0.142433  0.127237  0.137694  0.140289  0.124186   0.14171  0.153663  0.130394  0.133835  0.137041  0.124741 0.0577056  0.106388 0.0577056  0.106388
0.0798749 0.0925779 0.0896999 0.0823423 0.0875095 0.0923978 0.0831652 0.0766602 0.0999738 0.0877779 0.0921544 0.0777657 0.0922202  0.104752 0.0896585         0 0.0924479 0.0865032 0.0985243 0.0986846 0.0965164 0.0890343 0.0762649  0.086493 0.0778175 0.0879145 0.0822579 0.0975403  0.078972 0.0784502 0.0843543 0.0971725 0.0965119 0.0870392 0.0808252 0.0993531 0.0866874 0.0986331 0.0979975 0.0982749 0.0747058 0.0856371 0.0874328 0.0830599 0.0961572 0.0876861 0.0949692 0.0844421 0.0948044  0.148651  0.147587  0.146447  0.146787  0.156272  0.159738  0.151891  0.155205  0.146175  0.153401  0.147658  0.153034  0.167314  0.168369  0.143583  0.160758  0.149776  0.155623  0.146381  0.149454  0.168161  0.155022   0.15523  0.150991  0.155829  0.141922  0.161321  0.155767  0.161422  0.160786  0.157234  0.149496    0.1579  0.150926  0.160876  0.147311  0.168572  0.169828  0.162735  0.160571  0.161704  0.152391  0.148762  0.164549  0.164365  0.160052  0.159032  0.157078  0.160028 0.0681149    0.1346 0.0681149    0.1346
0.0988396 0.0907275  0.107484  0.106334 0.0888205  0.106998 0.0754056 0.0938468 0.0985483 0.0881388  0.105514 0.0828329 0.0956109  0.109772 0.0972436 0.0924479         0 0.0955574 0.0997801  0.096498 0.0903623 0.0960992 0.0948732  0.104221  0.094309 0.0874628  0.102463 0.0970456 0.0837302  0.089982 0.0886892 0.0943584   0.10716 0.0901222  0.103621  0.100151 0.0793725 0.0915067 0.0964883  0.101029 0.0989991 0.0914651 0.0920342 0.0884851 0.0893485 0.0878473 0.0938755 0.0910822  0.100454  0.153134   0.15692  0.151842  0.152254  0.153673  0.151152  0.142074  0.155143  0.142421  0.144434  0.154771  0.150624  0.157769  0.158941  0.152326  0.155879  0.156778  0.162342  0.158222  0.156759  0.158717  0.147974   0.14379  0.158408  0.149183   0.14882  0.153679  0.150338  0.155389  0.154893  0.145929  0.152786  0.154449  0.144003  0.150526   0.14137  0.159029  0.165151  0.158593  0.153313  0.153279  0.147921  0.156884  0.158999  0.160164   0.15279   0.14926  0.154813    0.1513 0.0745129  0.128906 0.0745129  0.128906
 0.100426 0.0770547 0.0972146  0.099508 0.0967695  0.104243  0.100815 0.0901599 0.0944663  0.086621  0.101701  0.080718 0.0826863 0.0844951 0.0958376 0.0865032 0.0955574         0 0.0827203 0.0837345  0.105793 0.0902518  0.093669 0.0911966  0.086954  0.101332 0.0953339 0.0830685  0.071784 0.0983079 0.0954187 0.0809468 0.0859996 0.0801446  0.102152 0.0838475 0.0808966 0.0908626 0.0993354  0.103889 0.0938433 0.0936784  0.092656 0.0828578 0.0967048 0.0899229 0.0909741  0.087255 0.0952922  0.131535  0.140927  0.136227   0.13358  0.135451  0.137228  0.130204   0.13565  0.124778  0.129366  0.141126  0.123998  0.139148  0.139058  0.142109  0.139965  0.143386  0.147576  0.138689  0.138121  0.144246  0.132351  0.128028  0.146387  0.136385  0.130281  0.136288  0.133126  0.134844  0.135747  0.137781  0.136647  0.133225  0.133101  0.134763  0.127812  0.141157  0.145018  0.139559  0.134443  0.133819  0.129316   0.13826  0.142969  0.140183  0.137364  0.137623  0.130619  0.133512   0.06908  0.108465   0.06908  0.108465
0.0969726 0.0882316 0.0875688 0.0882235 0.0969234 0.0954882 0.0946348 0.0984684 0.0844052 0.0832079  0.104073 0.0936351 0.0851416 0.0653552 0.0835301 0.0985243 0.0997801 0.0827203         0 0.0840383 0.0942744 0.0924361 0.0980092 0.0883217 0.0923679 0.0986201  0.104077 0.0702979 0.0891175 0.0960412  0.093019 0.0711696 0.0855387 0.0877578 0.0874648 0.0699838 0.0832484 0.0832795 0.0855373 0.0949231 0.0882821 0.0867434 0.0859179 0.0818468 0.0836283 0.0910154 0.0783983 0.0933296 0.0931539  0.129692  0.139319  0.137663  0.124572  0.125832  0.136989  0.114787  0.130572  0.120055   0.11725  0.144726  0.125598  0.135218  0.137297  0.137121   0.13462  0.140323   0.14356  0.136682   0.13831  0.139211  0.126495  0.114848  0.142899  0.131702  0.131968  0.129995  0.124146  0.125193  0.131525  0.127035  0.138521  0.133751  0.120906  0.132715  0.114926  0.135998  0.145158  0.134214  0.124034  0.130939  0.117895  0.136086  0.134314  0.131143  0.132464  0.132949  0.128377  0.127987 0.0645171  0.103686 0.0645171  0.103686
 0.101318 0.0821575 0.0981046  0.104454   0.10283 0.0942033 0.0991466 0.0915223 0.0807709 0.0891353 0.0909772 0.0883916 0.0918191  0.082908 0.0963782 0.0986846  0.096498 0.0837345 0.0840383         0 0.0919769 0.0949321  0.105873  0.100586  0.101549  0.103317 0.0798113 0.0909583 0.0779185  0.101936 0.0889299  0.077523 0.0860063 0.0847189  0.101634 0.0938723 0.0882827 0.0863497  0.103971   0.10969  0.098038  0.101275 0.0951581 0.0909309 0.0928275 0.0929751 0.0946876 0.0968899 0.0889737  0.145024  0.147579  0.140184  0.145473  0.134305  0.139081  0.122843  0.135959  0.123859  0.130654  0.138552  0.130175  0.140832  0.145681  0.142397  0.141594    0.1439  0.149516  0.142346  0.148224  0.145841  0.123869  0.120052  0.144972   0.13182  0.134301  0.134979  0.130845  0.140001  0.135639  0.134813  0.138218  0.135431  0.120183  0.135172  0.119438  0.142893  0.146223  0.143366  0.135818  0.140069   0.12159  0.138108  0.142416  0.130421  0.134075  0.137073  0.133193  0.141028 0.0756286   0.11003 0.0756286   0.11003
 0.078606 0.0913639 0.0918854  0.090545  0.082228 0.0907774 0.0859872 0.0879283 0.0757183 0.0830076 0.0891625 0.0896939 0.0825484 0.0972247 0.0848262 0.0965164 0.0903623  0.105793 0.0942744 0.0919769         0  0.070386 0.0995692   0.09319 0.0928873 0.0851588 0.0908649  0.097922 0.0845888 0.0853463 0.0861932 0.0942468  0.091415 0.0901585 0.0923072 0.0866695 0.0961134 0.0986324 0.0887695 0.0853731 0.0880492 0.0808193 0.0676389 0.0896912 0.0889095 0.0823657 0.0846681 0.0961019 0.0768478    0.1409  0.140945  0.137779  0.138723  0.150224  0.146414  0.138012  0.140982  0.132227  0.135024   0.14505  0.142683  0.150554  0.148549  0.133557  0.141772  0.140567  0.143886  0.140462   0.14013  0.151178  0.145414  0.137416  0.143665  0.138932  0.133885  0.144947    0.1391  0.144811  0.142424  0.132687  0.140221  0.142972  0.135145  0.139502  0.135227  0.151439  0.155938  0.143727  0.144724   0.15001  0.142671  0.139957  0.150551  0.154962  0.142019  0.145497   0.14464  0.147277 0.0629563  0.115834 0.0629563  0.115834
0.0810014 0.0880492 0.0948051 0.0906209 0.0833975  0.100555 0.0841134 0.0820556 0.0823765 0.0907929 0.0929406 0.0823063 0.0853425   0.10031 0.0811192 0.0890343 0.0960992 0.0902518 0.0924361 0.0949321  0.070386         0 0.0884671 0.0909249 0.0832265  0.081188 0.0908107  0.101916 0.0803453 0.0774401 0.0857475 0.0913526 0.0911441 0.0821219 0.0862626 0.0856001 0.0875878 0.0959021  0.086641 0.0883662 0.0840143 0.0862847 0.0776046 0.0867619 0.0898111 0.0801741 0.0841966 0.0831925 0.0866367  0.134795  0.143613  0.136218  0.140251  0.151068  0.141477  0.146188  0.139987  0.131028  0.135589  0.137593  0.137241  0.156506  0.152774  0.133762  0.147603  0.138369  0.144581  0.137986  0.136178  0.144797  0.150892  0.141992   0.14377  0.138512  0.134729  0.141056  0.144101    0.1468  0.138522  0.136341  0.139928  0.138681  0.142666  0.140183  0.144734  0.155617  0.149797  0.144189  0.148153  0.146213  0.150517  0.141091  0.150861  0.162245  0.143571  0.142552  0.142249  0.141912 0.0617111   0.11783 0.0617111   0.11783
0.0930499 0.0899289 0.0896338 0.0889858 0.0837005  0.101001 0.0916125 0.0670841 0.0920978 0.0931264 0.0969263 0.0852254 0.0961775 0.0975554 0.0847215 0.0762649 0.0948732  0.093669 0.0980092  0.105873 0.0995692 0.0884671         0 0.0869006 0.0877946  0.085574 0.0988773 0.0988574 0.0841375 0.0854219 0.0768177 0.0946843  0.106505 0.0974542 0.0798877 0.0875952 0.0865648 0.0907223 0.0940752 0.0968059 0.0848049 0.0864431 0.0845194 0.0845443 0.0914814 0.0799341 0.0932791 0.0823914 0.0867206   0.14099   0.14716    0.1414  0.144113  0.159185  0.149224  0.147165  0.149603   0.13664   0.14103  0.141019  0.141373  0.156299  0.156949  0.140804  0.148622  0.147075  0.151022  0.142198  0.148227  0.154938  0.152115  0.152725  0.147689  0.145664  0.137223  0.146655  0.153444  0.146387  0.150346  0.146203  0.142673  0.147746  0.149108  0.150136  0.147161  0.155942  0.158707  0.155404  0.149169   0.15206  0.151602  0.144289  0.155742  0.163041  0.148067   0.14606  0.146527  0.148996 0.0656603  0.123654 0.0656603  0.123654
0.0856058 0.0821393 0.0814069 0.0797933 0.0873983 0.0900316  0.105814  0.087918  0.088826 0.0879654 0.0953772 0.0910348 0.0867582 0.0794547  0.071635  0.086493  0.104221 0.0911966 0.0883217  0.100586   0.09319 0.0909249 0.0869006         0  0.078831 0.0996607 0.0915853 0.0870321 0.0850552 0.0897692 0.0830968 0.0793182 0.0930393 0.0936117  0.082452 0.0742537  0.092321 0.0842807 0.0893666 0.0905814 0.0749974 0.0762268 0.0758069 0.0790475 0.0840243 0.0835442 0.0904898 0.0936685 0.0875253  0.113422  0.119726  0.120669  0.125853  0.140526  0.141518  0.128397  0.135425  0.124084  0.125143  0.130792  0.131315  0.145922   0.14198  0.119097  0.140209  0.126387  0.130115  0.122051  0.131204  0.148311  0.134244  0.131414  0.127858  0.131685  0.119126  0.138273  0.130952  0.131367  0.135141  0.134809  0.124494  0.136965  0.129384  0.137821  0.129121  0.147247   0.14656  0.140499   0.13814   0.14773  0.131074  0.124414  0.141382  0.144722   0.13674  0.142559  0.132296  0.132148  0.062066  0.107518  0.062066  0.107518
0.0771309 0.0913453  0.089416 0.0858987 0.0806427 0.0896969 0.0907939 0.0873477 0.0948973 0.0891897 0.0936782 0.0878513 0.0930198  0.103574 0.0796906 0.0778175  0.094309  0.086954 0.0923679  0.101549 0.0928873 0.0832265 0.0877946  0.078831         0 0.0891308 0.0899947 0.0936347 0.0827662 0.0940432 0.0836149 0.0939037 0.0978016 0.0824682 0.0846401 0.0888208 0.0846933 0.0953791 0.0792092 0.0865247 0.0723017 0.0736813 0.0752841 0.0830203 0.0833319 0.0766793 0.0882206  0.096087 0.0949436  0.131558  0.132447   0.12607  0.129984  0.147016  0.145427  0.135516  0.145566  0.133177   0.13894  0.132971  0.143245  0.151585  0.151926  0.124288   0.14354  0.131907  0.137526  0.130743  0.139442  0.152598  0.139405  0.137816  0.136202  0.139588  0.126822  0.148132  0.138739  0.146334  0.147642  0.144014  0.139875   0.14166  0.133916  0.144206  0.135657   0.15232  0.159259  0.149898   0.14845  0.145956  0.138844  0.133532  0.152897  0.151861  0.147247  0.149211  0.144982  0.142181 0.0633367  0.119007 0.0633367  0.119007
0.0936697 0.0940429 0.0972428   0.10593 0.0827821  0.102299  0.073353 0.0853205 0.0909436 0.0905047 0.0980158 0.0899524 0.0953215  0.107874 0.0982037 0.0879145 0.0874628  0.101332 0.0986201  0.103317 0.0851588  0.081188  0.085574 0.0996607 0.0891308         0 0.0937797  0.110904 0.0811262 0.0741054 0.0863267 0.0962005  0.103246 0.0944256 0.0960553 0.0987111 0.0950673 0.0974379 0.0918582 0.0938613 0.0931756 0.0976684 0.0869251 0.0918645  0.100566 0.0780728 0.0973008 0.0971624 0.0954512  0.150663  0.157866  0.152523  0.148641    0.1619  0.159569  0.154251  0.162976  0.146815  0.151683  0.154328  0.151523  0.166202  0.163492  0.150593  0.161629  0.153675   0.15618  0.147783  0.155078  0.167113  0.159961  0.156857   0.15855  0.156889  0.144956  0.159698  0.155803  0.156037  0.162382  0.156701  0.151408  0.157722  0.153188  0.159726  0.154284  0.166458  0.172069  0.165115  0.158498  0.158488  0.155721   0.15395  0.170594  0.168775  0.157681  0.158498  0.160207   0.16049 0.0716064  0.135843 0.0716064  0.135843
0.0943438 0.0953409  0.090863 0.0963984 0.0981222 0.0848566 0.0954681 0.0859782 0.0916253 0.0893174 0.0798513 0.0906151 0.0990939  0.100005  0.094581 0.0822579  0.102463 0.0953339  0.104077 0.0798113 0.0908649 0.0908107 0.0988773 0.0915853 0.0899947 0.0937797         0  0.100439 0.0882684 0.0933493 0.0877645 0.0982984 0.0986321 0.0939492 0.0985555  0.102232 0.0952544  0.102557  0.098579  0.104823 0.0902533 0.0975401 0.0951673 0.0959138  0.104577  0.085079  0.110573 0.0931499 0.0885805  0.143609  0.142711  0.134455  0.140068  0.150653  0.155482  0.143396   0.15009   0.13779  0.149879  0.135318  0.143614   0.15326  0.159003  0.132072  0.148121   0.13706  0.141439  0.136154  0.150971  0.166116  0.143468  0.146159  0.137531  0.147316  0.130182   0.14839  0.147181  0.155694  0.150532  0.149091  0.139112  0.146924  0.141999  0.151682  0.137329  0.155778  0.160015  0.152306  0.152994  0.154855  0.142759   0.13563   0.15773   0.15244  0.145156  0.153752  0.150216  0.155148  0.078086  0.124284  0.078086  0.124284
0.0979157 0.0809481 0.0808682 0.0878769 0.0979217 0.0975965  0.100945  0.095984 0.0906976 0.0832608  0.109492 0.0963866 0.0841146 0.0689275 0.0812184 0.0975403 0.0970456 0.0830685 0.0702979 0.0909583  0.097922  0.101916 0.0988574 0.0870321 0.0936347  0.110904  0.100439         0 0.0961896  0.102349 0.0936655 0.0788225 0.0872944 0.0891236 0.0985813   0.08321 0.0890549 0.0861155 0.0887743 0.0984118 0.0922492 0.0872762 0.0841224 0.0813632 0.0844246 0.0926484 0.0825578 0.0956548 0.0958329    0.1232  0.129211   0.12967  0.125284  0.127127  0.133132  0.116087  0.129975  0.117023  0.117794  0.141584  0.123495  0.133507  0.132513  0.132614  0.132828  0.140201  0.141649  0.136731  0.133839  0.137549  0.119636  0.117782  0.138282  0.129458  0.126567  0.130728  0.124041  0.127906   0.13536  0.125811  0.130745  0.130509   0.11814  0.129093  0.119343  0.135538  0.136449  0.131576  0.120512  0.129299  0.121665  0.134006  0.136098  0.132954  0.132343  0.130133  0.131292  0.122784 0.0672469  0.100804 0.0672469  0.100804
0.0885446 0.0742648 0.0973022  0.102244 0.0903074 0.0955593 0.0845439 0.0794712 0.0849455 0.0794243 0.0879449 0.0678856 0.0786267 0.0900897 0.0899434  0.078972 0.0837302  0.071784 0.0891175 0.0779185 0.0845888 0.0803453 0.0841375 0.0850552 0.0827662 0.0811262 0.0882684 0.0961896         0 0.0844507 0.0858123 0.0790934 0.0883641 0.0731081 0.0894218  0.081703 0.0742689 0.0800232 0.0937246  0.101154 0.0864928 0.0847014 0.0837487 0.0834377 0.0861307 0.0827213 0.0849719 0.0801889 0.0857679  0.136996  0.147693  0.141749  0.143528  0.144097  0.143035   0.13252  0.141908   0.12998  0.136285  0.138804  0.132115  0.147161  0.145716  0.145442   0.14309  0.147709  0.150114  0.141479  0.145331  0.149933  0.135875   0.13232  0.148567  0.138178  0.129905  0.144422  0.136192  0.138844  0.139217  0.136848  0.142831  0.138894  0.132384  0.138931  0.131194   0.14816  0.149588  0.144202    0.1458  0.146366  0.136463  0.142757  0.147778  0.145269   0.14254  0.142383  0.137784  0.143543 0.0610105  0.114398 0.0610105  0.114398
0.0791535 0.0965743  0.098881  0.094684 0.0893221 0.0976956 0.0843532 0.0852965 0.0915307 0.0889617 0.0852483 0.0899326 0.0880089 0.0958793  0.087224 0.0784502  0.089982 0.0983079 0.0960412  0.101936 0.0853463 0.0774401 0.0854219 0.0897692 0.0940432 0.0741054 0.0933493  0.102349 0.0844507         0 0.0891425 0.0998489 0.0965921 0.0964273  0.082835 0.0915115  0.097401  0.101384 0.0910976 0.0987369 0.0870143 0.0907174 0.0887291 0.0893089  0.098607  0.086763  0.097614 0.0889201 0.0905947  0.136177  0.143043  0.141539  0.138288  0.157024   0.15486  0.147053  0.149394  0.141158  0.146218  0.140481   0.14599  0.157824  0.154864  0.137462  0.153679  0.142567  0.149628  0.144167  0.138102  0.158362  0.156549  0.151124  0.144132   0.14789  0.135183  0.153758  0.155916   0.14992  0.152114  0.148959  0.140358  0.146853  0.148863  0.152618  0.148668  0.159387  0.160232  0.152246   0.14954  0.154678  0.149361   0.14735  0.157352  0.164519  0.149268  0.153494  0.150403  0.148988 0.0691171  0.126662 0.0691171  0.126662
0.0884337  0.085554 0.0758689 0.0850574 0.0808126 0.0942576 0.0849179 0.0770377 0.0846689 0.0930206 0.0929572 0.0846856 0.0933718 0.0930505 0.0767654 0.0843543 0.0886892 0.0954187  0.093019 0.0889299 0.0861932 0.0857475 0.0768177 0.0830968 0.0836149 0.0863267 0.0877645 0.0936655 0.0858123 0.0891425         0 0.0882139 0.0996708 0.0933403 0.0752152 0.0894695 0.0888951 0.0886985 0.0899195 0.0839865 0.0828788 0.0805333 0.0761842  0.085534 0.0890147 0.0663845 0.0922994   0.08905 0.0849688  0.140618  0.142181  0.134327  0.140884  0.148511  0.140651  0.139198  0.144026  0.129494  0.133096  0.138273  0.135635  0.149515  0.150338  0.132835  0.144776  0.138695  0.144022  0.133181  0.144162  0.152751   0.13756  0.141862  0.142569  0.139252   0.13222  0.142975  0.138026   0.14161  0.143057  0.140109  0.136455  0.140083  0.135226  0.145806   0.13387  0.150156   0.15633  0.150206  0.140713  0.143529  0.140054  0.138324  0.152317  0.153226    0.1419  0.139807  0.145904  0.143426  0.060948  0.116635  0.060948  0.116635
0.0958093 0.0809041 0.0910149 0.0982098 0.0893682  0.105731  0.094917 0.0936204 0.0883923 0.0852851  0.106037 0.0914022 0.0806206  0.072559 0.0839089 0.0971725 0.0943584 0.0809468 0.0711696  0.077523 0.0942468 0.0913526 0.0946843 0.0793182 0.0939037 0.0962005 0.0982984 0.0788225 0.0790934 0.0998489 0.0882139         0 0.0842522 0.0803907 0.0987813 0.0762462  0.083876 0.0717856  0.095439  0.101646 0.0899691 0.0916112 0.0845004 0.0729611 0.0836913 0.0877073  0.086161 0.0876719 0.0942786  0.128375  0.136784  0.134908  0.131912  0.137703   0.13429  0.119339   0.12993  0.116519  0.113745  0.144766  0.124909  0.141542  0.135674  0.136386  0.138086  0.139046  0.141875  0.135476  0.139407  0.138581  0.131598  0.121812  0.145473  0.120213  0.130928  0.129219  0.125249  0.122188  0.132301  0.124056  0.130063  0.131167  0.123812   0.13071  0.125791  0.142572  0.138698  0.134146  0.132781  0.136505  0.123147  0.132357    0.1388  0.137189  0.130537  0.128314  0.127782  0.127989 0.0656285  0.104356 0.0656285  0.104356
 0.088996 0.0847665 0.0948815 0.0950175  0.103868  0.115806 0.0997648  0.098452  0.104463 0.0893163 0.0973559 0.0931897 0.0881753 0.0817112 0.0929013 0.0965119   0.10716 0.0859996 0.0855387 0.0860063  0.091415 0.0911441  0.106505 0.0930393 0.0978016  0.103246 0.0986321 0.0872944 0.0883641 0.0965921 0.0996708 0.0842522         0 0.0852425  0.106813 0.0909484 0.0943384 0.0956672   0.10266  0.104713  0.095145 0.0934567 0.0973512 0.0906161 0.0978843 0.0978049  0.103291 0.0963781   0.10281   0.13433  0.140912  0.140781  0.140376  0.149286  0.150797  0.139362  0.145823  0.134862  0.134581  0.151489  0.142879  0.149701  0.152712  0.142526  0.146794  0.147219  0.147575  0.142945  0.143487  0.153082  0.143634  0.141175  0.147998  0.144934  0.138845  0.148097  0.145383  0.141367  0.151632  0.145843  0.139487  0.145991  0.143532  0.143112  0.144374  0.151775  0.159051   0.14751  0.143641  0.147357  0.139109  0.136827   0.15353  0.152595  0.148197  0.148281  0.142077  0.142835  0.075481  0.120586  0.075481  0.120586
0.0910492 0.0811288  0.100987 0.0985375 0.0952298  0.105165 0.0890696 0.0875282 0.0932232 0.0765234  0.100493 0.0730145  0.079119 0.0944039 0.0908011 0.0870392 0.0901222 0.0801446 0.0877578 0.0847189 0.0901585 0.0821219 0.0974542 0.0936117 0.0824682 0.0944256 0.0939492 0.0891236 0.0731081 0.0964273 0.0933403 0.0803907 0.0852425         0 0.0965413 0.0871267 0.0704063 0.0821034 0.0971923  0.102656 0.0905721  0.092205 0.0868616 0.0802622 0.0822635 0.0910045 0.0813536 0.0900121 0.0960925  0.141887  0.148355  0.144598  0.147168   0.14007  0.142405  0.132228  0.138541  0.128336  0.134677  0.149543  0.136071  0.151389  0.147117  0.146147  0.141247  0.146885  0.151388   0.14404  0.144694  0.147949  0.135612  0.131373  0.150179  0.138117  0.136845  0.145012  0.130342  0.141474  0.141106  0.137362  0.145983  0.137318  0.133387  0.142561  0.129566  0.152051  0.151995  0.142916  0.147118  0.146206  0.138307  0.144868   0.15118  0.145873  0.148621  0.145224  0.141053  0.142749   0.06789    0.1164   0.06789    0.1164
0.0916599 0.0959556 0.0918952 0.0849538 0.0994327 0.0902553 0.0992705 0.0871678 0.0824773 0.0965668 0.0973122 0.0930861 0.0983811 0.0982088 0.0768559 0.0808252  0.103621  0.102152 0.0874648  0.101634 0.0923072 0.0862626 0.0798877  0.082452 0.0846401 0.0960553 0.0985555 0.0985813 0.0894218  0.082835 0.0752152 0.0987813  0.106813 0.0965413         0  0.083879 0.0908385 0.0973641 0.0887378 0.0969867 0.0822278 0.0880387 0.0822055 0.0928055 0.0891164 0.0889572 0.0940557 0.0886352 0.0883106  0.130122  0.131637  0.125237  0.131248   0.14823  0.138279   0.14299  0.132675  0.123984  0.136702  0.127074  0.132719  0.143847  0.149035  0.120178  0.139012  0.129805  0.136031  0.124602  0.135857  0.147236  0.140817  0.142663  0.129882  0.136311  0.122511  0.140691  0.142025  0.137839  0.138375  0.133581  0.131399  0.135709  0.136123  0.139746  0.134131  0.143704  0.151751  0.146012  0.136269   0.14079  0.141981   0.13437  0.139663  0.150902   0.14057  0.137855  0.139073  0.136877 0.0682583  0.112034 0.0682583  0.112034
0.0926906 0.0840688 0.0864392 0.0858326 0.0878602 0.0986904  0.103002 0.0955437 0.0777857 0.0837969  0.104046 0.0883956 0.0750515 0.0792818  0.080081 0.0993531  0.100151 0.0838475 0.0699838 0.0938723 0.0866695 0.0856001 0.0875952 0.0742537 0.0888208 0.0987111  0.102232   0.08321  0.081703 0.0915115 0.0894695 0.0762462 0.0909484 0.0871267  0.083879         0  0.085286 0.0887814 0.0894114 0.0873917 0.0847834 0.0823633 0.0794104 0.0783653 0.0846933 0.0811802 0.0772438 0.0870819 0.0830511  0.112394  0.126314  0.125103  0.118836  0.130313  0.128069  0.117239  0.120347  0.112487  0.110278   0.13285   0.12011  0.127411  0.119232  0.124578  0.119287  0.129278  0.135993   0.12466  0.130037  0.129467  0.124746  0.119341   0.12621  0.119257  0.116504  0.119248   0.12403  0.110131  0.116007   0.11449  0.128184  0.121213  0.120536  0.118789  0.116688  0.127456  0.134817  0.126099  0.118612  0.127926  0.119874  0.127123  0.123608  0.134742  0.124932  0.124074   0.11929  0.114824 0.0594749 0.0915475 0.0594749 0.0915475
0.0982364  0.082554  0.098884 0.0960006 0.0989338  0.103382 0.0860643 0.0885703 0.0934558 0.0810515  0.102295 0.0722653 0.0909838 0.0958799 0.0863789 0.0866874 0.0793725 0.0808966 0.0832484 0.0882827 0.0961134 0.0875878 0.0865648  0.092321 0.0846933 0.0950673 0.0952544 0.0890549 0.0742689  0.097401 0.0888951  0.083876 0.0943384 0.0704063 0.0908385  0.085286         0 0.0744156 0.0938064   0.10217 0.0853074 0.0851739 0.0899698 0.0806917 0.0748173 0.0917659 0.0837495 0.0800103 0.0981143  0.143901  0.153813  0.148357   0.14854  0.144768   0.14508  0.139852  0.144529  0.133885  0.135397   0.14651  0.137257  0.150988  0.154079  0.148796  0.143257  0.155891   0.15346  0.149063  0.153547  0.150421  0.139316  0.134479  0.151431  0.145611  0.145477  0.145037   0.14372   0.14429  0.141313  0.140151  0.149791   0.14199  0.141483  0.142715  0.136747  0.150565  0.157181  0.149016  0.151429   0.14686  0.143766  0.147262  0.146357  0.151703  0.146089  0.139895   0.14273  0.144587 0.0662187  0.119669 0.0662187  0.119669
0.0994979 0.0828362 0.0960621 0.0958815 0.0968418  0.103494 0.0888433 0.0887311 0.0883654 0.0940673 0.0994253 0.0847581 0.0939555 0.0861033 0.0797157 0.0986331 0.0915067 0.0908626 0.0832795 0.0863497 0.0986324 0.0959021 0.0907223 0.0842807 0.0953791 0.0974379  0.102557 0.0861155 0.0800232  0.101384 0.0886985 0.0717856 0.0956672 0.0821034 0.0973641 0.0887814 0.0744156         0 0.0908311  0.105945 0.0880071 0.0875653 0.0856179 0.0877022 0.0809944 0.0957529  0.089607 0.0800438 0.0936448  0.135188  0.145473  0.141409  0.144255  0.141195  0.138361  0.132414  0.139991  0.122921  0.123353   0.14078  0.126872  0.144754  0.144358  0.144021  0.139399  0.146339  0.143371  0.146301  0.149776  0.147059   0.13351  0.129834     0.152  0.135023  0.137778  0.135979  0.133647  0.131928   0.13704  0.131746  0.143294  0.136546  0.130422  0.140325  0.130027  0.145843  0.147771  0.145275  0.137691  0.140731  0.134605  0.140213  0.143835  0.143596  0.134954  0.133189  0.141734   0.13454 0.0700283  0.111496 0.0700283  0.111496
0.0881447 0.0974284  0.086264 0.0908905 0.0829603 0.0991406 0.0874553 0.0888418 0.0922894 0.0964246 0.0875905  0.100257 0.0984485 0.0958721 0.0670035 0.0979975 0.0964883 0.0993354 0.0855373  0.103971 0.0887695  0.086641 0.0940752 0.0893666 0.0792092 0.0918582  0.098579 0.0887743 0.0937246 0.0910976 0.0899195  0.095439   0.10266 0.0971923 0.0887378 0.0894114 0.0938064 0.0908311         0 0.0777705 0.0753429 0.0735561  0.082049 0.0885442 0.0774733 0.0804507 0.0882128 0.0903059 0.0952281  0.123319  0.128804  0.128196   0.12653  0.154309  0.144116  0.142647  0.142664  0.125331  0.127805  0.133811   0.13614  0.147688  0.144144  0.129081  0.139582  0.137358  0.139092  0.131612  0.128501  0.145724  0.147112  0.143015  0.137601  0.138761  0.124568  0.142064  0.146598  0.135513  0.143939  0.138738   0.13845  0.134688  0.144842  0.140795  0.142052  0.146536  0.150764   0.14905  0.134604  0.137774  0.146431  0.136956  0.150424  0.160134  0.137257  0.142877  0.142914  0.131321 0.0683681  0.114473 0.0683681  0.114473
