Pi: 0.271149 0.215181 0.270548 0.243122
S: 0.0849275  0.242764  0.144994 0.0785309  0.331083  0.117701
