Pi: 0.223838 0.227416  0.16934 0.379407
S:   0.157776   0.206003  0.0489973  0.0102153   0.573984 0.00302511
