        0 0.0562467 0.0498652 0.0569334 0.0479052  0.044423 0.0558253 0.0429306 0.0517559  0.053475 0.0472753 0.0470031  0.049335 0.0411042 0.0576109 0.0470649 0.0470527 0.0579655  0.045657 0.0659533 0.0423681 0.0560144 0.0525665 0.0511755 0.0456196 0.0509452 0.0472308 0.0496806 0.0578678 0.0534543 0.0482432 0.0485559 0.0526837 0.0604973 0.0456309 0.0762315 0.0357555 0.0463164 0.0518402 0.0503903 0.0580471 0.0478529 0.0520816 0.0579349 0.0544023 0.0488436 0.0568716 0.0471405 0.0703655 0.0409484 0.0596623 0.0498925 0.0491181 0.0444949 0.0556679 0.0457391 0.0578853 0.0581504 0.0638169 0.0461012  0.062505 0.0554904  0.057477 0.0600831 0.0468629 0.0553042 0.0459598 0.0555556 0.0513348 0.0516687 0.0466528 0.0475318 0.0524745 0.0524155 0.0446565 0.0592763 0.0475648 0.0506291 0.0535135 0.0602202 0.0467106 0.0545362 0.0481039 0.0523572 0.0479594 0.0540172  0.052661   0.04789 0.0540438 0.0444444 0.0696936 0.0551243  0.049764 0.0498784 0.0452686 0.0480305 0.0458463 0.0537303 0.0567986 0.0337673
0.0562467         0 0.0583829 0.0626547 0.0543311 0.0631683 0.0578528 0.0637028 0.0515889  0.059028 0.0648605 0.0485904 0.0698238  0.056723 0.0586186 0.0537476 0.0549382 0.0626663 0.0625415 0.0744812 0.0579099 0.0497436 0.0619465 0.0473319 0.0617005 0.0584056 0.0522821 0.0607407 0.0570221  0.053801 0.0582293 0.0506307 0.0636329 0.0574569 0.0561725 0.0763542 0.0522992 0.0594219 0.0559593 0.0604128 0.0683968 0.0495665 0.0642979 0.0648512 0.0491187 0.0595587 0.0654213 0.0540121  0.072196 0.0508169 0.0553802 0.0522981  0.060765  0.046842 0.0625202 0.0636522 0.0568252 0.0629271 0.0659247 0.0639488 0.0687668 0.0577744  0.067907 0.0524715 0.0568515 0.0529803 0.0567558 0.0569796 0.0637411 0.0671833 0.0634785 0.0526544 0.0588733 0.0589774 0.0601438  0.062914 0.0522409 0.0589759 0.0566216 0.0673201 0.0512598 0.0652902 0.0591746 0.0632672 0.0548285 0.0607281 0.0695857 0.0521463 0.0587711 0.0610047 0.0554917 0.0620772 0.0637658 0.0639835 0.0592754 0.0583033 0.0662976  0.065019 0.0619832 0.0435271
0.0498652 0.0583829         0 0.0634263 0.0579568 0.0613953 0.0606829 0.0495095 0.0635053 0.0576665 0.0503059 0.0587994 0.0568646 0.0532402 0.0703087 0.0534333 0.0595854 0.0575491 0.0497892  0.075576 0.0583492 0.0552396 0.0654492 0.0509732 0.0450143 0.0450424 0.0533242  0.049996 0.0577896 0.0506774 0.0568708  0.054246 0.0545555 0.0642402 0.0569221 0.0742446 0.0544889 0.0643062 0.0608793 0.0652999 0.0619583 0.0584649 0.0590576 0.0605829  0.057222 0.0665294 0.0513676 0.0516684 0.0618673 0.0473275 0.0663661 0.0526879 0.0647784 0.0554979 0.0437538 0.0561283 0.0651071 0.0558185 0.0526313  0.051512  0.059383 0.0590712 0.0560897 0.0593607  0.063249 0.0590977 0.0533302 0.0553717 0.0641649 0.0504338 0.0611314 0.0538741 0.0595408  0.058938    0.0536 0.0542879 0.0559695 0.0557466 0.0733129  0.058942 0.0620852 0.0621657 0.0615827 0.0629725 0.0551571 0.0642774 0.0577977 0.0510126 0.0579519 0.0612211 0.0692084 0.0654359 0.0535479 0.0585104 0.0549575 0.0526849 0.0504385 0.0564305 0.0588351 0.0409732
0.0569334 0.0626547 0.0634263         0 0.0622324 0.0701693 0.0504911 0.0628551 0.0641021 0.0692242 0.0639166 0.0704659 0.0745556 0.0555885  0.056863 0.0605961 0.0555862 0.0609928  0.068988  0.074842 0.0604645  0.063588 0.0617478 0.0572359 0.0609253  0.055329 0.0602935 0.0668845 0.0652922 0.0655473 0.0538923 0.0545698 0.0666991 0.0628715 0.0670813 0.0858143 0.0550378 0.0647161 0.0680713 0.0584621 0.0660539 0.0555725 0.0678785 0.0629583 0.0534028 0.0553903 0.0694658 0.0572679 0.0718503  0.056024 0.0579627 0.0570643 0.0636564 0.0473398 0.0686814 0.0642109  0.061461 0.0632545 0.0737481 0.0662973 0.0666069 0.0608589 0.0548193 0.0484958 0.0603371  0.070105 0.0552191 0.0596576 0.0561398 0.0698354 0.0585816 0.0587241 0.0672802 0.0632602 0.0636673 0.0662006 0.0597553 0.0535332 0.0632757 0.0779685 0.0592643 0.0711997 0.0590363 0.0615633 0.0742354 0.0598178 0.0742769 0.0588118 0.0671556 0.0645819 0.0676547 0.0566926 0.0592268 0.0650599 0.0627366 0.0615121 0.0607773 0.0693058 0.0688657 0.0485343
0.0479052 0.0543311 0.0579568 0.0622324         0 0.0511197 0.0585417  0.061418 0.0495774 0.0501549 0.0526835 0.0514536  0.066642 0.0467455 0.0545514 0.0501284 0.0548355 0.0549546 0.0502106 0.0687714 0.0470446 0.0530306  0.059637  0.055645 0.0565714 0.0532522 0.0496214 0.0527467 0.0582422 0.0516951  0.054955 0.0502041 0.0610026 0.0672376 0.0524687 0.0752655 0.0467613  0.058577 0.0588331 0.0489075 0.0555606 0.0492871 0.0570212 0.0640282 0.0593429 0.0502189 0.0610202 0.0484449 0.0719861 0.0527893 0.0571899 0.0559286 0.0512117 0.0479375 0.0613504 0.0529201 0.0600261  0.059566 0.0666703 0.0600343 0.0580865 0.0594918 0.0621476 0.0580199 0.0546321 0.0592604  0.060203 0.0571904   0.05883 0.0686105 0.0642165 0.0531129 0.0637648 0.0598022 0.0516952 0.0606312 0.0510097 0.0556901 0.0664204 0.0591592 0.0431605 0.0550124 0.0537222 0.0621267 0.0520208 0.0528974   0.06078 0.0481048 0.0574615 0.0489567 0.0581654 0.0579097 0.0503356 0.0535744 0.0600507 0.0512307 0.0532923 0.0522753 0.0550939  0.038785
 0.044423 0.0631683 0.0613953 0.0701693 0.0511197         0 0.0592155 0.0575273 0.0503426 0.0616679 0.0526802 0.0479737 0.0651808 0.0497861  0.063169 0.0552119 0.0522492 0.0632534  0.053445 0.0766713 0.0535017 0.0599305 0.0583933 0.0552136 0.0594398 0.0620348 0.0502878 0.0609724 0.0568143 0.0603121 0.0647172 0.0465467 0.0624141 0.0560151  0.060268 0.0797535 0.0512713 0.0509692 0.0588141 0.0544137 0.0532981 0.0496145 0.0581065 0.0616609 0.0624234 0.0566767 0.0621105 0.0549294 0.0727627 0.0528331 0.0633722 0.0536938 0.0554226  0.055501 0.0635412 0.0551265 0.0576656 0.0715441 0.0732784 0.0595119 0.0591702   0.07427 0.0590488 0.0618203  0.058299 0.0589978 0.0562896 0.0617707 0.0614375 0.0627839  0.063151 0.0483507 0.0594228 0.0567923 0.0456743 0.0656601  0.054824 0.0530042 0.0630765 0.0580794 0.0413865  0.062987 0.0580238 0.0598614   0.05568 0.0626377  0.062892 0.0549394 0.0516744 0.0431631 0.0668367 0.0576922 0.0554684 0.0553962 0.0510056  0.055084 0.0575628 0.0548083 0.0593907  0.041872
0.0558253 0.0578528 0.0606829 0.0504911 0.0585417 0.0592155         0 0.0613359 0.0625976 0.0594824 0.0663849 0.0565257 0.0675605  0.052602 0.0575775 0.0528057 0.0523212 0.0561731 0.0619752 0.0668897 0.0572703 0.0592219 0.0558519 0.0549847 0.0615552 0.0581595 0.0575381 0.0535036 0.0574826 0.0639948 0.0581534 0.0476352 0.0619149 0.0541643 0.0605136 0.0752286 0.0510101 0.0528554 0.0550488 0.0582409 0.0613338 0.0499263 0.0593922 0.0625468 0.0533878 0.0563167 0.0620622  0.046863 0.0621259  0.056142 0.0488546 0.0493417 0.0588509 0.0446279 0.0646858 0.0616357 0.0546934 0.0563706 0.0660257 0.0607102 0.0581381 0.0545116 0.0476965 0.0438394 0.0551814 0.0666247 0.0538147 0.0552471 0.0583838 0.0640895 0.0634686 0.0494133 0.0636114 0.0589908 0.0545806 0.0632539 0.0550592 0.0498622 0.0602069 0.0669945 0.0550687 0.0627225 0.0489711 0.0634921 0.0675777 0.0647175 0.0642708 0.0593275 0.0548791 0.0508336  0.067635 0.0569645 0.0558879 0.0637625   0.06069 0.0538851  0.056383 0.0633623  0.056975 0.0414248
0.0429306 0.0637028 0.0495095 0.0628551  0.061418 0.0575273 0.0613359         0 0.0623167 0.0644578 0.0557912 0.0550806 0.0538632 0.0531687 0.0657335 0.0556225 0.0541099 0.0595404 0.0504957 0.0818784 0.0445813 0.0541716 0.0537999 0.0534084 0.0526754 0.0580439 0.0558823 0.0603133 0.0666223 0.0562962  0.055981 0.0586762 0.0576172 0.0616144 0.0603899 0.0822596 0.0402728 0.0553427 0.0577188 0.0599892  0.062367 0.0557069 0.0621412 0.0604731 0.0592058 0.0601314 0.0597408 0.0546709 0.0745991 0.0506905 0.0662536   0.05678 0.0584493 0.0553735 0.0587674 0.0627717 0.0631105 0.0612393 0.0636171 0.0500123 0.0659399 0.0626625 0.0562309 0.0610214 0.0570507 0.0627287  0.050995 0.0678164 0.0563594 0.0471266 0.0529513 0.0568765 0.0467556 0.0532347 0.0553643 0.0613097 0.0515681 0.0506194  0.059163 0.0663696 0.0580249 0.0670792 0.0551889 0.0519757 0.0588838 0.0656398 0.0603322  0.055443 0.0572779 0.0607603 0.0765029 0.0624405 0.0607087 0.0603392 0.0549911 0.0637123 0.0589149 0.0611544 0.0613929 0.0424561
0.0517559 0.0515889 0.0635053 0.0641021 0.0495774 0.0503426 0.0625976 0.0623167         0 0.0599256 0.0503193 0.0503893 0.0721855 0.0523109 0.0632125 0.0610726 0.0451409 0.0559971 0.0571443 0.0728813 0.0468764 0.0550094 0.0531843 0.0533532 0.0535428 0.0591718 0.0495455  0.063408 0.0591451 0.0632089 0.0681949 0.0544464 0.0540091 0.0592997 0.0623555 0.0755535 0.0545393 0.0506222 0.0555637 0.0526396 0.0604323 0.0465097 0.0597185 0.0563466 0.0630595 0.0530576 0.0566081 0.0594835 0.0729962  0.047485 0.0636308 0.0591985 0.0518241 0.0494811 0.0678998 0.0590105 0.0582799  0.062788 0.0745507 0.0609192 0.0587365 0.0660916 0.0680862  0.048112 0.0549673 0.0557852 0.0553622 0.0628143 0.0582253 0.0664625 0.0652528 0.0507807 0.0530875 0.0568911 0.0538967 0.0667364 0.0436894 0.0532523 0.0605775 0.0619798 0.0448621 0.0615741 0.0569335   0.05474 0.0572481 0.0509892 0.0699834 0.0539362 0.0585357   0.04965 0.0604505 0.0611518 0.0511191 0.0581075 0.0536094 0.0609993 0.0595148 0.0500994  0.061213 0.0402901
 0.053475  0.059028 0.0576665 0.0692242 0.0501549 0.0616679 0.0594824 0.0644578 0.0599256         0 0.0575127 0.0498909 0.0544186 0.0574862 0.0682616 0.0508229 0.0536916 0.0557549 0.0469357 0.0631231 0.0564722  0.055163 0.0595577 0.0582541 0.0545368   0.05568 0.0569613 0.0487625  0.052483 0.0556442 0.0548037 0.0527877 0.0554803 0.0597711 0.0441185 0.0656403 0.0512778 0.0640658 0.0618197 0.0675948 0.0617559  0.051932 0.0614018 0.0607399 0.0566698 0.0685406 0.0557416 0.0518271 0.0612649 0.0480989  0.052258 0.0627084 0.0623311 0.0508499 0.0514838 0.0549056 0.0638018 0.0586969 0.0633904 0.0573648  0.067921  0.053068 0.0631029 0.0654528  0.055249 0.0578407 0.0608926 0.0541346 0.0588672 0.0583337 0.0637683 0.0621725 0.0651947 0.0543065 0.0531408 0.0524235 0.0541956 0.0622103 0.0626007 0.0599804  0.059987   0.05735 0.0544581 0.0621882 0.0534626 0.0564111 0.0508735 0.0621054 0.0581677 0.0598354 0.0584791 0.0596186 0.0551029 0.0632672 0.0594805 0.0525826  0.049778 0.0495829 0.0499911 0.0406537
0.0472753 0.0648605 0.0503059 0.0639166 0.0526835 0.0526802 0.0663849 0.0557912 0.0503193 0.0575127         0 0.0604067 0.0614021 0.0454916  0.066529 0.0598683 0.0480442   0.06005 0.0416957 0.0694073 0.0557679 0.0538662 0.0563813 0.0550038 0.0431657 0.0524607 0.0555172 0.0519994 0.0606817 0.0532176 0.0607694 0.0531816 0.0533523 0.0668456 0.0538064 0.0811595  0.056371 0.0517042 0.0538611 0.0574656 0.0607522 0.0541956 0.0513512 0.0574272 0.0561064 0.0544598 0.0535879 0.0542668 0.0685353 0.0419064 0.0640578 0.0572829  0.057951 0.0510079 0.0573636 0.0474609 0.0644653 0.0551161 0.0664078 0.0512235 0.0582346 0.0670113  0.056213 0.0580891 0.0579454  0.058164 0.0507385 0.0624095 0.0604045 0.0564236 0.0601701 0.0548294 0.0545192 0.0585936 0.0567937 0.0513903 0.0483021 0.0554546 0.0597907 0.0584223 0.0490688 0.0619024 0.0525124 0.0587633  0.056236 0.0497111 0.0595073 0.0518862 0.0563703 0.0522048 0.0639068 0.0583508 0.0457681 0.0570708 0.0530496  0.060046 0.0543152 0.0485977 0.0599048 0.0388648
0.0470031 0.0485904 0.0587994 0.0704659 0.0514536 0.0479737 0.0565257 0.0550806 0.0503893 0.0498909 0.0604067         0 0.0601473 0.0578578 0.0660902 0.0512408 0.0515984 0.0544109 0.0506368 0.0733006 0.0518589  0.047699  0.060084 0.0497702 0.0586825 0.0627274 0.0510754 0.0588585 0.0520563 0.0533859 0.0633974 0.0459969 0.0495347 0.0563508 0.0489036 0.0707825 0.0493386 0.0567264 0.0564729 0.0596863 0.0543446 0.0424107 0.0635555 0.0583352 0.0550242 0.0622667 0.0590928 0.0469132 0.0712946 0.0516272 0.0577907 0.0581021 0.0525234 0.0508092 0.0569747 0.0575441 0.0524196 0.0607696 0.0682827 0.0612262 0.0696824 0.0583191 0.0626744 0.0635591 0.0574578  0.042789 0.0587241  0.059806 0.0558639 0.0580768 0.0694408 0.0488459 0.0510278 0.0535276 0.0512107 0.0606918    0.0502 0.0552239  0.057306  0.056849 0.0488096 0.0577056 0.0555957 0.0595752    0.0567 0.0583367 0.0631466 0.0575989 0.0563413 0.0512916 0.0623829 0.0611101 0.0551541 0.0579171 0.0546804 0.0511455 0.0586974 0.0560955 0.0494217 0.0393419
 0.049335 0.0698238 0.0568646 0.0745556  0.066642 0.0651808 0.0675605 0.0538632 0.0721855 0.0544186 0.0614021 0.0601473         0 0.0594522 0.0679811 0.0598734 0.0635449 0.0683181 0.0548332 0.0717701 0.0579035 0.0652635 0.0634511 0.0596063 0.0615663 0.0595492 0.0604018 0.0528749 0.0555957 0.0540607 0.0532825 0.0621109 0.0638444 0.0603993 0.0554995  0.066458 0.0492314 0.0635214 0.0660785  0.078434 0.0718304 0.0619543 0.0599685 0.0588138 0.0698531 0.0690951 0.0581086 0.0614748 0.0688462 0.0564908 0.0629698  0.059255 0.0664187 0.0588011  0.054323 0.0667412  0.071553 0.0681509 0.0548259 0.0533673 0.0746937 0.0574421 0.0614482 0.0711232 0.0631874 0.0665729 0.0574492  0.054154 0.0667148 0.0499371 0.0626539 0.0576096 0.0655547 0.0623823 0.0569434 0.0549156 0.0614823 0.0595755 0.0661992  0.066647 0.0723905 0.0669764 0.0646772 0.0594568 0.0525004 0.0682073  0.048953 0.0745623 0.0626228 0.0659361 0.0748666 0.0624558 0.0650498 0.0692583 0.0638173 0.0586711  0.055182 0.0585545 0.0653919 0.0480061
0.0411042  0.056723 0.0532402 0.0555885 0.0467455 0.0497861  0.052602 0.0531687 0.0523109 0.0574862 0.0454916 0.0578578 0.0594522         0 0.0559447 0.0513555 0.0540522 0.0559337 0.0492465 0.0675111 0.0489004 0.0576569 0.0532499 0.0555428 0.0465458 0.0534632 0.0548547 0.0473085 0.0624397  0.053021 0.0494294 0.0496065 0.0626062 0.0619744 0.0530958 0.0801334 0.0410853 0.0423342  0.052243 0.0462914  0.057654 0.0457036 0.0461501 0.0567321 0.0551018 0.0432549 0.0552234 0.0510815 0.0672639 0.0465365   0.05683 0.0457091 0.0430512 0.0472851 0.0601041 0.0461786 0.0554367  0.054795  0.059297 0.0547755 0.0465907 0.0603695 0.0486644 0.0474498 0.0433499  0.057732 0.0504916 0.0548753 0.0503526 0.0633758  0.055051 0.0462877 0.0611449 0.0489056 0.0490785 0.0621906 0.0527533 0.0514699 0.0587485 0.0535065 0.0428876 0.0538637 0.0488264  0.058262 0.0545178 0.0480155 0.0564971 0.0519364 0.0476447 0.0431661 0.0653737 0.0534286 0.0482053  0.056268 0.0501532 0.0534933 0.0430789 0.0518851 0.0612002 0.0342422
0.0576109 0.0586186 0.0703087  0.056863 0.0545514  0.063169 0.0575775 0.0657335 0.0632125 0.0682616  0.066529 0.0660902 0.0679811 0.0559447         0 0.0596033 0.0605046 0.0672102 0.0624488 0.0746878 0.0552498 0.0675721 0.0646805 0.0557356   0.06471 0.0592287 0.0625076 0.0674457 0.0690591 0.0612234  0.061131 0.0534668 0.0702408 0.0670202 0.0696114 0.0852277  0.051697 0.0614884 0.0598112 0.0592242 0.0717949 0.0616086 0.0605254  0.055306 0.0573217 0.0475746 0.0690206 0.0572966 0.0781813 0.0563764 0.0590105 0.0559981 0.0555395 0.0439901 0.0708214 0.0633033 0.0615055 0.0624036 0.0680565 0.0608258 0.0644403 0.0704302 0.0601254 0.0604134  0.059341 0.0713283 0.0602438 0.0563529 0.0589484 0.0713337 0.0681893 0.0539711 0.0693495 0.0740388 0.0601425 0.0697347  0.055657 0.0539653 0.0657769 0.0791479 0.0524068 0.0724301 0.0564994 0.0637613 0.0626777 0.0625361 0.0726709 0.0632738 0.0578204 0.0643587 0.0688026 0.0483726 0.0649249 0.0621371 0.0683874 0.0567454  0.063795 0.0708452 0.0634609  0.049115
0.0470649 0.0537476 0.0534333 0.0605961 0.0501284 0.0552119 0.0528057 0.0556225 0.0610726 0.0508229 0.0598683 0.0512408 0.0598734 0.0513555 0.0596033         0 0.0494406 0.0445128 0.0492387 0.0548633 0.0535284 0.0472372  0.061346 0.0545082 0.0560383 0.0524762  0.045537 0.0496694 0.0494724 0.0445365 0.0516173 0.0483131 0.0520472 0.0551307 0.0484249 0.0647676 0.0468136 0.0602391  0.053856 0.0585604 0.0554869 0.0480612 0.0623078 0.0529896 0.0493034   0.05452 0.0533986 0.0422477 0.0520959 0.0495047 0.0459469 0.0513172 0.0487562 0.0409245 0.0451172 0.0529684 0.0550947 0.0577884  0.051158 0.0553591 0.0635441 0.0477067 0.0574067 0.0608713 0.0535168 0.0500452 0.0478815 0.0512453 0.0544178 0.0538241 0.0589428  0.047071   0.05433 0.0506453 0.0446351   0.04679 0.0531124 0.0522752 0.0573611 0.0525611  0.053496 0.0576822  0.042272 0.0546389  0.050313 0.0573953 0.0506307 0.0578589 0.0521244 0.0556735 0.0595442 0.0492738  0.051003  0.053973 0.0449442 0.0467626 0.0550716 0.0492814 0.0418498  0.032928
0.0470527 0.0549382 0.0595854 0.0555862 0.0548355 0.0522492 0.0523212 0.0541099 0.0451409 0.0536916 0.0480442 0.0515984 0.0635449 0.0540522 0.0605046 0.0494406         0 0.0478589 0.0476898 0.0602636 0.0476588  0.055497 0.0557217  0.048741 0.0510998 0.0517385 0.0479866 0.0582449 0.0547458 0.0501961 0.0639126 0.0507373 0.0465835 0.0510476 0.0558761 0.0734919 0.0493793 0.0447226 0.0508874 0.0531411 0.0541357 0.0416794 0.0601267 0.0481527  0.049759 0.0529053 0.0491099 0.0434194 0.0634493 0.0460461   0.05564 0.0561735 0.0525961 0.0410383 0.0577886 0.0498309 0.0549071 0.0491293 0.0696822 0.0535334 0.0603374 0.0614405 0.0566549 0.0498163 0.0495089 0.0523643 0.0446379 0.0585002 0.0571598   0.05312  0.057918 0.0465235 0.0418128 0.0517647 0.0517023 0.0523705 0.0422404 0.0445415 0.0460121 0.0617482 0.0469927 0.0586499 0.0425427 0.0455456 0.0591099 0.0523518 0.0603005 0.0541666 0.0553322 0.0529765 0.0637877 0.0567356 0.0458235 0.0585673 0.0511195 0.0557611 0.0555898 0.0480628  0.052053 0.0334306
0.0579655 0.0626663 0.0575491 0.0609928 0.0549546 0.0632534 0.0561731 0.0595404 0.0559971 0.0557549   0.06005 0.0544109 0.0683181 0.0559337 0.0672102 0.0445128 0.0478589         0  0.052515 0.0584158 0.0557113 0.0548059 0.0606972 0.0571868  0.052285 0.0586168 0.0527028 0.0544608 0.0518151 0.0522991  0.064187 0.0581485 0.0520666 0.0583976 0.0545565 0.0645042 0.0558851 0.0602448 0.0603953 0.0581666 0.0533662 0.0433619 0.0656852 0.0479883 0.0529767 0.0555663 0.0525697 0.0488492 0.0536534 0.0499654 0.0510261 0.0597023 0.0487512 0.0513016 0.0514368 0.0589432 0.0498241  0.052811 0.0614573 0.0628552 0.0591806 0.0615773 0.0555351 0.0569073 0.0635198 0.0519834 0.0576906 0.0578421 0.0552062  0.058625 0.0693924 0.0485635 0.0536795 0.0495201 0.0540217 0.0563551 0.0529975  0.053756  0.060762 0.0512425 0.0557543    0.0549 0.0460082 0.0488514 0.0600192 0.0553208 0.0622701 0.0592192 0.0573269 0.0606144 0.0657855 0.0522589 0.0507647 0.0582034 0.0509598  0.051104   0.05276 0.0492656  0.052885  0.037117
 0.045657 0.0625415 0.0497892  0.068988 0.0502106  0.053445 0.0619752 0.0504957 0.0571443 0.0469357 0.0416957 0.0506368 0.0548332 0.0492465 0.0624488 0.0492387 0.0476898  0.052515         0 0.0630613 0.0493285 0.0585318 0.0561421 0.0538641 0.0520126 0.0546573 0.0487501 0.0467386 0.0573032 0.0506749 0.0578175 0.0548465 0.0502399 0.0622281 0.0461253 0.0712487 0.0495396 0.0547324  0.051123 0.0619849 0.0557441 0.0514862 0.0535039 0.0467034 0.0570998 0.0583347 0.0467152 0.0476741 0.0580712 0.0451801  0.062892 0.0550076 0.0552175 0.0501651 0.0465061 0.0430013  0.066694 0.0510979 0.0583503 0.0536426 0.0619215 0.0600306 0.0510445 0.0631481 0.0572104 0.0508647 0.0498804 0.0579076 0.0570597 0.0518397   0.06077 0.0533965 0.0550443 0.0547099 0.0427254 0.0524702 0.0422468 0.0577595 0.0599121 0.0565095 0.0470214 0.0452206 0.0472978 0.0581263 0.0500812 0.0558229 0.0487068 0.0535857 0.0462361 0.0540504 0.0686563 0.0511318 0.0467151 0.0520229   0.04687 0.0555558 0.0497366 0.0527536 0.0505189 0.0345311
0.0659533 0.0744812  0.075576  0.074842 0.0687714 0.0766713 0.0668897 0.0818784 0.0728813 0.0631231 0.0694073 0.0733006 0.0717701 0.0675111 0.0746878 0.0548633 0.0602636 0.0584158 0.0630613         0 0.0716345 0.0726153 0.0739289 0.0710274 0.0756764 0.0720291 0.0576236 0.0621836 0.0633294 0.0642843 0.0677691 0.0701158 0.0662559 0.0696395 0.0640813 0.0729229 0.0671433 0.0684054 0.0624881  0.076844 0.0765418 0.0625662 0.0705084 0.0622196 0.0676321 0.0658379 0.0654187 0.0639617 0.0615146 0.0633956 0.0645529 0.0708408 0.0678622 0.0505823 0.0655683 0.0617493 0.0705548 0.0686871 0.0733695 0.0764106 0.0790911 0.0641028 0.0688391  0.073212 0.0683226 0.0717593 0.0621448 0.0703633 0.0717258 0.0769662 0.0748056 0.0600234 0.0723324 0.0700803 0.0621614 0.0625124 0.0634846 0.0660464 0.0666609 0.0730596 0.0666848 0.0685923 0.0530503 0.0683173 0.0698081 0.0722337 0.0651209 0.0838576 0.0674711 0.0662952 0.0697621 0.0583277 0.0586284 0.0768906 0.0601037 0.0666863 0.0718443 0.0631601 0.0625317 0.0547871
0.0423681 0.0579099 0.0583492 0.0604645 0.0470446 0.0535017 0.0572703 0.0445813 0.0468764 0.0564722 0.0557679 0.0518589 0.0579035 0.0489004 0.0552498 0.0535284 0.0476588 0.0557113 0.0493285 0.0716345         0 0.0561074 0.0503471 0.0506067 0.0544416 0.0517463 0.0528762 0.0548687 0.0591427 0.0562439 0.0578776 0.0492656 0.0590978 0.0564262 0.0604697  0.073905 0.0417514 0.0503552 0.0580947 0.0479679 0.0631769 0.0460047 0.0584729  0.055538 0.0617211 0.0479684 0.0553429 0.0524677 0.0728991    0.0513 0.0583844 0.0507637 0.0496021 0.0479504 0.0604652 0.0540551 0.0603569 0.0551109 0.0635573 0.0510638 0.0573522 0.0599373 0.0585829 0.0510673 0.0511984 0.0571672 0.0531001 0.0574254 0.0536607 0.0551756 0.0548766 0.0533336 0.0499874 0.0470114 0.0495839 0.0640311 0.0470851 0.0477094 0.0551346 0.0644849   0.04873  0.056651 0.0502241 0.0550229  0.050871 0.0537824 0.0626092 0.0522191 0.0548405 0.0538903 0.0634795 0.0588661 0.0520003 0.0503368 0.0525471 0.0593829 0.0530844 0.0571353 0.0545182 0.0364189
0.0560144 0.0497436 0.0552396  0.063588 0.0530306 0.0599305 0.0592219 0.0541716 0.0550094  0.055163 0.0538662  0.047699 0.0652635 0.0576569 0.0675721 0.0472372  0.055497 0.0548059 0.0585318 0.0726153 0.0561074         0 0.0543194 0.0485341 0.0555649  0.055731 0.0515065 0.0558933 0.0485158 0.0492932 0.0518734 0.0472156 0.0530538 0.0630817 0.0524373 0.0696457 0.0506654 0.0668548 0.0600507 0.0599631 0.0678552 0.0526947 0.0674021 0.0616441 0.0486383 0.0605658 0.0636497 0.0498526 0.0662924 0.0494395 0.0488242 0.0548804 0.0604936 0.0486756 0.0528115  0.067275 0.0577974 0.0612885 0.0569739 0.0538886 0.0710438  0.056548  0.064181 0.0566942 0.0628353 0.0562111 0.0568037  0.060211   0.05157  0.056823 0.0615569 0.0545454  0.055885 0.0528695 0.0583874 0.0542917 0.0557289 0.0497236 0.0606746 0.0630255 0.0548867 0.0728347 0.0553958 0.0605516 0.0535315 0.0539054 0.0650762 0.0572078  0.062243 0.0607689 0.0523884 0.0596057 0.0603379 0.0640055 0.0591579 0.0561026 0.0646368 0.0542936 0.0513905 0.0400935
0.0525665 0.0619465 0.0654492 0.0617478  0.059637 0.0583933 0.0558519 0.0537999 0.0531843 0.0595577 0.0563813  0.060084 0.0634511 0.0532499 0.0646805  0.061346 0.0557217 0.0606972 0.0561421 0.0739289 0.0503471 0.0543194         0 0.0523965 0.0591484 0.0641913 0.0545687 0.0634764 0.0590467 0.0662196 0.0553465 0.0566633 0.0606174 0.0611813  0.062689 0.0724657 0.0482694 0.0565104 0.0654791 0.0548922 0.0610238  0.056455 0.0675704 0.0627753 0.0609868  0.064954 0.0699391 0.0593111 0.0677181 0.0548694 0.0581889 0.0617403 0.0633264 0.0550107 0.0647387 0.0686373 0.0706046 0.0645016 0.0703652 0.0589426 0.0729104 0.0660316 0.0609916 0.0540219 0.0560402 0.0659482 0.0570553 0.0654494 0.0559143 0.0540088 0.0597362 0.0600257 0.0598235 0.0611472 0.0622313 0.0663405 0.0512172 0.0554218 0.0558033 0.0639707  0.051609 0.0646533 0.0575201 0.0546766 0.0560226 0.0606563 0.0668722 0.0606562 0.0559212 0.0616938 0.0619447 0.0618052 0.0655549 0.0676136 0.0591248 0.0637423 0.0586803 0.0590841 0.0641933 0.0445395
0.0511755 0.0473319 0.0509732 0.0572359  0.055645 0.0552136 0.0549847 0.0534084 0.0533532 0.0582541 0.0550038 0.0497702 0.0596063 0.0555428 0.0557356 0.0545082  0.048741 0.0571868 0.0538641 0.0710274 0.0506067 0.0485341 0.0523965         0 0.0585017 0.0539659 0.0428226 0.0639089  0.051962 0.0557323 0.0513769 0.0470576 0.0564453 0.0501393 0.0608078  0.065374 0.0503901 0.0606378   0.05939 0.0564137   0.06042 0.0488391 0.0665616 0.0559154 0.0462854   0.06328 0.0585073 0.0539572 0.0637945 0.0422682 0.0560184 0.0535608 0.0592598  0.047969  0.050124 0.0650138 0.0522031 0.0581542   0.06267 0.0467832 0.0633983 0.0630619 0.0585979 0.0511166 0.0583456 0.0594879 0.0526231  0.057109  0.061787 0.0531774 0.0545155 0.0474589 0.0562885 0.0594614  0.060888  0.053669 0.0515078 0.0417597 0.0532731 0.0668056 0.0471962 0.0613184 0.0575313 0.0536542 0.0522259 0.0630176  0.065818  0.051205   0.05253 0.0564964 0.0516071 0.0550305 0.0585117 0.0605034 0.0560913 0.0521231 0.0603997 0.0602673  0.055366 0.0380888
0.0456196 0.0617005 0.0450143 0.0609253 0.0565714 0.0594398 0.0615552 0.0526754 0.0535428 0.0545368 0.0431657 0.0586825 0.0615663 0.0465458   0.06471 0.0560383 0.0510998  0.052285 0.0520126 0.0756764 0.0544416 0.0555649 0.0591484 0.0585017         0 0.0457939 0.0612898  0.051131 0.0597793 0.0567535 0.0601653 0.0541501 0.0504672 0.0655121 0.0551417 0.0775908 0.0521992 0.0539969 0.0622283 0.0575717 0.0648529 0.0518139 0.0562911 0.0591127 0.0578823 0.0586219 0.0559683 0.0547812 0.0710065 0.0428416 0.0584259 0.0564535 0.0500926  0.055505 0.0582123 0.0552845 0.0570866 0.0534774 0.0588424 0.0529105 0.0567306 0.0648397 0.0607729 0.0566469 0.0542987 0.0609699 0.0571416 0.0534285 0.0517513 0.0517832 0.0551497 0.0505416 0.0563286 0.0581917 0.0568074 0.0594195 0.0485162 0.0550259 0.0669039 0.0508338 0.0581003 0.0644439 0.0512781 0.0485658 0.0540058 0.0476241 0.0628655 0.0528006 0.0633923  0.061878   0.07161 0.0636033 0.0595513 0.0590636 0.0556894 0.0562231 0.0456289 0.0496675 0.0625983 0.0387854
0.0509452 0.0584056 0.0450424  0.055329 0.0532522 0.0620348 0.0581595 0.0580439 0.0591718   0.05568 0.0524607 0.0627274 0.0595492 0.0534632 0.0592287 0.0524762 0.0517385 0.0586168 0.0546573 0.0720291 0.0517463  0.055731 0.0641913 0.0539659 0.0457939         0 0.0565189 0.0550876  0.058491 0.0460271 0.0571395 0.0489667 0.0559242 0.0611178 0.0639381 0.0707698 0.0542249 0.0601527 0.0644674 0.0624329 0.0717117  0.053691 0.0666265 0.0551078 0.0556052 0.0600436 0.0528101 0.0506257 0.0637003 0.0507239 0.0541865 0.0541685 0.0597874 0.0515108 0.0500625 0.0543134 0.0622351 0.0534585 0.0533399 0.0513183 0.0585828 0.0584876 0.0582914 0.0596126  0.058366 0.0591169 0.0476956  0.047801 0.0586469 0.0522529 0.0617371 0.0558582 0.0579922 0.0567308 0.0556379 0.0544327 0.0503109  0.054222 0.0693998 0.0606574 0.0606939 0.0690349 0.0577301 0.0620429 0.0528063 0.0531396 0.0580756 0.0515448 0.0594977 0.0647665 0.0642675 0.0601204 0.0534242 0.0528386 0.0588759 0.0525435 0.0509102 0.0547991 0.0553613 0.0394311
0.0472308 0.0522821 0.0533242 0.0602935 0.0496214 0.0502878 0.0575381 0.0558823 0.0495455 0.0569613 0.0555172 0.0510754 0.0604018 0.0548547 0.0625076  0.045537 0.0479866 0.0527028 0.0487501 0.0576236 0.0528762 0.0515065 0.0545687 0.0428226 0.0612898 0.0565189         0 0.0600211  0.047886 0.0531865 0.0519419 0.0562568 0.0509879  0.055685 0.0527758  0.063892 0.0459706 0.0615855 0.0582239 0.0610436  0.054943 0.0487821 0.0626391 0.0527843  0.051235  0.059108  0.052811 0.0518318 0.0551593 0.0469464  0.063097 0.0525048 0.0587467 0.0446548 0.0514088 0.0610767 0.0614153 0.0667588 0.0635616 0.0580453 0.0675157 0.0583571 0.0613078 0.0590791 0.0590547 0.0588922 0.0450709 0.0570448 0.0636193 0.0585059 0.0570972 0.0488543  0.051823 0.0588862 0.0503471 0.0527544 0.0452112 0.0503402 0.0589777  0.062273 0.0446902 0.0569295 0.0557784  0.054531 0.0498506 0.0657587 0.0571935 0.0566884 0.0485127 0.0543067 0.0563015 0.0498852 0.0525424 0.0586767 0.0428612  0.054862 0.0596625 0.0528613 0.0560245 0.0370767
0.0496806 0.0607407  0.049996 0.0668845 0.0527467 0.0609724 0.0535036 0.0603133  0.063408 0.0487625 0.0519994 0.0588585 0.0528749 0.0473085 0.0674457 0.0496694 0.0582449 0.0544608 0.0467386 0.0621836 0.0548687 0.0558933 0.0634764 0.0639089  0.051131 0.0550876 0.0600211         0 0.0540836 0.0561933 0.0507448  0.048775  0.058501  0.062607 0.0415912 0.0717943 0.0512314 0.0571277 0.0526551 0.0657351 0.0654418  0.053981 0.0524077  0.058183  0.061984 0.0518455 0.0478854 0.0482333 0.0604174 0.0453216 0.0547433 0.0473085 0.0608216 0.0503493 0.0516406 0.0473422 0.0642674 0.0554928 0.0543628  0.057306   0.05761 0.0512744 0.0571284 0.0542613 0.0551091 0.0620651 0.0518825 0.0550552 0.0576348 0.0629742 0.0599963 0.0521023 0.0662025 0.0522344 0.0463649 0.0586951 0.0578111 0.0563904 0.0695438 0.0577544 0.0618613 0.0513695 0.0468077 0.0613419 0.0569725 0.0576365 0.0526675 0.0619488 0.0570996 0.0534088 0.0732189 0.0562361 0.0536254 0.0591622 0.0504761 0.0531779 0.0421889 0.0525898 0.0586053 0.0384438
0.0578678 0.0570221 0.0577896 0.0652922 0.0582422 0.0568143 0.0574826 0.0666223 0.0591451  0.052483 0.0606817 0.0520563 0.0555957 0.0624397 0.0690591 0.0494724 0.0547458 0.0518151 0.0573032 0.0633294 0.0591427 0.0485158 0.0590467  0.051962 0.0597793  0.058491  0.047886 0.0540836         0 0.0549706 0.0545819 0.0568814 0.0582552  0.055028  0.054933   0.05649 0.0574542 0.0676117 0.0662571 0.0704221 0.0661212 0.0527187 0.0655169 0.0581231 0.0626246 0.0668744 0.0614086 0.0540155 0.0597123 0.0535157 0.0504562 0.0582967 0.0622872 0.0509647 0.0496173 0.0662646 0.0638049 0.0667797 0.0536715 0.0654195  0.073715 0.0576093 0.0610066 0.0608277 0.0686703 0.0600446 0.0604513 0.0446158  0.059962 0.0584275 0.0644099 0.0492803 0.0647406 0.0556807 0.0520328 0.0548921  0.057072 0.0562035 0.0655037 0.0569851 0.0599876 0.0635302 0.0569936 0.0549891 0.0514128 0.0628603 0.0610083 0.0683238 0.0629119 0.0586502 0.0557175 0.0589824 0.0597895 0.0668905 0.0543302 0.0556539   0.06138 0.0583867  0.059452 0.0420597
0.0534543  0.053801 0.0506774 0.0655473 0.0516951 0.0603121 0.0639948 0.0562962 0.0632089 0.0556442 0.0532176 0.0533859 0.0540607  0.053021 0.0612234 0.0445365 0.0501961 0.0522991 0.0506749 0.0642843 0.0562439 0.0492932 0.0662196 0.0557323 0.0567535 0.0460271 0.0531865 0.0561933 0.0549706         0 0.0574267 0.0511597 0.0550976 0.0621323 0.0556553 0.0728374 0.0516342 0.0618131 0.0566293 0.0601084 0.0667278 0.0504618 0.0584529 0.0522667 0.0525256 0.0589764 0.0563204 0.0450108  0.057845 0.0558699 0.0503269 0.0537684 0.0566025 0.0477287 0.0478867 0.0543462 0.0596665 0.0589153 0.0529163 0.0548752 0.0673021 0.0590901 0.0578682 0.0666517 0.0620884 0.0496535 0.0529175 0.0553255 0.0601117 0.0534449 0.0662252 0.0488647 0.0540308 0.0563266  0.054424 0.0492998 0.0536197 0.0562976  0.059841 0.0571719 0.0553158 0.0680082 0.0571027 0.0643714 0.0483938 0.0545783 0.0540527 0.0580294 0.0588359 0.0617662 0.0588976 0.0573527 0.0521575 0.0591533 0.0605574 0.0531734 0.0589513 0.0532318 0.0516983  0.038759
0.0482432 0.0582293 0.0568708 0.0538923  0.054955 0.0647172 0.0581534  0.055981 0.0681949 0.0548037 0.0607694 0.0633974 0.0532825 0.0494294  0.061131 0.0516173 0.0639126  0.064187 0.0578175 0.0677691 0.0578776 0.0518734 0.0553465 0.0513769 0.0601653 0.0571395 0.0519419 0.0507448 0.0545819 0.0574267         0 0.0525883 0.0662336 0.0671235 0.0529303 0.0752852 0.0460563 0.0670859 0.0663335 0.0645233 0.0703668 0.0600353 0.0635025 0.0636943 0.0576157 0.0604188 0.0662356 0.0534003 0.0698697 0.0482249 0.0552828 0.0538049 0.0643361 0.0487169 0.0520063 0.0638584 0.0672114 0.0689019 0.0566517 0.0570169 0.0728953 0.0557962 0.0620256  0.059126 0.0580643 0.0699143 0.0540109 0.0573683 0.0543266  0.065177 0.0473456 0.0577331 0.0731306 0.0576915 0.0597221 0.0594432 0.0618212 0.0537331 0.0639223 0.0723891 0.0580057 0.0643858 0.0585669 0.0618875 0.0579342 0.0665843 0.0591961 0.0651575 0.0606943 0.0607468 0.0633433 0.0572431 0.0654648   0.06806 0.0570066 0.0580532 0.0569464 0.0623841 0.0666307 0.0448852
0.0485559 0.0506307  0.054246 0.0545698 0.0502041 0.0465467 0.0476352 0.0586762 0.0544464 0.0527877 0.0531816 0.0459969 0.0621109 0.0496065 0.0534668 0.0483131 0.0507373 0.0581485 0.0548465 0.0701158 0.0492656 0.0472156 0.0566633 0.0470576 0.0541501 0.0489667 0.0562568  0.048775 0.0568814 0.0511597 0.0525883         0 0.0572206 0.0513008 0.0546938   0.07295 0.0501187  0.053561 0.0540666  0.050785 0.0550787 0.0476687 0.0579631 0.0555951 0.0492224 0.0516656 0.0536011 0.0410687  0.065544 0.0472254 0.0479702 0.0446229 0.0561513   0.04326 0.0551788   0.04961 0.0540935 0.0585331 0.0642213 0.0475726 0.0539754 0.0580718 0.0519342 0.0471526 0.0466341 0.0510818 0.0505395  0.054198 0.0561316 0.0594913 0.0590864 0.0471783  0.060295 0.0503036 0.0512218 0.0573858  0.052126 0.0439428 0.0598219 0.0615602 0.0460113 0.0588402  0.053361 0.0633029 0.0574161  0.054927 0.0618129 0.0547652 0.0505906 0.0495745 0.0535047 0.0532155 0.0530544 0.0486956 0.0548912 0.0464481 0.0515328  0.053166 0.0485332 0.0347173
0.0526837 0.0636329 0.0545555 0.0666991 0.0610026 0.0624141 0.0619149 0.0576172 0.0540091 0.0554803 0.0533523 0.0495347 0.0638444 0.0626062 0.0702408 0.0520472 0.0465835 0.0520666 0.0502399 0.0662559 0.0590978 0.0530538 0.0606174 0.0564453 0.0504672 0.0559242 0.0509879  0.058501 0.0582552 0.0550976 0.0662336 0.0572206         0 0.0669919 0.0541612 0.0737335  0.053488 0.0632247 0.0609923 0.0669293 0.0639615  0.049137 0.0640363   0.04985 0.0559906 0.0642707 0.0486722 0.0506278  0.062809 0.0493046 0.0615002 0.0638713 0.0560701 0.0526842 0.0583927 0.0578885 0.0651651 0.0558699 0.0676306 0.0567089 0.0686494 0.0585614 0.0627407 0.0654892 0.0629505 0.0558152 0.0494868 0.0623681  0.052773 0.0486668 0.0676264 0.0517768 0.0515748 0.0658703 0.0543031 0.0527697 0.0506602 0.0544707 0.0650836 0.0623793 0.0596637 0.0639013 0.0519033  0.054304 0.0590997 0.0598067 0.0608848 0.0625989 0.0615785 0.0642623 0.0727199 0.0578943 0.0547874 0.0550331 0.0497811 0.0564059  0.055697 0.0445664 0.0557864  0.041179
0.0604973 0.0574569 0.0642402 0.0628715 0.0672376 0.0560151 0.0541643 0.0616144 0.0592997 0.0597711 0.0668456 0.0563508 0.0603993 0.0619744 0.0670202 0.0551307 0.0510476 0.0583976 0.0622281 0.0696395 0.0564262 0.0630817 0.0611813 0.0501393 0.0655121 0.0611178  0.055685  0.062607  0.055028 0.0621323 0.0671235 0.0513008 0.0669919         0 0.0678468 0.0650127 0.0591524 0.0570218 0.0627833 0.0691577 0.0586659 0.0475866 0.0703304  0.061727 0.0634373 0.0651255  0.060561 0.0605268 0.0616519 0.0574869 0.0546149 0.0525986 0.0617769 0.0515961  0.057951 0.0666523 0.0527341 0.0656957 0.0693877 0.0606043 0.0623725 0.0603952 0.0588268 0.0521416 0.0567944 0.0582379  0.055075 0.0580513 0.0684193 0.0583434 0.0648377 0.0516877 0.0544722 0.0550424 0.0558492 0.0596852 0.0531637 0.0532021  0.057352 0.0586324 0.0575075 0.0640368 0.0569022 0.0563531 0.0607004  0.065963 0.0641792   0.06619 0.0601919 0.0617208 0.0607372 0.0561681 0.0584021 0.0677051 0.0596475  0.060989 0.0621996 0.0582268 0.0567839  0.043468
0.0456309 0.0561725 0.0569221 0.0670813 0.0524687  0.060268 0.0605136 0.0603899 0.0623555 0.0441185 0.0538064 0.0489036 0.0554995 0.0530958 0.0696114 0.0484249 0.0558761 0.0545565 0.0461253 0.0640813 0.0604697 0.0524373  0.062689 0.0608078 0.0551417 0.0639381 0.0527758 0.0415912  0.054933 0.0556553 0.0529303 0.0546938 0.0541612 0.0678468         0 0.0712465  0.050279 0.0623964  0.056934 0.0678606 0.0616404 0.0526023 0.0552206 0.0610576 0.0517704 0.0594384 0.0572873 0.0495781 0.0642575 0.0468147  0.057929 0.0581194  0.056347 0.0501886 0.0563179 0.0551837 0.0636075 0.0572013 0.0630375 0.0598777  0.071026 0.0523061 0.0617075 0.0659551 0.0601248 0.0551803 0.0561737 0.0563149 0.0556555 0.0594303 0.0626221 0.0558404 0.0634182   0.05593 0.0534835 0.0521787 0.0562824  0.064492 0.0598756  0.062433 0.0568493 0.0525816 0.0529782 0.0596583 0.0562901 0.0557936 0.0511135 0.0599458 0.0607187 0.0571653 0.0679033 0.0569786 0.0583028 0.0580125 0.0510482 0.0575035 0.0512772 0.0554638 0.0563726 0.0405251
0.0762315 0.0763542 0.0742446 0.0858143 0.0752655 0.0797535 0.0752286 0.0822596 0.0755535 0.0656403 0.0811595 0.0707825  0.066458 0.0801334 0.0852277 0.0647676 0.0734919 0.0645042 0.0712487 0.0729229  0.073905 0.0696457 0.0724657  0.065374 0.0775908 0.0707698  0.063892 0.0717943   0.05649 0.0728374 0.0752852   0.07295 0.0737335 0.0650127 0.0712465         0 0.0765757 0.0814681 0.0781953 0.0876802 0.0775592 0.0714741  0.083013 0.0684555 0.0792604 0.0873249 0.0690584 0.0769726 0.0617513 0.0699485 0.0645395 0.0769045   0.07847 0.0693501 0.0581683 0.0886798 0.0789325 0.0732269 0.0629527    0.0723 0.0842925 0.0675171 0.0783215 0.0767964 0.0823625 0.0692382 0.0733423 0.0610163 0.0822646 0.0686346 0.0837834 0.0667411 0.0761452 0.0719227 0.0743566 0.0621301 0.0703013 0.0718506 0.0794404 0.0632665 0.0798639  0.070691 0.0772423 0.0700314  0.062117 0.0781717 0.0628028 0.0853717 0.0708302 0.0785076  0.072648 0.0721338 0.0764122 0.0824763 0.0728749 0.0687567 0.0724345  0.065507 0.0643063 0.0604229
0.0357555 0.0522992 0.0544889 0.0550378 0.0467613 0.0512713 0.0510101 0.0402728 0.0545393 0.0512778  0.056371 0.0493386 0.0492314 0.0410853  0.051697 0.0468136 0.0493793 0.0558851 0.0495396 0.0671433 0.0417514 0.0506654 0.0482694 0.0503901 0.0521992 0.0542249 0.0459706 0.0512314 0.0574542 0.0516342 0.0460563 0.0501187  0.053488 0.0591524  0.050279 0.0765757         0 0.0498382 0.0536433 0.0520903 0.0566235 0.0460976  0.050696 0.0526018 0.0519625 0.0490873  0.053715 0.0492846 0.0677117 0.0457618 0.0548375 0.0471757 0.0491447 0.0448862  0.059609 0.0544096 0.0586484 0.0570553 0.0573006 0.0481155 0.0591521 0.0487259 0.0504436 0.0535954 0.0423079 0.0586692 0.0475064  0.053145 0.0489488 0.0535178 0.0514766 0.0458661 0.0539449  0.051398 0.0438597 0.0584008 0.0496456 0.0457748 0.0534419 0.0622465 0.0475442 0.0589061 0.0473787 0.0493044 0.0493953 0.0556784 0.0510611 0.0523475 0.0488452   0.05155 0.0641263 0.0521502 0.0568747 0.0553218 0.0507889 0.0478861   0.04564 0.0522186 0.0542382  0.032728
0.0463164 0.0594219 0.0643062 0.0647161  0.058577 0.0509692 0.0528554 0.0553427 0.0506222 0.0640658 0.0517042 0.0567264 0.0635214 0.0423342 0.0614884 0.0602391 0.0447226 0.0602448 0.0547324 0.0684054 0.0503552 0.0668548 0.0565104 0.0606378 0.0539969 0.0601527 0.0615855 0.0571277 0.0676117 0.0618131 0.0670859  0.053561 0.0632247 0.0570218 0.0623964 0.0814681 0.0498382         0 0.0500056 0.0545304 0.0596552 0.0501102 0.0503392  0.059305 0.0625139 0.0467562 0.0577832 0.0573253 0.0764332 0.0541719 0.0597523 0.0534739 0.0492109 0.0491816 0.0693166 0.0539408 0.0578347 0.0565474 0.0728664 0.0627267 0.0564086 0.0667591 0.0523287 0.0489146 0.0436847 0.0551267 0.0555022 0.0632664 0.0616908 0.0603271 0.0628281 0.0469837 0.0495367 0.0526677 0.0527873 0.0639733 0.0471484 0.0499619 0.0510461 0.0628669 0.0468208  0.057252 0.0444917  0.054651 0.0629629 0.0554952 0.0627299 0.0586484 0.0527578 0.0479703 0.0712415 0.0619121 0.0546215 0.0602184  0.058979 0.0568267  0.054716 0.0517845 0.0615308 0.0402108
0.0518402 0.0559593 0.0608793 0.0680713 0.0588331 0.0588141 0.0550488 0.0577188 0.0555637 0.0618197 0.0538611 0.0564729 0.0660785  0.052243 0.0598112  0.053856 0.0508874 0.0603953  0.051123 0.0624881 0.0580947 0.0600507 0.0654791   0.05939 0.0622283 0.0644674 0.0582239 0.0526551 0.0662571 0.0566293 0.0663335 0.0540666 0.0609923 0.0627833  0.056934 0.0781953 0.0536433 0.0500056         0 0.0610271 0.0625308  0.056849 0.0505509  0.054887 0.0552104 0.0529798 0.0542987 0.0541472  0.068625 0.0478096  0.062638 0.0505463 0.0594837 0.0405755 0.0634207 0.0567277 0.0571696 0.0567168 0.0682201 0.0583909 0.0614462 0.0597365 0.0562495  0.055687 0.0554183 0.0574182 0.0490514 0.0644466  0.066138 0.0675919 0.0678845 0.0494555  0.056218 0.0588339 0.0501664 0.0629882 0.0510959 0.0537664 0.0519051 0.0662656 0.0527988 0.0614083 0.0525787 0.0634181 0.0637576  0.062674 0.0558939 0.0615857  0.049851 0.0446037 0.0712264 0.0513482 0.0467655 0.0655592 0.0570307 0.0601182 0.0640286 0.0618275 0.0572752 0.0424551
0.0503903 0.0604128 0.0652999 0.0584621 0.0489075 0.0544137 0.0582409 0.0599892 0.0526396 0.0675948 0.0574656 0.0596863  0.078434 0.0462914 0.0592242 0.0585604 0.0531411 0.0581666 0.0619849  0.076844 0.0479679 0.0599631 0.0548922 0.0564137 0.0575717 0.0624329 0.0610436 0.0657351 0.0704221 0.0601084 0.0645233  0.050785 0.0669293 0.0691577 0.0678606 0.0876802 0.0520903 0.0545304 0.0610271         0  0.058073 0.0502952 0.0614013 0.0670491 0.0540568  0.052309 0.0689948 0.0540416 0.0773019 0.0551832 0.0604914 0.0578556 0.0542602 0.0551306 0.0731126 0.0565194   0.05712 0.0610025 0.0744413 0.0587041 0.0624752 0.0758696 0.0621031 0.0557605 0.0556461 0.0612736 0.0640203 0.0686111 0.0606429 0.0673523 0.0599319 0.0590596 0.0595015 0.0585393 0.0616782 0.0696318 0.0569641 0.0559863 0.0602526  0.063377 0.0473695 0.0610752 0.0586467 0.0602521 0.0600188 0.0553502 0.0751055 0.0471295 0.0548676 0.0544423 0.0645622 0.0665937 0.0559867 0.0578653 0.0621181 0.0585182 0.0591615 0.0630261  0.061626 0.0451084
