         0    0.06069  0.0549911  0.0520958  0.0556894   0.058979  0.0452686  0.0497811  0.0596475  0.0603959  0.0591579  0.0509551  0.0552398  0.0509598  0.0594805  0.0617605  0.0683874  0.0611883  0.0552734  0.0543302  0.0529264  0.0527735  0.0588759  0.0501532  0.0617936  0.0722303  0.0581461  0.0601037  0.0625232  0.0728749  0.0591366  0.0591248  0.0638173  0.0507889  0.0546298  0.0449442  0.0574822  0.0542429    0.04687  0.0498387  0.0586421  0.0546804   0.060234  0.0413512  0.0429577  0.0536094  0.0523058  0.0497309  0.0504761  0.0545184   0.048931  0.0494527  0.0573991  0.0550434  0.0510864  0.0564356  0.0660105  0.0597161  0.0563951  0.0621927  0.0646531  0.0564165  0.0627738  0.0557496  0.0573963  0.0480503  0.0542622  0.0608487  0.0540175  0.0579745  0.0484451  0.0464751  0.0527716  0.0473022  0.0507566  0.0621824  0.0604275  0.0513181  0.0525843  0.0571341  0.0667442  0.0509789  0.0581898  0.0536355  0.0601926  0.0468252  0.0564667  0.0532969  0.0544668  0.0501724  0.0569776  0.0576768  0.0590532  0.0533342  0.0539885  0.0480924  0.0551505  0.0584124  0.0383164  0.0400567  0.0383164  0.0400567
   0.06069          0  0.0613359  0.0637625  0.0615552  0.0528554  0.0558253  0.0619149  0.0541643  0.0438394  0.0592219  0.0446279  0.0636114  0.0561731  0.0594824  0.0546934  0.0575775  0.0581381  0.0675777  0.0574826  0.0508336  0.0634921  0.0581595   0.052602  0.0551814   0.067635  0.0642708  0.0668897  0.0640895  0.0752286  0.0621259  0.0558519  0.0675605  0.0510101  0.0633623  0.0528057  0.0666247  0.0563167  0.0619752  0.0494133   0.056975  0.0565257  0.0476965  0.0538147   0.056142  0.0625976  0.0558879  0.0625468  0.0535036  0.0599685  0.0525835  0.0580527  0.0653551  0.0581524  0.0610779  0.0603007  0.0693974  0.0475895  0.0513858  0.0594226  0.0609441  0.0589005   0.054005  0.0522041  0.0567227  0.0575625  0.0558678  0.0569478  0.0481807  0.0592494  0.0504075   0.053999  0.0607851  0.0581179  0.0512641   0.057351  0.0622903  0.0563014  0.0585459     0.0588  0.0517609  0.0587126  0.0470795  0.0547614   0.057431   0.057744  0.0601062  0.0620561  0.0568362  0.0531045  0.0595051  0.0554878  0.0593424  0.0547877  0.0509284  0.0536921  0.0671366  0.0627467  0.0414248  0.0430351  0.0414248  0.0430351
 0.0549911  0.0613359          0  0.0603392  0.0526754  0.0553427  0.0429306  0.0576172  0.0616144  0.0610214  0.0541716  0.0553735  0.0467556  0.0595404  0.0644578  0.0631105  0.0657335  0.0659399  0.0588838  0.0666223  0.0607603  0.0519757  0.0580439  0.0531687  0.0570507  0.0765029  0.0603322  0.0818784  0.0471266  0.0822596  0.0745991  0.0537999  0.0538632  0.0402728  0.0611544  0.0556225  0.0627287  0.0601314  0.0504957  0.0568765  0.0613929  0.0550806  0.0562309   0.050995  0.0506905  0.0623167  0.0607087  0.0604731  0.0603133  0.0625075  0.0514883  0.0587222  0.0680828  0.0530545  0.0610089  0.0503724   0.061975  0.0537911  0.0636798  0.0571649  0.0625705  0.0584246   0.062923  0.0564448  0.0542866  0.0502762  0.0619144  0.0628047  0.0576311  0.0496318   0.055109  0.0485103  0.0612811   0.050503  0.0556442   0.062336  0.0654349    0.06029  0.0565932  0.0618638  0.0629582  0.0415557  0.0578845  0.0523028  0.0652462  0.0570269   0.058391  0.0530009  0.0489564  0.0565808  0.0613659  0.0572224  0.0621694  0.0536487   0.048367  0.0610249  0.0633028  0.0570171  0.0424561  0.0426638  0.0424561  0.0426638
 0.0520958  0.0637625  0.0603392          0  0.0590636  0.0602184  0.0498784  0.0550331  0.0677051  0.0656967  0.0640055  0.0598847  0.0624593  0.0582034  0.0632672  0.0683086  0.0621371    0.05448  0.0537512  0.0668905  0.0570169  0.0665033  0.0528386   0.056268  0.0619032  0.0707681  0.0637624  0.0768906  0.0565685  0.0824763  0.0685748  0.0676136  0.0692583  0.0553218  0.0581346   0.053973  0.0569998  0.0531744  0.0520229  0.0599509  0.0568453  0.0579171  0.0573055  0.0589239  0.0579136  0.0581075  0.0546905  0.0571455  0.0591622  0.0481185  0.0514877  0.0519945  0.0590231  0.0516721  0.0706921  0.0464868  0.0672805  0.0628535  0.0577832  0.0585687  0.0679571  0.0563162  0.0690068  0.0572877  0.0645342  0.0561772   0.060448  0.0611876  0.0533534  0.0631598  0.0504375  0.0571086  0.0598587  0.0485923  0.0508298  0.0676844  0.0666536  0.0587712  0.0609698  0.0699252  0.0699927  0.0582293  0.0588466  0.0453124  0.0677477  0.0578645  0.0582452  0.0542294  0.0602468  0.0588277   0.058485   0.063407   0.062588  0.0595764  0.0565328  0.0587675  0.0651672  0.0614756  0.0428567  0.0449447  0.0428567  0.0449447
 0.0556894  0.0615552  0.0526754  0.0590636          0  0.0539969  0.0456196  0.0504672  0.0655121  0.0566469  0.0555649   0.055505  0.0563286   0.052285  0.0545368  0.0570866    0.06471  0.0567306  0.0540058  0.0597793   0.061878  0.0485658  0.0457939  0.0465458  0.0542987    0.07161  0.0628655  0.0756764  0.0517832  0.0775908  0.0710065  0.0591484  0.0615663  0.0521992  0.0496675  0.0560383  0.0609699  0.0586219  0.0520126  0.0505416  0.0625983  0.0586825  0.0607729  0.0571416  0.0428416  0.0535428  0.0595513  0.0591127   0.051131   0.060793  0.0531281  0.0593571  0.0480139  0.0550693  0.0692968  0.0490326  0.0536544  0.0538339  0.0584315  0.0543396  0.0537081  0.0594514  0.0560211  0.0573413  0.0620604  0.0340353  0.0594442  0.0520825  0.0556757  0.0507267  0.0565667  0.0475269  0.0606127   0.043097  0.0515057  0.0572162  0.0634433  0.0549479   0.054299  0.0671512  0.0624916  0.0478081  0.0522386  0.0526394  0.0589435  0.0518848  0.0542202  0.0564078  0.0512748  0.0530691  0.0547201   0.049464  0.0571926  0.0546321  0.0512913  0.0554553  0.0622642  0.0436506  0.0387854  0.0398035  0.0387854  0.0398035
  0.058979  0.0528554  0.0553427  0.0602184  0.0539969          0  0.0463164  0.0632247  0.0570218  0.0489146  0.0668548  0.0491816  0.0495367  0.0602448  0.0640658  0.0578347  0.0614884  0.0564086  0.0629629  0.0676117  0.0479703   0.054651  0.0601527  0.0423342  0.0436847  0.0712415  0.0627299  0.0684054  0.0603271  0.0814681  0.0764332  0.0565104  0.0635214  0.0498382  0.0517845  0.0602391  0.0551267  0.0467562  0.0547324  0.0469837  0.0615308  0.0567264  0.0523287  0.0555022  0.0541719  0.0506222  0.0546215   0.059305  0.0571277  0.0576228  0.0532154   0.060888  0.0588625  0.0542086  0.0656168  0.0480291  0.0536763  0.0482485  0.0514931  0.0557961   0.045807  0.0632402  0.0542289  0.0527557  0.0652566  0.0440725  0.0646046  0.0518223  0.0510792  0.0520872  0.0487028  0.0502909  0.0497183  0.0525362  0.0572184  0.0589036  0.0557965  0.0401445   0.048829  0.0663372   0.064038  0.0555156  0.0547979  0.0583042  0.0523785   0.060393  0.0589092  0.0528222  0.0537292  0.0601966  0.0435996  0.0480389  0.0627958  0.0548672  0.0493051  0.0514805  0.0653051  0.0484542  0.0402108  0.0400284  0.0402108  0.0400284
 0.0452686  0.0558253  0.0429306  0.0498784  0.0456196  0.0463164          0  0.0526837  0.0604973  0.0600831  0.0560144  0.0444949  0.0524745  0.0579655   0.053475  0.0578853  0.0576109   0.062505  0.0479594  0.0578678  0.0444444  0.0523572  0.0509452  0.0411042  0.0468629  0.0696936   0.052661  0.0659533  0.0516687  0.0762315  0.0703655  0.0525665   0.049335  0.0357555  0.0537303  0.0470649  0.0553042  0.0488436   0.045657  0.0475318  0.0567986  0.0470031   0.057477  0.0459598  0.0409484  0.0517559   0.049764  0.0579349  0.0496806  0.0565417  0.0429189  0.0552602  0.0606949  0.0529034  0.0600122   0.047481  0.0598122  0.0530306  0.0503872  0.0550715  0.0562556  0.0486586  0.0558854  0.0483887  0.0592777  0.0413843  0.0519567  0.0536731  0.0450088   0.046666  0.0507573  0.0373938  0.0553196  0.0415198   0.050675  0.0612432  0.0618991  0.0409805  0.0478006    0.05847  0.0623546  0.0423028  0.0519677  0.0529339  0.0586845  0.0491208   0.049548  0.0512907  0.0403898  0.0469395  0.0468306   0.054294  0.0545656  0.0535881  0.0495392  0.0552857  0.0578189  0.0525492  0.0337673  0.0361675  0.0337673  0.0361675
 0.0497811  0.0619149  0.0576172  0.0550331  0.0504672  0.0632247  0.0526837          0  0.0669919  0.0654892  0.0530538  0.0526842  0.0515748  0.0520666  0.0554803  0.0651651  0.0702408  0.0686494  0.0590997  0.0582552  0.0642623   0.054304  0.0559242  0.0626062  0.0629505  0.0727199  0.0608848  0.0662559  0.0486668  0.0737335   0.062809  0.0606174  0.0638444   0.053488  0.0445664  0.0520472  0.0558152  0.0642707  0.0502399  0.0517768  0.0557864  0.0495347  0.0627407  0.0494868  0.0493046  0.0540091  0.0547874    0.04985   0.058501  0.0555434   0.049213  0.0607835  0.0545854  0.0529027  0.0639308  0.0555033  0.0629396  0.0535123  0.0577864  0.0555618  0.0584546  0.0558311  0.0587319    0.05997  0.0623886   0.050007  0.0588747  0.0551274  0.0555043  0.0589134  0.0512864  0.0485175  0.0567066  0.0533121  0.0555432  0.0571157  0.0669981  0.0591014  0.0572393   0.059271   0.064126  0.0472944  0.0522145   0.048407  0.0570937  0.0491551  0.0549377  0.0577078  0.0550066  0.0479287  0.0572593   0.056272  0.0655565  0.0476722  0.0572729  0.0505136  0.0628249  0.0515009   0.041179  0.0405718   0.041179  0.0405718
 0.0596475  0.0541643  0.0616144  0.0677051  0.0655121  0.0570218  0.0604973  0.0669919          0  0.0521416  0.0630817  0.0515961  0.0544722  0.0583976  0.0597711  0.0527341  0.0670202  0.0623725  0.0607004   0.055028  0.0617208  0.0563531  0.0611178  0.0619744  0.0567944  0.0607372  0.0641792  0.0696395  0.0583434  0.0650127  0.0616519  0.0611813  0.0603993  0.0591524  0.0582268  0.0551307  0.0582379  0.0651255  0.0622281  0.0516877  0.0567839  0.0563508  0.0588268   0.055075  0.0574869  0.0592997  0.0584021   0.061727   0.062607  0.0587907  0.0564819  0.0557467  0.0606744   0.060501  0.0557376  0.0604173  0.0631268  0.0551151  0.0573578  0.0559908  0.0671435  0.0588849  0.0469555  0.0635557  0.0606089  0.0625088  0.0510838  0.0726835  0.0579813  0.0625718  0.0581785  0.0593965  0.0619175  0.0550855  0.0515001  0.0590554  0.0586043  0.0513018  0.0623267  0.0643041  0.0525183   0.067101    0.05991  0.0654465  0.0616128  0.0541824  0.0626051  0.0595899  0.0613022  0.0616977   0.063021  0.0545702  0.0684367  0.0446679  0.0501449  0.0522347  0.0615523  0.0633783   0.043468  0.0453871   0.043468  0.0453871
 0.0603959  0.0438394  0.0610214  0.0656967  0.0566469  0.0489146  0.0600831  0.0654892  0.0521416          0  0.0566942  0.0466636  0.0613152  0.0569073  0.0654528  0.0579382  0.0604134  0.0483954  0.0676514  0.0608277  0.0532376  0.0579439  0.0596126  0.0474498  0.0488962  0.0610606  0.0710413   0.073212  0.0675917  0.0767964  0.0699476  0.0540219  0.0711232  0.0535954  0.0579383  0.0608713  0.0628243  0.0507261  0.0631481  0.0473937   0.064767  0.0635591  0.0525524  0.0534539  0.0503772   0.048112  0.0563564  0.0595673  0.0542613     0.0636  0.0556661  0.0514514  0.0577254  0.0560789  0.0688895  0.0600488  0.0559056  0.0461229  0.0560383  0.0598601  0.0564549  0.0617635  0.0543459  0.0524662  0.0583356  0.0516638   0.060877  0.0534042  0.0570601  0.0623247  0.0529033  0.0561188  0.0607523  0.0573478  0.0497823  0.0577537  0.0576053  0.0547373  0.0546991  0.0664812  0.0529517   0.063889  0.0515613  0.0586441  0.0543868  0.0600685  0.0591951  0.0617465  0.0647296  0.0618766  0.0566152  0.0487158  0.0673735  0.0567823  0.0461499  0.0502186  0.0636516  0.0497267  0.0407373   0.041783  0.0407373   0.041783
 0.0591579  0.0592219  0.0541716  0.0640055  0.0555649  0.0668548  0.0560144  0.0530538  0.0630817  0.0566942          0  0.0486756   0.055885  0.0548059   0.055163  0.0577974  0.0675721  0.0710438  0.0535315  0.0485158  0.0607689  0.0605516   0.055731  0.0576569  0.0628353  0.0523884  0.0650762  0.0726153   0.056823  0.0696457  0.0662924  0.0543194  0.0652635  0.0506654  0.0542936  0.0472372  0.0562111  0.0605658  0.0585318  0.0545454  0.0513905   0.047699   0.064181  0.0568037  0.0494395  0.0550094  0.0603379  0.0616441  0.0558933  0.0554681  0.0497573  0.0630348  0.0637601  0.0588953  0.0622936  0.0603405  0.0650697  0.0496138  0.0571156  0.0548803  0.0605807  0.0522246  0.0584532  0.0540346  0.0612642  0.0515203   0.051785  0.0627388  0.0541693  0.0510263  0.0545959  0.0518195  0.0659682  0.0540529  0.0516722  0.0479118  0.0582752  0.0564385  0.0539582  0.0578763  0.0428757  0.0560071  0.0414653    0.05141  0.0553858  0.0451016  0.0456632  0.0548516  0.0511898   0.051065  0.0595618  0.0501001  0.0646359  0.0552008  0.0505328  0.0558069  0.0483414  0.0585474  0.0400935  0.0402582  0.0400935  0.0402582
 0.0509551  0.0446279  0.0553735  0.0598847   0.055505  0.0491816  0.0444949  0.0526842  0.0515961  0.0466636  0.0486756          0  0.0509373  0.0513016  0.0508499  0.0513309  0.0439901  0.0608295  0.0581665  0.0509647  0.0490359  0.0537488  0.0515108  0.0472851  0.0490735  0.0537565  0.0569916  0.0505823  0.0609033  0.0693501  0.0616067  0.0550107  0.0588011  0.0448862  0.0525756  0.0409245  0.0509016  0.0431003  0.0501651  0.0443393  0.0488749  0.0508092  0.0499467  0.0404312  0.0410909  0.0494811  0.0426366   0.046846  0.0503493  0.0490302  0.0393871  0.0530268  0.0614841  0.0503347  0.0532753  0.0607583  0.0652788  0.0461213  0.0482155  0.0603169   0.054638  0.0499752  0.0485135  0.0431404  0.0529137  0.0503203  0.0506975   0.042846  0.0456916  0.0515545  0.0415853  0.0433754  0.0502188   0.051449  0.0411098  0.0474448  0.0559304   0.046378  0.0451467  0.0477237  0.0523781  0.0511537  0.0405588  0.0506275  0.0483067  0.0424857  0.0502706   0.050771  0.0482182  0.0435112  0.0416071  0.0454069  0.0627817   0.045675  0.0515447  0.0511436  0.0550069  0.0546938  0.0311524   0.031312  0.0311524   0.031312
 0.0552398  0.0636114  0.0467556  0.0624593  0.0563286  0.0495367  0.0524745  0.0515748  0.0544722  0.0613152   0.055885  0.0509373          0  0.0536795  0.0651947  0.0539161  0.0693495  0.0679709  0.0603246  0.0647406  0.0665216  0.0510714  0.0579922  0.0611449  0.0603961  0.0700384  0.0657296  0.0723324  0.0487405  0.0761452  0.0695299  0.0598235  0.0655547  0.0539449   0.051137    0.05433  0.0483017  0.0580862  0.0550443  0.0566682  0.0496038  0.0510278  0.0637893  0.0499925  0.0505845  0.0530875  0.0574433  0.0556785  0.0662025  0.0541004  0.0474598  0.0532567  0.0612916  0.0559679  0.0588264  0.0522787   0.057837  0.0478487   0.064179  0.0577189  0.0515282  0.0517622  0.0559718  0.0553311   0.065033  0.0571825  0.0593433  0.0586562  0.0582289  0.0475982  0.0442175  0.0474049  0.0541439   0.053386  0.0558916  0.0509108  0.0594409  0.0558454  0.0530791  0.0578505  0.0614522  0.0492566   0.058474  0.0532841  0.0552148  0.0526066  0.0510696  0.0551314  0.0526031  0.0578269   0.053795  0.0437389  0.0626143   0.044443   0.051901  0.0496158  0.0586788  0.0540027  0.0421436  0.0389348  0.0421436  0.0389348
 0.0509598  0.0561731  0.0595404  0.0582034   0.052285  0.0602448  0.0579655  0.0520666  0.0583976  0.0569073  0.0548059  0.0513016  0.0536795          0  0.0557549  0.0498241  0.0672102  0.0591806  0.0600192  0.0518151  0.0606144  0.0488514  0.0586168  0.0559337  0.0635198  0.0657855  0.0622701  0.0584158   0.058625  0.0645042  0.0536534  0.0606972  0.0683181  0.0558851  0.0492656  0.0445128  0.0519834  0.0555663   0.052515  0.0485635   0.052885  0.0544109  0.0555351  0.0576906  0.0499654  0.0559971  0.0507647  0.0479883  0.0544608  0.0453768  0.0507503  0.0595988   0.047439  0.0501449  0.0592418  0.0575628  0.0557532  0.0489535  0.0593445  0.0539706  0.0575326  0.0571809   0.054912  0.0568899  0.0613796  0.0501794  0.0564909  0.0516186  0.0578679   0.053711  0.0472626  0.0509406  0.0510892  0.0430051  0.0424233  0.0514887  0.0525271  0.0587587  0.0580839  0.0638162  0.0608835  0.0512067  0.0516893     0.0499  0.0490633  0.0471045  0.0454789  0.0608925  0.0516807  0.0540682  0.0562547  0.0524787   0.052352   0.048056  0.0523751  0.0567425  0.0617229  0.0560979   0.037117   0.036922   0.037117   0.036922
 0.0594805  0.0594824  0.0644578  0.0632672  0.0545368  0.0640658   0.053475  0.0554803  0.0597711  0.0654528   0.055163  0.0508499  0.0651947  0.0557549          0  0.0638018  0.0682616   0.067921  0.0534626   0.052483  0.0598354  0.0621882    0.05568  0.0574862   0.055249  0.0584791  0.0508735  0.0631231  0.0583337  0.0656403  0.0612649  0.0595577  0.0544186  0.0512778  0.0495829  0.0508229  0.0578407  0.0685406  0.0469357  0.0621725  0.0499911  0.0498909  0.0631029  0.0608926  0.0480989  0.0599256  0.0551029  0.0607399  0.0487625  0.0572129   0.056343  0.0677669  0.0621508  0.0563144  0.0648157   0.064877   0.062755  0.0596159  0.0567251  0.0577707  0.0581363  0.0612102  0.0555667  0.0614744  0.0631494  0.0524425  0.0514124   0.063407   0.046416  0.0571022  0.0589371  0.0536866   0.056186  0.0487517    0.05254  0.0525896  0.0585014  0.0479647  0.0622713  0.0646997  0.0598054  0.0637199  0.0493344  0.0548622  0.0516018  0.0531195   0.057209  0.0602546  0.0468914  0.0462643  0.0558847  0.0551252  0.0653174  0.0577877  0.0566721  0.0650717  0.0598471  0.0621978  0.0406537  0.0436702  0.0406537  0.0436702
 0.0617605  0.0546934  0.0631105  0.0683086  0.0570866  0.0578347  0.0578853  0.0651651  0.0527341  0.0579382  0.0577974  0.0513309  0.0539161  0.0498241  0.0638018          0  0.0615055  0.0599315  0.0667238  0.0638049   0.061019  0.0537905  0.0622351  0.0554367  0.0637714  0.0685731  0.0752944  0.0705548  0.0682687  0.0789325  0.0723073  0.0706046   0.071553  0.0586484  0.0601464  0.0550947  0.0577836  0.0523877   0.066694   0.051799   0.058162  0.0524196  0.0659404  0.0605599  0.0491091  0.0582799  0.0575178  0.0604237  0.0642674  0.0513349  0.0494183  0.0546422  0.0554076  0.0632802   0.057676   0.054278  0.0648729  0.0534647  0.0673774   0.064199  0.0625277  0.0561104  0.0587781  0.0563796  0.0615576  0.0621036  0.0625655  0.0638972  0.0628626  0.0587719  0.0577626  0.0473616  0.0572666  0.0563128   0.057222  0.0556244  0.0597543  0.0559191  0.0667865  0.0661217  0.0627917  0.0529232  0.0615808  0.0611705  0.0575456  0.0477689  0.0516894  0.0569279  0.0576617  0.0622197  0.0617836  0.0514201  0.0607057  0.0572265   0.048618  0.0574233  0.0668027  0.0638891  0.0449074  0.0430017  0.0449074  0.0430017
 0.0683874  0.0575775  0.0657335  0.0621371    0.06471  0.0614884  0.0576109  0.0702408  0.0670202  0.0604134  0.0675721  0.0439901  0.0693495  0.0672102  0.0682616  0.0615055          0  0.0644403  0.0626777  0.0690591  0.0643587  0.0637613  0.0592287  0.0559447   0.059341  0.0688026  0.0726709  0.0746878  0.0713337  0.0852277  0.0781813  0.0646805  0.0679811   0.051697  0.0708452  0.0596033  0.0713283  0.0475746  0.0624488  0.0539711  0.0634609  0.0660902  0.0601254  0.0602438  0.0563764  0.0632125  0.0649249   0.055306  0.0674457  0.0601532  0.0516702  0.0555787  0.0712081  0.0539142   0.072948  0.0670069  0.0798115  0.0655343   0.064049  0.0719691  0.0733059  0.0553723  0.0589204  0.0580675  0.0548168  0.0632051  0.0690081  0.0571305  0.0592439  0.0650894  0.0606105  0.0546697  0.0657781  0.0572486  0.0513997   0.064151  0.0762868  0.0667696  0.0598181  0.0695198  0.0683268   0.062557  0.0624755  0.0614801  0.0719649   0.057858  0.0631761  0.0584377  0.0653848  0.0598322  0.0592376   0.060006  0.0685395  0.0623422  0.0655066  0.0664924  0.0714743   0.068271   0.049115  0.0495344   0.049115  0.0495344
 0.0611883  0.0581381  0.0659399    0.05448  0.0567306  0.0564086   0.062505  0.0686494  0.0623725  0.0483954  0.0710438  0.0608295  0.0679709  0.0591806   0.067921  0.0599315  0.0644403          0  0.0676138   0.073715      0.057  0.0700577  0.0585828  0.0465907  0.0596414   0.076943  0.0656829  0.0790911  0.0737219  0.0842925   0.071457  0.0729104  0.0746937  0.0591521  0.0556839  0.0635441  0.0661695  0.0511644  0.0619215  0.0555945  0.0634319  0.0696824  0.0550491  0.0569984   0.057749  0.0587365  0.0546444   0.062494    0.05761  0.0561601  0.0584385  0.0542477  0.0570142  0.0516909  0.0742346  0.0482971  0.0594801  0.0616319  0.0639629  0.0658961   0.066773   0.062013   0.068107  0.0641164   0.057079  0.0576589  0.0686263  0.0642589  0.0615514  0.0663368  0.0538565  0.0637517  0.0584976  0.0552862  0.0532205  0.0651513  0.0607524  0.0620786  0.0654402  0.0734359  0.0734972  0.0614571   0.060998  0.0592185  0.0637734  0.0673505  0.0692959  0.0547496  0.0692229  0.0616631  0.0592721  0.0621926  0.0713427  0.0590094  0.0483696  0.0573337  0.0745886  0.0581617  0.0463763  0.0470622  0.0463763  0.0470622
 0.0552734  0.0675777  0.0588838  0.0537512  0.0540058  0.0629629  0.0479594  0.0590997  0.0607004  0.0676514  0.0535315  0.0581665  0.0603246  0.0600192  0.0534626  0.0667238  0.0626777  0.0676138          0  0.0514128  0.0600903   0.058588  0.0528063  0.0545178  0.0644186  0.0605072  0.0543333  0.0698081  0.0480191   0.062117  0.0592042  0.0560226  0.0525004  0.0493953  0.0542331   0.050313  0.0574951  0.0647181  0.0500812  0.0529091  0.0542178     0.0567  0.0676275  0.0626995  0.0522112  0.0572481  0.0623018  0.0604753  0.0569725  0.0526744  0.0524387  0.0560157  0.0625603  0.0482125  0.0688481  0.0528895  0.0672286  0.0641113  0.0575233  0.0526853  0.0644273  0.0501277   0.052375  0.0589398  0.0607282  0.0498874  0.0422424  0.0633077    0.04538  0.0546445  0.0557963  0.0536769  0.0676532  0.0395437   0.046524   0.060426  0.0641437  0.0533093   0.051505  0.0642635  0.0549235  0.0575163  0.0543695  0.0527691  0.0664332  0.0481374  0.0535901  0.0522978  0.0512465  0.0496227  0.0636618  0.0533196  0.0525463   0.052478  0.0555681  0.0580792   0.045437  0.0583162  0.0402685  0.0417607  0.0402685  0.0417607
 0.0543302  0.0574826  0.0666223  0.0668905  0.0597793  0.0676117  0.0578678  0.0582552   0.055028  0.0608277  0.0485158  0.0509647  0.0647406  0.0518151   0.052483  0.0638049  0.0690591   0.073715  0.0514128          0  0.0586502  0.0549891   0.058491  0.0624397  0.0686703  0.0557175  0.0610083  0.0633294  0.0584275    0.05649  0.0597123  0.0590467  0.0555957  0.0574542  0.0583867  0.0494724  0.0600446  0.0668744  0.0573032  0.0492803   0.059452  0.0520563  0.0610066  0.0604513  0.0535157  0.0591451  0.0597895  0.0581231  0.0540836  0.0603123  0.0565128  0.0643794  0.0603379  0.0604797  0.0623555  0.0672772  0.0720673  0.0581516  0.0527717  0.0520497  0.0665691    0.05879  0.0548234  0.0599658   0.063071  0.0509695   0.048762  0.0648842  0.0475055   0.056155  0.0613545  0.0542386  0.0700912  0.0548382  0.0482616  0.0567976   0.058459  0.0537265  0.0495142  0.0592708  0.0497567  0.0651402    0.04787  0.0608463   0.063054  0.0447773  0.0514332  0.0599745  0.0518827  0.0529817  0.0663936  0.0613179  0.0598888  0.0559445  0.0618874  0.0547152  0.0530347  0.0662916  0.0420597  0.0452544  0.0420597  0.0452544
 0.0529264  0.0508336  0.0607603  0.0570169   0.061878  0.0479703  0.0444444  0.0642623  0.0617208  0.0532376  0.0607689  0.0490359  0.0665216  0.0606144  0.0598354   0.061019  0.0643587      0.057  0.0600903  0.0586502          0  0.0646418  0.0647665  0.0431661  0.0525462  0.0666182  0.0591642  0.0662952  0.0709401  0.0785076  0.0717197  0.0616938  0.0659361    0.05155  0.0590641  0.0556735  0.0623677  0.0533424  0.0540504  0.0439575  0.0629029  0.0512916  0.0561227   0.060548  0.0526576    0.04965  0.0431527  0.0614866  0.0534088  0.0571794  0.0552556  0.0617195  0.0644752  0.0572508  0.0615612  0.0530549  0.0602439  0.0594477  0.0533758  0.0589947  0.0593138  0.0624451  0.0606749   0.050379  0.0593764  0.0497673  0.0580315  0.0587032  0.0493518  0.0604201   0.054066   0.055803  0.0599088  0.0557412   0.053727   0.063449  0.0543026  0.0398945  0.0519692  0.0693189  0.0642027  0.0579829  0.0515544  0.0609517  0.0524171  0.0590673  0.0578402  0.0550412  0.0568476  0.0536481  0.0558109  0.0586345  0.0626791  0.0611402  0.0465837  0.0576361  0.0627431   0.057284  0.0411655  0.0426809  0.0411655  0.0426809
 0.0527735  0.0634921  0.0519757  0.0665033  0.0485658   0.054651  0.0523572   0.054304  0.0563531  0.0579439  0.0605516  0.0537488  0.0510714  0.0488514  0.0621882  0.0537905  0.0637613  0.0700577   0.058588  0.0549891  0.0646418          0  0.0620429   0.058262  0.0577355  0.0716648  0.0684197  0.0683173  0.0525269  0.0700314  0.0718714  0.0546766  0.0594568  0.0493044  0.0521097  0.0546389  0.0618303  0.0595956  0.0581263  0.0509526  0.0646607  0.0595752  0.0644188  0.0573338   0.045042    0.05474  0.0637538  0.0506194  0.0613419   0.061065  0.0538866  0.0554713  0.0488252  0.0565446  0.0608769   0.058824  0.0614152  0.0550775  0.0605388  0.0572495   0.062264  0.0603635  0.0561639  0.0602052  0.0592116  0.0430839   0.061441  0.0524938  0.0591601  0.0548207  0.0574729  0.0416828  0.0618927  0.0512899  0.0518587  0.0668102  0.0660999  0.0571545  0.0489816  0.0660448  0.0616998  0.0513241  0.0590996  0.0585366  0.0631501  0.0455491  0.0533606  0.0594349  0.0528185  0.0617297  0.0638111  0.0560749  0.0526869  0.0533454  0.0586568  0.0558662  0.0616644   0.050359  0.0417734  0.0423025  0.0417734  0.0423025
 0.0588759  0.0581595  0.0580439  0.0528386  0.0457939  0.0601527  0.0509452  0.0559242  0.0611178  0.0596126   0.055731  0.0515108  0.0579922  0.0586168    0.05568  0.0622351  0.0592287  0.0585828  0.0528063   0.058491  0.0647665  0.0620429          0  0.0534632   0.058366  0.0642675  0.0580756  0.0720291  0.0522529  0.0707698  0.0637003  0.0641913  0.0595492  0.0542249  0.0547991  0.0524762  0.0591169  0.0600436  0.0546573  0.0558582  0.0553613  0.0627274  0.0582914  0.0476956  0.0507239  0.0591718  0.0534242  0.0551078  0.0550876  0.0516677  0.0510639   0.059513  0.0595538   0.053696  0.0661518  0.0580299  0.0619428  0.0500052  0.0498968  0.0615808  0.0621453  0.0487379  0.0557319  0.0584086  0.0623099  0.0509917   0.049822  0.0580648  0.0578291  0.0566382  0.0534162  0.0539296  0.0628172  0.0510248  0.0480466  0.0543357  0.0680122  0.0596104  0.0564015  0.0625158  0.0581079  0.0572661  0.0537599  0.0556668  0.0660739  0.0540984  0.0602323  0.0498952  0.0541463  0.0480738  0.0560982  0.0554892  0.0668434  0.0518344  0.0548646  0.0511535  0.0614797  0.0584057  0.0394311  0.0409712  0.0394311  0.0409712
 0.0501532   0.052602  0.0531687   0.056268  0.0465458  0.0423342  0.0411042  0.0626062  0.0619744  0.0474498  0.0576569  0.0472851  0.0611449  0.0559337  0.0574862  0.0554367  0.0559447  0.0465907  0.0545178  0.0624397  0.0431661   0.058262  0.0534632          0  0.0433499  0.0653737  0.0564971  0.0675111  0.0633758  0.0801334  0.0672639  0.0532499  0.0594522  0.0410853  0.0518851  0.0513555   0.057732  0.0432549  0.0492465  0.0462877  0.0612002  0.0578578  0.0486644  0.0504916  0.0465365  0.0523109  0.0482053  0.0567321  0.0473085  0.0563815  0.0473941  0.0580011  0.0579423  0.0542648  0.0654516  0.0498516  0.0497954  0.0515396  0.0498224  0.0591768  0.0529318  0.0597107  0.0557734  0.0506183  0.0543104  0.0411566  0.0565855  0.0512947  0.0476418  0.0545531  0.0469764  0.0473599  0.0511585  0.0461697  0.0486367  0.0584113  0.0505112  0.0441835  0.0542105  0.0632241  0.0636204  0.0495115  0.0537553  0.0542257  0.0549038  0.0580665  0.0590089  0.0542011   0.051395  0.0468263   0.045249  0.0480942  0.0584999  0.0554224  0.0456579  0.0580266  0.0580515  0.0490485  0.0342422  0.0363965  0.0342422  0.0363965
 0.0617936  0.0551814  0.0570507  0.0619032  0.0542987  0.0436847  0.0468629  0.0629505  0.0567944  0.0488962  0.0628353  0.0490735  0.0603961  0.0635198   0.055249  0.0637714   0.059341  0.0596414  0.0644186  0.0686703  0.0525462  0.0577355   0.058366  0.0433499          0  0.0623819   0.060846  0.0683226  0.0612189  0.0823625  0.0736027  0.0560402  0.0631874  0.0423079  0.0555177  0.0535168   0.061809  0.0558884  0.0572104   0.051723  0.0586355  0.0574578  0.0583559  0.0545101  0.0517262  0.0549673  0.0575546  0.0635767  0.0551091  0.0659162  0.0558662    0.06335  0.0647029  0.0598963  0.0709645  0.0593009  0.0489407  0.0541172  0.0536627  0.0623981  0.0611799  0.0624933  0.0547864  0.0580431  0.0616056  0.0475435  0.0589375  0.0590001  0.0542875   0.058917  0.0532001   0.049975  0.0575235  0.0532067  0.0553302  0.0601728  0.0616298  0.0448102   0.056181  0.0722967  0.0611897  0.0623566  0.0559394   0.062591  0.0559616  0.0608433  0.0625079  0.0625766   0.053695  0.0545682  0.0495114  0.0502797   0.068954  0.0585463  0.0523088  0.0646041   0.060319  0.0489651  0.0408149  0.0438328  0.0408149  0.0438328
 0.0722303   0.067635  0.0765029  0.0707681    0.07161  0.0712415  0.0696936  0.0727199  0.0607372  0.0610606  0.0523884  0.0537565  0.0700384  0.0657855  0.0584791  0.0685731  0.0688026   0.076943  0.0605072  0.0557175  0.0666182  0.0716648  0.0642675  0.0653737  0.0623819          0  0.0726792  0.0697621  0.0671171   0.072648  0.0705367  0.0619447  0.0748666  0.0641263  0.0650161  0.0595442  0.0603672  0.0725261  0.0686563  0.0629841  0.0600139  0.0623829   0.064854  0.0717633  0.0627513  0.0604505  0.0662135  0.0711703  0.0732189  0.0612815  0.0625981  0.0710665  0.0665736  0.0710458  0.0748522  0.0757373   0.068886  0.0584131  0.0597451  0.0616389  0.0717453  0.0611218  0.0586664  0.0563448   0.073636  0.0630978  0.0514408  0.0741769   0.057301  0.0625604     0.0667  0.0618304  0.0748018  0.0641049  0.0529583  0.0512631  0.0562118   0.056111  0.0623884  0.0693187  0.0483878  0.0790381  0.0555206   0.065224  0.0603838  0.0617485  0.0563673  0.0733668  0.0656281  0.0637348  0.0647128   0.052833  0.0708084   0.065348  0.0645866  0.0679632  0.0520592  0.0676713  0.0511349  0.0518411  0.0511349  0.0518411
 0.0581461  0.0642708  0.0603322  0.0637624  0.0628655  0.0627299   0.052661  0.0608848  0.0641792  0.0710413  0.0650762  0.0569916  0.0657296  0.0622701  0.0508735  0.0752944  0.0726709  0.0656829  0.0543333  0.0610083  0.0591642  0.0684197  0.0580756  0.0564971   0.060846  0.0726792          0  0.0651209  0.0563479  0.0628028  0.0598463  0.0668722   0.048953  0.0510611  0.0529113  0.0506307   0.060159  0.0707425  0.0487068  0.0537784  0.0532092  0.0631466  0.0537812  0.0524305  0.0583548  0.0699834  0.0592893  0.0625214  0.0526675  0.0575308  0.0577799  0.0692937  0.0750746  0.0510572  0.0662235  0.0655221  0.0693951  0.0675843  0.0545187   0.057626  0.0660346  0.0637022   0.059089  0.0719613  0.0639304  0.0555037  0.0519469  0.0674733  0.0476729  0.0554335  0.0517716  0.0610683  0.0538573  0.0498955  0.0509052  0.0601782  0.0683366  0.0577378  0.0620947  0.0683275  0.0625983  0.0644741  0.0527172  0.0562554  0.0657857  0.0643888  0.0679261  0.0551329  0.0470771  0.0485687  0.0614336  0.0624414  0.0711706  0.0498709  0.0624194  0.0624795  0.0561307   0.067461  0.0447513  0.0471687  0.0447513  0.0471687
 0.0601037  0.0668897  0.0818784  0.0768906  0.0756764  0.0684054  0.0659533  0.0662559  0.0696395   0.073212  0.0726153  0.0505823  0.0723324  0.0584158  0.0631231  0.0705548  0.0746878  0.0790911  0.0698081  0.0633294  0.0662952  0.0683173  0.0720291  0.0675111  0.0683226  0.0697621  0.0651209          0  0.0769662  0.0729229  0.0615146  0.0739289  0.0717701  0.0671433  0.0631601  0.0548633  0.0717593  0.0658379  0.0630613  0.0600234  0.0625317  0.0733006  0.0688391  0.0621448  0.0633956  0.0728813  0.0586284  0.0622196  0.0621836  0.0650144  0.0633593  0.0761209  0.0743753  0.0715037  0.0609488  0.0792163  0.0798895  0.0674487  0.0632151  0.0767624  0.0689776  0.0705081   0.064659  0.0662061  0.0735962   0.066007  0.0619952  0.0603346  0.0619455   0.070618  0.0602992  0.0628612  0.0638877  0.0661526  0.0564585  0.0667777  0.0702093  0.0637228  0.0582938  0.0621107  0.0723914  0.0676805  0.0609915   0.072651   0.060783  0.0599474  0.0667891  0.0700739  0.0602105  0.0535544   0.060734  0.0693253  0.0733777  0.0607769  0.0709693  0.0647823  0.0677739  0.0747286  0.0547871  0.0549148  0.0547871  0.0549148
 0.0625232  0.0640895  0.0471266  0.0565685  0.0517832  0.0603271  0.0516687  0.0486668  0.0583434  0.0675917   0.056823  0.0609033  0.0487405   0.058625  0.0583337  0.0682687  0.0713337  0.0737219  0.0480191  0.0584275  0.0709401  0.0525269  0.0522529  0.0633758  0.0612189  0.0671171  0.0563479  0.0769662          0  0.0686346  0.0609387  0.0540088  0.0499371  0.0535178  0.0537037  0.0538241  0.0556761  0.0720988  0.0518397  0.0588361  0.0538951  0.0580768  0.0594144  0.0583509  0.0551388  0.0664625  0.0646355  0.0588363  0.0629742  0.0601343  0.0522345  0.0632089  0.0610329  0.0545799  0.0701977  0.0525575   0.064477  0.0518963  0.0584788  0.0439111  0.0605272  0.0545705  0.0503323  0.0606583  0.0631814  0.0533139  0.0491496  0.0635658  0.0483385  0.0528524  0.0547579  0.0525219  0.0662349  0.0497049  0.0503171  0.0598119  0.0680368  0.0608794  0.0565006  0.0600453  0.0532559   0.054418  0.0522768  0.0481945  0.0672657  0.0541132  0.0557765  0.0613827  0.0438583  0.0566204  0.0623598  0.0555398  0.0615473   0.043409  0.0586772  0.0584176  0.0616882  0.0569058  0.0429439  0.0438235  0.0429439  0.0438235
 0.0728749  0.0752286  0.0822596  0.0824763  0.0775908  0.0814681  0.0762315  0.0737335  0.0650127  0.0767964  0.0696457  0.0693501  0.0761452  0.0645042  0.0656403  0.0789325  0.0852277  0.0842925   0.062117    0.05649  0.0785076  0.0700314  0.0707698  0.0801334  0.0823625   0.072648  0.0628028  0.0729229  0.0686346          0  0.0617513  0.0724657   0.066458  0.0765757   0.065507  0.0647676  0.0692382  0.0873249  0.0712487  0.0667411  0.0643063  0.0707825  0.0783215  0.0733423  0.0699485  0.0755535  0.0764122  0.0684555  0.0717943  0.0648025  0.0734158  0.0800811  0.0712419  0.0627518  0.0787485  0.0810121  0.0841883  0.0747773  0.0721536   0.069919   0.082325  0.0707161  0.0634209  0.0855185   0.073244  0.0718146  0.0540198   0.079074  0.0681912   0.076728  0.0728628  0.0784815  0.0804552  0.0642779  0.0635762  0.0732552  0.0728299  0.0712919  0.0717232  0.0815851  0.0594797  0.0827513  0.0657399  0.0725317  0.0801964  0.0598097  0.0752208  0.0751289  0.0671955  0.0699527  0.0819683  0.0727287  0.0732403   0.062047   0.074585  0.0670086   0.066121  0.0804016  0.0604229  0.0629067  0.0604229  0.0629067
 0.0591366  0.0621259  0.0745991  0.0685748  0.0710065  0.0764332  0.0703655   0.062809  0.0616519  0.0699476  0.0662924  0.0616067  0.0695299  0.0536534  0.0612649  0.0723073  0.0781813   0.071457  0.0592042  0.0597123  0.0717197  0.0718714  0.0637003  0.0672639  0.0736027  0.0705367  0.0598463  0.0615146  0.0609387  0.0617513          0  0.0677181  0.0688462  0.0677117  0.0622403  0.0520959    0.06738  0.0773584  0.0580712  0.0634317  0.0558697  0.0712946  0.0656236  0.0588721  0.0600388  0.0729962  0.0624195  0.0582255  0.0604174  0.0551786  0.0615958  0.0704662  0.0731023  0.0595628  0.0704829   0.071129  0.0717866  0.0653658  0.0691104  0.0678381  0.0727689  0.0654066   0.054114  0.0733497  0.0606737  0.0698838  0.0468391  0.0700532  0.0604746  0.0718632  0.0544691  0.0713901  0.0620471  0.0576306  0.0517776  0.0604941  0.0651333  0.0689227  0.0700926  0.0633868  0.0639727  0.0694404   0.056517  0.0617347  0.0657205  0.0600949  0.0712653  0.0677935  0.0641514  0.0542498  0.0685736  0.0641851  0.0714505  0.0503478  0.0613654  0.0636455  0.0654324  0.0686167  0.0507654  0.0517974  0.0507654  0.0517974
 0.0591248  0.0558519  0.0537999  0.0676136  0.0591484  0.0565104  0.0525665  0.0606174  0.0611813  0.0540219  0.0543194  0.0550107  0.0598235  0.0606972  0.0595577  0.0706046  0.0646805  0.0729104  0.0560226  0.0590467  0.0616938  0.0546766  0.0641913  0.0532499  0.0560402  0.0619447  0.0668722  0.0739289  0.0540088  0.0724657  0.0677181          0  0.0634511  0.0482694  0.0590841   0.061346  0.0659482   0.064954  0.0561421  0.0600257  0.0641933   0.060084  0.0609916  0.0570553  0.0548694  0.0531843  0.0655549  0.0627753  0.0634764  0.0667481  0.0506445  0.0641495  0.0595561  0.0578915  0.0699573  0.0639806  0.0637291  0.0502517  0.0550476  0.0565836  0.0552286  0.0604399  0.0492964  0.0553435  0.0646838  0.0497904  0.0587999  0.0606308  0.0522549  0.0562267  0.0595567  0.0552749  0.0635116  0.0523151  0.0549329  0.0615992  0.0616952  0.0537917  0.0555848  0.0630858  0.0590592    0.06113  0.0578408  0.0600478  0.0623905   0.059394  0.0567895  0.0705179  0.0620889  0.0571585  0.0560907  0.0534829  0.0571097  0.0563498  0.0532723  0.0614512  0.0630766  0.0560763  0.0445395  0.0463057  0.0445395  0.0463057
 0.0638173  0.0675605  0.0538632  0.0692583  0.0615663  0.0635214   0.049335  0.0638444  0.0603993  0.0711232  0.0652635  0.0588011  0.0655547  0.0683181  0.0544186   0.071553  0.0679811  0.0746937  0.0525004  0.0555957  0.0659361  0.0594568  0.0595492  0.0594522  0.0631874  0.0748666   0.048953  0.0717701  0.0499371   0.066458  0.0688462  0.0634511          0  0.0492314  0.0585545  0.0598734  0.0665729  0.0690951  0.0548332  0.0576096  0.0653919  0.0601473  0.0614482  0.0574492  0.0564908  0.0721855  0.0650498  0.0588138  0.0528749  0.0673485  0.0591403  0.0720604  0.0738837  0.0563454  0.0701439  0.0628408  0.0751346  0.0674668  0.0628069  0.0626827  0.0688451    0.06536  0.0589288  0.0724335  0.0571747   0.056173  0.0575877  0.0696167  0.0525075  0.0583348  0.0668902  0.0588242  0.0666994  0.0577504  0.0577909  0.0699438  0.0689552  0.0591702  0.0598134  0.0658767  0.0646002  0.0626985  0.0574516  0.0646333  0.0709615  0.0587516  0.0696089  0.0546276  0.0452048  0.0563086  0.0660567  0.0675464  0.0725989  0.0606791  0.0642728  0.0632299  0.0649826  0.0716705  0.0480061   0.051402  0.0480061   0.051402
 0.0507889  0.0510101  0.0402728  0.0553218  0.0521992  0.0498382  0.0357555   0.053488  0.0591524  0.0535954  0.0506654  0.0448862  0.0539449  0.0558851  0.0512778  0.0586484   0.051697  0.0591521  0.0493953  0.0574542    0.05155  0.0493044  0.0542249  0.0410853  0.0423079  0.0641263  0.0510611  0.0671433  0.0535178  0.0765757  0.0677117  0.0482694  0.0492314          0  0.0522186  0.0468136  0.0586692  0.0490873  0.0495396  0.0458661  0.0542382  0.0493386  0.0504436  0.0475064  0.0457618  0.0545393  0.0568747  0.0526018  0.0512314  0.0555482  0.0454944  0.0536246  0.0649333  0.0480745  0.0617007  0.0540526  0.0589786  0.0531919  0.0491951  0.0556498  0.0599979  0.0537838  0.0548444  0.0546647  0.0513259  0.0429925  0.0547876  0.0542579   0.046879  0.0475967  0.0480246   0.036664  0.0531304  0.0448417  0.0465171  0.0566052  0.0611792   0.049841  0.0474741  0.0578099  0.0558109  0.0479943  0.0496159  0.0504539  0.0582095  0.0526061  0.0525016   0.050022  0.0451622  0.0453016  0.0515032  0.0498378  0.0567801  0.0534011  0.0484714  0.0568838  0.0497412  0.0507666   0.032728  0.0350956   0.032728  0.0350956
 0.0546298  0.0633623  0.0611544  0.0581346  0.0496675  0.0517845  0.0537303  0.0445664  0.0582268  0.0579383  0.0542936  0.0525756   0.051137  0.0492656  0.0495829  0.0601464  0.0708452  0.0556839  0.0542331  0.0583867  0.0590641  0.0521097  0.0547991  0.0518851  0.0555177  0.0650161  0.0529113  0.0631601  0.0537037   0.065507  0.0622403  0.0590841  0.0585545  0.0522186          0  0.0492814  0.0509066  0.0579186  0.0527536  0.0513473  0.0532408  0.0560955  0.0616369  0.0540957  0.0495658  0.0500994  0.0525843  0.0515515  0.0525898  0.0512225  0.0535518  0.0646498    0.04875  0.0502139  0.0646483  0.0519308  0.0492567  0.0539009  0.0550249  0.0547258  0.0511128  0.0561085   0.055495  0.0610465   0.061579  0.0426087  0.0574296  0.0565018  0.0546536  0.0527563  0.0494049  0.0529195  0.0531331  0.0478169  0.0535492   0.055663  0.0505984  0.0485283  0.0530005  0.0621408  0.0589146  0.0557409  0.0492757  0.0539472  0.0432735  0.0517042  0.0560257  0.0519669  0.0534652  0.0480026  0.0490414  0.0499334  0.0642133  0.0491633  0.0545823   0.052422  0.0590896  0.0447363  0.0375058  0.0374415  0.0375058  0.0374415
