
Alignment summary:
cheetah: A=363 C=351 G=294 T=492
snow_leopard: A=366 C=350 G=284 T=500
leopard: A=366 C=352 G=287 T=495
tiger: A=375 C=356 G=287 T=482
clouded_leopard: A=363 C=359 G=289 T=489
red_fox: A=342 C=377 G=287 T=494
coyote: A=346 C=370 G=290 T=494
gray_wolf: A=348 C=358 G=290 T=504
dog: A=347 C=360 G=291 T=502
dhole: A=354 C=372 G=286 T=488
raccoon_dog: A=359 C=380 G=269 T=492
cat: A=356 C=336 G=302 T=506

Seed = 504072560
Jukes-Cantor Distance Matrix:

         0   0.254758   0.242683   0.260397   0.278539     0.7161   0.823959   0.832002   0.834026   0.840132   0.823959   0.171536
  0.254758          0  0.0786501   0.127597   0.157424     0.7354    0.81997   0.823959   0.825962    0.82797   0.814025   0.179963
  0.242683  0.0786501          0   0.113505    0.14438   0.728324   0.802276   0.812054   0.814025   0.808127   0.808127   0.172374
  0.260397   0.127597   0.113505          0   0.170698   0.731854    0.81997   0.816002   0.821962   0.812054   0.804221   0.195375
  0.278539   0.157424    0.14438   0.170698          0   0.775555   0.829983   0.834026   0.836056   0.840132   0.842179   0.208464
    0.7161     0.7354   0.728324   0.731854   0.775555          0    0.33056   0.348381   0.349442   0.355843   0.321294   0.670734
  0.823959    0.81997   0.802276    0.81997   0.829983    0.33056          0  0.0432218  0.0411062   0.096633   0.305099   0.768093
  0.832002   0.823959   0.812054   0.816002   0.834026   0.348381  0.0432218          0 0.00200267    0.12523   0.327459   0.773683
  0.834026   0.825962   0.814025   0.821962   0.836056   0.349442  0.0411062 0.00200267          0    0.12287   0.328491   0.775555
  0.840132    0.82797   0.808127   0.812054   0.840132   0.355843   0.096633    0.12523    0.12287          0   0.325398   0.783093
  0.823959   0.814025   0.808127   0.804221   0.842179   0.321294   0.305099   0.327459   0.328491   0.325398          0   0.757036
  0.171536   0.179963   0.172374   0.195375   0.208464   0.670734   0.768093   0.773683   0.775555   0.783093   0.757036          0


JC Tree topology:
(1,((((2,3),4),5),(6,(((7,(8,9)),10),11))),12);

MLE Branch Lengths
(6:0.0802567,((12:0.0466623,1:0.1272873):0.0211100,((4:0.0711075,(2:0.0467649,3:0.0329681):0.0132234):0.0081810,5:0.0969226):0.0553696):0.6201751,(11:0.1541470,(10:0.0630311,(7:0.0073961,(8:0.0020028,9:0.0000100):0.0338466):0.0273163):0.1292152):0.1052464);
stationary acceptance: 0.276464
symmetric acceptance: 0.323444
branch length acceptance: 0.868937
avgP: 0.235705 0.242622 0.193609 0.328064
sP: 5.71902e-05 5.18192e-05 5.08871e-05 7.12977e-05
avgS:   0.035718   0.273139  0.0756949  0.0124766   0.596462 0.00650977
sS: 2.16222e-05 0.000188626 4.09635e-05 7.79837e-06 0.000229354 6.90183e-06
0.235705 0.242622 0.193609 0.328064
  0.035718   0.273139  0.0756949  0.0124766   0.596462 0.00650977

-0.815747 0.0757683  0.579408  0.160571
0.0736084  -1.32852 0.0257121    1.2292
 0.705387 0.0322212  -0.75442 0.0168116
 0.115366  0.909063 0.0099215  -1.03435

mean p: 0.235705 0.242622 0.193609 0.328064
var p: 5.71902e-05 5.18192e-05 5.08871e-05 7.12977e-05
Scale for p0 is 3149.99
Scale for p1 is 3546.11
Scale for p2 is 3068.06
Scale for p3 is 3091.8
Dirichlet for P scale: 3068.06
mean s:   0.035718   0.273139  0.0756949  0.0124766   0.596462 0.00650977
var s: 2.16222e-05 0.000188626 4.09635e-05 7.79837e-06 0.000229354 6.90183e-06
Scale for s0 is 1592.91
Scale for s1 is 1052.53
Scale for s2 is 1707.99
Scale for s3 is 1579.94
Scale for s4 is 1049.45
Scale for s5 is 937.055
Dirichlet for QP scale: 937.055
GTR Distance Matrix:

         0   0.275091   0.261077    0.28309    0.30693   0.949135    1.17205    1.19814    1.19822    1.20075    1.18189   0.180379
  0.275091          0  0.0807791   0.133308   0.166474   0.979513    1.15982    1.17799    1.17812     1.1897    1.15812   0.190841
  0.261077  0.0807791          0    0.11779   0.152223   0.965755     1.1392    1.16008    1.16026    1.16766    1.14884   0.181833
   0.28309   0.133308    0.11779          0   0.181443   0.970072    1.16014     1.1664    1.17273    1.17333     1.1467    0.20805
   0.30693   0.166474   0.152223   0.181443          0    1.04733     1.1736    1.19236    1.19246    1.21458    1.20835   0.225274
  0.949135   0.979513   0.965755   0.970072    1.04733          0   0.362817   0.387261   0.388263   0.397143   0.352104   0.877485
   1.17205    1.15982     1.1392    1.16014     1.1736   0.362817          0  0.0436805  0.0415195  0.0991308   0.333777    1.06701
   1.19814    1.17799    1.16008     1.1664    1.19236   0.387261  0.0436805          0 0.00200354   0.129833   0.362603     1.0875
   1.19822    1.17812    1.16026    1.17273    1.19246   0.388263  0.0415195 0.00200354          0   0.127306   0.363736    1.08786
   1.20075     1.1897    1.16766    1.17333    1.21458   0.397143  0.0991308   0.129833   0.127306          0    0.35892    1.09521
   1.18189    1.15812    1.14884     1.1467    1.20835   0.352104   0.333777   0.362603   0.363736    0.35892          0    1.06501
  0.180379   0.190841   0.181833    0.20805   0.225274   0.877485    1.06701     1.0875    1.08786    1.09521    1.06501          0

(1,((((2,3),5),4),(6,(((7,(8,9)),10),11))),12); 0.257645
(1,(((2,3),4),5),((6,(((7,(8,9)),10),11)),12)); 0.23225
(1,((((2,3),5),4),(6,(((7,(8,9)),10),11))),12); 0.250673
(1,((((2,3),5),4),(6,(((7,(8,9)),10),11))),12); 0.236541
(1,(((2,3),(4,5)),(6,(((7,(8,9)),10),11))),12); 0.24526
(1,(((2,3),4),5),((6,(((7,(8,9)),10),11)),12)); 0.253486
(1,(((2,3),5),4),((6,(((7,(8,9)),10),11)),12)); 0.236772
(1,((((2,3),5),4),12),(6,(((7,(8,9)),10),11))); 0.251136
(1,((2,3),(4,5)),((6,(((7,(8,9)),10),11)),12)); 0.233988
(1,((((2,3),5),4),12),(6,(((7,(8,9)),10),11))); 0.238581
(1,((((2,3),5),4),(6,(((7,(8,9)),10),11))),12); 0.266034
(1,(((2,3),4),5),((6,(((7,(8,9)),10),11)),12)); 0.242445
(1,((((2,3),5),4),12),(6,(((7,(8,9)),10),11))); 0.246277
(1,((((2,3),4),5),12),(6,(((7,(8,9)),10),11))); 0.243303
(1,(((2,3),4),5),((6,(((7,(8,9)),10),11)),12)); 0.236386
(1,((((2,3),4),5),12),(6,(((7,(8,9)),10),11))); 0.24047
(1,((((2,3),4),5),12),(6,(((7,10),(8,9)),11))); 0.2831
(1,((((2,3),4),5),12),(6,(((7,(8,9)),10),11))); 0.24238
(1,((((2,3),4),5),(6,(((7,(8,9)),10),11))),12); 0.236255
(1,(((2,3),5),4),((6,(((7,(8,9)),10),11)),12)); 0.244515
(1,(((2,3),5),4),((6,(((7,(8,9)),10),11)),12)); 0.25401
(1,(((2,3),4),5),((6,(((7,(8,9)),10),11)),12)); 0.285443
(1,(((2,3),(4,5)),(6,(((7,(8,9)),10),11))),12); 0.245095
(1,(2,(3,(4,5))),((6,(((7,(8,9)),10),11)),12)); 0.283246
(1,(((2,3),4),5),((6,(((7,(8,9)),10),11)),12)); 0.259954
(1,(((2,3),4),5),((6,(((7,(8,9)),10),11)),12)); 0.259483
(1,(((2,3),4),5),((6,(((7,(8,9)),10),11)),12)); 0.252269
(1,((((2,3),4),5),(6,(((7,(8,9)),10),11))),12); 0.245327
(1,(((2,3),4),5),((6,(((7,(8,9)),10),11)),12)); 0.23564
(1,((((2,3),4),5),12),(6,(((7,10),(8,9)),11))); 0.238086
(1,((((2,3),5),4),12),(6,(((7,(8,9)),10),11))); 0.244575
(1,(((2,3),5),4),((6,(((7,(8,9)),10),11)),12)); 0.234194
(1,((((2,3),5),4),(6,(((7,(8,9)),10),11))),12); 0.242547
(1,((((2,3),5),4),(6,(((7,(8,9)),10),11))),12); 0.247792
(1,((((2,3),5),4),12),(6,(((7,(8,9)),10),11))); 0.251788
(1,((((2,3),4),5),12),(6,(((7,(8,9)),10),11))); 0.253802
(1,(((2,3),4),5),((6,(((7,(8,9)),10),11)),12)); 0.235147
(1,((((2,3),5),4),12),(6,(((7,(8,9)),10),11))); 0.236453
(1,(((2,3),5),4),((6,(((7,(8,9)),10),11)),12)); 0.236396
(1,((((2,3),4),5),12),(6,(((7,(8,9)),10),11))); 0.23407
(1,(((2,3),4),5),((6,(((7,(8,9)),10),11)),12)); 0.237235
(1,((((2,3),4),5),(6,(((7,(8,9)),10),11))),12); 0.248477
(1,((2,(3,4)),5),((6,(((7,(8,9)),10),11)),12)); 0.23644
(1,((((2,3),5),4),(6,(((7,(8,9)),10),11))),12); 0.23742
(1,(((2,3),4),5),((6,(((7,(8,9)),10),11)),12)); 0.245864
(1,((((2,3),5),4),(6,(((7,(8,9)),10),11))),12); 0.250531
(1,((((2,3),5),4),(6,(((7,(8,9)),10),11))),12); 0.23971
(1,(((2,3),4),5),((6,(((7,(8,9)),10),11)),12)); 0.248567
(1,(((2,(3,5)),4),(6,(((7,(8,9)),10),11))),12); 0.25642
(1,((((2,3),4),5),(6,(((7,(8,9)),10),11))),12); 0.236974
(1,(((2,(4,9)),3),5),((6,(((7,8),10),11)),12)); 8.88007
(1,(((2,3),5),4),((6,(((7,(8,9)),10),11)),12)); 0.235715
(1,(((2,3),4),5),((6,(((7,(8,9)),10),11)),12)); 0.24549
(1,((((2,3),5),4),12),(6,(((7,(8,9)),10),11))); 0.24697
(1,((((2,3),5),4),(6,(((7,(8,9)),10),11))),12); 0.235698
(1,(((2,3),4),5),((6,(((7,(8,9)),10),11)),12)); 0.241684
(1,(((2,3),4),5),((6,(((7,(8,9)),10),11)),12)); 0.234564
(1,(((2,3),4),5),((6,(((7,(8,9)),10),11)),12)); 0.236024
(1,(((2,3),5),4),((6,(((7,(8,9)),10),11)),12)); 0.254126
(1,(((2,3),4),5),((6,(((7,(8,9)),10),11)),12)); 0.243477
(1,(((2,3),4),5),((6,(((7,(8,9)),10),11)),12)); 0.238361
(1,(((2,3),(4,5)),(6,(((7,(8,9)),10),11))),12); 0.234622
(1,(((2,3),4),5),((6,(((7,(8,9)),10),11)),12)); 0.259263
(1,(((2,3),4),5),((6,(((7,(8,9)),10),11)),12)); 0.234728
(1,(((2,3),4),5),((6,(((7,(8,9)),10),11)),12)); 0.239216
(1,((((2,3),4),5),(6,(((7,(8,9)),10),11))),12); 0.239312
(1,((((2,3),5),4),(6,(((7,(8,9)),10),11))),12); 0.259255
(1,(((2,3),5),4),((6,(((7,10),(8,9)),11)),12)); 0.240256
(1,((((2,3),5),4),(6,(((7,(8,9)),10),11))),12); 0.245937
(1,((((2,3),4),5),(6,(((7,(8,9)),10),11))),12); 0.24364
(1,((2,(3,(5,9))),4),((6,(((7,8),10),11)),12)); 8.88993
(1,((((2,3),4),5),(6,(((7,(8,9)),10),11))),12); 0.248055
(1,(((2,3),5),4),((6,(((7,(8,9)),10),11)),12)); 0.241459
(1,(((2,3),4),5),((6,(((7,(8,9)),10),11)),12)); 0.234801
(1,(((2,3),5),4),((6,(((7,(8,9)),10),11)),12)); 0.25157
(1,((2,((4,(9,10)),5)),3),((6,((7,8),11)),12)); 8.91104
(1,((((2,3),5),4),12),(6,(((7,(8,9)),10),11))); 0.238742
(1,((((2,3),5),4),12),(6,(((7,(8,9)),10),11))); 0.2364
(1,((((2,3),4),5),12),(6,(((7,(8,9)),10),11))); 0.239519
(1,((((2,3),4),5),(6,(((7,(8,9)),10),11))),12); 0.246014
(1,((((2,3),5),4),(6,(((7,(8,9)),10),11))),12); 0.237818
(1,((((2,3),5),4),(6,(((7,(8,9)),10),11))),12); 0.242753
(1,(((2,3),5),4),((6,(((7,(8,9)),10),11)),12)); 0.238771
(1,((((2,3),5),4),12),(6,(((7,(8,9)),10),11))); 0.236499
(1,((((2,3),4),5),12),(6,(((7,(8,9)),10),11))); 0.240325
(1,(((2,3),5),4),((6,(((7,(8,9)),10),11)),12)); 0.253664
(1,(((2,3),(4,5)),12),(6,(((7,(8,9)),10),11))); 0.242564
(1,((((2,3),5),4),(6,(((7,(8,9)),10),11))),12); 0.242485
(1,(((2,3),4),5),((6,(((7,(8,9)),10),11)),12)); 0.243478
(1,((((2,3),5),4),12),(6,(((7,(8,9)),10),11))); 0.237787
(1,(((2,3),5),4),((6,(((7,(8,9)),10),11)),12)); 0.267276
(1,((((2,3),5),4),(6,(((7,(8,9)),10),11))),12); 0.240566
(1,((((2,3),4),5),12),(6,(((7,(8,9)),10),11))); 0.235013
(1,((((2,3),4),5),(6,(((7,(8,9)),10),11))),12); 0.234051
(1,((((2,3),5),4),(6,(((7,(8,9)),10),11))),12); 0.243989
(1,(((2,3),4),5),((6,(((7,(8,9)),10),11)),12)); 0.237566
(1,((((2,3),4),5),12),(6,(((7,(8,9)),10),11))); 0.238749
(1,(((2,3),5),4),((6,(((7,(8,9)),10),11)),12)); 0.235034
(1,(((2,3),4),5),((6,(((7,(8,9)),10),11)),12)); 0.24007
(1,((((2,3),5),4),12),(6,(((7,(8,9)),10),11))); 0.242013

Topology counts to file
Tree distance matrix: 

        0  0.127917 0.0753959  0.112925  0.107128 0.0890233  0.137222  0.199207  0.114508  0.162642 0.0898096  0.180296 0.0820159  0.112661  0.164456  0.179144  0.172534  0.121082  0.123727 0.0714527 0.0649475 0.0792502  0.162196  0.113081 0.0963456  0.102072  0.154148  0.130519  0.149475  0.111213  0.167048  0.118774 0.0649817 0.0931684 0.0821975  0.112726  0.139368 0.0997177  0.155128  0.119498  0.156867  0.181245  0.142566  0.168295   0.11702   0.17404 0.0858908  0.159624 0.0903057    0.1089   9.07532  0.110032  0.158905 0.0712684  0.121874 0.0872807  0.144528  0.128436 0.0770585  0.170622  0.116965  0.136135 0.0884169  0.146502  0.125541  0.145097 0.0772594  0.141866  0.150778 0.0737101   9.08554 0.0956069 0.0908916  0.130581 0.0856961    9.1269  0.160453  0.098035  0.119738  0.079661  0.144736 0.0833182  0.153655  0.146724  0.162463  0.120446 0.0825464 0.0786957  0.107261  0.108772 0.0692602 0.0927213  0.125413  0.142055  0.154056  0.143259  0.142614  0.127119 0.0824295  0.152509  0.257645
 0.127917         0  0.112462 0.0631302 0.0856163  0.116075 0.0652309  0.105494 0.0566554 0.0740275  0.149203 0.0766067  0.104569 0.0865319  0.066165 0.0835821  0.171807 0.0868636  0.053631 0.0916968  0.119738  0.175935 0.0911742  0.179977  0.116417  0.129183 0.0940141 0.0908058 0.0557842 0.0657437 0.0860309 0.0456175 0.0910313 0.0973104   0.10523  0.110617 0.0715224 0.0704634 0.0551724 0.0568898 0.0650538 0.0909552 0.0698843 0.0705697  0.106777  0.111105 0.0742059  0.101303  0.123257 0.0674881    9.0657 0.0720456 0.0892385  0.104817 0.0601364 0.0732822 0.0507219 0.0666342  0.120073 0.0866921 0.0784518 0.0465635  0.126645 0.0543521 0.0567324 0.0634167  0.126279 0.0784116  0.100124 0.0808829   9.07594 0.0909728 0.0826077  0.038197   0.10628   9.11776 0.0730923 0.0695147 0.0910176  0.086788 0.0698925 0.0824535 0.0690448 0.0668701 0.0847448  0.105206 0.0975548 0.0881521 0.0909482 0.0752413  0.143721  0.082912 0.0788057 0.0550583 0.0691802 0.0645833 0.0588681 0.0470377  0.085995 0.0791631   0.23225
0.0753959  0.112462         0  0.108582 0.0831158 0.0918725  0.125201   0.18772  0.108255  0.140245   0.10259  0.148293 0.0884821  0.127896  0.140986  0.162775  0.157174  0.109638 0.0992143 0.0828624 0.0852269   0.11719  0.153866  0.141116 0.0918515  0.108984  0.129816  0.129228  0.129374 0.0919289  0.138319  0.115497 0.0756934  0.091136 0.0820305 0.0975033  0.129232  0.106901  0.134856  0.112819  0.140681  0.161775  0.128447  0.154403  0.127763  0.160421 0.0805007   0.13442 0.0796932 0.0795528   9.07272  0.094252   0.14015 0.0717687 0.0999848 0.0794126  0.129993  0.127987 0.0965631  0.153588  0.106271  0.105084  0.100349  0.128721  0.109102  0.137549 0.0718858  0.125502   0.13625 0.0815926   9.08296 0.0797715 0.0660886  0.118876 0.0524516   9.12504  0.157538 0.0747645  0.123931 0.0689974  0.130422 0.0571401  0.131408  0.138222  0.149721  0.090742 0.0958547 0.0781044 0.0974538  0.113497 0.0997508 0.0749499  0.113071  0.116674  0.125153  0.137774  0.108943 0.0980557 0.0754237  0.136738  0.250673
 0.112925 0.0631302  0.108582         0 0.0990393   0.10913 0.0847279  0.135987 0.0604592 0.0825299  0.121061  0.106343 0.0860553 0.0991455 0.0986013   0.10986   0.16357 0.0907282 0.0928597  0.067912  0.101706  0.147067 0.0992362  0.147924  0.112737  0.109443  0.138942 0.0811107  0.101878 0.0622249  0.121548 0.0464572 0.0757097  0.107152  0.100973  0.128371 0.0898023 0.0570809 0.0854501 0.0618086   0.11004  0.122678 0.0893502  0.096678 0.0901057  0.130113 0.0583736   0.12912  0.107256  0.085331   9.06697 0.0762072  0.108772 0.0837904 0.0916409 0.0848551 0.0778539 0.0863541  0.102878 0.0963958 0.0942784 0.0709702  0.111974 0.0998713 0.0727664 0.0920031  0.103614 0.0602379  0.106495 0.0864878    9.0772  0.103826  0.075797 0.0735554  0.113588    9.1187  0.102018 0.0772961 0.0707554 0.0780953 0.0854841 0.0961525  0.109248 0.0977534  0.110903  0.125299 0.0786367 0.0817034 0.0690091 0.0607687  0.121399 0.0755119 0.0958671 0.0758834  0.118035  0.091842 0.0996884 0.0832927 0.0778227  0.104348  0.236541
 0.107128 0.0856163 0.0831158 0.0990393         0  0.120715  0.118826  0.172439 0.0942956  0.116159  0.106867  0.119119 0.0881688  0.122645  0.108121  0.147978  0.137894  0.127035 0.0686275  0.106305 0.0968232  0.143202  0.150329  0.147221 0.0918306 0.0902605  0.105707  0.105671  0.105004 0.0954998  0.109482 0.0986348  0.096128 0.0672086 0.0702827  0.131722  0.110448  0.109397  0.112349 0.0882266  0.103021  0.152511  0.112032  0.134305  0.110544  0.163895 0.0855212 0.0848982  0.109764 0.0685037   9.07189 0.0777719 0.0857278  0.105367 0.0983085  0.062951  0.095152  0.104999   0.11457  0.123061 0.0873009 0.0984925 0.0850861  0.108139  0.108628   0.13488 0.0905046  0.117494   0.11622 0.0679756    9.0821 0.0576473 0.0558539  0.108988 0.0873807   9.12309  0.137348 0.0854686  0.115565 0.0790852 0.0959156 0.0617515  0.105627  0.112839  0.137513 0.0718122 0.0952963  0.109038 0.0877645  0.119413   0.11719 0.0640622  0.105205 0.0923378 0.0993311  0.113343 0.0843815 0.0702267 0.0862019  0.137723   0.24526
0.0890233  0.116075 0.0918725   0.10913  0.120715         0  0.118942  0.167939 0.0916834   0.13798  0.120243  0.150749  0.103907  0.116794  0.138997  0.158703  0.204469  0.091744  0.114534 0.0657659 0.0859819  0.116542  0.127336  0.119982  0.132853  0.134047  0.165295   0.12071  0.139161  0.116523  0.169824  0.101702 0.0651259   0.13746  0.126969 0.0952388   0.11834 0.0878008  0.133149  0.118412  0.140131  0.144165  0.116162  0.146122  0.116643  0.135493 0.0675324  0.165044 0.0642612  0.116748   9.07424  0.109092  0.154681 0.0717167 0.0995771  0.119312  0.124108 0.0936489 0.0446455  0.136246  0.112958  0.119624  0.107278  0.125607 0.0973137  0.127129 0.0821812  0.121646  0.120605 0.0910193   9.08446  0.127092 0.0821449  0.115101  0.101671   9.12616  0.147889 0.0813845  0.102837 0.0988413  0.118359  0.107536  0.139765  0.142638  0.136643  0.138892 0.0849349 0.0699102 0.0955894 0.0935312  0.110577 0.0910797  0.112656  0.123173  0.157127  0.113683  0.130158  0.123848 0.0830254  0.137548  0.253486
 0.137222 0.0652309  0.125201 0.0847279  0.118826  0.118942         0 0.0811445 0.0657971 0.0810479  0.167558 0.0934249  0.116376 0.0857789 0.0791758 0.0689826  0.190651 0.0607808 0.0840476 0.0962359  0.135609  0.193466 0.0738901  0.187526  0.144849  0.153724   0.11265  0.119009 0.0657413 0.0875927  0.100767 0.0707988 0.0940136  0.123601  0.139447  0.120083 0.0648214 0.0615257  0.059774 0.0669242 0.0765032 0.0876749 0.0716296 0.0519932   0.10504 0.0896998 0.0888432  0.113791  0.137505 0.0767356   9.06575 0.0835871  0.109271  0.114551 0.0689169  0.105817 0.0759215 0.0744899  0.127426 0.0889523 0.0822314 0.0636563  0.155193 0.0613341 0.0702793 0.0743186  0.146618 0.0778817  0.113228  0.116349   9.07599  0.129586  0.103981 0.0521772  0.125594   9.11798 0.0651287 0.0761821 0.0904827  0.118806 0.0865297  0.103409 0.0740092 0.0622873 0.0512376  0.133782  0.100671 0.0912377  0.108454 0.0622424  0.165283  0.107466 0.0452054 0.0693122  0.104108 0.0537567 0.0660562 0.0700978 0.0942604  0.047709  0.236772
 0.199207  0.105494   0.18772  0.135987  0.172439  0.167939 0.0811445         0  0.112984  0.102164    0.2284  0.105822  0.174421  0.119764 0.0989508 0.0696879  0.248749  0.103897  0.122972   0.15587  0.198545  0.253168 0.0754022  0.241466   0.21146  0.216012  0.157633  0.150321  0.103237  0.140998  0.133099  0.110843   0.15077  0.183015  0.198504  0.157045 0.0977131  0.114423 0.0955639  0.121299 0.0851656  0.072094  0.096111 0.0658291  0.150628 0.0681712  0.140135  0.161371  0.182489  0.136059   9.06002   0.13771  0.151409  0.169238  0.105636  0.166035  0.104462 0.0986401  0.176963   0.11041  0.144487  0.107698  0.209196 0.0821705  0.112335 0.0825356  0.204678  0.120553  0.126706  0.165251   9.07025   0.18406  0.165652  0.091086  0.187596    9.1116 0.0693976  0.132403  0.125908   0.17427  0.109069  0.165797  0.105699   0.09256 0.0609934  0.194516  0.152823  0.138541  0.163572   0.10859  0.226994  0.159285   0.10344  0.105425  0.129866 0.0826564   0.11018  0.125019   0.15976 0.0834728  0.251136
 0.114508 0.0566554  0.108255 0.0604592 0.0942956 0.0916834 0.0657971  0.112984         0 0.0709777  0.126736 0.0884101 0.0888626 0.0930189 0.0738055 0.0904526  0.172398 0.0747522 0.0804103 0.0699993  0.104714  0.156709 0.0758292  0.147343  0.126944  0.115021  0.131172 0.0776773 0.0864559 0.0675646  0.110028 0.0454587 0.0700055  0.107732  0.107616  0.123865 0.0562632 0.0444955 0.0706292 0.0541577 0.0808808  0.105699  0.054436 0.0789449 0.0697469  0.107149  0.060232  0.112413  0.107472 0.0809098   9.06779 0.0633071 0.0913371 0.0794225 0.0759944   0.09127 0.0544334 0.0565771 0.0885712 0.0770521 0.0746856 0.0699582  0.111055 0.0685282 0.0717107 0.0843768  0.110477  0.053707 0.0911825  0.086364   9.07803   0.11016 0.0707493 0.0639164  0.115063   9.11985  0.079104 0.0688957 0.0559801 0.0910485 0.0690076 0.0935437 0.0801467 0.0791747 0.0795504  0.124364 0.0609999 0.0767556  0.068602 0.0535299  0.124378 0.0766879 0.0659971 0.0665353  0.111705 0.0642349 0.0845624 0.0772922 0.0643108 0.0897824  0.233988
 0.162642 0.0740275  0.140245 0.0825299  0.116159   0.13798 0.0810479  0.102164 0.0709777         0  0.156128 0.0572222  0.112867  0.130696 0.0579355 0.0801596  0.181265  0.106548 0.0871362  0.119875  0.154041  0.200591 0.0843207  0.182583  0.162775  0.143169  0.148109  0.102815 0.0946989 0.0903997 0.0966752 0.0722482  0.113785  0.140058  0.137665   0.15599 0.0601242 0.0888801 0.0775817 0.0787876 0.0814543  0.108493  0.047376  0.066135 0.0965132  0.115066 0.0921709  0.111424  0.138196 0.0905268   9.06416 0.0785817 0.0858545  0.119204 0.0901526  0.119012 0.0592032 0.0863751  0.137636 0.0518739  0.104152 0.0686169  0.141635 0.0832915 0.0926771  0.103207  0.144044 0.0604395 0.0925884  0.129896   9.07441  0.136589  0.105225 0.0883525  0.146679   9.11662 0.0915541 0.0906893 0.0797414  0.131635 0.0695818  0.123921 0.0946623 0.0913494 0.0773445  0.147416   0.10028  0.117478 0.0910231 0.0911887  0.168234  0.106841 0.0860559 0.0636383  0.120134 0.0763924 0.0891154 0.0838894  0.107424   0.09971  0.238581
0.0898096  0.149203   0.10259  0.121061  0.106867  0.120243  0.167558    0.2284  0.126736  0.156128         0  0.177487 0.0736877  0.165265  0.165395  0.195898  0.142701  0.163097  0.143372  0.110631  0.090875 0.0901746  0.184713 0.0852122  0.121262 0.0628201  0.188377  0.124473  0.177041  0.128018  0.172704  0.134625  0.101058  0.113123 0.0843122  0.174014  0.146283  0.130495  0.171147  0.130433  0.173577  0.211109  0.146705   0.18428  0.105805    0.2065  0.103194  0.152167  0.104321  0.129863   9.07589  0.109785  0.138252 0.0938415  0.152078  0.112088  0.147643  0.149364 0.0979625  0.160385  0.128196  0.152862  0.059433  0.171098  0.159366  0.184684 0.0677386   0.14119  0.150221  0.106994   9.08611  0.111848 0.0904707  0.164294  0.121467   9.12791  0.185552   0.12126  0.121887  0.107557  0.143986  0.109379  0.171547   0.17134  0.185488  0.134663 0.0846652   0.12426 0.0931622   0.13984 0.0664939 0.0942583  0.147772  0.148696  0.181714  0.163904  0.165409  0.142256 0.0921993  0.190564  0.266034
 0.180296 0.0766067  0.148293  0.106343  0.119119  0.150749 0.0934249  0.105822 0.0884101 0.0572222  0.177487         0  0.135784  0.145215   0.04284 0.0850454  0.181059   0.12364 0.0826501  0.138988  0.170092  0.221905  0.104046  0.205916  0.169619  0.155852  0.135687  0.108352 0.0924796  0.107415 0.0821058 0.0874624  0.139865  0.145225  0.148968  0.160323 0.0707512  0.113564 0.0765717  0.090783 0.0758467  0.112859 0.0736102 0.0771552  0.117068  0.120699  0.111664   0.10102  0.157047 0.0993149   9.06387 0.0886988 0.0847892   0.14004 0.0946925  0.128306 0.0663415 0.0955294  0.158579 0.0574933   0.10959 0.0752873   0.15523 0.0734919  0.107643  0.111623  0.163252 0.0884942   0.10196  0.139626   9.07412  0.139981  0.115717  0.091273  0.149581   9.11633  0.094143  0.108495  0.106124  0.139018 0.0727955   0.12761 0.0764689 0.0898446   0.08589  0.141005  0.125106  0.132963  0.108918  0.120159  0.185285  0.116012 0.0976541 0.0664508   0.10435 0.0890317 0.0867248 0.0791014  0.118461  0.109809  0.242445
0.0820159  0.104569 0.0884821 0.0860553 0.0881688  0.103907  0.116376  0.174421 0.0888626  0.112867 0.0736877  0.135784         0  0.110544  0.117141  0.140168  0.132291  0.119429 0.0994568 0.0862501 0.0937203  0.116809  0.145011  0.104941  0.108986  0.073767  0.148924 0.0983967  0.121074 0.0848704  0.128429 0.0896432 0.0744084 0.0874599 0.0721415  0.141634 0.0998525 0.0840196  0.126208 0.0863251  0.125507  0.166819  0.102764  0.133616 0.0761349  0.156805 0.0721263  0.115654 0.0974067 0.0819884   9.07237  0.064225  0.108602  0.071334  0.102263 0.0756488   0.10913  0.108789 0.0850261    0.1205 0.0860175  0.104959 0.0726235  0.120864  0.120697    0.1365 0.0748888   0.10775  0.112793 0.0854897    9.0826 0.0921965 0.0722512  0.117115  0.100538   9.12464  0.136658 0.0737613 0.0784959 0.0964837  0.109386 0.0799973  0.133445  0.116282  0.132474  0.111907 0.0561064 0.0858314  0.073267 0.0956385 0.0941082 0.0696777  0.100013  0.100524  0.138656  0.122898  0.121168 0.0990195 0.0626656  0.137349  0.246277
 0.112661 0.0865319  0.127896 0.0991455  0.122645  0.116794 0.0857789  0.119764 0.0930189  0.130696  0.165265  0.145215  0.110544         0  0.122139  0.112473  0.199866 0.0803934  0.100164 0.0949038  0.117971  0.166597     0.116  0.174496  0.132968  0.155782    0.1214  0.122464 0.0872468 0.0996178  0.140225 0.0841894 0.0869407  0.113243  0.129465   0.10479    0.1104 0.0713746  0.103083 0.0908416  0.100391  0.110904  0.114074  0.109233   0.12488  0.106078 0.0976275  0.145288  0.128603  0.101413   9.06714  0.107953  0.145877  0.113785  0.084353 0.0978628  0.107173   0.08454  0.111472  0.138204  0.101897  0.102765  0.148404  0.089964 0.0902542 0.0761973  0.136602  0.123904  0.122012 0.0876708   9.07736  0.118719  0.115956 0.0757837  0.123546   9.11841 0.0947561 0.0875949   0.10294  0.109708  0.114638  0.106169  0.117505 0.0845161  0.105066  0.138127  0.107962 0.0816421  0.130277 0.0705915  0.155315  0.106746   0.09395  0.102053  0.111628 0.0958656  0.101787  0.105698  0.108789 0.0910751  0.243303
 0.164456  0.066165  0.140986 0.0986013  0.108121  0.138997 0.0791758 0.0989508 0.0738055 0.0579355  0.165395   0.04284  0.117141  0.122139         0 0.0709984  0.172466  0.114926 0.0736717  0.130961  0.154517  0.209183  0.101623  0.189425  0.157856  0.142073  0.123616 0.0956168 0.0720809 0.0992268 0.0728404 0.0724294  0.123981  0.125789  0.136866  0.153511 0.0483778 0.0972736 0.0631413 0.0748265 0.0553983   0.10849 0.0592047 0.0629704 0.0984001   0.10926  0.103129 0.0849155  0.147631 0.0899807   9.06332 0.0710357 0.0694017  0.130109 0.0820949  0.113925 0.0516649 0.0768973  0.143038 0.0588849 0.0855753  0.069658  0.141209 0.0564451  0.103925  0.102955  0.150684 0.0874258 0.0867675  0.123325   9.07357  0.125759  0.103801 0.0849488  0.141619   9.11574 0.0769632 0.0963424 0.0894211  0.131541 0.0602699  0.113756 0.0693791 0.0682405 0.0690611  0.128947  0.107883  0.119282  0.101632  0.104128  0.172985  0.101869 0.0797624 0.0553249 0.0957265 0.0746837 0.0804899 0.0692204  0.102846  0.101264  0.236386
 0.179144 0.0835821  0.162775   0.10986  0.147978  0.158703 0.0689826 0.0696879 0.0904526 0.0801596  0.195898 0.0850454  0.140168  0.112473 0.0709984         0  0.196977  0.102351   0.10966  0.139648  0.175347  0.232148  0.083385  0.219805  0.179919   0.17816  0.134355   0.12397 0.0825136  0.103371 0.0915915 0.0902142  0.134398  0.149061  0.163353  0.158091 0.0731051 0.0950341 0.0704007 0.0824583 0.0802058 0.0923805 0.0777391 0.0455737  0.124011 0.0914084  0.125456  0.125054  0.170666  0.111461    9.0599  0.104968  0.116096  0.142786 0.0973055  0.136173 0.0821419 0.0987941   0.16404 0.0920413  0.108248 0.0776923  0.182329 0.0713447  0.108482 0.0849228  0.180702 0.0933883  0.118605  0.147025   9.07015  0.154677  0.138601 0.0795473  0.164306   9.11238 0.0525245  0.111959  0.104265   0.14928 0.0958914  0.135959  0.082235  0.061633 0.0500736  0.162247  0.128688  0.125169  0.135162 0.0949441  0.196629  0.133545 0.0792541 0.0800744  0.110115 0.0848582 0.0933062 0.0959253  0.125991 0.0672843   0.24047
 0.172534  0.171807  0.157174   0.16357  0.137894  0.204469  0.190651  0.248749  0.172398  0.181265  0.142701  0.181059  0.132291  0.199866  0.172466  0.196977         0  0.210495  0.166708  0.178426  0.164921  0.189839  0.230836  0.178162  0.131152  0.101622  0.174758  0.165216  0.176399   0.14141  0.151662  0.171877  0.180461  0.123767  0.119815  0.230664  0.174534  0.177936  0.183716  0.143621  0.195392  0.245433    0.1893  0.201561     0.156   0.24871  0.171864  0.125068  0.198608  0.150186   9.07389  0.138208  0.141332  0.161677  0.191418  0.137527  0.176996  0.200411  0.192641  0.180572  0.136168  0.167788  0.141863  0.192458  0.201023  0.219811  0.164707  0.174313  0.196902  0.165096   9.08413  0.142203  0.143013  0.192157  0.152819    9.1263  0.202184  0.167271  0.172917  0.158744   0.18304  0.139793  0.180087  0.167066   0.20361  0.125091  0.160566  0.191628  0.137954   0.19539  0.153473  0.148617  0.172846  0.171843  0.180428  0.203418  0.176503  0.152418  0.140076   0.19784    0.2831
 0.121082 0.0868636  0.109638 0.0907282  0.127035  0.091744 0.0607808  0.103897 0.0747522  0.106548  0.163097   0.12364  0.119429 0.0803934  0.114926  0.102351  0.210495         0  0.101612 0.0735284   0.12257  0.170047 0.0731236   0.17458  0.148152  0.163927  0.138712  0.126708  0.100322 0.0920626  0.141017 0.0853364 0.0745534  0.139771  0.144041 0.0898816 0.0969596 0.0584585 0.0936846 0.0905887  0.104078 0.0858276 0.0920183 0.0949693  0.119387 0.0834228 0.0798942  0.151607  0.111923 0.0935528   9.06805  0.105946  0.144902 0.0958664 0.0771881  0.116044 0.0997413 0.0793898  0.103849  0.116406  0.108967 0.0835885  0.154418 0.0882114 0.0617827 0.0751833  0.130806 0.0875119  0.119811  0.107829   9.07828  0.137854  0.102004 0.0651086  0.121457   9.11988  0.099148 0.0709303 0.0922692  0.107209   0.10476  0.111008  0.106069 0.0999212 0.0852324  0.150339 0.0984818 0.0688219  0.112745 0.0504923  0.158828  0.108124 0.0719708 0.0880338  0.126845 0.0792933 0.0845256 0.0990262  0.101075 0.0700712   0.24238
 0.123727  0.053631 0.0992143 0.0928597 0.0686275  0.114534 0.0840476  0.122972 0.0804103 0.0871362  0.143372 0.0826501 0.0994568  0.100164 0.0736717   0.10966  0.166708  0.101612         0  0.105443  0.124476  0.174426  0.118817  0.174525  0.119108  0.126653 0.0937928  0.103956 0.0677633 0.0867204 0.0844058 0.0769933 0.0974645 0.0915013  0.101819    0.1077 0.0762011 0.0916907  0.086719 0.0777624 0.0668419  0.111578  0.080841 0.0958651  0.110542   0.12178 0.0748973 0.0900871  0.115003 0.0518224   9.06725 0.0667049 0.0907702  0.107773 0.0493911 0.0710868 0.0736031 0.0784681  0.120266 0.0952247 0.0826226 0.0669001  0.115638 0.0653369 0.0776687 0.0933465  0.117733  0.107386 0.0944408 0.0807564   9.07749 0.0799041  0.082788 0.0715608 0.0918304   9.11958 0.0996408 0.0675697  0.103022  0.096995 0.0751392 0.0711875  0.080758 0.0790957 0.0950528 0.0904411 0.0994411 0.0924455 0.0966149 0.0999915  0.143792 0.0757372 0.0799622  0.067826 0.0685749 0.0766718 0.0584684 0.0494509 0.0886037 0.0994888  0.236255
0.0714527 0.0916968 0.0828624  0.067912  0.106305 0.0657659 0.0962359   0.15587 0.0699993  0.119875  0.110631  0.138988 0.0862501 0.0949038  0.130961  0.139648  0.178426 0.0735284  0.105443         0 0.0703762  0.107975  0.109094  0.123934  0.103891  0.112025  0.147494  0.103462  0.121139 0.0762189  0.151746 0.0767584 0.0460128  0.112591 0.0993983 0.0991178  0.108868 0.0540994  0.114555 0.0867695  0.131062  0.135717  0.107522  0.126882 0.0981904  0.136346 0.0517792   0.14946 0.0839784 0.0944551   9.07237 0.0937349  0.139751 0.0523798 0.0969674 0.0896667  0.107054 0.0921653 0.0624403  0.125912 0.0994493 0.0986446   0.10391  0.115164 0.0769843  0.105065 0.0850021 0.0886497  0.124186 0.0762201   9.08257  0.110493 0.0712752 0.0875602 0.0928643   9.12342  0.126336 0.0691836 0.0841049 0.0684115  0.114101 0.0906865  0.124229  0.119867  0.125797  0.127266 0.0684675 0.0584685 0.0744572 0.0642563  0.095694 0.0815987  0.098021  0.104754  0.140139    0.1046  0.112908   0.10484 0.0671902  0.111516  0.244515
0.0649475  0.119738 0.0852269  0.101706 0.0968232 0.0859819  0.135609  0.198545  0.104714  0.154041  0.090875  0.170092 0.0937203  0.117971  0.154517  0.175347  0.164921   0.12257  0.124476 0.0703762         0 0.0847735  0.158211  0.110847  0.081949 0.0913848  0.147991  0.119438  0.143661  0.106147  0.165231  0.108404 0.0651259 0.0959299 0.0877583  0.123285  0.138234 0.0985442  0.136677  0.106131  0.152802  0.173354  0.142554  0.162176  0.116444  0.174977 0.0884741  0.148715 0.0917776  0.117222   9.07343  0.107482    0.1451 0.0778017  0.128287  0.091698  0.127194  0.118329 0.0724861  0.158771  0.101736  0.132181 0.0857918  0.143316  0.116563  0.146624   0.07266  0.128997   0.14311 0.0685612   9.08367 0.0952963 0.0691902  0.129369 0.0919281   9.12584  0.157363 0.0993791  0.117218 0.0654227  0.132457 0.0897722  0.143007  0.142466  0.161171  0.110017 0.0876283 0.0965003 0.0929797  0.107334 0.0711134 0.0815686  0.126023   0.13427  0.152754  0.134104  0.134656  0.122556 0.0751641  0.151526   0.25401
0.0792502  0.175935   0.11719  0.147067  0.143202  0.116542  0.193466  0.253168  0.156709  0.200591 0.0901746  0.221905  0.116809  0.166597  0.209183  0.232148  0.189839  0.170047  0.174426  0.107975 0.0847735         0  0.205651 0.0844107  0.120999  0.112745  0.210903  0.157059  0.200812  0.150273  0.223467  0.159133  0.111947  0.145384  0.113563  0.160862  0.189979  0.146734  0.203506  0.167208  0.209264  0.226787   0.18741  0.220093  0.152496  0.226007  0.125096   0.20338  0.110165  0.163929   9.08126  0.158974  0.196402  0.105164  0.177037  0.135514  0.185452  0.170593 0.0933637   0.20514  0.162947  0.184708 0.0945225  0.201544  0.168141  0.197346 0.0828279  0.175284  0.183982  0.114509    9.0915  0.140759  0.119514  0.183449  0.129871   9.13363  0.218421  0.142351  0.154251  0.116438  0.187716  0.139349   0.20932  0.204233  0.218735  0.160996  0.122596  0.132203  0.125988  0.156745 0.0790763  0.129949  0.183917  0.184362  0.211098  0.193177  0.194197  0.180029  0.128695  0.208884  0.285443
 0.162196 0.0911742  0.153866 0.0992362  0.150329  0.127336 0.0738901 0.0754022 0.0758292 0.0843207  0.184713  0.104046  0.145011     0.116  0.101623  0.083385  0.230836 0.0731236  0.118817  0.109094  0.158211  0.205651         0  0.199134  0.185052  0.181137  0.164076  0.113812   0.11451  0.111394  0.139801 0.0840592  0.109948   0.16622  0.167552  0.135857 0.0849132 0.0774384 0.0915475 0.0994975 0.0965901 0.0716202 0.0714867 0.0665644  0.117588 0.0763516  0.101485  0.159189  0.141175  0.123194   9.06456  0.120341  0.139392  0.124813 0.0998868  0.145715 0.0840514 0.0774627  0.134276 0.0963838  0.129663 0.0931572  0.172537  0.088885 0.0881795 0.0742348  0.162798 0.0767612  0.108252  0.137462    9.0748  0.163449  0.130256 0.0769147  0.165546   9.11662 0.0787586  0.106418 0.0917001  0.135289 0.0948337  0.143385 0.0999255  0.104258 0.0721508  0.182345  0.112123  0.102539  0.122826 0.0729434  0.182809  0.128477 0.0909831 0.0876077  0.139414 0.0723992  0.107486   0.11568  0.127089 0.0852759  0.245095
 0.113081  0.179977  0.141116  0.147924  0.147221  0.119982  0.187526  0.241466  0.147343  0.182583 0.0852122  0.205916  0.104941  0.174496  0.189425  0.219805  0.178162   0.17458  0.174525  0.123934  0.110847 0.0844107  0.199134         0  0.152952  0.104488  0.228102  0.142635  0.200323  0.158719  0.217883  0.153801  0.122697  0.158743  0.135064  0.193705   0.16924  0.142075  0.199151  0.160065  0.199909  0.229855  0.172482  0.208247  0.120495  0.217463  0.123827  0.189092   0.11908  0.166381   9.07995  0.145307  0.178219  0.112678  0.178195  0.155858   0.17737  0.159895 0.0908122  0.177476  0.153306  0.183674 0.0873235  0.197753  0.179884    0.2075 0.0924406  0.164526  0.161678  0.135426   9.09018  0.162375   0.11976  0.191064  0.154936    9.1322  0.210201    0.1445  0.128276  0.146668  0.169586  0.155052  0.205861  0.194373  0.202613  0.174351  0.105443   0.14375  0.109695  0.155672  0.103631  0.127143  0.171836  0.176576  0.222443  0.183652  0.197715  0.181633  0.125979   0.21076  0.283246
0.0963456  0.116417 0.0918515  0.112737 0.0918306  0.132853  0.144849   0.21146  0.126944  0.162775  0.121262  0.169619  0.108986  0.132968  0.157856  0.179919  0.131152  0.148152  0.119108  0.103891  0.081949  0.120999  0.185052  0.152952         0 0.0919812  0.116679  0.141784  0.128097 0.0960008  0.149095   0.12372  0.110571 0.0731866   0.06914  0.136125  0.154512  0.125174  0.142864   0.11618  0.162702  0.188849  0.159886   0.17125   0.14745  0.203481  0.114547  0.132837  0.133674   0.10556   9.07461  0.116104  0.142779  0.108641  0.134486 0.0678924  0.143513  0.150726  0.126502  0.171439  0.102736  0.125585  0.106938  0.151274  0.123186  0.155244  0.103557  0.145059  0.170037  0.086988   9.08483 0.0761375 0.0882537  0.132639 0.0704798   9.12651  0.170029   0.10981  0.149822 0.0816633  0.156842 0.0803318  0.149526  0.143948  0.176469 0.0655477  0.127535  0.125502  0.108851  0.137654 0.0955613  0.103594  0.143486  0.142248  0.131599  0.156244    0.1299   0.11176 0.0946733  0.151278  0.259954
 0.102072  0.129183  0.108984  0.109443 0.0902605  0.134047  0.153724  0.216012  0.115021  0.143169 0.0628201  0.155852  0.073767  0.155782  0.142073   0.17816  0.101622  0.163927  0.126653  0.112025 0.0913848  0.112745  0.181137  0.104488 0.0919812         0  0.161951  0.108801  0.151232   0.10739  0.144715  0.118941  0.111724 0.0859098 0.0626508  0.177698  0.130942   0.12269  0.150728  0.107432  0.158315  0.205455  0.140104  0.168036 0.0938057  0.206367  0.106929  0.117975  0.129945  0.115636   9.07485 0.0923728  0.110834 0.0983723  0.147066 0.0908395  0.129918  0.142387  0.114915  0.144812  0.102005  0.137872 0.0537936  0.154849   0.15102  0.176044 0.0899308  0.129703    0.1466  0.101799   9.08508 0.0955862 0.0815041  0.151281  0.113703   9.12712  0.168029  0.119968  0.116456  0.101235  0.136404 0.0986301  0.150712  0.145997  0.171301  0.104159 0.0885434    0.1316 0.0754039  0.139362 0.0711878 0.0905678  0.137633  0.135028  0.159731  0.153831  0.149844  0.122147 0.0795336  0.174273  0.259483
 0.154148 0.0940141  0.129816  0.138942  0.105707  0.165295   0.11265  0.157633  0.131172  0.148109  0.188377  0.135687  0.148924    0.1214  0.123616  0.134355  0.174758  0.138712 0.0937928  0.147494  0.147991  0.210903  0.164076  0.228102  0.116679  0.161951         0  0.159533 0.0771154  0.119096 0.0953127  0.126604  0.140433 0.0946982   0.12852  0.131714  0.134291  0.138353  0.101424  0.112391  0.109154   0.14157  0.140518  0.128223  0.168256  0.162736  0.141372 0.0989465  0.171846 0.0935485    9.0667  0.118593  0.123561  0.158348  0.107804 0.0909103  0.120193   0.13493   0.17356  0.156157  0.098338  0.103877  0.169778  0.100932  0.118455  0.123493  0.168004  0.152499  0.162504  0.117672   9.07693 0.0969912  0.124877  0.102738  0.110254   9.11869  0.126176  0.116463   0.16566  0.122021  0.135623 0.0894657 0.0953207  0.103001  0.134906 0.0830699  0.157619  0.140129   0.15338  0.142699  0.177666  0.128398  0.116631  0.117343 0.0642374  0.125172 0.0792527 0.0759717  0.126616  0.113369  0.252269
 0.130519 0.0908058  0.129228 0.0811107  0.105671   0.12071  0.119009  0.150321 0.0776773  0.102815  0.124473  0.108352 0.0983967  0.122464 0.0956168   0.12397  0.165216  0.126708  0.103956  0.103462  0.119438  0.157059  0.113812  0.142635  0.141784  0.108801  0.159533         0  0.123162 0.0981152  0.129577  0.069796  0.104702  0.116777  0.110742  0.155012 0.0894214 0.0876406  0.112043 0.0836061  0.108113   0.13693 0.0951834  0.110733 0.0796273  0.135596 0.0810474   0.12614  0.113962  0.116437   9.06928 0.0908583  0.107545  0.101061  0.111203    0.1119  0.080895  0.084875  0.109269 0.0999616  0.104881  0.104715  0.101584  0.107444  0.121136   0.11625  0.112074  0.097482 0.0712971 0.0946977   9.07951  0.112385 0.0944956  0.106754  0.140499   9.12124  0.110184  0.106147 0.0734865 0.0969989 0.0827084   0.11046  0.109856  0.107071  0.121344  0.140945 0.0818845 0.0975619 0.0800311  0.103273    0.1284 0.0695711  0.113903 0.0835384  0.130521  0.109257  0.126939  0.109003 0.0956235  0.138302  0.245327
