
Alignment summary:
1: A=332 C=329 G=246 T=593
2: A=336 C=335 G=243 T=586
3: A=324 C=345 G=255 T=576
4: A=326 C=330 G=256 T=588
5: A=324 C=331 G=253 T=592
14: A=319 C=329 G=255 T=597
6: A=323 C=331 G=247 T=599
7: A=322 C=324 G=252 T=602
8: A=323 C=328 G=257 T=592
9: A=319 C=322 G=260 T=599
11: A=325 C=322 G=251 T=602
10: A=325 C=321 G=256 T=598
12: A=324 C=319 G=253 T=604
13: A=321 C=325 G=251 T=603
15: A=327 C=323 G=257 T=593
16: A=315 C=335 G=257 T=593
17: A=318 C=337 G=259 T=586
18: A=316 C=329 G=263 T=592
19: A=319 C=326 G=262 T=593
20: A=331 C=334 G=252 T=583
21: A=328 C=333 G=254 T=585
24: A=336 C=322 G=256 T=586
25: A=324 C=337 G=261 T=578
26: A=326 C=330 G=259 T=585
27: A=329 C=313 G=259 T=599
28: A=330 C=338 G=252 T=580
29: A=329 C=325 G=263 T=583
30: A=331 C=329 G=262 T=578
31: A=331 C=327 G=259 T=583
22: A=336 C=335 G=254 T=575
23: A=336 C=326 G=256 T=582

Seed = 4017295969
Jukes-Cantor Distance Matrix:

        0 0.0632612  0.184212   0.14035   0.13315  0.159895  0.151689  0.143572  0.136341  0.146808  0.145998  0.146808  0.143572  0.145998  0.197974  0.252888  0.252888  0.233526  0.236261  0.240843  0.239007  0.214651  0.228989  0.213764  0.228084  0.216429  0.212878  0.191062  0.239007  0.209345  0.226279
0.0632612         0   0.19451  0.156602  0.149245  0.173214  0.167358  0.158247  0.149245  0.153323  0.153323  0.163203  0.157424  0.162374  0.211993  0.259454  0.266079  0.248232  0.252888  0.253822  0.252888  0.222682  0.241763  0.228084  0.236261  0.228084  0.233526  0.209345  0.254758  0.221786  0.232616
 0.184212   0.19451         0  0.153323  0.136341  0.163203  0.155781  0.154141  0.150059  0.149245  0.154141  0.158247  0.152506  0.151689  0.211109  0.253822  0.251022  0.239924  0.249161  0.239924  0.233526  0.215539   0.22358  0.211109  0.228989  0.224479  0.224479  0.200583  0.252888  0.215539  0.225379
  0.14035  0.156602  0.153323         0 0.0382946  0.102724  0.102724 0.0943614 0.0883373 0.0928508 0.0936057 0.0913433  0.095875 0.0973917  0.179116  0.236261  0.231708  0.221786  0.222682   0.22358  0.219102  0.185065  0.205828   0.19624  0.213764  0.199712  0.201454   0.18251  0.228989  0.187629  0.211993
  0.13315  0.149245  0.136341 0.0382946         0 0.0868388 0.0936057 0.0831056 0.0749573 0.0786501 0.0823611 0.0823611 0.0823611 0.0823611  0.167358  0.219102  0.217319  0.208464  0.210226  0.208464  0.205828  0.173214  0.188486  0.179963  0.201454  0.186773  0.187629  0.169862  0.212878  0.174895  0.199712
 0.159895  0.173214  0.163203  0.102724 0.0868388         0  0.111182 0.0996725 0.0989115  0.100434  0.102724  0.109637  0.108095  0.107326  0.200583  0.248232  0.245453  0.232616  0.238091  0.232616  0.228084  0.200583   0.21821  0.203201    0.2308  0.212878  0.216429   0.19624  0.233526  0.199712  0.219996
 0.151689  0.167358  0.155781  0.102724 0.0936057  0.111182         0 0.0467612 0.0808745 0.0831056 0.0883373 0.0823611 0.0875877 0.0898388  0.189343  0.253822  0.244528  0.231708  0.238091  0.238091  0.232616  0.202327   0.21821  0.209345  0.224479  0.211109  0.213764  0.191062  0.234437  0.204951  0.222682
 0.143572  0.158247  0.154141 0.0943614 0.0831056 0.0996725 0.0467612         0 0.0712827 0.0727504 0.0793908 0.0764323 0.0793908 0.0779101  0.183361  0.234437  0.227181   0.21821  0.224479  0.222682   0.21821  0.191062  0.203201  0.197974  0.209345  0.197974  0.199712  0.175738  0.224479  0.185919  0.211993
 0.136341  0.149245  0.150059 0.0883373 0.0749573 0.0989115 0.0808745 0.0712827         0 0.0340968 0.0668967 0.0625362 0.0661682 0.0668967  0.180811  0.227181  0.228989  0.215539  0.219102  0.217319  0.214651  0.183361  0.198843  0.187629  0.206705  0.190202   0.19624   0.17827  0.214651  0.180811  0.200583
 0.146808  0.153323  0.149245 0.0928508 0.0786501  0.100434 0.0831056 0.0727504 0.0340968         0 0.0705499 0.0690865 0.0654404 0.0712827  0.185919  0.233526  0.229894  0.208464  0.213764  0.214651  0.211109  0.191062  0.208464   0.19451  0.211109  0.197974  0.203201  0.183361  0.219102  0.185919  0.197974
 0.145998  0.153323  0.154141 0.0936057 0.0823611  0.102724 0.0883373 0.0793908 0.0668967 0.0705499         0 0.0756944 0.0749573 0.0749573   0.18166  0.232616  0.228084   0.21821  0.224479   0.22089   0.21821  0.185919  0.210226  0.191922  0.206705  0.200583  0.198843  0.177425   0.22358  0.185065  0.211109
 0.146808  0.163203  0.158247 0.0913433 0.0823611  0.109637 0.0823611 0.0764323 0.0625362 0.0690865 0.0756944         0 0.0647133 0.0712827  0.188486  0.240843  0.237175   0.22089  0.225379  0.225379  0.222682  0.192784  0.209345  0.202327  0.215539  0.198843  0.202327  0.187629  0.228989  0.195375  0.209345
 0.143572  0.157424  0.152506  0.095875 0.0823611  0.108095 0.0875877 0.0793908 0.0661682 0.0654404 0.0749573 0.0647133         0 0.0712827  0.189343  0.228989  0.228084  0.219102  0.225379   0.22358  0.219102  0.190202  0.209345  0.197974  0.214651  0.197107  0.197974   0.18166  0.219996  0.189343  0.207584
 0.145998  0.162374  0.151689 0.0973917 0.0823611  0.107326 0.0898388 0.0779101 0.0668967 0.0712827 0.0749573 0.0712827 0.0712827         0  0.180811  0.234437  0.236261  0.217319  0.219996  0.219102   0.21821  0.190202  0.204075   0.19624  0.205828  0.203201  0.200583   0.18166   0.21821  0.197107  0.207584
 0.197974  0.211993  0.211109  0.179116  0.167358  0.200583  0.189343  0.183361  0.180811  0.185919   0.18166  0.188486  0.189343  0.180811         0  0.237175  0.236261  0.216429   0.22089  0.219102  0.216429  0.187629  0.211109  0.192784  0.209345  0.203201  0.205828   0.18251  0.226279  0.180811  0.206705
 0.252888  0.259454  0.253822  0.236261  0.219102  0.248232  0.253822  0.234437  0.227181  0.233526  0.232616  0.240843  0.228989  0.234437  0.237175         0 0.0951178  0.145998  0.149245  0.150873  0.145998  0.213764  0.229894   0.22089  0.237175  0.228084  0.211993   0.19451  0.235348   0.22089  0.239007
 0.252888  0.266079  0.251022  0.231708  0.217319  0.245453  0.244528  0.227181  0.228989  0.229894  0.228084  0.237175  0.228084  0.236261  0.236261 0.0951178         0   0.14438  0.145998   0.14762  0.141154   0.21821  0.233526  0.222682  0.238091  0.215539  0.222682  0.202327  0.245453  0.225379  0.240843
 0.233526  0.248232  0.239924  0.221786  0.208464  0.232616  0.231708   0.21821  0.215539  0.208464   0.21821   0.22089  0.219102  0.217319  0.216429  0.145998   0.14438         0 0.0175368 0.0647133 0.0596432  0.215539  0.225379  0.217319  0.219996  0.225379  0.214651   0.19451  0.233526  0.215539  0.229894
 0.236261  0.252888  0.249161  0.222682  0.210226  0.238091  0.238091  0.224479  0.219102  0.213764  0.224479  0.225379  0.225379  0.219996   0.22089  0.149245  0.145998 0.0175368         0 0.0618119 0.0567614   0.21821  0.227181   0.21821  0.227181  0.228989   0.21821   0.19451  0.233526  0.217319  0.235348
 0.240843  0.253822  0.239924   0.22358  0.208464  0.232616  0.238091  0.222682  0.217319  0.214651   0.22089  0.225379   0.22358  0.219102  0.219102  0.150873   0.14762 0.0647133 0.0618119         0 0.0209567  0.215539  0.229894  0.219102  0.228989  0.228084  0.222682  0.199712  0.236261  0.219102  0.235348
 0.239007  0.252888  0.233526  0.219102  0.205828  0.228084  0.232616   0.21821  0.214651  0.211109   0.21821  0.222682  0.219102   0.21821  0.216429  0.145998  0.141154 0.0596432 0.0567614 0.0209567         0  0.211993  0.224479  0.215539  0.226279  0.221786  0.215539   0.19451  0.228084  0.214651  0.228084
 0.214651  0.222682  0.215539  0.185065  0.173214  0.200583  0.202327  0.191062  0.183361  0.191062  0.185919  0.192784  0.190202  0.190202  0.187629  0.213764   0.21821  0.215539   0.21821  0.215539  0.211993         0  0.145998  0.141959  0.150873  0.143572  0.150059  0.133946  0.193646  0.169862  0.199712
 0.228989  0.241763   0.22358  0.205828  0.188486   0.21821   0.21821  0.203201  0.198843  0.208464  0.210226  0.209345  0.209345  0.204075  0.211109  0.229894  0.233526  0.225379  0.227181  0.229894  0.224479  0.145998         0 0.0943614  0.158247  0.158247  0.157424  0.146808  0.216429  0.191062  0.211993
 0.213764  0.228084  0.211109   0.19624  0.179963  0.203201  0.209345  0.197974  0.187629   0.19451  0.191922  0.202327  0.197974   0.19624  0.192784   0.22089  0.222682  0.217319   0.21821  0.219102  0.215539  0.141959 0.0943614         0  0.154961  0.153323  0.151689  0.138744  0.198843  0.174054  0.200583
 0.228084  0.236261  0.228989  0.213764  0.201454    0.2308  0.224479  0.209345  0.206705  0.211109  0.206705  0.215539  0.214651  0.205828  0.209345  0.237175  0.238091  0.219996  0.227181  0.228989  0.226279  0.150873  0.158247  0.154961         0  0.137942  0.156602   0.13315  0.205828  0.191062  0.206705
 0.216429  0.228084  0.224479  0.199712  0.186773  0.212878  0.211109  0.197974  0.190202  0.197974  0.200583  0.198843  0.197107  0.203201  0.203201  0.228084  0.215539  0.225379  0.228989  0.228084  0.221786  0.143572  0.158247  0.153323  0.137942         0  0.149245  0.124443  0.200583  0.188486  0.201454
 0.212878  0.233526  0.224479  0.201454  0.187629  0.216429  0.213764  0.199712   0.19624  0.203201  0.198843  0.202327  0.197974  0.200583  0.205828  0.211993  0.222682  0.214651   0.21821  0.222682  0.215539  0.150059  0.157424  0.151689  0.156602  0.149245         0 0.0705499  0.197974  0.179116  0.197974
 0.191062  0.209345  0.200583   0.18251  0.169862   0.19624  0.191062  0.175738   0.17827  0.183361  0.177425  0.187629   0.18166   0.18166   0.18251   0.19451  0.202327   0.19451   0.19451  0.199712   0.19451  0.133946  0.146808  0.138744   0.13315  0.124443 0.0705499         0   0.17827  0.166525  0.183361
 0.239007  0.254758  0.252888  0.228989  0.212878  0.233526  0.234437  0.224479  0.214651  0.219102   0.22358  0.228989  0.219996   0.21821  0.226279  0.235348  0.245453  0.233526  0.233526  0.236261  0.228084  0.193646  0.216429  0.198843  0.205828  0.200583  0.197974   0.17827         0  0.204075  0.226279
 0.209345  0.221786  0.215539  0.187629  0.174895  0.199712  0.204951  0.185919  0.180811  0.185919  0.185065  0.195375  0.189343  0.197107  0.180811   0.22089  0.225379  0.215539  0.217319  0.219102  0.214651  0.169862  0.191062  0.174054  0.191062  0.188486  0.179116  0.166525  0.204075         0  0.188486
 0.226279  0.232616  0.225379  0.211993  0.199712  0.219996  0.222682  0.211993  0.200583  0.197974  0.211109  0.209345  0.207584  0.207584  0.206705  0.239007  0.240843  0.229894  0.235348  0.235348  0.228084  0.199712  0.211993  0.200583  0.206705  0.201454  0.197974  0.183361  0.226279  0.188486         0


JC Tree topology:
(1,2,((3,(((4,5),6),((7,8),(((9,10),((12,13),14)),11)))),(15,((((16,17),((18,19),(20,21))),(((22,(23,24)),((25,26),(27,28))),29)),(30,31)))));

MLE Branch Lengths
(((((((1:0.0246382,2:0.0393424):0.0627770,((((8:0.0185602,7:0.0285847):0.0207749,(11:0.0381130,((9:0.0150307,10:0.0192507):0.0143762,(14:0.0373676,(13:0.0329164,12:0.0327339):0.0024890):0.0012097):0.0000100):0.0034324):0.0078561,(6:0.0576974,(5:0.0121647,4:0.0263349):0.0210591):0.0015831):0.0140999,3:0.0952451):0.0048271):0.0295484,15:0.0961060):0.0100612,(31:0.1073453,30:0.0902344):0.0032539):0.0054190,(29:0.1217429,(((26:0.0680865,25:0.0760112):0.0055436,(27:0.0461729,28:0.0250901):0.0325715):0.0056228,(22:0.0711785,(24:0.0415008,23:0.0541491):0.0341600):0.0008278):0.0127711):0.0061119):0.0594050,((20:0.0132777,21:0.0076756):0.0189124,(18:0.0096829,19:0.0079415):0.0234317):0.0434867):0.0288032,17:0.0465380,16:0.0504376);
stationary acceptance: 0.24406
symmetric acceptance: 0.195448
branch length acceptance: 0.891261
avgP: 0.224326 0.227657 0.168485 0.379533
sP: 5.22663e-05 3.78322e-05 4.67569e-05 7.22479e-05
avgS:   0.158482   0.205183  0.0496187  0.0105667   0.573209 0.00294023
sS: 4.48749e-05 7.03568e-05 2.16307e-05 3.47588e-06 0.000128599 1.40932e-06
0.224326 0.227657 0.168485 0.379533
  0.158482   0.205183  0.0496187  0.0105667   0.573209 0.00294023

  -0.92117   0.353242   0.457334   0.110595
  0.348073   -1.63021  0.0232076    1.25893
  0.608906   0.031358  -0.648989 0.00872548
 0.0653681   0.755151 0.00387349  -0.824393

mean p: 0.224326 0.227657 0.168485 0.379533
var p: 5.22663e-05 3.78322e-05 4.67569e-05 7.22479e-05
Scale for p0 is 3329.17
Scale for p1 is 4647.6
Scale for p2 is 2996.3
Scale for p3 is 3259.44
Dirichlet for P scale: 2996.3
mean s:   0.158482   0.205183  0.0496187  0.0105667   0.573209 0.00294023
var s: 4.48749e-05 7.03568e-05 2.16307e-05 3.47588e-06 0.000128599 1.40932e-06
Scale for s0 is 2971.94
Scale for s1 is 2317.94
Scale for s2 is 2180.08
Scale for s3 is 3007.89
Scale for s4 is 1902.34
Scale for s5 is 2080.15
Dirichlet for QP scale: 1902.34
GTR Distance Matrix:

        0 0.0644575  0.193282  0.148819  0.139456  0.168126  0.161116  0.152139  0.144513  0.155763  0.156149  0.155884  0.152542  0.154359  0.212997  0.276673     0.274  0.255143  0.257979  0.261356  0.259366  0.229927  0.245644  0.230507  0.245355  0.229378  0.228993   0.20433  0.260703  0.222226  0.244604
0.0644575         0   0.20366  0.165744  0.156046  0.182928  0.176725  0.167017  0.157467  0.162381   0.16341  0.172616  0.166774  0.171563  0.226788  0.284421  0.288734   0.27176  0.276691  0.275323  0.274622  0.237659  0.258558  0.245399  0.254494  0.241491  0.250454  0.223267  0.276101   0.23479  0.250993
 0.193282   0.20366         0  0.161502  0.142248  0.171377  0.163987  0.162001  0.157887  0.157568  0.163836  0.166956  0.161247  0.159618  0.224475  0.274729  0.270872  0.262083  0.272308  0.260125  0.253588  0.230089  0.238803  0.225879  0.244575  0.237673  0.240225  0.212661  0.275127  0.227878  0.242583
 0.148819  0.165744  0.161502         0 0.0390513  0.106731  0.107246 0.0983854 0.0921073 0.0968873 0.0983449 0.0954559   0.10058  0.101586  0.190877  0.257071  0.251564  0.244281  0.245118  0.243678  0.239208  0.198519  0.221104  0.211431  0.230882  0.212707  0.218168  0.196866  0.251141  0.200544  0.230326
 0.139456  0.156046  0.142248 0.0390513         0 0.0893322 0.0965116 0.0857195 0.0773956 0.0811626 0.0855296 0.0851943 0.0855587 0.0849888  0.177175  0.236705  0.233138  0.227023  0.228552  0.224201  0.221738  0.184081   0.20071  0.191839  0.215634  0.196935  0.200801  0.180792  0.229974  0.185039  0.213978
 0.168126  0.182928  0.171377  0.106731 0.0893322         0    0.1157  0.103643  0.102771  0.104389  0.107901   0.11416  0.113021  0.112334   0.21419  0.269271  0.264634  0.255104  0.260671  0.251919  0.247439  0.214893  0.234843  0.218741  0.248951  0.226192    0.2337  0.210282   0.25575  0.211769  0.238611
 0.161116  0.176725  0.163987  0.107246 0.0965116    0.1157         0 0.0475594 0.0831479 0.0856613 0.0915433 0.0848579 0.0907537 0.0926264  0.201825  0.275301  0.263067   0.25365  0.260612  0.256893  0.251857  0.216606  0.233261  0.224574  0.242273  0.224145   0.22974  0.204538  0.257313  0.218268  0.241634
 0.152139  0.167017  0.162001 0.0983854 0.0857195  0.103643 0.0475594         0 0.0734694 0.0750127 0.0823352 0.0788102 0.0824991 0.0803606  0.194728  0.253894  0.244139  0.238679  0.245516  0.240874  0.236432  0.204426  0.217559  0.212308  0.225754  0.210791  0.214712  0.188189  0.245696  0.198169  0.229417
 0.144513  0.157467  0.157887 0.0921073 0.0773956  0.102771 0.0831479 0.0734694         0 0.0347847 0.0692565 0.0644261 0.0685815 0.0689776  0.192652  0.247777   0.24719  0.235668  0.239791  0.235272  0.232783  0.197232  0.214186  0.202069  0.223555  0.203866  0.212094  0.191456  0.235529  0.192446  0.217157
 0.155763  0.162381  0.157568 0.0968873 0.0811626  0.104389 0.0856613 0.0750127 0.0347847         0 0.0732324 0.0713362  0.067989 0.0735488  0.197953   0.25415  0.247691  0.228314  0.234357  0.232417  0.228671  0.205716  0.224093  0.209414  0.228502  0.211845  0.219401  0.196864  0.240813  0.197657   0.21482
 0.156149   0.16341  0.163836 0.0983449 0.0855296  0.107901 0.0915433 0.0823352 0.0692565 0.0732324         0  0.078515 0.0781739  0.077668  0.195808  0.254776  0.248328  0.241202  0.248109  0.241476  0.238959  0.200656  0.227472  0.208317  0.224765  0.215422  0.215803   0.19096  0.246887  0.198415  0.230085
 0.155884  0.172616  0.166956 0.0954559 0.0851943   0.11416 0.0848579 0.0788102 0.0644261 0.0713362  0.078515         0 0.0669561 0.0736131  0.200493  0.261127  0.255912  0.242357  0.247252  0.245166  0.242116  0.206519  0.225069  0.217752  0.233321  0.211503  0.218562  0.201315  0.251589  0.208362  0.227304
 0.152542  0.166774  0.161247   0.10058 0.0855587  0.113021 0.0907537 0.0824991 0.0685815  0.067989 0.0781739 0.0669561         0 0.0737352  0.202038  0.249722  0.247111  0.240885  0.247767  0.243165  0.238694  0.204323  0.224815  0.213175  0.232532  0.210637  0.213808  0.194984  0.242033  0.202422  0.225914
 0.154359  0.171563  0.159618  0.101586 0.0849888  0.112334 0.0926264 0.0803606 0.0689776 0.0735488  0.077668 0.0736131 0.0737352         0  0.192417  0.253906  0.253385  0.237255   0.24014  0.236163  0.235611  0.203515  0.218726  0.211065  0.222552  0.216654  0.216542  0.194652  0.239634  0.210307  0.224754
 0.212997  0.226788  0.224475  0.190877  0.177175   0.21419  0.201825  0.194728  0.192652  0.197953  0.195808  0.200493  0.202038  0.192417         0  0.257101  0.254445    0.2358   0.24063  0.236768    0.2334  0.199613  0.224892  0.205616  0.224449  0.216509  0.220319  0.194634  0.245723  0.191192  0.223161
 0.276673  0.284421  0.274729  0.257071  0.236705  0.269271  0.275301  0.253894  0.247777   0.25415  0.254776  0.261127  0.249722  0.253906  0.257101         0 0.0979529   0.15459  0.158266  0.159187  0.153968  0.230166  0.247639  0.238832  0.256887  0.243956  0.231349  0.209535  0.260045  0.238409  0.262352
    0.274  0.288734  0.270872  0.251564  0.233138  0.264634  0.263067  0.244139   0.24719  0.247691  0.248328  0.255912  0.247111  0.253385  0.254445 0.0979529         0  0.150936   0.15318   0.15412   0.14727  0.233551  0.250734  0.239909  0.257616  0.229824  0.241274  0.217475  0.270546  0.241059  0.262131
 0.255143   0.27176  0.262083  0.244281  0.227023  0.255104   0.25365  0.238679  0.235668  0.228314  0.241202  0.242357  0.240885  0.237255    0.2358   0.15459  0.150936         0 0.0178199 0.0663078 0.0609664  0.233422  0.244552  0.235611  0.238754  0.243179  0.233771  0.210726  0.260715  0.232163  0.252427
 0.257979  0.276691  0.272308  0.245118  0.228552  0.260671  0.260612  0.245516  0.239791  0.234357  0.248109  0.247252  0.247767   0.24014   0.24063  0.158266   0.15318 0.0178199         0 0.0635695 0.0582366   0.23618  0.246091   0.23647   0.24681  0.246666  0.237326  0.210387  0.260309  0.234359  0.258727
 0.261356  0.275323  0.260125  0.243678  0.224201  0.251919  0.256893  0.240874  0.235272  0.232417  0.241476  0.245166  0.243165  0.236163  0.236768  0.159187   0.15412 0.0663078 0.0635695         0 0.0211675  0.232471  0.248043  0.236712  0.248137  0.244298  0.241896  0.215395  0.260963  0.234962  0.256766
 0.259366  0.274622  0.253588  0.239208  0.221738  0.247439  0.251857  0.236432  0.232783  0.228671  0.238959  0.242116  0.238694  0.235611    0.2334  0.153968   0.14727 0.0609664 0.0582366 0.0211675         0  0.228426  0.241978  0.232645  0.244753  0.237619  0.233913  0.209568  0.252177  0.230225  0.248841
 0.229927  0.237659  0.230089  0.198519  0.184081  0.214893  0.216606  0.204426  0.197232  0.205716  0.200656  0.206519  0.204323  0.203515  0.199613  0.230166  0.233551  0.233422   0.23618  0.232471  0.228426         0  0.153301  0.149231  0.159283  0.149866  0.158304  0.140701  0.211274  0.179217  0.214374
 0.245644  0.258558  0.238803  0.221104   0.20071  0.234843  0.233261  0.217559  0.214186  0.224093  0.227472  0.225069  0.224815  0.218726  0.224892  0.247639  0.250734  0.244552  0.246091  0.248043  0.241978  0.153301         0 0.0970178  0.167852  0.165203  0.166374  0.154334  0.234198  0.202083  0.224928
 0.230507  0.245399  0.225879  0.211431  0.191839  0.218741  0.224574  0.212308  0.202069  0.209414  0.208317  0.217752  0.213175  0.211065  0.205616  0.238832  0.239909  0.235611   0.23647  0.236712  0.232645  0.149231 0.0970178         0  0.164805  0.160254  0.161155   0.14653  0.215563  0.184565  0.215107
 0.245355  0.254494  0.244575  0.230882  0.215634  0.248951  0.242273  0.225754  0.223555  0.228502  0.224765  0.233321  0.232532  0.222552  0.224449  0.256887  0.257616  0.238754   0.24681  0.248137  0.244753  0.159283  0.167852  0.164805         0   0.14475  0.166368  0.140197   0.22504  0.203289  0.222941
 0.229378  0.241491  0.237673  0.212707  0.196935  0.226192  0.224145  0.210791  0.203866  0.211845  0.215422  0.211503  0.210637  0.216654  0.216509  0.243956  0.229824  0.243179  0.246666  0.244298  0.237619  0.149866  0.165203  0.160254   0.14475         0  0.157416  0.129686  0.215546  0.197908  0.215643
 0.228993  0.250454  0.240225  0.218168  0.200801    0.2337   0.22974  0.214712  0.212094  0.219401  0.215803  0.218562  0.213808  0.216542  0.220319  0.231349  0.241274  0.233771  0.237326  0.241896  0.233913  0.158304  0.166374  0.161155  0.166368  0.157416         0 0.0726823  0.216618  0.189153  0.213359
  0.20433  0.223267  0.212661  0.196866  0.180792  0.210282  0.204538  0.188189  0.191456  0.196864   0.19096  0.201315  0.194984  0.194652  0.194634  0.209535  0.217475  0.210726  0.210387  0.215395  0.209568  0.140701  0.154334   0.14653  0.140197  0.129686 0.0726823         0  0.193369  0.175506  0.195781
 0.260703  0.276101  0.275127  0.251141  0.229974   0.25575  0.257313  0.245696  0.235529  0.240813  0.246887  0.251589  0.242033  0.239634  0.245723  0.260045  0.270546  0.260715  0.260309  0.260963  0.252177  0.211274  0.234198  0.215563   0.22504  0.215546  0.216618  0.193369         0  0.219222  0.248439
 0.222226   0.23479  0.227878  0.200544  0.185039  0.211769  0.218268  0.198169  0.192446  0.197657  0.198415  0.208362  0.202422  0.210307  0.191192  0.238409  0.241059  0.232163  0.234359  0.234962  0.230225  0.179217  0.202083  0.184565  0.203289  0.197908  0.189153  0.175506  0.219222         0   0.20086
 0.244604  0.250993  0.242583  0.230326  0.213978  0.238611  0.241634  0.229417  0.217157   0.21482  0.230085  0.227304  0.225914  0.224754  0.223161  0.262352  0.262131  0.252427  0.258727  0.256766  0.248841  0.214374  0.224928  0.215107  0.222941  0.215643  0.213359  0.195781  0.248439   0.20086         0

(1,2,(3,((((4,5),6),(((7,8),12),((((9,10),11),14),13))),(15,((((16,17),((18,19),(20,21))),((22,(((23,24),(25,26)),(27,28))),29)),(30,31)))))); 0.0374683
(1,2,((3,(15,((((16,17),((18,19),(20,21))),((((22,(23,24)),((25,26),(27,28))),29),30)),31))),(((4,5),6),((7,8),(((9,10),11),((12,14),13)))))); 0.0485172
(1,2,((3,((4,5),(6,((7,8),(((9,10),(12,13)),(11,14)))))),(15,((((16,17),((18,19),(20,21))),((22,(((23,24),(25,26)),(27,28))),29)),(30,31))))); 0.0377078
(1,2,((3,((4,5),(6,((7,8),((((9,10),(12,13)),14),11))))),(15,((((16,17),((18,19),(20,21))),(((22,((25,26),(27,28))),(23,24)),29)),(30,31))))); 0.0361607
(1,2,((3,(15,((((((16,17),((18,19),(20,21))),29),((22,(23,24)),((25,26),(27,28)))),31),30))),(((4,5),6),((7,8),(((9,10),((12,13),14)),11))))); 0.0321204
(1,2,((3,((4,5),(6,((7,8),(((9,10),((12,13),14)),11))))),(15,(((((16,17),((18,19),(20,21))),29),(22,((23,24),((25,26),(27,28))))),(30,31))))); 0.0382755
(1,2,((3,((4,5),(6,(((((7,8),12),(13,14)),(9,10)),11)))),(15,((((16,17),((18,19),(20,21))),((22,((23,24),((25,26),(27,28)))),29)),(30,31))))); 0.0378538
(1,2,((3,(((4,5),6),((7,8),(((9,10),((12,13),14)),11)))),(15,(((((16,17),((18,19),(20,21))),(((22,(23,24)),((25,26),(27,28))),29)),31),30)))); 0.0342765
(1,2,((3,(15,((((16,17),((18,19),(20,21))),(((22,((25,26),(27,28))),(23,24)),29)),(30,31)))),(((4,5),6),((7,8),(((9,10),(12,13)),(11,14)))))); 0.0347622
(1,2,((3,(((4,5),6),(((((7,8),12),(13,14)),(9,10)),11))),(15,((((16,17),((18,19),(20,21))),((22,((23,24),((25,26),(27,28)))),29)),(30,31))))); 0.0398209
(1,2,((3,(15,(((((16,17),((18,19),(20,21))),((((22,(25,26)),(23,24)),(27,28)),29)),30),31))),(((4,5),6),((7,8),(((9,10),((12,13),14)),11))))); 0.0362086
(1,2,((3,(15,((((16,17),((18,19),(20,21))),(((22,(23,24)),((25,26),(27,28))),29)),(30,31)))),(((4,5),6),((7,8),(((9,10),((12,13),14)),11))))); 0.0420386
(1,2,((3,((15,30),(((16,17),((18,19),(20,21))),((((22,(23,24)),((25,26),(27,28))),29),31)))),(((4,5),((7,8),(((9,10),((12,13),14)),11))),6))); 0.0432359
(1,2,((3,((4,5),(6,((7,8),((((9,10),(12,13)),14),11))))),(15,(((16,17),((18,19),(20,21))),((((22,((23,24),((25,26),(27,28)))),29),30),31))))); 0.0465791
(1,2,((3,(((4,5),6),((7,8),((((9,10),(12,13)),11),14)))),(15,(((((16,17),((18,19),(20,21))),(((22,(23,24)),((25,26),(27,28))),29)),31),30)))); 0.0401617
(1,2,((3,((4,5),(6,((7,8),(((9,10),(12,(13,14))),11))))),(15,((((16,17),((18,19),(20,21))),((((22,(25,26)),(27,28)),(23,24)),29)),(30,31))))); 0.0392838
(1,2,((3,(15,(((16,17),((18,19),(20,21))),((((22,(((23,24),25),(26,(27,28)))),29),30),31)))),(((4,5),6),((7,8),(((9,10),((12,13),14)),11))))); 0.0365478
(1,2,((3,(((4,5),6),((7,8),((((9,10),(12,13)),14),11)))),(15,(((16,17),((18,19),(20,21))),(((22,((23,24),((25,26),(27,28)))),29),(30,31)))))); 0.0385485
(1,2,((3,(15,((((((16,17),((18,19),(20,21))),29),((22,((25,26),(27,28))),(23,24))),30),31))),(((4,5),6),(((((7,8),14),(12,13)),(9,10)),11)))); 0.0474157
(1,2,((3,((4,5),(6,((7,8),(((9,10),((12,13),14)),11))))),((15,30),((((16,17),((18,19),(20,21))),(((22,(23,24)),((25,26),(27,28))),29)),31)))); 0.0354058
(1,2,((3,(15,(((16,17),((18,19),(20,21))),((((22,((23,24),((25,26),(27,28)))),29),30),31)))),(((4,5),((7,8),(((9,10),11),(12,(13,14))))),6))); 0.0389826
(1,2,((3,(((4,5),6),((7,8),((((9,10),(12,13)),14),11)))),(15,(((((16,17),((18,19),(20,21))),(((22,(23,24)),((25,26),(27,28))),29)),31),30)))); 0.0377619
(1,2,((3,(15,((((16,17),((18,19),(20,21))),((22,((23,24),((25,26),(27,28)))),29)),(30,31)))),((4,5),(6,((7,8),((((9,10),(12,13)),14),11)))))); 0.0359639
(1,2,((3,(15,(((((16,17),((18,19),(20,21))),29),((22,(23,24)),((25,26),(27,28)))),(30,31)))),(((4,5),6),((7,8),(((9,10),(12,(13,14))),11))))); 0.03064
(1,2,((3,(((4,5),6),((7,8),((((9,10),(12,13)),14),11)))),(15,(((16,17),((18,19),(20,21))),(((((22,(23,24)),((25,26),(27,28))),29),30),31))))); 0.0472003
(1,2,((3,(15,(((16,17),((18,19),(20,21))),(((((22,(25,26)),(23,24)),(27,28)),29),(30,31))))),(((4,5),6),((7,8),(((9,10),((12,13),14)),11))))); 0.0354262
(1,2,((3,((4,5),(6,((7,8),((((9,10),(12,13)),14),11))))),(15,(((((16,17),((18,19),(20,21))),29),((22,(23,24)),((25,26),(27,28)))),(30,31))))); 0.0457773
(1,2,((3,(15,(((16,17),((18,19),(20,21))),((((22,(23,24)),((25,26),(27,28))),29),(30,31))))),((4,5),(6,((7,8),((9,10),(11,(12,(13,14))))))))); 0.0346165
(1,2,((3,(((15,30),31),(((16,17),((18,19),(20,21))),((22,(((23,24),(25,26)),(27,28))),29)))),(((4,5),6),((7,8),((((9,10),(12,13)),14),11))))); 0.0448151
(1,2,((3,(15,(((16,17),((18,19),(20,21))),((((22,(23,24)),((25,26),(27,28))),29),(30,31))))),((4,5),(6,((7,8),(((9,10),((12,13),14)),11)))))); 0.0366345
(1,2,((3,((4,5),(6,(((7,8),((9,10),((12,13),14))),11)))),(15,((((16,17),((18,19),(20,21))),((22,((23,24),((25,26),(27,28)))),29)),(30,31))))); 0.0394964
(1,2,((3,((4,5),(6,((7,8),(((9,10),((12,13),14)),11))))),(15,((((16,17),((18,19),(20,21))),(((22,(23,24)),((25,26),(27,28))),29)),(30,31))))); 0.0443027
(1,2,((3,(15,((((16,17),((18,19),(20,21))),(((22,(23,24)),((25,26),(27,28))),(29,30))),31))),(((4,5),6),(((((7,8),12),(9,10)),(13,14)),11)))); 0.0389072
(1,2,((3,(15,((((16,17),((18,19),(20,21))),((22,(((23,24),(25,26)),(27,28))),29)),(30,31)))),(((4,5),6),((7,8),(((9,10),11),((12,13),14)))))); 0.0498294
(1,2,((3,(15,(((16,17),((18,19),(20,21))),(((((22,(25,26)),((23,24),(27,28))),29),30),31)))),(((4,5),6),((7,8),(((9,10),11),((12,13),14)))))); 0.0415831
(1,2,((3,(((4,5),6),((7,8),(((9,10),((12,13),14)),11)))),(15,((((16,17),((18,19),(20,21))),((22,(((23,24),(25,26)),(27,28))),(29,30))),31)))); 0.041429
(1,2,((3,((4,5),(6,((7,8),(((((9,10),12),13),14),11))))),(15,(((((16,17),((18,19),(20,21))),29),((22,((25,26),(27,28))),(23,24))),(30,31))))); 0.03867
(1,2,((3,(15,(((16,17),((18,19),(20,21))),(((((22,(23,24)),((25,26),(27,28))),29),30),31)))),(((4,5),6),((7,8),(((9,10),11),((12,13),14)))))); 0.0422161
(1,2,((3,(((4,5),6),((7,8),((((9,10),11),(12,13)),14)))),(15,((((16,17),((18,19),(20,21))),(((22,((25,26),(27,28))),(23,24)),29)),(30,31))))); 0.0389317
(1,2,((3,(((4,5),6),((7,8),(((9,10),(12,(13,14))),11)))),(15,(((16,17),((18,19),(20,21))),(((((22,((25,26),(27,28))),(23,24)),29),30),31))))); 0.0458534
(1,2,((3,(((4,5),6),(((7,8),(((9,10),(12,13)),14)),11))),(15,((((16,17),((18,19),(20,21))),(((22,((25,26),(27,28))),(23,24)),29)),(30,31))))); 0.0358046
(1,2,((3,(15,(((16,17),((18,19),(20,21))),(((22,((23,24),((25,26),(27,28)))),29),(30,31))))),((4,5),(6,((7,8),(((9,10),((12,13),14)),11)))))); 0.0475219
(1,2,((3,(((4,5),6),((((7,8),(12,13)),14),((9,10),11)))),(15,(((16,17),((18,19),(20,21))),((((22,(23,24)),((25,26),(27,28))),29),(30,31)))))); 0.0375188
(1,2,((3,(((4,5),6),((7,8),((((9,10),(12,13)),14),11)))),(15,((((16,17),((18,19),(20,21))),((22,((23,24),((25,26),(27,28)))),29)),(30,31))))); 0.0436624
(1,2,((3,(((4,5),((7,8),(((9,10),(12,13)),(11,14)))),6)),(15,((((16,17),((18,19),(20,21))),((((22,(25,26)),(23,24)),(27,28)),29)),(30,31))))); 0.0390766
(1,2,((3,(15,((((16,17),((18,19),(20,21))),29),(((22,((23,24),((25,26),(27,28)))),30),31)))),(((4,5),6),((7,8),(((9,10),11),((12,13),14)))))); 0.0340869
(1,2,((3,(15,(((16,17),((18,19),(20,21))),(((((22,(23,24)),(25,26)),(27,28)),(29,30)),31)))),(((4,5),6),((7,8),(((9,10),((12,13),14)),11))))); 0.0483628
(1,2,((3,(15,((((16,17),((18,19),(20,21))),((((22,(23,24)),(27,28)),(25,26)),29)),(30,31)))),(((4,5),6),((7,8),(((9,10),(12,13)),(11,14)))))); 0.03447
(1,2,((3,(15,(((((16,17),((18,19),(20,21))),29),(22,((23,24),((25,26),(27,28))))),(30,31)))),(((4,5),6),((7,8),(((9,10),11),((12,14),13)))))); 0.0448655
(1,2,((3,(((4,5),6),((7,8),((9,10),(11,((12,13),14)))))),(15,(((((16,17),((18,19),(20,21))),(((22,(23,24)),((25,26),(27,28))),29)),31),30)))); 0.0411626
(1,2,((3,(((4,5),6),((7,8),((((9,10),11),14),(12,13))))),(15,(((16,17),((18,19),(20,21))),(((22,((23,24),((25,26),(27,28)))),29),(30,31)))))); 0.0355936
(1,2,((3,(15,(((16,17),((18,19),(20,21))),((((22,(23,24)),((25,26),(27,28))),29),(30,31))))),(((4,5),6),((7,8),(((9,10),((12,13),14)),11))))); 0.0363872
(1,2,((3,(((4,5),6),((7,8),(((9,10),((12,13),14)),11)))),(15,((((16,17),((18,19),(20,21))),((((22,(23,24)),((25,26),29)),(27,28)),31)),30)))); 0.0453646
(1,2,((3,(((4,5),6),((7,8),(((9,10),((12,13),14)),11)))),(15,((((16,17),((18,19),(20,21))),((((22,(23,24)),((25,26),(27,28))),29),30)),31)))); 0.0360284
(1,2,((3,((4,5),(6,((7,8),(((9,10),((12,13),14)),11))))),(15,(((((16,17),((18,19),(20,21))),29),(22,((23,24),((25,26),(27,28))))),(30,31))))); 0.0423119
(1,2,((3,(((4,5),6),((7,8),(((9,10),((12,13),14)),11)))),(15,((((16,17),((18,19),(20,21))),(((22,((23,24),(25,26))),(27,28)),29)),(30,31))))); 0.042608
(1,2,((3,(15,(((16,17),((18,19),(20,21))),(((22,(23,24)),((25,26),(27,28))),((29,31),30))))),((4,5),(6,((((7,8),((12,13),14)),11),(9,10)))))); 0.043255
(1,2,((3,(((4,5),6),((7,8),(((9,10),(11,14)),(12,13))))),(15,(((16,17),((18,19),(20,21))),(((22,((23,24),((25,26),(27,28)))),29),(30,31)))))); 0.0450658
(1,2,((3,(15,((((((16,17),((18,19),(20,21))),29),(((22,(25,26)),(23,24)),(27,28))),30),31))),(((4,5),6),((7,8),(((9,10),11),((12,13),14)))))); 0.0374133
(1,2,((3,((4,5),(6,((7,8),(((9,10),((12,13),14)),11))))),(15,(((16,17),((18,19),(20,21))),(((((22,(23,24)),((25,26),(27,28))),29),30),31))))); 0.0404901
(1,2,((3,(15,((((16,17),((18,19),(20,21))),((((22,(23,24)),((25,26),(27,28))),29),30)),31))),(((4,5),6),((7,8),((((9,10),(12,13)),14),11))))); 0.0372128
(1,2,((3,((4,5),(6,((7,8),(((9,10),((12,13),14)),11))))),(15,((((((16,17),((18,19),(20,21))),29),((22,((23,24),(25,26))),(27,28))),30),31)))); 0.0406432
(1,2,((3,(((4,5),6),((7,8),(((9,10),((12,13),14)),11)))),(15,((((16,17),((18,19),(20,21))),((22,((23,24),((25,26),(27,28)))),29)),(30,31))))); 0.0447778
(1,2,((3,(((4,5),6),((7,8),(((9,10),((12,13),14)),11)))),(15,((((16,17),((18,19),(20,21))),(((22,((25,26),(27,28))),(23,24)),29)),(30,31))))); 0.0361803
(1,2,((3,(((4,5),6),((7,8),(((9,10),((12,13),14)),11)))),(15,((((16,17),((18,19),(20,21))),((((22,(25,26)),(23,24)),(27,28)),29)),(30,31))))); 0.0349594
(1,2,((3,(15,((((((16,17),((18,19),(20,21))),29),(22,((23,24),((25,26),(27,28))))),31),30))),(((4,5),6),(((((7,8),12),13),(9,10)),(11,14))))); 0.0397604
(1,2,((3,(15,((((16,17),((18,19),(20,21))),((22,((23,24),((25,26),(27,28)))),29)),(30,31)))),((4,5),(6,(((7,8),((9,10),(12,13))),(11,14)))))); 0.0436903
(1,2,((3,(((4,5),6),((7,8),(((9,10),(12,13)),(11,14))))),(15,(((((16,17),((18,19),(20,21))),29),((22,(((23,24),(25,26)),(27,28))),31)),30)))); 0.0447867
(1,2,((3,(((4,5),6),((7,8),(((9,10),(12,(13,14))),11)))),(15,(((16,17),((18,19),(20,21))),((((22,(23,24)),((25,26),(27,28))),29),(30,31)))))); 0.0437103
(1,2,((3,((15,((((22,(23,24)),((25,26),(27,28))),29),(30,31))),((16,17),((18,19),(20,21))))),(((4,5),6),((7,8),(((9,10),(12,13)),(11,14)))))); 0.0394202
(1,2,((3,(15,(((((16,17),((18,19),(20,21))),(((22,(23,24)),((25,26),(27,28))),29)),30),31))),(((4,5),6),((7,8),(((9,10),11),((12,13),14)))))); 0.0423454
(1,2,((3,(15,((((16,17),((18,19),(20,21))),(((22,((25,26),(27,28))),(23,24)),29)),(30,31)))),(((4,5),6),((7,8),(((9,10),(12,13)),(11,14)))))); 0.0352708
(1,2,((3,((4,5),(6,((7,8),(((9,10),((12,13),14)),11))))),(15,(((((16,17),((18,19),(20,21))),((((22,(25,26)),(23,24)),(27,28)),29)),31),30)))); 0.0447191
(1,2,((3,(((4,5),6),((7,8),(((9,10),((12,13),14)),11)))),(15,(((16,17),((18,19),(20,21))),((((22,((23,24),(25,26))),(27,28)),29),(30,31)))))); 0.0474066
(1,2,((3,(15,(((16,17),((18,19),(20,21))),(((((22,((23,24),(25,26))),(27,28)),29),30),31)))),(((4,5),6),((7,8),(((9,10),((12,13),14)),11))))); 0.0451898
(1,2,((3,(15,(((16,17),((18,19),(20,21))),((((((22,25),(23,24)),26),(27,28)),29),(30,31))))),(((4,5),6),((((7,8),((12,13),14)),(9,10)),11)))); 0.0404626
(1,2,((3,(((4,5),6),((7,8),((((9,10),13),(12,14)),11)))),(15,((((16,17),((18,19),(20,21))),(((22,((23,24),(25,26))),(27,28)),29)),(30,31))))); 0.0451544
(1,2,((3,(((4,5),6),((7,8),(((9,10),11),((12,13),14))))),(15,((((16,17),((18,19),(20,21))),(((22,((23,24),(25,26))),(27,28)),29)),(30,31))))); 0.0347439
(1,2,((3,(((4,5),6),((7,8),(((9,10),((12,13),14)),11)))),(15,((((16,17),((18,19),(20,21))),(((22,(23,24)),((25,26),(27,28))),29)),(30,31))))); 0.030918
(1,2,((3,(15,(((16,17),((18,19),(20,21))),(((((22,(23,24)),((25,26),(27,28))),29),30),31)))),(((4,5),6),((7,8),(((9,10),((12,13),14)),11))))); 0.0375857
(1,2,((3,(15,(((((16,17),((18,19),(20,21))),((((22,(25,26)),(23,24)),(27,28)),29)),31),30))),(((4,5),6),((7,8),(((9,10),11),((12,13),14)))))); 0.0393498
(1,2,((3,((4,5),(6,((7,8),((((9,10),(12,13)),14),11))))),(15,((((16,17),((18,19),(20,21))),(((22,((23,24),(25,26))),(27,28)),29)),(30,31))))); 0.0439641
(1,2,((3,(15,(((16,17),((18,19),(20,21))),(((((22,(23,24)),((25,26),(27,28))),29),30),31)))),(((4,5),6),((7,8),(((9,10),((12,13),14)),11))))); 0.037971
(1,2,((3,(((4,5),6),((7,8),(((9,10),((12,14),13)),11)))),(15,(((16,17),((18,19),(20,21))),((((22,(23,24)),((25,26),(27,28))),29),(30,31)))))); 0.0435343
(1,2,((3,(((4,5),6),((7,8),((((9,10),(12,13)),14),11)))),(15,((((16,17),((18,19),(20,21))),((22,((23,24),((25,26),(27,28)))),29)),(30,31))))); 0.0454063
(1,2,((3,(((4,5),((7,8),(((9,10),(12,13)),(11,14)))),6)),(15,((((16,17),((18,19),(20,21))),(((22,(23,24)),((25,26),(27,28))),29)),(30,31))))); 0.0371732
(1,2,((3,(15,((((16,17),((18,19),(20,21))),(((22,(23,24)),((25,26),(27,28))),29)),(30,31)))),(((4,5),6),((7,8),(((9,10),((12,14),13)),11))))); 0.0489847
(1,2,((3,(15,((((((16,17),((18,19),(20,21))),29),(22,((23,24),((25,26),(27,28))))),30),31))),((4,5),(6,((7,8),(((9,10),((12,14),13)),11)))))); 0.0373152
(1,2,((3,(15,(((16,17),((18,19),(20,21))),(((((22,((25,26),(27,28))),(23,24)),29),30),31)))),((4,5),(6,((7,8),(((9,10),((12,14),13)),11)))))); 0.0358022
(1,2,((3,((4,5),(6,((7,8),(((9,10),((12,13),14)),11))))),(15,(((16,17),((18,19),(20,21))),(((22,((23,24),((25,26),(27,28)))),29),(30,31)))))); 0.0351153
(1,2,((3,(15,(((((16,17),((18,19),(20,21))),29),(22,(((23,24),(25,26)),(27,28)))),(30,31)))),(((4,5),6),((7,8),(((9,10),11),((12,13),14)))))); 0.0407485
(1,2,((3,(15,((((16,17),((18,19),(20,21))),(((22,((23,24),((25,26),(27,28)))),29),31)),30))),(((4,5),6),((7,8),(((9,10),((12,13),14)),11))))); 0.0410827
(1,2,((3,(15,(((16,17),((18,19),(20,21))),((((22,((23,24),((25,26),(27,28)))),29),30),31)))),(((4,5),6),(((7,8),((9,10),(12,(13,14)))),11)))); 0.0382046
(1,2,((3,(((4,5),((7,8),(((9,10),((12,13),14)),11))),6)),(15,((((16,17),((18,19),(20,21))),((((22,(25,26)),(23,24)),(27,28)),29)),(30,31))))); 0.0359745
(1,2,((3,(15,(((16,17),((18,19),(20,21))),(((((22,(23,24)),((25,26),(27,28))),29),30),31)))),(((4,5),6),((7,8),(((9,10),((12,13),14)),11))))); 0.035817
(1,2,((3,(15,(((16,17),((18,19),(20,21))),((((22,((25,26),(27,28))),(23,24)),29),(30,31))))),(((4,5),6),((7,8),(((9,10),((12,13),14)),11))))); 0.037959
(1,2,((3,(15,(((16,17),((18,19),(20,21))),(((((22,(23,24)),((25,26),(27,28))),29),31),30)))),(((4,5),6),((7,8),((((9,10),(12,13)),14),11))))); 0.0392346
(1,2,((3,(15,((((((16,17),((18,19),(20,21))),29),((22,(23,24)),((25,26),(27,28)))),30),31))),((4,5),(6,((7,8),((9,10),((11,14),(12,13)))))))); 0.0351317
(1,2,((3,((4,5),(6,((7,8),((((9,10),(12,13)),14),11))))),(15,(((16,17),((18,19),(20,21))),(((22,((23,24),((25,26),(27,28)))),29),(30,31)))))); 0.048055
(1,2,((3,((4,5),(6,((7,8),((((9,10),(12,13)),14),11))))),(15,((((((16,17),((18,19),(20,21))),29),(((22,(25,26)),(23,24)),(27,28))),30),31)))); 0.0361159

Topology counts to file
Tree distance matrix: 

        0  0.062875 0.0550205  0.050506 0.0444041 0.0551733 0.0489366 0.0504165 0.0432264  0.053797 0.0529952  0.063645 0.0629785 0.0572059 0.0530217 0.0563969 0.0513622 0.0616506  0.059651 0.0527579 0.0520337  0.061005 0.0472671 0.0508737 0.0614979 0.0395367 0.0569103 0.0484715 0.0644847 0.0558213 0.0506108 0.0532616 0.0571667 0.0538941  0.063955 0.0564838 0.0550747 0.0582377 0.0478039 0.0609814 0.0537031 0.0601219 0.0544047 0.0465468 0.0604376 0.0515291 0.0657712 0.0498635 0.0609147 0.0587671 0.0485187 0.0496614 0.0538464 0.0556954 0.0543512 0.0627339  0.058641 0.0589963  0.050482 0.0630923 0.0503081 0.0601905 0.0644679 0.0589936   0.04929 0.0568635 0.0530932 0.0613961 0.0544347 0.0415201 0.0594415 0.0561125 0.0566574 0.0479205 0.0601683 0.0469034 0.0612257 0.0473637 0.0524167 0.0550332  0.052834 0.0558525 0.0521376 0.0477661 0.0654037 0.0459108 0.0729447 0.0508471 0.0567486 0.0461065 0.0550289 0.0618974 0.0613398 0.0459663 0.0458085 0.0501869  0.053974 0.0555792   0.05616 0.0573527 0.0374683
 0.062875         0 0.0648823 0.0603646 0.0612785 0.0566448   0.06139  0.068442 0.0588083 0.0605472 0.0611718 0.0577427  0.059575 0.0643483 0.0678221 0.0681806 0.0553729 0.0668935 0.0702288 0.0625408 0.0565878 0.0646946 0.0656615 0.0568234 0.0605961 0.0612086 0.0723721 0.0594276 0.0638971 0.0640339  0.070222 0.0598479  0.063225 0.0756383 0.0564919 0.0583025 0.0596661 0.0563561 0.0672724 0.0675988 0.0620759 0.0626153 0.0656057 0.0616442 0.0636744 0.0640428 0.0563602 0.0601774 0.0574277 0.0635248 0.0640889 0.0549149  0.061261 0.0598921 0.0520928 0.0526988 0.0653491 0.0788425 0.0605835 0.0578641 0.0683276 0.0670372 0.0681969 0.0657679  0.065221 0.0660898 0.0670704 0.0668745 0.0762207 0.0551696 0.0706989 0.0650325  0.064268 0.0708174 0.0676031 0.0662497  0.068532 0.0549584 0.0559508 0.0611559 0.0611748 0.0636783  0.058946 0.0596866 0.0705417   0.06919 0.0606047    0.0567  0.065856 0.0549587 0.0696077 0.0600943 0.0656867 0.0641625 0.0595272 0.0530394 0.0601177 0.0613673 0.0693462 0.0609453 0.0485172
