Pi: 0.222796 0.227807 0.167088 0.382309
S:   0.156258   0.203327  0.0494254  0.0105617   0.577463 0.00296498
