
Alignment summary:
1: A=360 C=382 G=265 T=493
2: A=371 C=390 G=263 T=476
3: A=366 C=387 G=258 T=489
4: A=365 C=375 G=262 T=498
5: A=375 C=381 G=262 T=482
6: A=361 C=375 G=256 T=508
7: A=365 C=381 G=263 T=491
8: A=360 C=385 G=259 T=496
9: A=340 C=387 G=274 T=499
10: A=340 C=392 G=273 T=495
11: A=376 C=374 G=261 T=489
12: A=373 C=378 G=261 T=488
13: A=371 C=376 G=269 T=484
14: A=370 C=371 G=268 T=491
15: A=380 C=362 G=266 T=492
16: A=380 C=366 G=260 T=494
17: A=370 C=381 G=263 T=486
18: A=376 C=376 G=263 T=485
19: A=380 C=376 G=259 T=485
20: A=370 C=398 G=262 T=470
21: A=360 C=403 G=266 T=471
22: A=377 C=368 G=263 T=492
23: A=367 C=386 G=256 T=491
24: A=353 C=381 G=266 T=500

Seed = 3425238815

Jukes-Cantor Distance Matrix:

        0  0.216429  0.208464  0.208464  0.190202  0.323344  0.309116  0.282415  0.340992  0.344149  0.363381  0.357989  0.475216  0.472708  0.412579  0.472708  0.470208  0.302101  0.310123  0.331597  0.327459  0.185919  0.191062 0.0853433
 0.216429         0 0.0786501  0.158247  0.150059  0.310123   0.30811  0.267983  0.331597  0.333674  0.333674  0.336802  0.452937   0.44084  0.385345  0.434864  0.444449  0.271804  0.283387  0.304099  0.303099  0.177425  0.186773  0.210226
 0.208464 0.0786501         0  0.141959  0.133946  0.298123  0.293179  0.253822  0.316196  0.320272  0.326428  0.327459  0.449287    0.4254  0.379793    0.4254  0.432487  0.261341  0.276609  0.296141  0.289247  0.164032  0.176581  0.197974
 0.208464  0.158247  0.141959         0 0.0690865  0.296141  0.289247  0.247305  0.309116  0.313153  0.317213  0.318231  0.438444  0.421882  0.377584  0.432487  0.428935  0.260397  0.269891  0.294165  0.290228  0.164032  0.169026  0.197974
 0.190202  0.150059  0.133946 0.0690865         0  0.283387  0.272763  0.228989  0.298123  0.301105  0.301105  0.298123  0.413736  0.404533  0.354773  0.411424  0.407971  0.241763  0.247305  0.266079  0.266079   0.14438  0.154961  0.179116
 0.323344  0.310123  0.298123  0.296141  0.283387         0 0.0920967  0.129972  0.200583  0.201454  0.384231   0.38646  0.493013  0.481524  0.449287  0.490445  0.485334  0.320272  0.331597  0.352636   0.35157  0.293179  0.297131  0.321294
 0.309116   0.30811  0.293179  0.289247  0.272763 0.0920967         0  0.126807  0.191922  0.193646  0.377584  0.382009  0.499473  0.480258  0.456605  0.496883  0.485334  0.316196  0.326428  0.337847  0.339942  0.283387  0.289247  0.302101
 0.282415  0.267983  0.253822  0.247305  0.228989  0.129972  0.126807         0   0.14438   0.14762  0.344149  0.347321  0.463994  0.456605   0.41838   0.45538   0.45906  0.272763  0.281444  0.305099  0.307105  0.253822  0.252888  0.267983
 0.340992  0.331597  0.316196  0.309116  0.298123  0.200583  0.191922   0.14438         0 0.0727504  0.396572  0.396572  0.504682  0.485334  0.457831  0.498177  0.500772  0.336802  0.343095  0.364464   0.36122  0.317213  0.325398   0.33056
 0.344149  0.333674  0.320272  0.313153  0.301105  0.201454  0.193646   0.14762 0.0727504         0  0.411424  0.410272  0.519194  0.504682  0.473961  0.512563  0.517863  0.347321  0.357989  0.367723  0.363381  0.316196  0.323344  0.331597
 0.363381  0.333674  0.326428  0.317213  0.301105  0.384231  0.377584  0.344149  0.396572  0.411424         0 0.0712827  0.326428  0.328491  0.269891  0.313153  0.325398  0.247305  0.252888  0.273722  0.278539  0.322318  0.322318  0.353704
 0.357989  0.336802  0.327459  0.318231  0.298123   0.38646  0.382009  0.347321  0.396572  0.410272 0.0712827         0  0.323344  0.320272  0.268936  0.302101  0.321294  0.251954  0.256633  0.272763  0.283387  0.322318  0.326428  0.352636
 0.475216  0.452937  0.449287  0.438444  0.413736  0.493013  0.499473  0.463994  0.504682  0.519194  0.326428  0.323344         0 0.0838507  0.137942    0.2308  0.238091  0.364464  0.373185  0.387577    0.3809  0.426576  0.428935  0.463994
 0.472708   0.44084    0.4254  0.421882  0.404533  0.481524  0.480258  0.456605  0.485334  0.504682  0.328491  0.320272 0.0838507         0  0.150059  0.232616  0.239924  0.368812  0.375381  0.374283  0.377584  0.423053  0.427755  0.465232
 0.412579  0.385345  0.379793  0.377584  0.354773  0.449287  0.456605   0.41838  0.457831  0.473961  0.269891  0.268936  0.137942  0.150059         0  0.173214   0.18166  0.312142  0.319251  0.338894  0.337847  0.373185  0.387577   0.40225
 0.472708  0.434864    0.4254  0.432487  0.411424  0.490445  0.496883   0.45538  0.498177  0.512563  0.313153  0.302101    0.2308  0.232616  0.173214         0 0.0793908  0.349442  0.350505  0.363381  0.373185  0.417216  0.426576  0.463994
 0.470208  0.444449  0.432487  0.428935  0.407971  0.485334  0.485334   0.45906  0.500772  0.517863  0.325398  0.321294  0.238091  0.239924   0.18166 0.0793908         0  0.354773  0.360141   0.36122  0.370996  0.420713  0.434864  0.461523
 0.302101  0.271804  0.261341  0.260397  0.241763  0.320272  0.316196  0.272763  0.336802  0.347321  0.247305  0.251954  0.364464  0.368812  0.312142  0.349442  0.354773         0 0.0764323  0.185919  0.179963   0.26703  0.271804  0.289247
 0.310123  0.283387  0.276609  0.269891  0.247305  0.331597  0.326428  0.281444  0.343095  0.357989  0.252888  0.256633  0.373185  0.375381  0.319251  0.350505  0.360141 0.0764323         0  0.184212  0.180811  0.274683  0.270847  0.296141
 0.331597  0.304099  0.296141  0.294165  0.266079  0.352636  0.337847  0.305099  0.364464  0.367723  0.273722  0.272763  0.387577  0.374283  0.338894  0.363381   0.36122  0.185919  0.184212         0 0.0786501  0.280475  0.294165  0.328491
 0.327459  0.303099  0.289247  0.290228  0.266079   0.35157  0.339942  0.307105   0.36122  0.363381  0.278539  0.283387    0.3809  0.377584  0.337847  0.373185  0.370996  0.179963  0.180811 0.0786501         0  0.282415   0.29121  0.326428
 0.185919  0.177425  0.164032  0.164032   0.14438  0.293179  0.283387  0.253822  0.317213  0.316196  0.322318  0.322318  0.426576  0.423053  0.373185  0.417216  0.420713   0.26703  0.274683  0.280475  0.282415         0 0.0793908  0.170698
 0.191062  0.186773  0.176581  0.169026  0.154961  0.297131  0.289247  0.252888  0.325398  0.323344  0.322318  0.326428  0.428935  0.427755  0.387577  0.426576  0.434864  0.271804  0.270847  0.294165   0.29121 0.0793908         0  0.176581
0.0853433  0.210226  0.197974  0.197974  0.179116  0.321294  0.302101  0.267983   0.33056  0.331597  0.353704  0.352636  0.463994  0.465232   0.40225  0.463994  0.461523  0.289247  0.296141  0.328491  0.326428  0.170698  0.176581         0


JC Tree topology:
(1,((((2,3),(4,5)),(((6,7),(8,(9,10))),(((11,12),(((13,14),15),(16,17))),((18,19),(20,21))))),(22,23)),24);

Putting MLE Branch Lengths
p: 0.244611 0.253639   0.1755  0.32625
s:  0.319529  0.160945  0.143502 0.0587273  0.287278 0.0300184
Q: 
 -1.27544  0.653136  0.328981  0.293327
 0.629889  -1.31197  0.115769  0.566314
 0.458532  0.167314 -0.711369 0.0855226
 0.219927  0.440273 0.0460053 -0.706206

((9:0.0358009,10:0.0378036):0.0716170,8:0.0401690,((6:0.0500747,7:0.0433890):0.0392803,(((((15:0.0430465,(14:0.0478722,13:0.0365262):0.0603907):0.0219655,(17:0.0443043,16:0.0352929):0.0726931):0.1061765,(11:0.0348856,12:0.0363936):0.0643203):0.0599471,((20:0.0398151,21:0.0381195):0.0647593,(19:0.0399613,18:0.0364018):0.0431554):0.0130950):0.0614653,(((3:0.0315865,2:0.0481946):0.0439577,(4:0.0418821,5:0.0278868):0.0308972):0.0115214,((22:0.0366253,23:0.0432608):0.0388790,(1:0.0493011,24:0.0366690):0.0658935):0.0102405):0.0302124):0.0969685):0.0050421);
Seed = 2318628778
Seeds per chain: 
     1391382814
     3900109672
     3969754554
     1579109679
stationary acceptance: 0.225567
symmetric acceptance: 0.198237
branch length acceptance: 0.491048
avgP: 0.245499  0.25196 0.177148 0.325394
sP: 5.87795e-05 5.51994e-05 6.27609e-05 8.92402e-05
avgS:  0.368495  0.160645  0.112083 0.0388723  0.300857 0.0190478
sS: 0.000127089 7.20616e-05  4.5991e-05 1.87598e-05 0.000125089 8.75272e-06
0.245499  0.25196 0.177148 0.325394
 0.368495  0.160645  0.112083 0.0388723  0.300857 0.0190478

 -1.30596  0.750502  0.327181  0.228277
 0.731257  -1.40543 0.0771398  0.597034
 0.453421  0.109717   -0.6169 0.0537624
 0.172227  0.462297 0.0292688 -0.663793

stationary acceptance: 0.226048
symmetric acceptance: 0.18267
branch length acceptance: 0.489328
avgP: 0.245602 0.252052 0.176968 0.325378
sP: 6.14204e-05  5.4376e-05 6.27658e-05 9.13512e-05
avgS:  0.368554  0.160683  0.112037 0.0389018  0.300753 0.0190714
sS: 0.000127811  7.2576e-05 4.60694e-05 1.93214e-05 0.000126961 8.94844e-06
0.245602 0.252052 0.176968 0.325378
 0.368554  0.160683  0.112037 0.0389018  0.300753 0.0190714

 -1.30552  0.750308  0.327121  0.228086
 0.731108  -1.40489 0.0771702  0.596609
 0.453989  0.109912 -0.617785 0.0538838
 0.172164  0.462159 0.0293066 -0.663629

stationary acceptance: 0.244019
symmetric acceptance: 0.192293
branch length acceptance: 0.503149
avgP: 0.245551 0.251996 0.177051 0.325402
sP: 6.08198e-05 5.38356e-05 6.11581e-05 9.05152e-05
avgS:   0.36875  0.160598  0.112044 0.0388534  0.300714 0.0190403
sS: 0.000125417 7.13687e-05 4.61724e-05 1.90247e-05 0.000122958 8.74408e-06
0.245551 0.251996 0.177051 0.325402
  0.36875  0.160598  0.112044 0.0388534  0.300714 0.0190403

 -1.30603  0.750862  0.327015  0.228147
  0.73166  -1.40542 0.0770914  0.596665
 0.453535  0.109723 -0.617029 0.0537705
 0.172162  0.462066 0.0292566 -0.663485

stationary acceptance: 0.230492
symmetric acceptance: 0.194849
branch length acceptance: 0.496576
avgP: 0.245576 0.252103  0.17713 0.325192
sP: 5.88059e-05  5.6123e-05  6.1701e-05 9.00198e-05
avgS:  0.368666   0.16066  0.112069 0.0388336  0.300694 0.0190765
sS: 0.000126956 7.06648e-05 4.56046e-05 1.84795e-05  0.00012513  8.8322e-06
0.245576 0.252103  0.17713 0.325192
 0.368666   0.16066  0.112069 0.0388336  0.300694 0.0190765

  -1.3059  0.750617  0.327109  0.228177
 0.731182  -1.40457 0.0770192  0.596372
 0.453509  0.109619 -0.616977  0.053849
 0.172313  0.462334 0.0293312 -0.663978

GTR Distance Matrix:

        0  0.222107  0.214263  0.216215  0.195569   0.33865  0.323556  0.296375  0.362098  0.365094  0.386963  0.382897  0.520083  0.516661  0.446143  0.513079  0.508126   0.31536  0.325996  0.345267  0.341282  0.191978  0.196128 0.0862843
 0.222107         0 0.0791445  0.162427  0.151927  0.324649  0.322715    0.2808  0.351463  0.352258  0.351431  0.355715  0.487036  0.475097  0.412717  0.466679  0.475352  0.283158  0.295335  0.314577  0.315568  0.181694  0.190394  0.215453
 0.214263 0.0791445         0  0.145317  0.135709  0.310867  0.305049   0.26493  0.333778  0.336933  0.343165  0.344869  0.485065  0.459511  0.406868   0.45515  0.462128   0.27148  0.287827  0.306579  0.300349  0.167888  0.179728  0.202863
 0.216215  0.162427  0.145317         0 0.0698196  0.313047  0.306349  0.262308  0.329441  0.334304  0.338506  0.340361  0.480022  0.461592  0.410239  0.469624  0.465588  0.272837  0.282971  0.307959  0.304981  0.170508  0.174001     0.205
 0.195569  0.151927  0.135709 0.0698196         0  0.295955  0.285002  0.238842  0.314803  0.316924  0.315979  0.313895  0.446261  0.434304  0.378279  0.439571  0.434474  0.249547  0.255835  0.273777  0.274876   0.14816  0.157972  0.184241
  0.33865  0.324649  0.310867  0.313047  0.295955         0 0.0933216  0.132457  0.206776  0.207298   0.40915  0.413432  0.540009  0.527642  0.486309  0.532959   0.52624   0.33675  0.351484   0.37206  0.370161  0.307995  0.310739   0.33654
 0.323556  0.322715  0.305049  0.306349  0.285002 0.0933216         0  0.129121  0.198169  0.199366  0.403758  0.409809  0.545242  0.525777  0.494736   0.53982  0.527777  0.332048  0.345736  0.354442  0.355961  0.296982  0.302387  0.317233
 0.296375    0.2808   0.26493  0.262308  0.238842  0.132457  0.129121         0  0.148789  0.151542  0.367083  0.371383   0.50885  0.499981  0.453455  0.494444  0.496979  0.286229  0.298025  0.320188  0.322771  0.266368   0.26411  0.281071
 0.362098  0.351463  0.333778  0.329441  0.314803  0.206776  0.198169  0.148789         0 0.0741037  0.428768  0.428068    0.5588  0.537386  0.501197  0.546355  0.548888  0.359407   0.37009  0.388822  0.386683  0.336938  0.345499  0.351268
 0.365094  0.352258  0.336933  0.334304  0.316924  0.207298  0.199366  0.151542 0.0741037         0  0.443705  0.442192  0.576472  0.559456  0.520167  0.566179  0.570202   0.37015  0.384231  0.392837  0.388218  0.335234  0.342566  0.351296
 0.386963  0.351431  0.343165  0.338506  0.315979   0.40915  0.403758  0.367083  0.428768  0.443705         0 0.0716779  0.343848  0.346026  0.282462   0.32907  0.341815  0.257386  0.263157  0.284672  0.291265  0.340661  0.337933  0.375387
 0.382897  0.355715  0.344869  0.340361  0.313895  0.413432  0.409809  0.371383  0.428068  0.442192 0.0716779         0    0.3417  0.339721  0.282851  0.320111  0.339753  0.263018  0.268426  0.285731  0.297551   0.34252  0.343017  0.376138
 0.520083  0.487036  0.485065  0.480022  0.446261  0.540009  0.545242   0.50885    0.5588  0.576472  0.343848    0.3417         0 0.0852385  0.141802  0.239375   0.24731  0.387993  0.396236  0.413781  0.408279   0.46235  0.461648  0.508813
 0.516661  0.475097  0.459511  0.461592  0.434304  0.527642  0.525777  0.499981  0.537386  0.559456  0.346026  0.339721 0.0852385         0  0.154746  0.241685  0.249232  0.393038  0.398732   0.39988  0.404107  0.457552    0.4586  0.508688
 0.446143  0.412717  0.406868  0.410239  0.378279  0.486309  0.494736  0.453455  0.501197  0.520167  0.282462  0.282851  0.141802  0.154746         0  0.178452  0.187069  0.330448  0.337536  0.359538  0.359705  0.400452   0.41369  0.436076
 0.513079  0.466679   0.45515  0.469624  0.439571  0.532959   0.53982  0.494444  0.546355  0.566179   0.32907  0.320111  0.239375  0.241685  0.178452         0 0.0799802  0.373527  0.373098  0.388995  0.400845  0.448108  0.458262   0.50349
 0.508126  0.475352  0.462128  0.465588  0.434474   0.52624  0.527777  0.496979  0.548888  0.570202  0.341815  0.339753   0.24731  0.249232  0.187069 0.0799802         0  0.377651  0.381765  0.384809  0.396059  0.451442  0.465335   0.49851
  0.31536  0.283158   0.27148  0.272837  0.249547   0.33675  0.332048  0.286229  0.359407   0.37015  0.257386  0.263018  0.387993  0.393038  0.330448  0.373527  0.377651         0 0.0772448  0.189903  0.184716  0.277061  0.281162  0.301864
 0.325996  0.295335  0.287827  0.282971  0.255835  0.351484  0.345736  0.298025   0.37009  0.384231  0.263157  0.268426  0.396236  0.398732  0.337536  0.373098  0.381765 0.0772448         0  0.188949  0.186114  0.285681  0.281533  0.310585
 0.345267  0.314577  0.306579  0.307959  0.273777   0.37206  0.354442  0.320188  0.388822  0.392837  0.284672  0.285731  0.413781   0.39988  0.359538  0.388995  0.384809  0.189903  0.188949         0 0.0788791  0.291038  0.303439  0.341286
 0.341282  0.315568  0.300349  0.304981  0.274876  0.370161  0.355961  0.322771  0.386683  0.388218  0.291265  0.297551  0.408279  0.404107  0.359705  0.400845  0.396059  0.184716  0.186114 0.0788791         0  0.292826  0.301089  0.340241
 0.191978  0.181694  0.167888  0.170508   0.14816  0.307995  0.296982  0.266368  0.336938  0.335234  0.340661   0.34252   0.46235  0.457552  0.400452  0.448108  0.451442  0.277061  0.285681  0.291038  0.292826         0 0.0802987  0.176084
 0.196128  0.190394  0.179728  0.174001  0.157972  0.310739  0.302387   0.26411  0.345499  0.342566  0.337933  0.343017  0.461648    0.4586   0.41369  0.458262  0.465335  0.281162  0.281533  0.303439  0.301089 0.0802987         0  0.180909
0.0862843  0.215453  0.202863     0.205  0.184241   0.33654  0.317233  0.281071  0.351268  0.351296  0.375387  0.376138  0.508813  0.508688  0.436076   0.50349   0.49851  0.301864  0.310585  0.341286  0.340241  0.176084  0.180909         0

meanTree = (1:0.0487227,((((2:0.0462188,3:0.0328899):0.0432559,(4:0.0441837,5:0.0252579):0.031125):0.011604,(((6:0.0510446,7:0.042746):0.040087,(8:0.0392841,(9:0.0344129,10:0.039346):0.0736295):0.00458507):0.097962,(((11:0.0348192,12:0.0367556):0.0713746,(((13:0.046345,14:0.0388888):0.0599534,15:0.04568):0.0223225,(16:0.0390503,17:0.0410109):0.0768275):0.109003):0.0555491,((18:0.0342472,19:0.0429281):0.043492,(20:0.0396529,21:0.039696):0.0658345):0.0170081):0.059396):0.0324825):0.00981827,(22:0.0371972,23:0.0432979):0.0362964):0.066974,24:0.037491);
(1,((((2,3),(4,5)),(((6,7),(8,(9,10))),(((11,12),(((13,14),15),(16,17))),((18,19),(20,21))))),(22,23)),24); 0.0500998
(1,((((2,3),(4,5)),((((6,7),8),(9,10)),(((11,12),(((13,14),15),(16,17))),((18,19),(20,21))))),(22,23)),24); 0.0371781
(1,((((2,3),(4,5)),(((6,7),(8,(9,10))),(((11,12),(((13,14),15),(16,17))),((18,19),(20,21))))),(22,23)),24); 0.0443275
(1,((((2,3),(4,5)),(((6,7),(8,(9,10))),(((11,12),(((13,14),15),(16,17))),((18,19),(20,21))))),(22,23)),24); 0.0554128
(1,((((2,3),(4,5)),((((6,7),8),(9,10)),(((11,12),(((13,14),15),(16,17))),((18,19),(20,21))))),(22,23)),24); 0.0512856
(1,((((2,3),(4,5)),((((6,7),(9,10)),8),(((11,12),(((13,14),15),(16,17))),((18,19),(20,21))))),(22,23)),24); 0.0399474
(1,((((2,3),(4,5)),(((6,7),(8,(9,10))),(((11,12),(((13,14),15),(16,17))),((18,19),(20,21))))),(22,23)),24); 0.0457098
(1,((((2,3),(4,5)),(((6,7),(8,(9,10))),(((11,12),(((13,14),15),(16,17))),((18,19),(20,21))))),(22,23)),24); 0.0427704
(1,((((2,3),(4,5)),(((6,7),(8,(9,10))),(((11,12),(((13,14),15),(16,17))),((18,19),(20,21))))),(22,23)),24); 0.0441463
(1,((((2,3),(4,5)),((((6,7),(9,10)),8),(((11,12),(((13,14),15),(16,17))),((18,19),(20,21))))),(22,23)),24); 0.0526119
(1,((((2,3),(4,5)),(((6,7),(8,(9,10))),(((11,12),(((13,14),15),(16,17))),((18,19),(20,21))))),(22,23)),24); 0.0432513
(1,((((2,3),(4,5)),(((6,7),(8,(9,10))),(((11,12),(((13,14),15),(16,17))),((18,19),(20,21))))),(22,23)),24); 0.0404809
(1,((((2,3),(4,5)),(((6,7),(8,(9,10))),(((11,12),(((13,14),15),(16,17))),((18,19),(20,21))))),(22,23)),24); 0.0443168
(1,((((2,3),(4,5)),(((6,7),(8,(9,10))),(((11,12),(((13,14),15),(16,17))),((18,19),(20,21))))),(22,23)),24); 0.0364707
(1,((((2,3),(4,5)),(((6,7),(8,(9,10))),(((11,12),(((13,14),15),(16,17))),((18,19),(20,21))))),(22,23)),24); 0.0401137
(1,((((2,3),(4,5)),(((6,7),(8,(9,10))),(((11,12),(((13,14),15),(16,17))),((18,19),(20,21))))),(22,23)),24); 0.043487
(1,((((2,3),(4,5)),(((6,7),(8,(9,10))),(((11,12),(((13,14),15),(16,17))),((18,19),(20,21))))),(22,23)),24); 0.0451996
(1,((((2,3),(4,5)),((((6,7),8),(9,10)),(((11,12),(((13,14),15),(16,17))),((18,19),(20,21))))),(22,23)),24); 0.0380538
(1,((((2,3),(4,5)),(22,23)),(((6,7),(8,(9,10))),(((11,12),(((13,14),15),(16,17))),((18,19),(20,21))))),24); 0.0457009
(1,((((2,3),(4,5)),((((6,7),8),(9,10)),(((11,12),(((13,14),15),(16,17))),((18,19),(20,21))))),(22,23)),24); 0.0508751
(1,((((2,3),(4,5)),(((6,7),(8,(9,10))),(((11,12),(((13,14),15),(16,17))),((18,19),(20,21))))),(22,23)),24); 0.0457925
(1,((((2,3),(4,5)),(((6,7),(8,(9,10))),(((11,12),(((13,14),15),(16,17))),((18,19),(20,21))))),(22,23)),24); 0.0460875
(1,((((2,3),(4,5)),((((6,7),(9,10)),8),(((11,12),(((13,14),15),(16,17))),((18,19),(20,21))))),(22,23)),24); 0.0503129
(1,((((2,3),(4,5)),(((6,7),(8,(9,10))),(((11,12),(((13,14),15),(16,17))),((18,19),(20,21))))),(22,23)),24); 0.0419843
(1,((((2,3),(4,5)),((((6,7),(9,10)),8),(((11,12),(((13,14),15),(16,17))),((18,19),(20,21))))),(22,23)),24); 0.0491753
(1,((((2,3),(4,5)),((((6,7),8),(9,10)),(((11,12),(((13,14),15),(16,17))),((18,19),(20,21))))),(22,23)),24); 0.0592525
(1,((((2,3),(4,5)),(((6,7),(8,(9,10))),(((11,12),(((13,14),15),(16,17))),((18,19),(20,21))))),(22,23)),24); 0.040561
(1,((((2,3),(4,5)),(((6,7),(8,(9,10))),(((11,12),(((13,14),15),(16,17))),((18,19),(20,21))))),(22,23)),24); 0.0366363
(1,((((2,3),(4,5)),((((6,7),(9,10)),8),(((11,12),(((13,14),15),(16,17))),((18,19),(20,21))))),(22,23)),24); 0.040227
(1,(((2,3),(4,5)),((((6,7),(8,(9,10))),(((11,12),(((13,14),15),(16,17))),((18,19),(20,21)))),(22,23))),24); 0.0462857
(1,((((2,3),(4,5)),(((6,7),(8,(9,10))),(((11,12),(((13,14),15),(16,17))),((18,19),(20,21))))),(22,23)),24); 0.0411437
(1,((((2,3),(4,5)),(((6,7),(8,(9,10))),(((11,12),(((13,14),15),(16,17))),((18,19),(20,21))))),(22,23)),24); 0.0400176
(1,((((2,3),(4,5)),(((6,7),(8,(9,10))),(((11,12),(((13,14),15),(16,17))),((18,19),(20,21))))),(22,23)),24); 0.0534068
(1,((((2,3),(4,5)),(((6,7),(8,(9,10))),(((11,12),(((13,14),15),(16,17))),((18,19),(20,21))))),(22,23)),24); 0.0408505
(1,((((2,3),(4,5)),(((6,7),(8,(9,10))),(((11,12),(((13,14),15),(16,17))),((18,19),(20,21))))),(22,23)),24); 0.0495633
(1,((((2,3),(4,5)),(((6,7),(8,(9,10))),(((11,12),(((13,14),15),(16,17))),((18,19),(20,21))))),(22,23)),24); 0.0379822
(1,((((2,3),(4,5)),((((6,7),8),(9,10)),(((11,12),(((13,14),15),(16,17))),((18,19),(20,21))))),(22,23)),24); 0.0418941
(1,((((2,3),(4,5)),(((6,7),(8,(9,10))),(((11,12),(((13,14),15),(16,17))),((18,19),(20,21))))),(22,23)),24); 0.0443289
(1,((((2,3),(4,5)),(((6,7),(8,(9,10))),(((11,12),(((13,14),15),(16,17))),((18,19),(20,21))))),(22,23)),24); 0.0434888
(1,((((2,3),(4,5)),(((6,7),(8,(9,10))),(((11,12),(((13,14),15),(16,17))),((18,19),(20,21))))),(22,23)),24); 0.0507457
(1,((((2,3),(4,5)),(((6,7),(8,(9,10))),(((11,12),(((13,14),15),(16,17))),((18,19),(20,21))))),(22,23)),24); 0.0438316
(1,((((2,3),(4,5)),((((6,7),8),(9,10)),(((11,12),(((13,14),15),(16,17))),((18,19),(20,21))))),(22,23)),24); 0.0387797
(1,((((2,3),(4,5)),(((6,7),(8,(9,10))),(((11,12),(((13,14),15),(16,17))),((18,19),(20,21))))),(22,23)),24); 0.0430822
(1,((((2,3),(4,5)),(((6,7),(8,(9,10))),(((11,12),(((13,14),15),(16,17))),((18,19),(20,21))))),(22,23)),24); 0.0450225
(1,((((2,3),(4,5)),(((6,7),(8,(9,10))),(((11,12),(((13,14),15),(16,17))),((18,19),(20,21))))),(22,23)),24); 0.0451209
(1,((((2,3),(4,5)),(((6,7),(8,(9,10))),(((11,12),(((13,14),15),(16,17))),((18,19),(20,21))))),(22,23)),24); 0.0468442
(1,((((2,3),(4,5)),(((6,7),(8,(9,10))),(((11,12),(((13,14),15),(16,17))),((18,19),(20,21))))),(22,23)),24); 0.0426267
(1,((((2,3),(4,5)),(((6,7),(8,(9,10))),(((11,12),(((13,14),15),(16,17))),((18,19),(20,21))))),(22,23)),24); 0.0538813
(1,((((2,3),(4,5)),(((6,7),(8,(9,10))),(((11,12),(((13,14),15),(16,17))),((18,19),(20,21))))),(22,23)),24); 0.0454066
(1,((((2,3),(4,5)),(((6,7),(8,(9,10))),(((11,12),(((13,14),15),(16,17))),((18,19),(20,21))))),(22,23)),24); 0.0419059
(1,((((2,3),(4,5)),(((6,7),(8,(9,10))),(((11,12),(((13,14),15),(16,17))),((18,19),(20,21))))),(22,23)),24); 0.0439277
(1,((((2,3),(4,5)),(((6,7),(8,(9,10))),(((11,12),(((13,14),15),(16,17))),((18,19),(20,21))))),(22,23)),24); 0.0454576
(1,((((2,3),(4,5)),(22,23)),(((6,7),(8,(9,10))),(((11,12),(((13,14),15),(16,17))),((18,19),(20,21))))),24); 0.0442816
(1,((((2,3),(4,5)),(((6,7),(8,(9,10))),(((11,12),(((13,14),15),(16,17))),((18,19),(20,21))))),(22,23)),24); 0.0419886
(1,((((2,3),(4,5)),(((6,7),(8,(9,10))),(((11,12),(((13,14),15),(16,17))),((18,19),(20,21))))),(22,23)),24); 0.0502087
(1,((((2,3),(4,5)),(((6,7),(8,(9,10))),(((11,12),(((13,14),15),(16,17))),((18,19),(20,21))))),(22,23)),24); 0.0449837
(1,((((2,3),(4,5)),(((6,7),(8,(9,10))),(((11,12),(((13,14),15),(16,17))),((18,19),(20,21))))),(22,23)),24); 0.0459164
(1,((((2,3),(4,5)),(((6,7),(8,(9,10))),(((11,12),(((13,14),15),(16,17))),((18,19),(20,21))))),(22,23)),24); 0.0364901
(1,((((2,3),(4,5)),(22,23)),(((6,7),(8,(9,10))),(((11,12),(((13,14),15),(16,17))),((18,19),(20,21))))),24); 0.041636
(1,((((2,3),(4,5)),(((6,7),(8,(9,10))),(((11,12),(((13,14),15),(16,17))),((18,19),(20,21))))),(22,23)),24); 0.0387745
(1,((((2,3),(4,5)),(((6,7),(8,(9,10))),(((11,12),(((13,14),15),(16,17))),((18,19),(20,21))))),(22,23)),24); 0.046294
(1,((((2,3),(4,5)),(((6,7),(8,(9,10))),(((11,12),(((13,14),15),(16,17))),((18,19),(20,21))))),(22,23)),24); 0.040048
(1,((((2,3),(4,5)),(((6,7),(8,(9,10))),(((11,12),(((13,14),15),(16,17))),((18,19),(20,21))))),(22,23)),24); 0.0434052
(1,((((2,3),(4,5)),(((6,7),(8,(9,10))),(((11,12),(((13,14),15),(16,17))),((18,19),(20,21))))),(22,23)),24); 0.0543023
(1,((((2,3),(4,5)),(((6,7),(8,(9,10))),(((11,12),(((13,14),15),(16,17))),((18,19),(20,21))))),(22,23)),24); 0.0407051
(1,((((2,3),(4,5)),(((6,7),(8,(9,10))),(((11,12),(((13,14),15),(16,17))),((18,19),(20,21))))),(22,23)),24); 0.0467308
(1,((((2,3),(4,5)),((((6,7),8),(9,10)),(((11,12),(((13,14),15),(16,17))),((18,19),(20,21))))),(22,23)),24); 0.0498374
(1,((((2,3),(4,5)),(((6,7),(8,(9,10))),(((11,12),(((13,14),15),(16,17))),((18,19),(20,21))))),(22,23)),24); 0.0475426
(1,((((2,3),(4,5)),((((6,7),8),(9,10)),(((11,12),(((13,14),15),(16,17))),((18,19),(20,21))))),(22,23)),24); 0.0396809
(1,((((2,3),(4,5)),(((6,7),(8,(9,10))),(((11,12),(((13,14),15),(16,17))),((18,19),(20,21))))),(22,23)),24); 0.0472757
(1,((((2,3),(4,5)),(((6,7),(8,(9,10))),(((11,12),(((13,14),15),(16,17))),((18,19),(20,21))))),(22,23)),24); 0.042667
(1,((((2,3),(4,5)),((((6,7),8),(9,10)),(((11,12),(((13,14),15),(16,17))),((18,19),(20,21))))),(22,23)),24); 0.0391411
(1,((((2,3),(4,5)),(((6,7),(8,(9,10))),(((11,12),(((13,14),15),(16,17))),((18,19),(20,21))))),(22,23)),24); 0.040816
(1,((((2,3),(4,5)),(((6,7),(8,(9,10))),(((11,12),(((13,14),15),(16,17))),((18,19),(20,21))))),(22,23)),24); 0.0461041
(1,((((2,3),(4,5)),(((6,7),(8,(9,10))),(((11,12),(((13,14),15),(16,17))),((18,19),(20,21))))),(22,23)),24); 0.0391018
(1,((((2,3),(4,5)),(((6,7),(8,(9,10))),(((11,12),(((13,14),15),(16,17))),((18,19),(20,21))))),(22,23)),24); 0.0454565
(1,((((2,3),(4,5)),(((6,7),(8,(9,10))),(((11,12),(((13,14),15),(16,17))),((18,19),(20,21))))),(22,23)),24); 0.0448871
(1,((((2,3),(4,5)),(((6,7),(8,(9,10))),(((11,12),(((13,14),15),(16,17))),((18,19),(20,21))))),(22,23)),24); 0.0415336
(1,((((2,3),(4,5)),(((6,7),(8,(9,10))),(((11,12),(((13,14),15),(16,17))),((18,19),(20,21))))),(22,23)),24); 0.0434213
(1,((((2,3),(4,5)),(((6,7),(8,(9,10))),(((11,12),(((13,14),15),(16,17))),((18,19),(20,21))))),(22,23)),24); 0.03639
(1,((((2,3),(4,5)),(((6,7),(8,(9,10))),(((11,12),(((13,14),15),(16,17))),((18,19),(20,21))))),(22,23)),24); 0.043243
(1,((((2,3),(4,5)),(((6,7),(8,(9,10))),(((11,12),(((13,14),15),(16,17))),((18,19),(20,21))))),(22,23)),24); 0.041406
(1,((((2,3),(4,5)),(((6,7),(8,(9,10))),(((11,12),(((13,14),15),(16,17))),((18,19),(20,21))))),(22,23)),24); 0.0294879
(1,((((2,3),(4,5)),((((6,7),(9,10)),8),(((11,12),(((13,14),15),(16,17))),((18,19),(20,21))))),(22,23)),24); 0.0515767
(1,((((2,3),(4,5)),(((6,7),(8,(9,10))),(((11,12),(((13,14),15),(16,17))),((18,19),(20,21))))),(22,23)),24); 0.0353572
(1,((((2,3),(4,5)),(((6,7),(8,(9,10))),(((11,12),(((13,14),15),(16,17))),((18,19),(20,21))))),(22,23)),24); 0.0477192
(1,((((2,3),(4,5)),(((6,7),(8,(9,10))),(((11,12),(((13,14),15),(16,17))),((18,19),(20,21))))),(22,23)),24); 0.047873
(1,((((2,3),(4,5)),(((6,7),(8,(9,10))),(((11,12),(((13,14),15),(16,17))),((18,19),(20,21))))),(22,23)),24); 0.0427557
(1,((((2,3),(4,5)),((((6,7),8),(9,10)),(((11,12),(((13,14),15),(16,17))),((18,19),(20,21))))),(22,23)),24); 0.0443229
(1,((((2,3),(4,5)),(((6,7),(8,(9,10))),(((11,12),(((13,14),15),(16,17))),((18,19),(20,21))))),(22,23)),24); 0.0458807
(1,((((2,3),(4,5)),(((6,7),(8,(9,10))),(((11,12),(((13,14),15),(16,17))),((18,19),(20,21))))),(22,23)),24); 0.0505622
(1,(((2,3),((4,5),(((6,7),(8,(9,10))),(((11,12),(((13,14),15),(16,17))),((18,19),(20,21)))))),(22,23)),24); 0.0380342
(1,((((2,3),(4,5)),((((6,7),8),(9,10)),(((11,12),(((13,14),15),(16,17))),((18,19),(20,21))))),(22,23)),24); 0.0424478
(1,((((2,3),(4,5)),((((6,7),(9,10)),8),(((11,12),(((13,14),15),(16,17))),((18,19),(20,21))))),(22,23)),24); 0.040932
(1,((((2,3),(4,5)),((((6,7),8),(9,10)),(((11,12),(((13,14),15),(16,17))),((18,19),(20,21))))),(22,23)),24); 0.0481078
(1,((((2,3),(4,5)),(((6,7),(8,(9,10))),(((11,12),(((13,14),15),(16,17))),((18,19),(20,21))))),(22,23)),24); 0.0490342
(1,((((2,3),(4,5)),((((6,7),8),(9,10)),(((11,12),(((13,14),15),(16,17))),((18,19),(20,21))))),(22,23)),24); 0.0473785
(1,((((2,3),(4,5)),(((6,7),(8,(9,10))),(((11,12),(((13,14),15),(16,17))),((18,19),(20,21))))),(22,23)),24); 0.0477281
(1,((((2,3),(4,5)),(((6,7),(8,(9,10))),(((11,12),(((13,14),15),(16,17))),((18,19),(20,21))))),(22,23)),24); 0.0460171
(1,((((2,3),(4,5)),(((6,7),(8,(9,10))),(((11,12),(((13,14),15),(16,17))),((18,19),(20,21))))),(22,23)),24); 0.0390481
(1,((((2,3),(4,5)),(((6,7),(8,(9,10))),(((11,12),(((13,14),15),(16,17))),((18,19),(20,21))))),(22,23)),24); 0.0442558
(1,((((2,3),(4,5)),(((6,7),(8,(9,10))),(((11,12),(((13,14),15),(16,17))),((18,19),(20,21))))),(22,23)),24); 0.0456062
(1,((((2,3),(4,5)),((((6,7),8),(9,10)),(((11,12),(((13,14),15),(16,17))),((18,19),(20,21))))),(22,23)),24); 0.0388182
(1,((((2,3),(4,5)),(((6,7),(8,(9,10))),(((11,12),(((13,14),15),(16,17))),((18,19),(20,21))))),(22,23)),24); 0.0452041
(1,((((2,3),(4,5)),(((6,7),(8,(9,10))),(((11,12),(((13,14),15),(16,17))),((18,19),(20,21))))),(22,23)),24); 0.0432268
(1,((((2,3),(4,5)),(((6,7),(8,(9,10))),(((11,12),(((13,14),15),(16,17))),((18,19),(20,21))))),(22,23)),24); 0.0419244
(1,((((2,3),(4,5)),(((6,7),(8,(9,10))),(((11,12),(((13,14),15),(16,17))),((18,19),(20,21))))),(22,23)),24); 0.042695
(1,((((2,3),(4,5)),(((6,7),(8,(9,10))),(((11,12),(((13,14),15),(16,17))),((18,19),(20,21))))),(22,23)),24); 0.0421676
(1,((((2,3),(4,5)),((((6,7),8),(9,10)),(((11,12),(((13,14),15),(16,17))),((18,19),(20,21))))),(22,23)),24); 0.0454861
(1,((((2,3),(4,5)),(((6,7),(8,(9,10))),(((11,12),(((13,14),15),(16,17))),((18,19),(20,21))))),(22,23)),24); 0.0359816
(1,((((2,3),(4,5)),(((6,7),(8,(9,10))),(((11,12),(((13,14),15),(16,17))),((18,19),(20,21))))),(22,23)),24); 0.0569408
(1,((((2,3),(4,5)),(((6,7),(8,(9,10))),(((11,12),(((13,14),15),(16,17))),((18,19),(20,21))))),(22,23)),24); 0.0389572
(1,((((2,3),(4,5)),(((6,7),(8,(9,10))),(((11,12),(((13,14),15),(16,17))),((18,19),(20,21))))),(22,23)),24); 0.0386328
(1,((((2,3),(4,5)),((((6,7),8),(9,10)),(((11,12),(((13,14),15),(16,17))),((18,19),(20,21))))),(22,23)),24); 0.0382838
(1,((((2,3),(4,5)),((((6,7),8),(9,10)),(((11,12),(((13,14),15),(16,17))),((18,19),(20,21))))),(22,23)),24); 0.0409729
(1,((((2,3),(4,5)),(((6,7),(8,(9,10))),(((11,12),(((13,14),15),(16,17))),((18,19),(20,21))))),(22,23)),24); 0.0362404
(1,((((2,3),(4,5)),((((6,7),8),(9,10)),(((11,12),(((13,14),15),(16,17))),((18,19),(20,21))))),(22,23)),24); 0.0410617
(1,((((2,3),(4,5)),((((6,7),8),(9,10)),(((11,12),(((13,14),15),(16,17))),((18,19),(20,21))))),(22,23)),24); 0.0389668
(1,((((2,3),(4,5)),(((6,7),(8,(9,10))),(((11,12),(((13,14),15),(16,17))),((18,19),(20,21))))),(22,23)),24); 0.040981
(1,((((2,3),(4,5)),(((6,7),(8,(9,10))),(((11,12),(((13,14),15),(16,17))),((18,19),(20,21))))),(22,23)),24); 0.0383576
(1,((((2,3),(4,5)),(((6,7),(8,(9,10))),(((11,12),(((13,14),15),(16,17))),((18,19),(20,21))))),(22,23)),24); 0.040815
(1,((((2,3),(4,5)),(((6,7),(8,(9,10))),(((11,12),(((13,14),15),(16,17))),((18,19),(20,21))))),(22,23)),24); 0.0470385
(1,((((2,3),(4,5)),(((6,7),(8,(9,10))),(((11,12),(((13,14),15),(16,17))),((18,19),(20,21))))),(22,23)),24); 0.0486248
(1,((((2,3),(4,5)),(((6,7),(8,(9,10))),(((11,12),(((13,14),15),(16,17))),((18,19),(20,21))))),(22,23)),24); 0.0464093
(1,((((2,3),(4,5)),(((6,7),(8,(9,10))),(((11,12),(((13,14),15),(16,17))),((18,19),(20,21))))),(22,23)),24); 0.0426853
(1,((((2,3),(4,5)),(((6,7),(8,(9,10))),(((11,12),(((13,14),15),(16,17))),((18,19),(20,21))))),(22,23)),24); 0.0408328
(1,((((2,3),(4,5)),(22,23)),(((6,7),(8,(9,10))),(((11,12),(((13,14),15),(16,17))),((18,19),(20,21))))),24); 0.0500467
(1,((((2,3),(4,5)),(((6,7),(8,(9,10))),(((11,12),(((13,14),15),(16,17))),((18,19),(20,21))))),(22,23)),24); 0.0440261
(1,((((2,3),(4,5)),(22,23)),(((6,7),(8,(9,10))),(((11,12),(((13,14),15),(16,17))),((18,19),(20,21))))),24); 0.0511134
(1,((((2,3),(4,5)),((((6,7),8),(9,10)),(((11,12),(((13,14),15),(16,17))),((18,19),(20,21))))),(22,23)),24); 0.0396298
(1,((((2,3),(4,5)),(((6,7),(8,(9,10))),(((11,12),(((13,14),15),(16,17))),((18,19),(20,21))))),(22,23)),24); 0.0445674
(1,((((2,3),(4,5)),(((6,7),(8,(9,10))),(((11,12),(((13,14),15),(16,17))),((18,19),(20,21))))),(22,23)),24); 0.0448932
(1,((((2,3),(4,5)),((((6,7),(9,10)),8),(((11,12),(((13,14),15),(16,17))),((18,19),(20,21))))),(22,23)),24); 0.0418994
(1,((((2,3),(4,5)),((((6,7),(9,10)),8),(((11,12),(((13,14),15),(16,17))),((18,19),(20,21))))),(22,23)),24); 0.0574942
(1,((((2,3),(4,5)),((((6,7),8),(9,10)),(((11,12),(((13,14),15),(16,17))),((18,19),(20,21))))),(22,23)),24); 0.0381522
(1,((((2,3),(4,5)),(((6,7),(8,(9,10))),(((11,12),(((13,14),15),(16,17))),((18,19),(20,21))))),(22,23)),24); 0.044675
(1,((((2,3),(4,5)),(((6,7),(8,(9,10))),(((11,12),(((13,14),15),(16,17))),((18,19),(20,21))))),(22,23)),24); 0.0509099
(1,((((2,3),(4,5)),(((6,7),(8,(9,10))),(((11,12),(((13,14),15),(16,17))),((18,19),(20,21))))),(22,23)),24); 0.0476238
(1,((((2,3),(4,5)),(((6,7),(8,(9,10))),(((11,12),(((13,14),15),(16,17))),((18,19),(20,21))))),(22,23)),24); 0.0429113
(1,((((2,3),(4,5)),(((6,7),(8,(9,10))),(((11,12),(((13,14),15),(16,17))),((18,19),(20,21))))),(22,23)),24); 0.0535492
(1,((((2,3),(4,5)),((((6,7),8),(9,10)),(((11,12),(((13,14),15),(16,17))),((18,19),(20,21))))),(22,23)),24); 0.0421071
(1,((((2,3),(4,5)),(((6,7),(8,(9,10))),(((11,12),(((13,14),15),(16,17))),((18,19),(20,21))))),(22,23)),24); 0.0394575
(1,((((2,3),(4,5)),(((6,7),(8,(9,10))),(((11,12),(((13,14),15),(16,17))),((18,19),(20,21))))),(22,23)),24); 0.0457805
(1,((((2,3),(4,5)),((((6,7),(9,10)),8),(((11,12),(((13,14),15),(16,17))),((18,19),(20,21))))),(22,23)),24); 0.0420095
(1,((((2,3),(4,5)),(((6,7),(8,(9,10))),(((11,12),(((13,14),15),(16,17))),((18,19),(20,21))))),(22,23)),24); 0.0442592
(1,((((2,3),(4,5)),(((6,7),(8,(9,10))),(((11,12),(((13,14),15),(16,17))),((18,19),(20,21))))),(22,23)),24); 0.05018
(1,((((2,3),(4,5)),(((6,7),(8,(9,10))),(((11,12),(((13,14),15),(16,17))),((18,19),(20,21))))),(22,23)),24); 0.0380563
(1,((((2,3),(4,5)),(((6,7),(8,(9,10))),(((11,12),(((13,14),15),(16,17))),((18,19),(20,21))))),(22,23)),24); 0.0444207
(1,((((2,3),(4,5)),(((6,7),(8,(9,10))),(((11,12),(((13,14),15),(16,17))),((18,19),(20,21))))),(22,23)),24); 0.0404626
(1,((((2,3),(4,5)),(((6,7),(8,(9,10))),(((11,12),(((13,14),15),(16,17))),((18,19),(20,21))))),(22,23)),24); 0.0392558
(1,((((2,3),(4,5)),(((6,7),(8,(9,10))),(((11,12),(((13,14),15),(16,17))),((18,19),(20,21))))),(22,23)),24); 0.0386376
(1,((((2,3),(4,5)),(((6,7),(8,(9,10))),(((11,12),(((13,14),15),(16,17))),((18,19),(20,21))))),(22,23)),24); 0.045836
(1,((((2,3),(4,5)),(((6,7),(8,(9,10))),(((11,12),(((13,14),15),(16,17))),((18,19),(20,21))))),(22,23)),24); 0.0345443
(1,((((2,3),(4,5)),(((6,7),(8,(9,10))),(((11,12),(((13,14),15),(16,17))),((18,19),(20,21))))),(22,23)),24); 0.0387168
(1,((((2,3),(4,5)),(((6,7),(8,(9,10))),(((11,12),(((13,14),15),(16,17))),((18,19),(20,21))))),(22,23)),24); 0.045854
(1,((((2,3),(4,5)),(((6,7),(8,(9,10))),(((11,12),(((13,14),15),(16,17))),((18,19),(20,21))))),(22,23)),24); 0.0403888
(1,((((2,3),(4,5)),(((6,7),(8,(9,10))),(((11,12),(((13,14),15),(16,17))),((18,19),(20,21))))),(22,23)),24); 0.0500661
(1,((((2,3),(4,5)),((((6,7),8),(9,10)),(((11,12),(((13,14),15),(16,17))),((18,19),(20,21))))),(22,23)),24); 0.0334784
(1,((((2,3),(4,5)),((((6,7),(9,10)),8),(((11,12),(((13,14),15),(16,17))),((18,19),(20,21))))),(22,23)),24); 0.0398519
(1,((((2,3),(4,5)),(((6,7),(8,(9,10))),(((11,12),(((13,14),15),(16,17))),((18,19),(20,21))))),(22,23)),24); 0.0411853
(1,((((2,3),(4,5)),((((6,7),(9,10)),8),(((11,12),(((13,14),15),(16,17))),((18,19),(20,21))))),(22,23)),24); 0.0513355
(1,((((2,3),(4,5)),((((6,7),8),(9,10)),(((11,12),(((13,14),15),(16,17))),((18,19),(20,21))))),(22,23)),24); 0.0639314
(1,((((2,3),(4,5)),(((6,7),(8,(9,10))),(((11,12),(((13,14),15),(16,17))),((18,19),(20,21))))),(22,23)),24); 0.0456987
(1,((((2,3),(4,5)),((((6,7),8),(9,10)),(((11,12),(((13,14),15),(16,17))),((18,19),(20,21))))),(22,23)),24); 0.0406769
(1,((((2,3),(4,5)),(((6,7),(8,(9,10))),(((11,12),(((13,14),15),(16,17))),((18,19),(20,21))))),(22,23)),24); 0.0560939
(1,((((2,3),(4,5)),(((6,7),(8,(9,10))),(((11,12),(((13,14),15),(16,17))),((18,19),(20,21))))),(22,23)),24); 0.0365027
(1,((((2,3),(4,5)),((((6,7),(9,10)),8),(((11,12),(((13,14),15),(16,17))),((18,19),(20,21))))),(22,23)),24); 0.0399758
(1,((((2,3),(4,5)),(22,23)),(((6,7),(8,(9,10))),(((11,12),(((13,14),15),(16,17))),((18,19),(20,21))))),24); 0.0524498
(1,((((2,3),(4,5)),(((6,7),(8,(9,10))),(((11,12),(((13,14),15),(16,17))),((18,19),(20,21))))),(22,23)),24); 0.044561
(1,((((2,3),(4,5)),(((6,7),(8,(9,10))),(((11,12),(((13,14),15),(16,17))),((18,19),(20,21))))),(22,23)),24); 0.0415573
(1,((((2,3),(4,5)),(((6,7),(8,(9,10))),(((11,12),(((13,14),15),(16,17))),((18,19),(20,21))))),(22,23)),24); 0.0373509
(1,((((2,3),(4,5)),(((6,7),(8,(9,10))),(((11,12),(((13,14),15),(16,17))),((18,19),(20,21))))),(22,23)),24); 0.0403048
(1,((((2,3),(4,5)),(((6,7),(8,(9,10))),(((11,12),(((13,14),15),(16,17))),((18,19),(20,21))))),(22,23)),24); 0.0383617
(1,((((2,3),(4,5)),((((6,7),8),(9,10)),(((11,12),(((13,14),15),(16,17))),((18,19),(20,21))))),(22,23)),24); 0.0392134
(1,((((2,3),(4,5)),(((6,7),(8,(9,10))),(((11,12),(((13,14),15),(16,17))),((18,19),(20,21))))),(22,23)),24); 0.0507014
(1,((((2,3),(4,5)),(((6,7),(8,(9,10))),(((11,12),(((13,14),15),(16,17))),((18,19),(20,21))))),(22,23)),24); 0.0445893
(1,((((2,3),(4,5)),(((6,7),(8,(9,10))),(((11,12),(((13,14),15),(16,17))),((18,19),(20,21))))),(22,23)),24); 0.0421814
(1,((((2,3),(4,5)),(((6,7),(8,(9,10))),(((11,12),(((13,14),15),(16,17))),((18,19),(20,21))))),(22,23)),24); 0.043628
(1,((((2,3),(4,5)),(((6,7),(8,(9,10))),(((11,12),(((13,14),15),(16,17))),((18,19),(20,21))))),(22,23)),24); 0.0409349
(1,((((2,3),(4,5)),(((6,7),(8,(9,10))),(((11,12),(((13,14),15),(16,17))),((18,19),(20,21))))),(22,23)),24); 0.0483275
(1,((((2,3),(4,5)),(((6,7),(8,(9,10))),(((11,12),(((13,14),15),(16,17))),((18,19),(20,21))))),(22,23)),24); 0.0411001
(1,((((2,3),(4,5)),((((6,7),8),(9,10)),(((11,12),(((13,14),15),(16,17))),((18,19),(20,21))))),(22,23)),24); 0.0348639
(1,((((2,3),(4,5)),((((6,7),(9,10)),8),(((11,12),(((13,14),15),(16,17))),((18,19),(20,21))))),(22,23)),24); 0.0404057
(1,((((2,3),(4,5)),(((6,7),(8,(9,10))),(((11,12),(((13,14),15),(16,17))),((18,19),(20,21))))),(22,23)),24); 0.0419064
(1,((((2,3),(4,5)),(((6,7),(8,(9,10))),(((11,12),(((13,14),15),(16,17))),((18,19),(20,21))))),(22,23)),24); 0.0400005
(1,((((2,3),(4,5)),(((6,7),(8,(9,10))),(((11,12),(((13,14),15),(16,17))),((18,19),(20,21))))),(22,23)),24); 0.0430707
(1,((((2,3),(4,5)),(((6,7),(8,(9,10))),(((11,12),(((13,14),15),(16,17))),((18,19),(20,21))))),(22,23)),24); 0.0413778
(1,((((2,3),(4,5)),(((6,7),(8,(9,10))),(((11,12),(((13,14),15),(16,17))),((18,19),(20,21))))),(22,23)),24); 0.0408443
(1,((((2,3),(4,5)),(((6,7),(8,(9,10))),(((11,12),(((13,14),15),(16,17))),((18,19),(20,21))))),(22,23)),24); 0.0431833
(1,((((2,3),(4,5)),(((6,7),(8,(9,10))),(((11,12),(((13,14),15),(16,17))),((18,19),(20,21))))),(22,23)),24); 0.0359762
(1,((((2,3),(4,5)),(((6,7),(8,(9,10))),(((11,12),(((13,14),15),(16,17))),((18,19),(20,21))))),(22,23)),24); 0.039941
(1,((((2,3),(4,5)),((((6,7),8),(9,10)),(((11,12),(((13,14),15),(16,17))),((18,19),(20,21))))),(22,23)),24); 0.0456945
(1,((((2,3),(4,5)),(((6,7),(8,(9,10))),(((11,12),(((13,14),15),(16,17))),((18,19),(20,21))))),(22,23)),24); 0.0363276
(1,((((2,3),(4,5)),(((6,7),(8,(9,10))),(((11,12),(((13,14),15),(16,17))),((18,19),(20,21))))),(22,23)),24); 0.0457372
(1,((((2,3),(4,5)),(((6,7),(8,(9,10))),(((11,12),(((13,14),15),(16,17))),((18,19),(20,21))))),(22,23)),24); 0.0409485
(1,((((2,3),(4,5)),(((6,7),(8,(9,10))),(((11,12),(((13,14),15),(16,17))),((18,19),(20,21))))),(22,23)),24); 0.041413
(1,((((2,3),(4,5)),(((6,7),(8,(9,10))),(((11,12),(((13,14),15),(16,17))),((18,19),(20,21))))),(22,23)),24); 0.0426931
(1,((((2,3),(4,5)),(((6,7),(8,(9,10))),(((11,12),(((13,14),15),(16,17))),((18,19),(20,21))))),(22,23)),24); 0.0454337
(1,((((2,3),(4,5)),(((6,7),(8,(9,10))),(((11,12),(((13,14),15),(16,17))),((18,19),(20,21))))),(22,23)),24); 0.0453622
(1,((((2,3),(4,5)),((((6,7),8),(9,10)),(((11,12),(((13,14),15),(16,17))),((18,19),(20,21))))),(22,23)),24); 0.0437055
(1,((((2,3),(4,5)),(((6,7),(8,(9,10))),(((11,12),(((13,14),15),(16,17))),((18,19),(20,21))))),(22,23)),24); 0.0406777
