Pi: 0.245631 0.251268 0.177199 0.325902
S:  0.368027  0.160982  0.111996 0.0388928  0.300914 0.0191896
