        0 0.0632544 0.0652482 0.0732439 0.0642173 0.0704257 0.0614053 0.0678956 0.0554974 0.0593725 0.0704851 0.0611103 0.0658547 0.0716267  0.063771 0.0660339 0.0679406 0.0687955 0.0530505 0.0649646   0.06358 0.0623711 0.0591573 0.0654719 0.0524309 0.0717706 0.0573756 0.0692417  0.066474  0.058537 0.0660137 0.0621216 0.0627632 0.0518868 0.0536932 0.0639426  0.068246 0.0684913 0.0654129 0.0551339 0.0658724 0.0624709 0.0594213 0.0606638 0.0666034 0.0615436 0.0599085 0.0590833 0.0505266 0.0623427 0.0603617 0.0694782 0.0637495 0.0587681 0.0521895 0.0547587 0.0639716 0.0705738 0.0652523 0.0593283 0.0621742 0.0601319 0.0609153 0.0558491 0.0723521 0.0641192 0.0684985 0.0685723 0.0589501 0.0662605 0.0594495 0.0678027 0.0592193 0.0678339 0.0691675 0.0629117 0.0709288 0.0673681 0.0674247  0.067194 0.0579047 0.0663652 0.0625846 0.0771918 0.0611632 0.0622574 0.0600921 0.0620647 0.0661547 0.0678014  0.063166 0.0645357 0.0656094 0.0677354 0.0582723 0.0630228  0.065099 0.0625409 0.0607226 0.0505105         0
0.0632544         0 0.0504864  0.061672 0.0580776 0.0598484 0.0617458 0.0532652 0.0510052 0.0635908 0.0543665 0.0516989 0.0623679 0.0504439 0.0508388 0.0522303 0.0567885 0.0606322 0.0430678 0.0501202 0.0528345 0.0462834 0.0663277 0.0460903 0.0439788 0.0492229 0.0630312 0.0652223  0.049646 0.0647535 0.0595343 0.0556733 0.0581644  0.045425 0.0487721 0.0512261 0.0579648 0.0576919 0.0621956 0.0533605 0.0569609 0.0465977 0.0557939 0.0483058 0.0544497 0.0562664 0.0497887 0.0588567 0.0485561 0.0682799 0.0573561 0.0533283 0.0663842 0.0527593 0.0548705  0.046444 0.0513445 0.0615413 0.0616803 0.0593815 0.0588768 0.0483074 0.0602663 0.0531399 0.0559194 0.0506371 0.0525827 0.0586882 0.0513456 0.0535115 0.0524492 0.0479362 0.0577421 0.0528664 0.0642795 0.0425806 0.0570442 0.0671365 0.0619337 0.0528325 0.0604502 0.0577795   0.05327 0.0682761   0.05828 0.0554473 0.0546654 0.0591397 0.0592096 0.0690368 0.0577232 0.0542946 0.0623218 0.0507948 0.0526846 0.0603799 0.0527233 0.0525251  0.054256 0.0386524         0
0.0652482 0.0504864         0 0.0529009 0.0552841  0.055985 0.0550856 0.0532307 0.0444468 0.0496672 0.0511049 0.0495526 0.0479582 0.0526341 0.0470755 0.0546032 0.0569503 0.0563294 0.0493597  0.047616 0.0465114 0.0396727 0.0519949 0.0454324 0.0492035 0.0509314 0.0532841 0.0585582 0.0421701 0.0499446 0.0494332 0.0484464 0.0565742 0.0604736 0.0486993 0.0509199 0.0535538 0.0510901 0.0503678 0.0527424 0.0566052 0.0461844 0.0543278 0.0495068 0.0438005  0.054784 0.0503199  0.051225 0.0465047 0.0506196 0.0514448 0.0617355 0.0597081 0.0467634  0.054601 0.0532177 0.0474756 0.0532127 0.0584864 0.0620687 0.0484354 0.0471242 0.0536442 0.0539109 0.0495809  0.052431 0.0545997 0.0527427 0.0492706 0.0604272 0.0658897 0.0488179 0.0610842 0.0536993 0.0532236 0.0548225 0.0565308 0.0577173 0.0466439  0.051986 0.0497133 0.0525488  0.053694 0.0576622 0.0494376 0.0554692 0.0482357 0.0445275 0.0544708 0.0550997 0.0556605  0.055011 0.0596941 0.0559069 0.0550225 0.0460259 0.0434525  0.046981 0.0541431 0.0342234         0
0.0732439  0.061672 0.0529009         0 0.0446063 0.0590537 0.0521531  0.057017 0.0620222 0.0635899  0.061549 0.0563794 0.0520428 0.0648233 0.0596977 0.0629757 0.0546692 0.0646418 0.0606745 0.0508399 0.0471067 0.0557584 0.0480291 0.0616819 0.0533849 0.0586124 0.0553435 0.0648974 0.0536703 0.0594944 0.0530071 0.0587774 0.0596778 0.0618718 0.0617501 0.0653749 0.0668171 0.0629535 0.0586008 0.0645798 0.0612325 0.0607324 0.0639908 0.0569293  0.057449 0.0571523 0.0523968  0.063731 0.0531596 0.0597467 0.0532185 0.0553444 0.0773267 0.0595115 0.0606108  0.059873  0.053369 0.0472236 0.0619371 0.0655699  0.058461 0.0584855 0.0529888 0.0568156 0.0608525 0.0563192 0.0589532 0.0586564 0.0676326 0.0630901 0.0684112 0.0631594 0.0651212 0.0602262 0.0662796 0.0694115 0.0549647 0.0550426 0.0580163 0.0584275 0.0600455 0.0637816 0.0507277 0.0470259 0.0573906 0.0591638 0.0521715 0.0437987 0.0513537 0.0589373 0.0579074 0.0549408 0.0666437 0.0645907 0.0612132 0.0530292 0.0585056  0.057554 0.0614197 0.0438271         0
0.0642173 0.0580776 0.0552841 0.0446063         0 0.0550282 0.0548893 0.0509231 0.0622391 0.0636836 0.0538312 0.0524176  0.052177 0.0675602 0.0554878 0.0558138 0.0584517 0.0614449  0.051696 0.0498848 0.0427459 0.0561267 0.0515442 0.0620672 0.0532581 0.0598337  0.050542 0.0587511 0.0537972 0.0609493 0.0506032 0.0515292  0.059877 0.0602966 0.0507624 0.0588753 0.0678767 0.0679389  0.057063 0.0664191 0.0560018 0.0563679 0.0611884 0.0461937 0.0559479 0.0492296  0.050604 0.0594025  0.048379 0.0608486 0.0541947 0.0536788 0.0740598 0.0528837 0.0515955 0.0559539 0.0594725 0.0494555 0.0678311 0.0575899 0.0555095 0.0553017 0.0559012 0.0529481 0.0676635 0.0473273 0.0603555 0.0554604 0.0608089 0.0546604 0.0574604 0.0605011 0.0572076 0.0595875  0.068257 0.0631727   0.06164 0.0608434 0.0592047 0.0470915 0.0541895 0.0672257 0.0430759 0.0612618 0.0501424 0.0630644 0.0527102 0.0494753 0.0591039 0.0603658 0.0587744 0.0422846 0.0545601 0.0476072 0.0619465  0.046836 0.0523642 0.0617138 0.0570042 0.0414576         0
0.0704257 0.0598484  0.055985 0.0590537 0.0550282         0 0.0557702 0.0573899 0.0558749 0.0678792 0.0542296 0.0482142 0.0626577 0.0747546 0.0532326 0.0543371  0.060101 0.0625683 0.0556456 0.0518943 0.0616762 0.0581483 0.0615812 0.0622012 0.0579792  0.063456 0.0568452 0.0562799 0.0565812 0.0610327 0.0545372 0.0627565 0.0551912 0.0532358 0.0483314 0.0661756 0.0689587 0.0621379 0.0648313 0.0573242 0.0377896 0.0649932 0.0598405 0.0535816 0.0619235 0.0404255 0.0621862 0.0599466 0.0475417 0.0614905 0.0550115  0.059118 0.0699024 0.0581039 0.0597252 0.0566152 0.0505038 0.0594705 0.0643601 0.0645926 0.0639662 0.0606551 0.0644668 0.0564137 0.0675952 0.0563482 0.0563207 0.0491552 0.0612787 0.0597372 0.0558156 0.0586444 0.0589576 0.0553805 0.0634842 0.0624699 0.0566993 0.0678255 0.0560916 0.0587714 0.0481781 0.0654876 0.0563518 0.0623911  0.059933 0.0669587 0.0588447 0.0488556  0.047052 0.0557311 0.0478005 0.0453337 0.0606442 0.0569744 0.0555355 0.0522533 0.0458679 0.0593647 0.0637336 0.0441335         0
0.0614053 0.0617458 0.0550856 0.0521531 0.0548893 0.0557702         0 0.0522152 0.0562291 0.0633181 0.0560492  0.054193 0.0549485 0.0737781  0.061657 0.0559803 0.0481347  0.063629 0.0600898 0.0500237 0.0511395  0.054903 0.0476082 0.0572908 0.0563885  0.066795 0.0583019 0.0525369 0.0571596  0.057883 0.0566522 0.0619326 0.0489578 0.0515921 0.0580177 0.0616594 0.0598344 0.0638751 0.0623112 0.0610891 0.0495892 0.0595902 0.0651097 0.0576673 0.0604061 0.0565116 0.0576286 0.0528755 0.0524061 0.0530499  0.050868 0.0538783 0.0690434 0.0616153 0.0500678 0.0499407 0.0479406 0.0573204 0.0585979 0.0684047 0.0598936 0.0584329 0.0521139 0.0627626 0.0633867 0.0560022 0.0570218 0.0571451 0.0597111 0.0617722 0.0603748 0.0604361 0.0626855 0.0593651 0.0623108 0.0651606 0.0438881 0.0528834 0.0490946 0.0622957 0.0591412 0.0622331 0.0488178 0.0390765 0.0485892  0.059114 0.0454182 0.0441567 0.0498402 0.0478431 0.0517336 0.0543502 0.0636205 0.0623872 0.0507552 0.0525737 0.0617489 0.0488035 0.0621502 0.0420992         0
0.0678956 0.0532652 0.0532307  0.057017 0.0509231 0.0573899 0.0522152         0 0.0584458 0.0558603 0.0516182 0.0448222 0.0560721 0.0613894  0.057994 0.0492635 0.0474584 0.0576165 0.0515175  0.047215  0.048179 0.0528619 0.0574327 0.0587252 0.0538117  0.059424 0.0586536 0.0604962  0.053734  0.055571 0.0456016 0.0592176 0.0569558 0.0532267 0.0551884 0.0515505 0.0579658   0.05744 0.0631545  0.061511  0.050854 0.0469639 0.0624085 0.0450817 0.0568276 0.0568539 0.0557457  0.053522 0.0422584 0.0540631 0.0571588 0.0573422 0.0655515 0.0541227 0.0453524  0.037791 0.0551044  0.055417 0.0608704 0.0609942 0.0505448 0.0486712 0.0504343 0.0466011 0.0603894 0.0449665 0.0607704 0.0493774 0.0572385 0.0615236 0.0552369 0.0515737 0.0575283 0.0600385 0.0538741 0.0595188 0.0518554 0.0525481 0.0488747 0.0504821 0.0529728 0.0604987 0.0497599 0.0565912 0.0471476 0.0644089  0.051296 0.0483992 0.0552892 0.0538159 0.0512027 0.0526104 0.0530554 0.0518481 0.0558155 0.0502105 0.0520476 0.0543763 0.0591506 0.0383194         0
0.0554974 0.0510052 0.0444468 0.0620222 0.0622391 0.0558749 0.0562291 0.0584458         0 0.0502834 0.0538562 0.0496383 0.0550799 0.0555554 0.0434244 0.0546287  0.052545  0.058283 0.0457075 0.0547052 0.0548295  0.041448 0.0585151  0.048412 0.0450311 0.0476087 0.0582035 0.0630621 0.0406742 0.0510934 0.0551892 0.0517585 0.0527515 0.0484481 0.0468569 0.0568077 0.0526707 0.0527041 0.0530254 0.0386194  0.054918 0.0441726 0.0457085 0.0457981 0.0473939 0.0498125 0.0447028  0.049193 0.0440123 0.0568167 0.0515823 0.0676463 0.0525091 0.0437975 0.0532477 0.0512844 0.0474006 0.0562323 0.0469856 0.0602871 0.0501706 0.0445711 0.0513816 0.0512962 0.0452425 0.0483849 0.0543613 0.0572016 0.0436879 0.0610943 0.0648802 0.0440685 0.0494718 0.0480387 0.0528048 0.0519707  0.056832 0.0645624 0.0569965 0.0637575 0.0442549 0.0432382 0.0552514 0.0661083 0.0549395 0.0476416 0.0506897 0.0506691 0.0495316 0.0592828 0.0552719   0.05269 0.0556807 0.0554001 0.0454966 0.0543987 0.0439184 0.0461254 0.0530484 0.0339304         0
0.0593725 0.0635908 0.0496672 0.0635899 0.0636836 0.0678792 0.0633181 0.0558603 0.0502834         0  0.056355 0.0592756 0.0620235 0.0624821 0.0596369  0.064577 0.0570303 0.0610442 0.0536571 0.0575621 0.0534319 0.0548156 0.0490974 0.0610485 0.0494376  0.058309 0.0547637 0.0609617 0.0491212 0.0547248 0.0541456 0.0535299 0.0510121 0.0552002 0.0525708  0.048044 0.0459775 0.0557865 0.0562488 0.0559916 0.0667039  0.044383 0.0578808 0.0501993 0.0550942 0.0595078 0.0585665 0.0586339 0.0506172 0.0445188 0.0535477 0.0712998 0.0525699 0.0467068 0.0477707 0.0540097 0.0565803 0.0637961 0.0596526 0.0524476 0.0469436 0.0566239 0.0475018 0.0544147 0.0625608 0.0644482 0.0663387 0.0664981 0.0549561 0.0695196 0.0633197 0.0608387 0.0548325 0.0660351 0.0501486 0.0680852 0.0599004 0.0537709 0.0486881 0.0645484 0.0518198  0.058483 0.0514201 0.0713462 0.0540913 0.0570158  0.057729 0.0549506 0.0591899 0.0538287 0.0614136 0.0585388 0.0632436 0.0600912  0.050559 0.0542433  0.056685 0.0563849 0.0531128 0.0424798         0
0.0704851 0.0543665 0.0511049  0.061549 0.0538312 0.0542296 0.0560492 0.0516182 0.0538562  0.056355         0 0.0478654 0.0583503  0.071145  0.054144 0.0574094 0.0556929  0.067902 0.0593488  0.041098 0.0545202 0.0510732 0.0592191 0.0538314 0.0594406 0.0553128 0.0627836 0.0521527 0.0571635 0.0595888 0.0464913 0.0527772 0.0519928 0.0593899 0.0540627 0.0610479 0.0580441 0.0606228 0.0539975 0.0614785 0.0539601 0.0541872 0.0617734 0.0465702 0.0590013 0.0479865 0.0549407 0.0608309 0.0502923 0.0571205 0.0579851 0.0651015  0.071255 0.0553952 0.0544049 0.0534643 0.0556062 0.0535398 0.0695794 0.0667417  0.057014 0.0564355 0.0589685 0.0584362 0.0654286 0.0509607 0.0626104 0.0604321 0.0453934 0.0568503  0.060132  0.059247  0.051724  0.050148 0.0650999 0.0620504 0.0551452 0.0553879  0.049721 0.0600364 0.0604983 0.0618942 0.0510604 0.0617701 0.0582795 0.0674781 0.0575105  0.053694 0.0608395 0.0540326 0.0583819 0.0502138 0.0586345 0.0502494 0.0594043 0.0520272 0.0523377 0.0633153 0.0613723 0.0412031         0
0.0611103 0.0516989 0.0495526 0.0563794 0.0524176 0.0482142  0.054193 0.0448222 0.0496383 0.0592756 0.0478654         0 0.0470418 0.0602844 0.0458421 0.0572926  0.047752 0.0547189 0.0463202    0.0495 0.0437405  0.047959 0.0547054 0.0517705 0.0482452 0.0450389 0.0557855 0.0543546 0.0546686 0.0476457 0.0496986 0.0560511 0.0550965  0.052679 0.0461974 0.0552972 0.0555198  0.056236 0.0584253 0.0513948 0.0446173 0.0566559 0.0533035 0.0432865 0.0452468 0.0458012 0.0461689  0.055283 0.0407528  0.051152 0.0486413 0.0483768 0.0568735 0.0514242 0.0528772 0.0440692 0.0413224 0.0507713 0.0529572 0.0646391  0.047514 0.0443133 0.0493387 0.0479645 0.0482668 0.0449008 0.0492752 0.0295672 0.0429987 0.0451365 0.0533782 0.0421625 0.0505245 0.0518842 0.0543385 0.0514785 0.0468434 0.0576159 0.0502633 0.0589761 0.0467608 0.0453665 0.0552216 0.0534638 0.0555868 0.0585046 0.0480574 0.0469881 0.0425661  0.055039 0.0447655 0.0441508 0.0600116 0.0446555  0.053897 0.0486538 0.0468074 0.0481969  0.050258 0.0314036         0
0.0658547 0.0623679 0.0479582 0.0520428  0.052177 0.0626577 0.0549485 0.0560721 0.0550799 0.0620235 0.0583503 0.0470418         0 0.0587108 0.0572433 0.0666144 0.0533222 0.0609306  0.057051 0.0565501 0.0460169 0.0493703 0.0544864 0.0488421 0.0537708 0.0619657 0.0476588 0.0602829 0.0591212 0.0527812 0.0492682 0.0521765 0.0585122 0.0645649 0.0541412 0.0644171 0.0635023 0.0584421 0.0541377 0.0585977 0.0617441  0.058607 0.0495218 0.0461984 0.0470606 0.0580555  0.051543 0.0635944 0.0504767 0.0560181 0.0564446  0.060846 0.0672993 0.0536392 0.0627913  0.052466 0.0545833 0.0495192 0.0633713 0.0685522 0.0501212 0.0488847 0.0505373 0.0525205 0.0560909 0.0534127 0.0531053 0.0570708 0.0521466 0.0640336 0.0666202 0.0568065 0.0576205 0.0606506 0.0633952 0.0524887 0.0639017 0.0608221  0.059176 0.0546038 0.0550079 0.0612458 0.0522859 0.0515728 0.0539554 0.0524232 0.0468737 0.0513341  0.051787 0.0559865 0.0521788 0.0509048 0.0676393 0.0511783 0.0650885 0.0473684 0.0583713 0.0552931  0.047842 0.0385318         0
0.0716267 0.0504439 0.0526341 0.0648233 0.0675602 0.0747546 0.0737781 0.0613894 0.0555554 0.0624821  0.071145 0.0602844 0.0587108         0 0.0578302 0.0648065 0.0622535  0.063726 0.0545466 0.0627035 0.0591232 0.0555615 0.0700753 0.0519092 0.0484528 0.0605343 0.0626958 0.0781822 0.0511591 0.0684301 0.0638522 0.0620288 0.0724693 0.0625017 0.0570066 0.0598173 0.0649355 0.0583658 0.0626581 0.0542446 0.0689962 0.0526299 0.0574808 0.0553462 0.0467402 0.0693754 0.0600874 0.0711964 0.0542922 0.0685308 0.0670468 0.0712342 0.0639713  0.053189 0.0639679  0.056211 0.0591255  0.067829 0.0619007 0.0615474 0.0502021 0.0487225  0.060592  0.056425 0.0503063 0.0625026 0.0537526  0.064272 0.0611294  0.070615 0.0694933 0.0485748 0.0668562 0.0654364 0.0562023 0.0570395 0.0679751 0.0720253 0.0684937 0.0587942 0.0601933 0.0573717 0.0621013 0.0724196 0.0633304 0.0539157 0.0527031 0.0655121 0.0610589  0.074158 0.0646387  0.071553 0.0764968 0.0593861 0.0614435 0.0627031 0.0553106 0.0567975 0.0530798 0.0461946         0
 0.063771 0.0508388 0.0470755 0.0596977 0.0554878 0.0532326  0.061657  0.057994 0.0434244 0.0596369  0.054144 0.0458421 0.0572433 0.0578302         0 0.0542388 0.0545258 0.0521067 0.0487001 0.0481379 0.0511228 0.0404232 0.0594869 0.0599933 0.0503251    0.0504 0.0616702 0.0618292 0.0466801 0.0531097 0.0515768 0.0514002 0.0566464  0.053886 0.0466423 0.0513215 0.0517872 0.0523601 0.0535986 0.0535331 0.0475238   0.05577 0.0562467 0.0463944 0.0538797 0.0527544 0.0456481 0.0576545 0.0467271 0.0576122 0.0500104  0.057407 0.0613211 0.0472415 0.0562351 0.0483153 0.0508957 0.0550408 0.0614093 0.0553478  0.054191  0.044454  0.059857 0.0614371 0.0554565  0.052929 0.0511277 0.0506993 0.0400737 0.0538263 0.0626316 0.0413119 0.0525603 0.0577779  0.062839 0.0504122 0.0537913 0.0596827 0.0583831 0.0545532 0.0476524 0.0460365 0.0524562 0.0636535 0.0523067 0.0540627 0.0552011 0.0581979 0.0496332 0.0558575 0.0489349  0.050841 0.0652104 0.0544081 0.0541798 0.0494945 0.0429175 0.0490488 0.0486065 0.0353151         0
0.0660339 0.0522303 0.0546032 0.0629757 0.0558138 0.0543371 0.0559803 0.0492635 0.0546287  0.064577 0.0574094 0.0572926 0.0666144 0.0648065 0.0542388         0 0.0590621 0.0599189 0.0520563 0.0497509 0.0578279 0.0581083 0.0611474 0.0603386 0.0555343 0.0601993 0.0596841 0.0693727 0.0465213 0.0743536 0.0531919 0.0610769 0.0598287 0.0555003  0.056144 0.0619664 0.0682583 0.0674892 0.0706496 0.0637127 0.0474497 0.0513716 0.0645968 0.0597831  0.058571 0.0579345 0.0614014 0.0544927 0.0451807 0.0655979  0.067493 0.0666464 0.0737418 0.0576156 0.0495127 0.0505926 0.0580822 0.0600879 0.0698673 0.0603885 0.0573774  0.052172 0.0663004  0.056741  0.065676 0.0452074 0.0661983  0.053524 0.0613802 0.0652366 0.0623686 0.0603575 0.0656086 0.0493273 0.0581108 0.0650609 0.0599369 0.0664396 0.0570092 0.0548407 0.0510012 0.0648345  0.059222 0.0679867 0.0520912 0.0628887 0.0585675 0.0579226 0.0613702 0.0664139 0.0578681 0.0528065 0.0545927 0.0562575 0.0540344 0.0523609 0.0529469 0.0521888 0.0681207 0.0457731         0
0.0679406 0.0567885 0.0569503 0.0546692 0.0584517  0.060101 0.0481347 0.0474584  0.052545 0.0570303 0.0556929  0.047752 0.0533222 0.0622535 0.0545258 0.0590621         0 0.0539198 0.0553679 0.0457014 0.0449661 0.0479456 0.0520991 0.0569619 0.0478873 0.0565938 0.0577807 0.0584071 0.0520393 0.0511071 0.0512928  0.057051 0.0465239 0.0500532 0.0547184 0.0552968 0.0544413 0.0514868 0.0547858 0.0508479 0.0564736 0.0508498 0.0496274 0.0497722 0.0534841 0.0542867  0.042848 0.0494664 0.0473842 0.0461325 0.0519514  0.051961  0.063031  0.054727 0.0474198 0.0446467  0.046417 0.0515104 0.0528558 0.0663938 0.0526675 0.0419953 0.0405246  0.053948 0.0532598 0.0546627 0.0526854 0.0518689 0.0526699 0.0656287 0.0631834 0.0455665 0.0591103 0.0590079 0.0518738 0.0557388 0.0438438 0.0475681 0.0570979 0.0575611 0.0569923 0.0524765 0.0494493 0.0498258 0.0479957 0.0527082 0.0492604 0.0525219 0.0492187 0.0550851  0.050784 0.0551763 0.0633336 0.0530543 0.0502838 0.0519149 0.0579269  0.051031 0.0553237 0.0351845         0
0.0687955 0.0606322 0.0563294 0.0646418 0.0614449 0.0625683  0.063629 0.0576165  0.058283 0.0610442  0.067902 0.0547189 0.0609306  0.063726 0.0521067 0.0599189 0.0539198         0 0.0528457 0.0641175 0.0567409 0.0555944 0.0684977 0.0565834 0.0506635 0.0566032 0.0579415 0.0681558 0.0538671 0.0627829  0.056279 0.0671001 0.0713538 0.0619246  0.052619 0.0595098 0.0634555 0.0698916 0.0605008 0.0613998 0.0541196 0.0498593  0.060212 0.0542428 0.0515397 0.0582511 0.0520878 0.0556987 0.0491543 0.0644661 0.0584537 0.0594009 0.0741155 0.0664404  0.060661 0.0491291 0.0562895 0.0583653 0.0683425 0.0633758  0.054774 0.0502907 0.0560861 0.0614096 0.0638483 0.0555426 0.0618023 0.0610033 0.0609172 0.0608483 0.0618363 0.0572591 0.0591872 0.0642846 0.0680811 0.0683264 0.0663388 0.0601423 0.0687834 0.0513838 0.0476454 0.0521456 0.0572246 0.0669107 0.0564138 0.0617385 0.0660638 0.0630633 0.0560212  0.070481 0.0537943 0.0590139 0.0680573 0.0571753 0.0599139 0.0590101 0.0546684 0.0599352 0.0591004  0.045747         0
0.0530505 0.0430678 0.0493597 0.0606745  0.051696 0.0556456 0.0600898 0.0515175 0.0457075 0.0536571 0.0593488 0.0463202  0.057051 0.0545466 0.0487001 0.0520563 0.0553679 0.0528457         0 0.0523828 0.0491568 0.0511209 0.0586177 0.0546893 0.0372229 0.0479906 0.0471454 0.0582673 0.0458325 0.0593856 0.0539043 0.0509018 0.0565409 0.0515448  0.040846 0.0510463 0.0582646 0.0563093 0.0558807 0.0463867 0.0556041 0.0429915 0.0454814 0.0448592 0.0478784 0.0513108 0.0471998 0.0562833 0.0416182 0.0582015 0.0490624 0.0524277  0.061689 0.0471091 0.0494384 0.0494752 0.0494784 0.0518277 0.0575622 0.0526109 0.0502614 0.0493662 0.0522436 0.0482609 0.0554709 0.0483725 0.0531342  0.052112 0.0467455 0.0525586 0.0501503 0.0477913 0.0514967 0.0530914 0.0585742 0.0502162 0.0568567 0.0620389 0.0585054 0.0553874 0.0459155 0.0546047 0.0527013  0.069152 0.0511368 0.0508149 0.0538443 0.0502383 0.0549976 0.0637451 0.0533226 0.0445988  0.053006 0.0460678 0.0465091 0.0561358 0.0501842 0.0485306 0.0497049 0.0351868         0
0.0649646 0.0501202  0.047616 0.0508399 0.0498848 0.0518943 0.0500237  0.047215 0.0547052 0.0575621  0.041098    0.0495 0.0565501 0.0627035 0.0481379 0.0497509 0.0457014 0.0641175 0.0523828         0 0.0514709  0.046895 0.0480558 0.0553583 0.0522989 0.0554699  0.055136 0.0484891 0.0500512 0.0528019 0.0423366 0.0504913 0.0469136  0.052676 0.0471636 0.0512806 0.0567817 0.0553485 0.0568711 0.0576412 0.0559785 0.0514072 0.0580371 0.0506965 0.0549742    0.0494 0.0503884  0.055844 0.0439913 0.0514326 0.0532951 0.0566015 0.0671822 0.0483224 0.0449674 0.0509873 0.0498296 0.0509256 0.0636671  0.060536 0.0533846 0.0489359 0.0556168 0.0525131 0.0567427 0.0518524 0.0572703 0.0533016 0.0483364 0.0598313 0.0600756 0.0542154 0.0573884 0.0467651 0.0604134 0.0559454 0.0457543 0.0540313 0.0518536 0.0535988   0.05203 0.0601178 0.0472898 0.0504153 0.0466799 0.0557281 0.0458743 0.0478788 0.0534386  0.053488 0.0553171 0.0499898 0.0618815 0.0557459 0.0547273 0.0459155 0.0530834 0.0468059 0.0563368  0.035238         0
  0.06358 0.0528345 0.0465114 0.0471067 0.0427459 0.0616762 0.0511395  0.048179 0.0548295 0.0534319 0.0545202 0.0437405 0.0460169 0.0591232 0.0511228 0.0578279 0.0449661 0.0567409 0.0491568 0.0514709         0 0.0460745 0.0502025 0.0570026 0.0453031  0.053403 0.0529534 0.0559149 0.0529121 0.0533508 0.0481717 0.0498477 0.0492749 0.0556494 0.0497141 0.0497825 0.0503436 0.0537612 0.0576633  0.056826 0.0589806 0.0508557 0.0520644 0.0407158  0.047175 0.0534753 0.0456059 0.0552706  0.046896 0.0484663 0.0452067 0.0513084  0.063984 0.0484583 0.0459129 0.0475135 0.0521425 0.0442102 0.0590213 0.0611139  0.047655 0.0465526 0.0435357 0.0510088 0.0552239 0.0522034 0.0572778 0.0484284 0.0515296 0.0544233 0.0585373 0.0485905 0.0581243  0.060566 0.0601021 0.0496738 0.0487932 0.0543848 0.0495993 0.0504024 0.0573528 0.0582935 0.0473486 0.0545323 0.0486657  0.055377  0.048994 0.0488364 0.0545177 0.0553429 0.0541059 0.0446701 0.0519426  0.045092 0.0507575 0.0451956 0.0549967 0.0519503 0.0524168 0.0331797         0
0.0623711 0.0462834 0.0396727 0.0557584 0.0561267 0.0581483  0.054903 0.0528619  0.041448 0.0548156 0.0510732  0.047959 0.0493703 0.0555615 0.0404232 0.0581083 0.0479456 0.0555944 0.0511209  0.046895 0.0460745         0 0.0552577 0.0522211  0.047267 0.0512932 0.0580491 0.0558582 0.0445579 0.0457256 0.0503096 0.0508503 0.0529991 0.0530474 0.0491441 0.0487978 0.0471167 0.0483599 0.0424463  0.050185 0.0559082  0.047719 0.0508575 0.0381673 0.0487636 0.0514763 0.0429512 0.0511979 0.0440812 0.0499011 0.0476673 0.0620492 0.0603161 0.0458161 0.0529247 0.0383342 0.0518241 0.0505083 0.0567076 0.0554606 0.0459182 0.0427763 0.0454427 0.0531583 0.0501344 0.0489493 0.0481492 0.0574242 0.0399261 0.0610028 0.0614709 0.0425645 0.0506724 0.0530904 0.0590738 0.0472433   0.05195 0.0529439 0.0598656  0.051451 0.0496994 0.0461878 0.0482764 0.0571883 0.0495306 0.0518686 0.0495454 0.0529974 0.0472252 0.0514703 0.0491122 0.0527074 0.0606711 0.0507111  0.052854 0.0540375 0.0452082 0.0521869 0.0480469 0.0304569         0
0.0591573 0.0663277 0.0519949 0.0480291 0.0515442 0.0615812 0.0476082 0.0574327 0.0585151 0.0490974 0.0592191 0.0547054 0.0544864 0.0700753 0.0594869 0.0611474 0.0520991 0.0684977 0.0586177 0.0480558 0.0502025 0.0552577         0 0.0641851 0.0575443 0.0589866  0.052503  0.053655 0.0498656 0.0489948 0.0477154 0.0525461 0.0478952 0.0581964 0.0560924  0.053541 0.0566452 0.0582431 0.0523173 0.0601448 0.0594069  0.056799  0.062566 0.0599485  0.059306 0.0535695 0.0552613 0.0625757 0.0519927 0.0422256 0.0546382 0.0595062 0.0628638 0.0471087 0.0520554 0.0585048 0.0519411 0.0596305 0.0580037 0.0623884 0.0542571  0.058765 0.0528918 0.0626222 0.0619724 0.0636133 0.0617812 0.0559944 0.0579734 0.0674182 0.0704239 0.0615035 0.0600374 0.0650956 0.0550065 0.0692181 0.0499109 0.0509357 0.0480565 0.0639136 0.0562189   0.06327 0.0474239 0.0501017 0.0498595  0.057666 0.0532375 0.0461028 0.0506137 0.0450777 0.0545418 0.0512083 0.0683652 0.0622816  0.056731 0.0474109  0.060847 0.0492445 0.0593769 0.0412487         0
0.0654719 0.0460903 0.0454324 0.0616819 0.0620672 0.0622012 0.0572908 0.0587252  0.048412 0.0610485 0.0538314 0.0517705 0.0488421 0.0519092 0.0599933 0.0603386 0.0569619 0.0565834 0.0546893 0.0553583 0.0570026 0.0522211 0.0641851         0 0.0517758 0.0578029 0.0499638 0.0639776 0.0505983 0.0636347  0.053962 0.0539983 0.0604729 0.0575847 0.0527078 0.0654939 0.0630358 0.0669669 0.0582154 0.0577697 0.0578406 0.0471144 0.0559164 0.0532546 0.0459964 0.0572516 0.0552059 0.0578141 0.0447469 0.0668633 0.0597016 0.0623357 0.0658706 0.0590303 0.0592026 0.0526317 0.0493609  0.056304 0.0600692 0.0684457 0.0542698 0.0431499 0.0596282 0.0519662 0.0490778 0.0476769 0.0596528 0.0609825 0.0552369 0.0596972 0.0581114 0.0574036 0.0585734 0.0526028  0.062999 0.0559674 0.0636519 0.0669483 0.0620172 0.0544468 0.0581038 0.0547732 0.0521833 0.0629391 0.0595739 0.0506154 0.0494154 0.0570067 0.0568713 0.0688899 0.0604662  0.059484 0.0682099  0.054636  0.060854 0.0558931 0.0512093 0.0492744 0.0581147 0.0403198         0
0.0524309 0.0439788 0.0492035 0.0533849 0.0532581 0.0579792 0.0563885 0.0538117 0.0450311 0.0494376 0.0594406 0.0482452 0.0537708 0.0484528 0.0503251 0.0555343 0.0478873 0.0506635 0.0372229 0.0522989 0.0453031  0.047267 0.0575443 0.0517758         0 0.0531376 0.0464133 0.0595569 0.0475173 0.0549719 0.0546073 0.0534237 0.0573098 0.0446094 0.0411717 0.0515271 0.0512973 0.0518821 0.0517586 0.0442876 0.0592839 0.0467019 0.0426111 0.0451256 0.0489563 0.0526857 0.0445226 0.0540533 0.0442676 0.0562063 0.0484131 0.0533624 0.0594459 0.0511424 0.0453366 0.0447574  0.046757 0.0482939 0.0524777  0.049181 0.0472486 0.0443793 0.0447491  0.041923 0.0509777 0.0499403 0.0524735 0.0566258 0.0496303 0.0545918 0.0482412 0.0485774 0.0495728 0.0525157 0.0545999 0.0502478 0.0540382 0.0544472 0.0576735 0.0506903 0.0442843 0.0477523 0.0492288  0.062856 0.0481854 0.0487414 0.0485269 0.0537249 0.0490445 0.0601027 0.0516823 0.0522546 0.0592725 0.0501832 0.0440881 0.0546179 0.0524492 0.0496857 0.0425163 0.0322598         0
0.0717706 0.0492229 0.0509314 0.0586124 0.0598337  0.063456  0.066795  0.059424 0.0476087  0.058309 0.0553128 0.0450389 0.0619657 0.0605343    0.0504 0.0601993 0.0565938 0.0566032 0.0479906 0.0554699  0.053403 0.0512932 0.0589866 0.0578029 0.0531376         0 0.0660883 0.0671953 0.0466459 0.0616899 0.0554835 0.0590039 0.0613812 0.0588762 0.0550437 0.0570175 0.0614441 0.0665844 0.0570089 0.0530763 0.0615619 0.0498351 0.0583214 0.0553449 0.0493131 0.0546969 0.0447248 0.0636888 0.0530189 0.0633677 0.0598832 0.0596376 0.0711919 0.0516048 0.0620339 0.0576711 0.0528961 0.0560969 0.0599812 0.0711785 0.0566462 0.0529367 0.0577126 0.0621549 0.0515847 0.0523533 0.0540489 0.0514213 0.0497473 0.0608271 0.0716987 0.0470837 0.0568659 0.0570676 0.0674069 0.0611047 0.0584687 0.0638022 0.0628264 0.0683194 0.0533437  0.047081 0.0594451 0.0658404 0.0626639 0.0570319 0.0604201 0.0552847 0.0511385 0.0695822 0.0599689   0.05261 0.0623348 0.0511305 0.0564414  0.060034 0.0528044 0.0543853  0.059567 0.0420806         0
0.0573756 0.0630312 0.0532841 0.0553435  0.050542 0.0568452 0.0583019 0.0586536 0.0582035 0.0547637 0.0627836 0.0557855 0.0476588 0.0626958 0.0616702 0.0596841 0.0577807 0.0579415 0.0471454  0.055136 0.0529534 0.0580491  0.052503 0.0499638 0.0464133 0.0660883         0 0.0570994 0.0543415 0.0613958 0.0511747 0.0497534 0.0584447 0.0605479 0.0439799 0.0646971 0.0655852 0.0633491 0.0557329   0.06084 0.0605966 0.0555556 0.0539008 0.0511253 0.0505699 0.0531423 0.0617236 0.0586922 0.0421069 0.0540485 0.0583504 0.0608219 0.0663752 0.0553128 0.0517555 0.0542109 0.0543038 0.0530862 0.0572444 0.0523379 0.0485221 0.0526005 0.0578695 0.0507327 0.0599455 0.0508905 0.0645484 0.0593381 0.0585061 0.0664241 0.0537943 0.0659448 0.0616151 0.0606868 0.0578218 0.0643418 0.0628649 0.0602489 0.0602713 0.0492297 0.0480732 0.0599399 0.0534772 0.0620884 0.0502851 0.0500055 0.0558524 0.0511488 0.0542318 0.0617453 0.0521494 0.0535383 0.0660046 0.0534389 0.0594331 0.0515265  0.053292 0.0544149 0.0556013  0.041428         0
0.0692417 0.0652223 0.0585582 0.0648974 0.0587511 0.0562799 0.0525369 0.0604962 0.0630621 0.0609617 0.0521527 0.0543546 0.0602829 0.0781822 0.0618292 0.0693727 0.0584071 0.0681558 0.0582673 0.0484891 0.0559149 0.0558582  0.053655 0.0639776 0.0595569 0.0671953 0.0570994         0 0.0648459 0.0551817 0.0536853 0.0576239 0.0567266 0.0612945  0.045554 0.0574399 0.0543811 0.0637185 0.0546011 0.0666435 0.0590491 0.0626545 0.0651849 0.0509674 0.0631966 0.0520236 0.0619987 0.0638695 0.0578862 0.0493644 0.0454785  0.057282 0.0680798 0.0574628 0.0558922 0.0605459 0.0521577 0.0616638 0.0645644 0.0678074 0.0639003 0.0659275 0.0598185 0.0637529 0.0693306  0.065623 0.0641068 0.0646986 0.0493423 0.0617948 0.0594532 0.0681426 0.0538317 0.0652449  0.069292 0.0669144 0.0466537 0.0604735 0.0496179  0.063155 0.0591472  0.068872 0.0513982 0.0520904 0.0529175 0.0650062 0.0589324 0.0523795 0.0572204 0.0492848 0.0549068 0.0471672 0.0672964 0.0562471 0.0605348 0.0549165 0.0672835 0.0597498 0.0568853 0.0447377         0
 0.066474  0.049646 0.0421701 0.0536703 0.0537972 0.0565812 0.0571596  0.053734 0.0406742 0.0491212 0.0571635 0.0546686 0.0591212 0.0511591 0.0466801 0.0465213 0.0520393 0.0538671 0.0458325 0.0500512 0.0529121 0.0445579 0.0498656 0.0505983 0.0475173 0.0466459 0.0543415 0.0648459         0 0.0597684 0.0483101 0.0486109 0.0513328 0.0549465 0.0515178 0.0542479 0.0542035 0.0528191 0.0532194 0.0497659  0.054058  0.041827 0.0537763 0.0505187 0.0467797 0.0476212 0.0494883 0.0503561 0.0467605 0.0537356  0.053185 0.0637348 0.0585093 0.0450823 0.0532422 0.0505884 0.0458269 0.0543368 0.0545158 0.0519733 0.0457004 0.0418891 0.0553261 0.0546895 0.0511525 0.0491318 0.0535274 0.0536643 0.0529844 0.0650922 0.0652706 0.0488835  0.057671 0.0520873 0.0494065 0.0602473 0.0555998 0.0599273 0.0538743 0.0551747 0.0434656 0.0482077 0.0512792  0.064792 0.0465593 0.0517224 0.0512794 0.0508644 0.0527459 0.0572828  0.054903 0.0502906 0.0620256 0.0535149 0.0453237 0.0499777 0.0422097 0.0424367 0.0537492 0.0352034         0
 0.058537 0.0647535 0.0499446 0.0594944 0.0609493 0.0610327  0.057883  0.055571 0.0510934 0.0547248 0.0595888 0.0476457 0.0527812 0.0684301 0.0531097 0.0743536 0.0511071 0.0627829 0.0593856 0.0528019 0.0533508 0.0457256 0.0489948 0.0636347 0.0549719 0.0616899 0.0613958 0.0551817 0.0597684         0 0.0493513 0.0644934 0.0568249 0.0558119 0.0561312 0.0538425  0.056505 0.0540485   0.05387 0.0519058 0.0631304 0.0564087 0.0557646  0.047922 0.0588997 0.0551251  0.045956 0.0592045 0.0491758 0.0438321  0.051026  0.062719 0.0583703 0.0495105 0.0562426  0.052276 0.0562585 0.0593871 0.0559089 0.0674498 0.0568457 0.0564753 0.0487033 0.0551498 0.0602139 0.0639272 0.0608626 0.0577969 0.0493056 0.0685689 0.0670546 0.0518636 0.0567114 0.0666204 0.0584146 0.0589265 0.0565491 0.0561814 0.0586076 0.0595569 0.0575357 0.0567162 0.0533457 0.0580546 0.0559208 0.0612931 0.0525072 0.0511711 0.0516075 0.0481825 0.0529113 0.0606665 0.0699695 0.0639233 0.0651908 0.0573018 0.0597416  0.052907 0.0579139 0.0398638         0
0.0660137 0.0595343 0.0494332 0.0530071 0.0506032 0.0545372 0.0566522 0.0456016 0.0551892 0.0541456 0.0464913 0.0496986 0.0492682 0.0638522 0.0515768 0.0531919 0.0512928  0.056279 0.0539043 0.0423366 0.0481717 0.0503096 0.0477154  0.053962 0.0546073 0.0554835 0.0511747 0.0536853 0.0483101 0.0493513         0  0.053524 0.0515917  0.054653 0.0532023 0.0582615 0.0624725 0.0605695 0.0514692  0.057453 0.0519128 0.0460245 0.0540874 0.0478898 0.0510468  0.047875 0.0507847 0.0605126 0.0398569 0.0505815 0.0562736 0.0634867 0.0742359 0.0462515 0.0517324 0.0491933 0.0560988 0.0465959 0.0659759  0.058548 0.0474218  0.051586  0.055959 0.0485685 0.0646591  0.051375  0.063021 0.0562965 0.0498634 0.0654659 0.0607175 0.0564476 0.0511085 0.0540085 0.0630099 0.0619458 0.0577898 0.0518826 0.0538372 0.0479632  0.054503 0.0620581 0.0416396 0.0572695 0.0455194 0.0586478 0.0530436 0.0511933 0.0545039 0.0496848  0.052683 0.0478755 0.0582085 0.0496875 0.0592628 0.0424405 0.0538499 0.0520511  0.059444  0.036607         0
0.0621216 0.0556733 0.0484464 0.0587774 0.0515292 0.0627565 0.0619326 0.0592176 0.0517585 0.0535299 0.0527772 0.0560511 0.0521765 0.0620288 0.0514002 0.0610769  0.057051 0.0671001 0.0509018 0.0504913 0.0498477 0.0508503 0.0525461 0.0539983 0.0534237 0.0590039 0.0497534 0.0576239 0.0486109 0.0644934  0.053524         0 0.0527481 0.0604015 0.0417019 0.0520828 0.0540308 0.0538131 0.0480542 0.0610597  0.059016 0.0556874 0.0560308 0.0486709 0.0561463 0.0498825 0.0585008 0.0545415  0.053622 0.0525916 0.0496995 0.0574975 0.0579973 0.0434715 0.0517854 0.0584974 0.0518079 0.0600154 0.0638809 0.0541901 0.0536546 0.0469059 0.0603055 0.0609136 0.0592596 0.0566069 0.0556994 0.0631382 0.0524069 0.0557564 0.0629606 0.0604298 0.0537464 0.0629145 0.0625511 0.0518688 0.0603586 0.0569808 0.0519613 0.0583657 0.0547427 0.0623467 0.0501103 0.0656313 0.0414056 0.0568052 0.0554035 0.0511864 0.0613993 0.0566576  0.060104 0.0448031 0.0548364 0.0491143 0.0507634  0.040585 0.0456736  0.056962 0.0487096 0.0389421         0
0.0627632 0.0581644 0.0565742 0.0596778  0.059877 0.0551912 0.0489578 0.0569558 0.0527515 0.0510121 0.0519928 0.0550965 0.0585122 0.0724693 0.0566464 0.0598287 0.0465239 0.0713538 0.0565409 0.0469136 0.0492749 0.0529991 0.0478952 0.0604729 0.0573098 0.0613812 0.0584447 0.0567266 0.0513328 0.0568249 0.0515917 0.0527481         0 0.0459964 0.0556229 0.0603368 0.0582055 0.0535375 0.0616688 0.0507752 0.0604889 0.0570621 0.0539639 0.0529195  0.060661 0.0547979 0.0518652 0.0574202  0.049173 0.0497499 0.0516498 0.0642339 0.0613547 0.0457846 0.0528468 0.0528587 0.0551381 0.0557145 0.0581254 0.0606677 0.0579914 0.0548122 0.0519947 0.0560956 0.0672526 0.0607514 0.0572143 0.0588149 0.0532636 0.0703924 0.0647803 0.0572631 0.0586638 0.0603816 0.0621319 0.0524792 0.0472018 0.0625299 0.0500549 0.0644942 0.0624063 0.0658819 0.0493683 0.0587421  0.053915 0.0529623 0.0470535 0.0517559 0.0533778 0.0529931 0.0563153 0.0501037 0.0629246  0.054558 0.0498819 0.0484611 0.0601727 0.0511618 0.0589478 0.0401838         0
0.0518868  0.045425 0.0604736 0.0618718 0.0602966 0.0532358 0.0515921 0.0532267 0.0484481 0.0552002 0.0593899  0.052679 0.0645649 0.0625017  0.053886 0.0555003 0.0500532 0.0619246 0.0515448  0.052676 0.0556494 0.0530474 0.0581964 0.0575847 0.0446094 0.0588762 0.0605479 0.0612945 0.0549465 0.0558119  0.054653 0.0604015 0.0459964         0 0.0509227 0.0496371 0.0561436 0.0581445 0.0618505 0.0474123 0.0521154 0.0499924 0.0563963 0.0491652 0.0598566 0.0558783 0.0509403 0.0552165 0.0408901 0.0560248 0.0545308 0.0554626 0.0625586 0.0485726 0.0487296 0.0454183 0.0509187 0.0636804 0.0533063 0.0546249 0.0585069 0.0534582 0.0558964 0.0477697 0.0650544 0.0557441 0.0539052 0.0605437 0.0554241 0.0603078 0.0495223 0.0535879 0.0518305 0.0598468 0.0595274 0.0539094 0.0537751 0.0618883 0.0566338  0.057222 0.0578933 0.0575964 0.0430436 0.0652874 0.0510282 0.0515663 0.0471485 0.0541627 0.0503091 0.0568212 0.0519493 0.0578252 0.0607736 0.0549365 0.0467796 0.0588573 0.0558077 0.0509748 0.0569567 0.0384153         0
0.0536932 0.0487721 0.0486993 0.0617501 0.0507624 0.0483314 0.0580177 0.0551884 0.0468569 0.0525708 0.0540627 0.0461974 0.0541412 0.0570066 0.0466423  0.056144 0.0547184  0.052619  0.040846 0.0471636 0.0497141 0.0491441 0.0560924 0.0527078 0.0411717 0.0550437 0.0439799  0.045554 0.0515178 0.0561312 0.0532023 0.0417019 0.0556229 0.0509227         0 0.0486863 0.0537964 0.0547802 0.0540729 0.0533229 0.0508544 0.0532999 0.0501484 0.0419719 0.0485342 0.0405238 0.0553416 0.0537778 0.0440403  0.053299  0.045116 0.0541939 0.0525282 0.0452649 0.0466918 0.0514764 0.0428912 0.0600569  0.056256 0.0478282 0.0505095 0.0489796 0.0551292 0.0506573  0.053561 0.0553254 0.0525303 0.0552086  0.046822 0.0483736 0.0523546 0.0540334 0.0456736 0.0532753 0.0580992 0.0485387 0.0514197 0.0625509 0.0517948 0.0509296 0.0407271 0.0565879 0.0514376 0.0606321 0.0468761 0.0556993 0.0537739  0.048441 0.0507349 0.0590329 0.0510037 0.0409798 0.0563893 0.0457215 0.0444068 0.0417982 0.0441864 0.0536235 0.0426801 0.0328196         0
0.0639426 0.0512261 0.0509199 0.0653749 0.0588753 0.0661756 0.0616594 0.0515505 0.0568077  0.048044 0.0610479 0.0552972 0.0644171 0.0598173 0.0513215 0.0619664 0.0552968 0.0595098 0.0510463 0.0512806 0.0497825 0.0487978  0.053541 0.0654939 0.0515271 0.0570175 0.0646971 0.0574399 0.0542479 0.0538425 0.0582615 0.0520828 0.0603368 0.0496371 0.0486863         0 0.0402467 0.0507104 0.0571352 0.0598594 0.0594307  0.045059 0.0647109 0.0443072 0.0582569 0.0624353 0.0546084 0.0585878 0.0510746 0.0458681 0.0522306   0.05405 0.0574464 0.0455671  0.047827 0.0511144 0.0558333 0.0684621 0.0653502 0.0572967  0.053815 0.0538774  0.053031 0.0625655 0.0609195  0.066072 0.0548174   0.06087 0.0527267 0.0595625 0.0606267 0.0530034 0.0563486 0.0698079 0.0581357 0.0590378 0.0542326 0.0528873 0.0512739 0.0546359 0.0566773 0.0601777 0.0459214 0.0686966 0.0468547 0.0615853 0.0536119 0.0554863 0.0611942 0.0536809 0.0546233  0.056216 0.0625001  0.059344 0.0544605 0.0565116 0.0535167 0.0548103 0.0532283 0.0405066         0
 0.068246 0.0579648 0.0535538 0.0668171 0.0678767 0.0689587 0.0598344 0.0579658 0.0526707 0.0459775 0.0580441 0.0555198 0.0635023 0.0649355 0.0517872 0.0682583 0.0544413 0.0634555 0.0582646 0.0567817 0.0503436 0.0471167 0.0566452 0.0630358 0.0512973 0.0614441 0.0655852 0.0543811 0.0542035  0.056505 0.0624725 0.0540308 0.0582055 0.0561436 0.0537964 0.0402467         0 0.0479033 0.0578884 0.0622122 0.0634535 0.0532201 0.0632658 0.0484988 0.0612224 0.0629716 0.0597295  0.058265 0.0606999 0.0479155 0.0490094 0.0607292 0.0508367 0.0556747 0.0526654 0.0533871  0.049658 0.0645832 0.0611484 0.0633915 0.0543405 0.0496672 0.0534349 0.0644447 0.0566456 0.0651297 0.0629833 0.0647184 0.0483528 0.0586822  0.061524 0.0556523 0.0558611 0.0688843 0.0570671 0.0615073 0.0505439 0.0507535 0.0477636 0.0649428 0.0576858 0.0516727 0.0530558 0.0647099 0.0540026 0.0616334 0.0606285 0.0599474 0.0594357 0.0463991 0.0556479 0.0581909 0.0683409 0.0658834 0.0481507 0.0594955     0.056 0.0533334  0.052099 0.0420639         0
0.0684913 0.0576919 0.0510901 0.0629535 0.0679389 0.0621379 0.0638751   0.05744 0.0527041 0.0557865 0.0606228  0.056236 0.0584421 0.0583658 0.0523601 0.0674892 0.0514868 0.0698916 0.0563093 0.0553485 0.0537612 0.0483599 0.0582431 0.0669669 0.0518821 0.0665844 0.0633491 0.0637185 0.0528191 0.0540485 0.0605695 0.0538131 0.0535375 0.0581445 0.0547802 0.0507104 0.0479033         0 0.0565041 0.0468455 0.0648752 0.0605424 0.0555585 0.0480953 0.0614713 0.0560394 0.0587612 0.0613063 0.0561498 0.0499419 0.0517048 0.0662299 0.0561649 0.0535013 0.0572326  0.056362 0.0502928 0.0647728 0.0549545 0.0602133 0.0547362 0.0525758 0.0553468 0.0602593 0.0543146 0.0684988 0.0526453 0.0582729 0.0529817 0.0680466 0.0656598 0.0510817  0.063529 0.0684795 0.0512828 0.0548963 0.0519771 0.0561586 0.0480011 0.0641604 0.0596389  0.056446 0.0616437 0.0651124 0.0562567 0.0635485 0.0553875 0.0592014 0.0612915 0.0487632 0.0460896 0.0600525  0.070474 0.0643992 0.0501018 0.0548408 0.0544641 0.0565798 0.0515582 0.0412511         0
0.0654129 0.0621956 0.0503678 0.0586008  0.057063 0.0648313 0.0623112 0.0631545 0.0530254 0.0562488 0.0539975 0.0584253 0.0541377 0.0626581 0.0535986 0.0706496 0.0547858 0.0605008 0.0558807 0.0568711 0.0576633 0.0424463 0.0523173 0.0582154 0.0517586 0.0570089 0.0557329 0.0546011 0.0532194   0.05387 0.0514692 0.0480542 0.0616688 0.0618505 0.0540729 0.0571352 0.0578884 0.0565041         0 0.0511878 0.0619255 0.0521902 0.0528287 0.0498412 0.0573447 0.0546404   0.04737 0.0621001 0.0534079 0.0525564 0.0557461 0.0619654 0.0727001 0.0510264 0.0630898 0.0550048 0.0575175 0.0546089 0.0615142 0.0597834 0.0528387  0.057104 0.0523704 0.0629739 0.0647787 0.0582755  0.052388 0.0689209 0.0464527 0.0669666 0.0682215 0.0582055 0.0456725 0.0661311 0.0660318  0.064651 0.0606511 0.0458932 0.0620739 0.0593168 0.0568541   0.05316 0.0453038 0.0616072  0.052431 0.0558457 0.0581581 0.0550366 0.0554698 0.0526445 0.0530771 0.0583035 0.0663602  0.052118 0.0612952 0.0570591 0.0545044 0.0656392 0.0531163 0.0405472         0
