
Alignment summary:
1: A=332 C=329 G=246 T=593
2: A=336 C=335 G=243 T=586
3: A=324 C=345 G=255 T=576
4: A=326 C=330 G=256 T=588
5: A=324 C=331 G=253 T=592
6: A=323 C=331 G=247 T=599
7: A=322 C=324 G=252 T=602
8: A=323 C=328 G=257 T=592
9: A=319 C=322 G=260 T=599
10: A=325 C=321 G=256 T=598
11: A=325 C=322 G=251 T=602
12: A=324 C=319 G=253 T=604
13: A=321 C=325 G=251 T=603
14: A=319 C=329 G=255 T=597
15: A=327 C=323 G=257 T=593
16: A=315 C=335 G=257 T=593
17: A=318 C=337 G=259 T=586
18: A=316 C=329 G=263 T=592
19: A=319 C=326 G=262 T=593
20: A=331 C=334 G=252 T=583
21: A=328 C=333 G=254 T=585
22: A=336 C=335 G=254 T=575
23: A=336 C=326 G=256 T=582
24: A=336 C=322 G=256 T=586
25: A=324 C=337 G=261 T=578
26: A=326 C=330 G=259 T=585
27: A=329 C=313 G=259 T=599
28: A=330 C=338 G=252 T=580
29: A=329 C=325 G=263 T=583
30: A=331 C=329 G=262 T=578
31: A=331 C=327 G=259 T=583

Seed = 1338896197

Jukes-Cantor Distance Matrix:

        0 0.0632612  0.184212   0.14035   0.13315  0.151689  0.143572  0.136341  0.146808  0.146808  0.145998  0.143572  0.145998  0.159895  0.197974  0.252888  0.252888  0.233526  0.236261  0.240843  0.239007  0.209345  0.226279  0.214651  0.228989  0.213764  0.228084  0.216429  0.212878  0.191062  0.239007
0.0632612         0   0.19451  0.156602  0.149245  0.167358  0.158247  0.149245  0.153323  0.163203  0.153323  0.157424  0.162374  0.173214  0.211993  0.259454  0.266079  0.248232  0.252888  0.253822  0.252888  0.221786  0.232616  0.222682  0.241763  0.228084  0.236261  0.228084  0.233526  0.209345  0.254758
 0.184212   0.19451         0  0.153323  0.136341  0.155781  0.154141  0.150059  0.149245  0.158247  0.154141  0.152506  0.151689  0.163203  0.211109  0.253822  0.251022  0.239924  0.249161  0.239924  0.233526  0.215539  0.225379  0.215539   0.22358  0.211109  0.228989  0.224479  0.224479  0.200583  0.252888
  0.14035  0.156602  0.153323         0 0.0382946  0.102724 0.0943614 0.0883373 0.0928508 0.0913433 0.0936057  0.095875 0.0973917  0.102724  0.179116  0.236261  0.231708  0.221786  0.222682   0.22358  0.219102  0.187629  0.211993  0.185065  0.205828   0.19624  0.213764  0.199712  0.201454   0.18251  0.228989
  0.13315  0.149245  0.136341 0.0382946         0 0.0936057 0.0831056 0.0749573 0.0786501 0.0823611 0.0823611 0.0823611 0.0823611 0.0868388  0.167358  0.219102  0.217319  0.208464  0.210226  0.208464  0.205828  0.174895  0.199712  0.173214  0.188486  0.179963  0.201454  0.186773  0.187629  0.169862  0.212878
 0.151689  0.167358  0.155781  0.102724 0.0936057         0 0.0467612 0.0808745 0.0831056 0.0823611 0.0883373 0.0875877 0.0898388  0.111182  0.189343  0.253822  0.244528  0.231708  0.238091  0.238091  0.232616  0.204951  0.222682  0.202327   0.21821  0.209345  0.224479  0.211109  0.213764  0.191062  0.234437
 0.143572  0.158247  0.154141 0.0943614 0.0831056 0.0467612         0 0.0712827 0.0727504 0.0764323 0.0793908 0.0793908 0.0779101 0.0996725  0.183361  0.234437  0.227181   0.21821  0.224479  0.222682   0.21821  0.185919  0.211993  0.191062  0.203201  0.197974  0.209345  0.197974  0.199712  0.175738  0.224479
 0.136341  0.149245  0.150059 0.0883373 0.0749573 0.0808745 0.0712827         0 0.0340968 0.0625362 0.0668967 0.0661682 0.0668967 0.0989115  0.180811  0.227181  0.228989  0.215539  0.219102  0.217319  0.214651  0.180811  0.200583  0.183361  0.198843  0.187629  0.206705  0.190202   0.19624   0.17827  0.214651
 0.146808  0.153323  0.149245 0.0928508 0.0786501 0.0831056 0.0727504 0.0340968         0 0.0690865 0.0705499 0.0654404 0.0712827  0.100434  0.185919  0.233526  0.229894  0.208464  0.213764  0.214651  0.211109  0.185919  0.197974  0.191062  0.208464   0.19451  0.211109  0.197974  0.203201  0.183361  0.219102
 0.146808  0.163203  0.158247 0.0913433 0.0823611 0.0823611 0.0764323 0.0625362 0.0690865         0 0.0756944 0.0647133 0.0712827  0.109637  0.188486  0.240843  0.237175   0.22089  0.225379  0.225379  0.222682  0.195375  0.209345  0.192784  0.209345  0.202327  0.215539  0.198843  0.202327  0.187629  0.228989
 0.145998  0.153323  0.154141 0.0936057 0.0823611 0.0883373 0.0793908 0.0668967 0.0705499 0.0756944         0 0.0749573 0.0749573  0.102724   0.18166  0.232616  0.228084   0.21821  0.224479   0.22089   0.21821  0.185065  0.211109  0.185919  0.210226  0.191922  0.206705  0.200583  0.198843  0.177425   0.22358
 0.143572  0.157424  0.152506  0.095875 0.0823611 0.0875877 0.0793908 0.0661682 0.0654404 0.0647133 0.0749573         0 0.0712827  0.108095  0.189343  0.228989  0.228084  0.219102  0.225379   0.22358  0.219102  0.189343  0.207584  0.190202  0.209345  0.197974  0.214651  0.197107  0.197974   0.18166  0.219996
 0.145998  0.162374  0.151689 0.0973917 0.0823611 0.0898388 0.0779101 0.0668967 0.0712827 0.0712827 0.0749573 0.0712827         0  0.107326  0.180811  0.234437  0.236261  0.217319  0.219996  0.219102   0.21821  0.197107  0.207584  0.190202  0.204075   0.19624  0.205828  0.203201  0.200583   0.18166   0.21821
 0.159895  0.173214  0.163203  0.102724 0.0868388  0.111182 0.0996725 0.0989115  0.100434  0.109637  0.102724  0.108095  0.107326         0  0.200583  0.248232  0.245453  0.232616  0.238091  0.232616  0.228084  0.199712  0.219996  0.200583   0.21821  0.203201    0.2308  0.212878  0.216429   0.19624  0.233526
 0.197974  0.211993  0.211109  0.179116  0.167358  0.189343  0.183361  0.180811  0.185919  0.188486   0.18166  0.189343  0.180811  0.200583         0  0.237175  0.236261  0.216429   0.22089  0.219102  0.216429  0.180811  0.206705  0.187629  0.211109  0.192784  0.209345  0.203201  0.205828   0.18251  0.226279
 0.252888  0.259454  0.253822  0.236261  0.219102  0.253822  0.234437  0.227181  0.233526  0.240843  0.232616  0.228989  0.234437  0.248232  0.237175         0 0.0951178  0.145998  0.149245  0.150873  0.145998   0.22089  0.239007  0.213764  0.229894   0.22089  0.237175  0.228084  0.211993   0.19451  0.235348
 0.252888  0.266079  0.251022  0.231708  0.217319  0.244528  0.227181  0.228989  0.229894  0.237175  0.228084  0.228084  0.236261  0.245453  0.236261 0.0951178         0   0.14438  0.145998   0.14762  0.141154  0.225379  0.240843   0.21821  0.233526  0.222682  0.238091  0.215539  0.222682  0.202327  0.245453
 0.233526  0.248232  0.239924  0.221786  0.208464  0.231708   0.21821  0.215539  0.208464   0.22089   0.21821  0.219102  0.217319  0.232616  0.216429  0.145998   0.14438         0 0.0175368 0.0647133 0.0596432  0.215539  0.229894  0.215539  0.225379  0.217319  0.219996  0.225379  0.214651   0.19451  0.233526
 0.236261  0.252888  0.249161  0.222682  0.210226  0.238091  0.224479  0.219102  0.213764  0.225379  0.224479  0.225379  0.219996  0.238091   0.22089  0.149245  0.145998 0.0175368         0 0.0618119 0.0567614  0.217319  0.235348   0.21821  0.227181   0.21821  0.227181  0.228989   0.21821   0.19451  0.233526
 0.240843  0.253822  0.239924   0.22358  0.208464  0.238091  0.222682  0.217319  0.214651  0.225379   0.22089   0.22358  0.219102  0.232616  0.219102  0.150873   0.14762 0.0647133 0.0618119         0 0.0209567  0.219102  0.235348  0.215539  0.229894  0.219102  0.228989  0.228084  0.222682  0.199712  0.236261
 0.239007  0.252888  0.233526  0.219102  0.205828  0.232616   0.21821  0.214651  0.211109  0.222682   0.21821  0.219102   0.21821  0.228084  0.216429  0.145998  0.141154 0.0596432 0.0567614 0.0209567         0  0.214651  0.228084  0.211993  0.224479  0.215539  0.226279  0.221786  0.215539   0.19451  0.228084
 0.209345  0.221786  0.215539  0.187629  0.174895  0.204951  0.185919  0.180811  0.185919  0.195375  0.185065  0.189343  0.197107  0.199712  0.180811   0.22089  0.225379  0.215539  0.217319  0.219102  0.214651         0  0.188486  0.169862  0.191062  0.174054  0.191062  0.188486  0.179116  0.166525  0.204075
 0.226279  0.232616  0.225379  0.211993  0.199712  0.222682  0.211993  0.200583  0.197974  0.209345  0.211109  0.207584  0.207584  0.219996  0.206705  0.239007  0.240843  0.229894  0.235348  0.235348  0.228084  0.188486         0  0.199712  0.211993  0.200583  0.206705  0.201454  0.197974  0.183361  0.226279
 0.214651  0.222682  0.215539  0.185065  0.173214  0.202327  0.191062  0.183361  0.191062  0.192784  0.185919  0.190202  0.190202  0.200583  0.187629  0.213764   0.21821  0.215539   0.21821  0.215539  0.211993  0.169862  0.199712         0  0.145998  0.141959  0.150873  0.143572  0.150059  0.133946  0.193646
 0.228989  0.241763   0.22358  0.205828  0.188486   0.21821  0.203201  0.198843  0.208464  0.209345  0.210226  0.209345  0.204075   0.21821  0.211109  0.229894  0.233526  0.225379  0.227181  0.229894  0.224479  0.191062  0.211993  0.145998         0 0.0943614  0.158247  0.158247  0.157424  0.146808  0.216429
 0.213764  0.228084  0.211109   0.19624  0.179963  0.209345  0.197974  0.187629   0.19451  0.202327  0.191922  0.197974   0.19624  0.203201  0.192784   0.22089  0.222682  0.217319   0.21821  0.219102  0.215539  0.174054  0.200583  0.141959 0.0943614         0  0.154961  0.153323  0.151689  0.138744  0.198843
 0.228084  0.236261  0.228989  0.213764  0.201454  0.224479  0.209345  0.206705  0.211109  0.215539  0.206705  0.214651  0.205828    0.2308  0.209345  0.237175  0.238091  0.219996  0.227181  0.228989  0.226279  0.191062  0.206705  0.150873  0.158247  0.154961         0  0.137942  0.156602   0.13315  0.205828
 0.216429  0.228084  0.224479  0.199712  0.186773  0.211109  0.197974  0.190202  0.197974  0.198843  0.200583  0.197107  0.203201  0.212878  0.203201  0.228084  0.215539  0.225379  0.228989  0.228084  0.221786  0.188486  0.201454  0.143572  0.158247  0.153323  0.137942         0  0.149245  0.124443  0.200583
 0.212878  0.233526  0.224479  0.201454  0.187629  0.213764  0.199712   0.19624  0.203201  0.202327  0.198843  0.197974  0.200583  0.216429  0.205828  0.211993  0.222682  0.214651   0.21821  0.222682  0.215539  0.179116  0.197974  0.150059  0.157424  0.151689  0.156602  0.149245         0 0.0705499  0.197974
 0.191062  0.209345  0.200583   0.18251  0.169862  0.191062  0.175738   0.17827  0.183361  0.187629  0.177425   0.18166   0.18166   0.19624   0.18251   0.19451  0.202327   0.19451   0.19451  0.199712   0.19451  0.166525  0.183361  0.133946  0.146808  0.138744   0.13315  0.124443 0.0705499         0   0.17827
 0.239007  0.254758  0.252888  0.228989  0.212878  0.234437  0.224479  0.214651  0.219102  0.228989   0.22358  0.219996   0.21821  0.233526  0.226279  0.235348  0.245453  0.233526  0.233526  0.236261  0.228084  0.204075  0.226279  0.193646  0.216429  0.198843  0.205828  0.200583  0.197974   0.17827         0


JC Tree topology:
(1,2,((3,(((4,5),14),((6,7),(((8,9),((10,12),13)),11)))),(15,((((16,17),((18,19),(20,21))),(((24,(25,26)),((27,28),(29,30))),31)),(22,23)))));

Putting MLE Branch Lengths
p: 0.217312  0.21914 0.170323 0.393226
s:    0.14795   0.200924  0.0748069  0.0182777   0.550727 0.00731434
Q: 
 -0.974823    0.34041   0.462294   0.172119
  0.337571   -1.63584  0.0417032    1.25657
  0.589833   0.053656  -0.664961   0.021472
 0.0951195   0.700268 0.00930043  -0.804688

(4:0.0263349,5:0.0121647,((((11:0.0381130,((9:0.0192507,8:0.0150307):0.0143762,(13:0.0373676,(12:0.0329165,10:0.0327340):0.0024890):0.0012097):0.0000100):0.0034324,(6:0.0285847,7:0.0185602):0.0207750):0.0078561,(3:0.0952449,((((((17:0.0465379,16:0.0504376):0.0288031,((20:0.0132777,21:0.0076756):0.0189124,(19:0.0079415,18:0.0096829):0.0234317):0.0434866):0.0594050,((((28:0.0680880,27:0.0760123):0.0055434,(30:0.0250901,29:0.0461730):0.0325714):0.0056227,((25:0.0541490,26:0.0415010):0.0341592,24:0.0711775):0.0008279):0.0127707,31:0.1217428):0.0061119):0.0054190,(23:0.1073462,22:0.0902352):0.0032538):0.0100612,15:0.0961061):0.0295484,(1:0.0246385,2:0.0393424):0.0627761):0.0048275):0.0140997):0.0015831,14:0.0576976):0.0210592);
Seed = 3187344184
Seeds per chain: 
      491285825
      804835561
     2135963941
      580764432
stationary acceptance: 0.227873
symmetric acceptance: 0.203774
branch length acceptance: 0.546728
avgP: 0.222957 0.228217 0.167113 0.381714
sP: 6.39849e-05 4.74063e-05 5.90316e-05 8.97725e-05
avgS:   0.156845   0.203696  0.0492904   0.010507   0.576789 0.00287316
sS:  6.7064e-05 0.000102426 2.77613e-05  5.4121e-06  0.00015977 1.44692e-06
0.222957 0.228217 0.167113 0.381714
  0.156845   0.203696  0.0492904   0.010507   0.576789 0.00287316

 -0.919081   0.351738   0.456806   0.110538
  0.343631   -1.63034  0.0230197    1.26369
  0.609457  0.0314367   -0.64949 0.00859648
 0.0645645   0.755525  0.0037635  -0.823853

stationary acceptance: 0.239772
symmetric acceptance: 0.205985
branch length acceptance: 0.553352
avgP: 0.223067 0.228104 0.167058 0.381771
sP: 6.39511e-05 4.68785e-05  6.0421e-05  9.0139e-05
avgS:  0.156804  0.203702 0.0492128 0.0105202  0.576874 0.0028878
sS: 6.58105e-05 0.000105177  2.7578e-05 5.42643e-06 0.000165219 1.46432e-06
0.223067 0.228104 0.167058 0.381771
 0.156804  0.203702 0.0492128 0.0105202  0.576874 0.0028878

 -0.918377   0.351473   0.456594    0.11031
  0.343712   -1.63127  0.0230601     1.2645
  0.609674  0.0314867  -0.649804 0.00864313
 0.0644532   0.755522 0.00378211  -0.823757

stationary acceptance: 0.238358
symmetric acceptance: 0.192018
branch length acceptance: 0.548117
avgP: 0.222956 0.228247 0.167059 0.381738
sP: 6.35678e-05  4.8299e-05 6.04574e-05 8.83163e-05
avgS:   0.156893   0.203743  0.0492387  0.0105037   0.576763 0.00285839
sS: 6.80898e-05 0.000105374 2.72275e-05 5.48363e-06 0.000165816 1.42743e-06
0.222956 0.228247 0.167059 0.381738
  0.156893   0.203743  0.0492387  0.0105037   0.576763 0.00285839

 -0.919182   0.351847   0.456912   0.110422
  0.343692   -1.63017  0.0230096    1.26346
  0.609795  0.0314373  -0.649787 0.00855506
 0.0644928   0.755443 0.00374392   -0.82368

stationary acceptance: 0.230209
symmetric acceptance: 0.1989
branch length acceptance: 0.548507
avgP: 0.223022 0.228231 0.167049 0.381698
sP: 6.44426e-05 4.77146e-05 5.97379e-05 9.10631e-05
avgS:  0.156786  0.203719 0.0492308 0.0105464  0.576842 0.0028766
sS: 6.73642e-05 0.000103562 2.75279e-05 5.49236e-06 0.000162308 1.48281e-06
0.223022 0.228231 0.167049 0.381698
 0.156786  0.203719 0.0492308 0.0105464  0.576842 0.0028766

   -0.9186   0.351503   0.456724   0.110372
  0.343481   -1.63031  0.0231048    1.26372
  0.609757  0.0315668  -0.649933 0.00861004
 0.0644892   0.755625 0.00376817  -0.823883

stationary acceptance: 0.225875
symmetric acceptance: 0.192905
branch length acceptance: 0.539129
avgP: 0.222678 0.227409 0.167626 0.382287
sP: 7.70169e-05 5.37195e-05 7.14728e-05 0.000110124
avgS:   0.156423   0.203744  0.0492448  0.0107383   0.576804 0.00304637
sS: 6.90634e-05 0.000147301 2.33915e-05 4.95247e-06  0.00020673 1.55339e-06
0.222678 0.227409 0.167626 0.382287
  0.156423   0.203744  0.0492448  0.0107383   0.576804 0.00304637

 -0.919291    0.35123   0.457486   0.110574
  0.343924   -1.63574  0.0236102    1.26821
  0.607733  0.0320306  -0.648851 0.00908678
 0.0644082   0.754412  0.0039844  -0.822805

stationary acceptance: 0.214487
symmetric acceptance: 0.188994
branch length acceptance: 0.516032
avgP: 0.222673 0.227129 0.167626 0.382572
sP: 7.50877e-05 5.55813e-05 6.98268e-05 0.000111605
avgS:   0.156142   0.203592  0.0493326   0.010754   0.577124 0.00305502
sS: 7.01594e-05 0.000146838 2.29262e-05   5.148e-06 0.000211024 1.57014e-06
0.222673 0.227129 0.167626 0.382572
  0.156142   0.203592  0.0493326   0.010754   0.577124 0.00305502

 -0.918538   0.350609   0.457155   0.110774
  0.343729   -1.63788  0.0236738    1.27048
  0.607279  0.0320774  -0.648469 0.00911259
  0.064475    0.75427 0.00399274  -0.822738

stationary acceptance: 0.219448
symmetric acceptance: 0.212027
branch length acceptance: 0.546859
avgP: 0.222662 0.227502 0.167408 0.382428
sP: 7.44547e-05  5.4842e-05 7.03868e-05 0.000107183
avgS:   0.156181   0.203497  0.0493139  0.0107525   0.577227 0.00302781
sS: 6.78979e-05 0.000140261 2.21453e-05 4.86754e-06  0.00020493 1.61043e-06
0.222662 0.227502 0.167408 0.382428
  0.156181   0.203497  0.0493139  0.0107525   0.577227 0.00302781

 -0.918415   0.350713   0.456964   0.110737
  0.343253   -1.63551  0.0236318    1.26862
  0.607788  0.0321148  -0.648946 0.00904319
 0.0644748   0.754687 0.00395866  -0.823121

stationary acceptance: 0.220278
symmetric acceptance: 0.204181
branch length acceptance: 0.55469
avgP: 0.222489 0.227565 0.167515  0.38243
sP: 7.25855e-05 5.59517e-05  6.9795e-05 0.000106803
avgS:  0.156076  0.203727 0.0492183 0.0107664  0.577186  0.003027
sS: 6.76213e-05 0.000145199 2.19902e-05 4.98177e-06 0.000205703 1.60016e-06
0.222489 0.227565 0.167515  0.38243
 0.156076  0.203727 0.0492183 0.0107664  0.577186  0.003027

 -0.919192   0.350749   0.457836   0.110608
  0.342925   -1.63476  0.0236557    1.26818
  0.608085  0.0321357  -0.649255 0.00903499
 0.0643493   0.754629 0.00395758  -0.822935

GTR Distance Matrix:

        0 0.0644844  0.193425  0.148903  0.139539  0.161213  0.152228  0.144595   0.15586  0.155981   0.15624  0.152638  0.154458  0.168238  0.213159  0.276937  0.274261  0.255365   0.25821  0.261598  0.259605  0.222412  0.244828  0.230129  0.245855  0.230692  0.245585  0.229582  0.229182  0.204479  0.260939
0.0644844         0  0.203818  0.165848  0.156147  0.176846  0.167125  0.157564  0.162482  0.172735  0.163509  0.166887   0.17168  0.183053   0.22698  0.284693  0.289021  0.272009  0.276953   0.27559  0.274888  0.234993  0.251221  0.237874   0.25879  0.245607  0.254734  0.241714  0.250681  0.223446  0.276371
 0.193425  0.203818         0  0.161593  0.142324  0.164083  0.162097  0.157977  0.157656  0.167059  0.163928  0.161345  0.159713  0.171482  0.224659   0.27498  0.271112  0.262297  0.272541  0.260341  0.253791  0.228061  0.242787  0.230278  0.238991  0.226051  0.244798  0.237874  0.240421   0.21282  0.275377
 0.148903  0.165848  0.161593         0 0.0390614  0.107292  0.098426 0.0921425 0.0969293 0.0954949 0.0983814  0.100625   0.10163  0.106778  0.191014  0.257291  0.251773  0.244468  0.245311  0.243876  0.239398  0.200685  0.230512  0.198667  0.221273  0.211588  0.231084  0.212873  0.218329  0.196994   0.25135
 0.139539  0.156147  0.142324 0.0390614         0 0.0965575 0.0857568 0.0774263  0.081199 0.0852332 0.0855649 0.0855972 0.0850273 0.0893706  0.177299  0.236892  0.233326  0.227192  0.228728  0.224378   0.22191  0.185166  0.214148  0.184214  0.200853  0.191975  0.215817  0.197085  0.200947   0.18091  0.230162
 0.161213  0.176846  0.164083  0.107292 0.0965575         0 0.0475774 0.0831844 0.0857004 0.0848969 0.0915839 0.0907955 0.0926701  0.115758  0.201976  0.275569  0.263309  0.253864  0.260844  0.257134  0.252084  0.218441  0.241848  0.216786  0.233461   0.22476  0.242498  0.224336  0.229937  0.204689  0.257535
 0.152228  0.167125  0.162097  0.098426 0.0857568 0.0475774         0  0.073497  0.075044 0.0788445 0.0823691 0.0825327 0.0803952   0.10369  0.194876  0.254122  0.244355   0.23887  0.245723   0.24108   0.23663  0.198308   0.22961  0.204585   0.21773  0.212474  0.225948  0.210958  0.214883  0.188316  0.245898
 0.144595  0.157564  0.157977 0.0921425 0.0774263 0.0831844  0.073497         0 0.0347954 0.0644515 0.0692818 0.0686086 0.0690053  0.102817  0.192794   0.24798    0.2474  0.235851  0.239985  0.235466  0.232972   0.19258  0.217327  0.197377  0.214343  0.202215  0.223743  0.204016  0.212251  0.191585  0.235712
  0.15586  0.162482  0.157656 0.0969293  0.081199 0.0857004  0.075044 0.0347954         0 0.0713681 0.0732608 0.0680166 0.0735819  0.104439  0.198109  0.254375  0.247911  0.228489  0.234545  0.232615  0.228861  0.197805  0.214987  0.205876  0.224275  0.209575  0.228701  0.212016  0.219577  0.197006  0.241006
 0.155981  0.172735  0.167059 0.0954949 0.0852332 0.0848969 0.0788445 0.0644515 0.0713681         0  0.078549  0.066985 0.0736464  0.114219  0.200656  0.261374  0.256148  0.242557  0.247465  0.245382  0.242328  0.208522  0.227499   0.20669  0.225254  0.217931   0.23353   0.21168  0.218738  0.201467  0.251807
  0.15624  0.163509  0.163928 0.0983814 0.0855649 0.0915839 0.0823691 0.0692818 0.0732608  0.078549         0 0.0782066  0.077701  0.107946  0.195952     0.255  0.248541  0.241394  0.248316  0.241681  0.239158  0.198558  0.230279  0.200808  0.227655   0.20847  0.224954  0.215596  0.215972  0.191092  0.247092
 0.152638  0.166887  0.161345  0.100625 0.0855972 0.0907955 0.0825327 0.0686086 0.0680166  0.066985 0.0782066         0 0.0737684  0.113078  0.202204  0.249946  0.247333  0.241086  0.247985  0.243383  0.238903  0.202574  0.226109   0.20449  0.225003  0.213347  0.232743  0.210814   0.21398  0.195128  0.242236
 0.154458   0.17168  0.159713   0.10163 0.0850273 0.0926701 0.0803952 0.0690053 0.0735819 0.0736464  0.077701 0.0737684         0  0.112386  0.192566  0.254135  0.253624  0.237449  0.240344  0.236372  0.235818   0.21047  0.224939   0.20368  0.218904   0.21123  0.222739  0.216834  0.216716  0.194791  0.239824
 0.168238  0.183053  0.171482  0.106778 0.0893706  0.115758   0.10369  0.102817  0.104439  0.114219  0.107946  0.113078  0.112386         0  0.214358  0.269516  0.264875  0.255315  0.260897  0.252138  0.247649  0.211931  0.238807  0.215064  0.235027  0.218904  0.249181  0.226381  0.233888  0.210436  0.255965
 0.213159   0.22698  0.224659  0.191014  0.177299  0.201976  0.194876  0.192794  0.198109  0.200656  0.195952  0.202204  0.192566  0.214358         0  0.257337  0.254679  0.235991  0.240834  0.236974  0.233606  0.191337  0.223351  0.199771  0.225077  0.205775  0.224649  0.216682  0.220501  0.194776  0.245939
 0.276937  0.284693   0.27498  0.257291  0.236892  0.275569  0.254122   0.24798  0.254375  0.261374     0.255  0.249946  0.254135  0.269516  0.257337         0 0.0979942  0.154675  0.158353   0.15928  0.154057  0.238595  0.262589  0.230353  0.247835  0.239026   0.25713  0.244174   0.23152  0.209679  0.260262
 0.274261  0.289021  0.271112  0.251773  0.233326  0.263309  0.244355    0.2474  0.247911  0.256148  0.248541  0.247333  0.253624  0.264875  0.254679 0.0979942         0  0.151024  0.153268  0.154213  0.147357  0.241259  0.262374  0.233749  0.250939  0.240102  0.257859  0.230016  0.241472  0.217634  0.270778
 0.255365  0.272009  0.262297  0.244468  0.227192  0.253864   0.23887  0.235851  0.228489  0.242557  0.241394  0.241086  0.237449  0.255315  0.235991  0.154675  0.151024         0 0.0178242 0.0663325 0.0609886  0.232344  0.252641  0.233611  0.244744  0.235796  0.238961  0.243387  0.233951  0.210867  0.260915
  0.25821  0.276953  0.272541  0.245311  0.228728  0.260844  0.245723  0.239985  0.234545  0.247465  0.248316  0.247985  0.240344  0.260897  0.240834  0.158353  0.153268 0.0178242         0 0.0635913  0.058256  0.234543  0.258952  0.236376   0.24629  0.236659  0.247033  0.246884  0.237516  0.210531  0.260512
 0.261598   0.27559  0.260341  0.243876  0.224378  0.257134   0.24108  0.235466  0.232615  0.245382  0.241681  0.243383  0.236372  0.252138  0.236974   0.15928  0.154213 0.0663325 0.0635913         0 0.0211735  0.235149  0.256991  0.232662  0.248248  0.236903  0.248363  0.244514  0.242093  0.215548  0.261175
 0.259605  0.274888  0.253791  0.239398   0.22191  0.252084   0.23663  0.232972  0.228861  0.242328  0.239158  0.238903  0.235818  0.247649  0.233606  0.154057  0.147357 0.0609886  0.058256 0.0211735         0  0.230409  0.249055  0.228615  0.242179  0.232833  0.244978  0.237827  0.234102  0.209718  0.252375
 0.222412  0.234993  0.228061  0.200685  0.185166  0.218441  0.198308   0.19258  0.197805  0.208522  0.198558  0.202574   0.21047  0.211931  0.191337  0.238595  0.241259  0.232344  0.234543  0.235149  0.230409         0  0.201014  0.179343  0.202226  0.184687  0.203447  0.198058  0.189291  0.175622  0.219393
 0.244828  0.251221  0.242787  0.230512  0.214148  0.241848   0.22961  0.217327  0.214987  0.227499  0.230279  0.226109  0.224939  0.238807  0.223351  0.262589  0.262374  0.252641  0.258952  0.256991  0.249055  0.201014         0   0.21455  0.225117  0.215277  0.223132  0.215818  0.213525  0.195926  0.248649
 0.230129  0.237874  0.230278  0.198667  0.184214  0.216786  0.204585  0.197377  0.205876   0.20669  0.200808   0.20449   0.20368  0.215064  0.199771  0.230353  0.233749  0.233611  0.236376  0.232662  0.228615  0.179343   0.21455         0  0.153394  0.149318  0.159392  0.149963  0.158404   0.14078  0.211418
 0.245855   0.25879  0.238991  0.221273  0.200853  0.233461   0.21773  0.214343  0.224275  0.225254  0.227655  0.225003  0.218904  0.235027  0.225077  0.247835  0.250939  0.244744   0.24629  0.248248  0.242179  0.202226  0.225117  0.153394         0 0.0970608   0.16796  0.165308  0.166477  0.154421   0.23438
 0.230692  0.245607  0.226051  0.211588  0.191975   0.22476  0.212474  0.202215  0.209575  0.217931   0.20847  0.213347   0.21123  0.218904  0.205775  0.239026  0.240102  0.235796  0.236659  0.236903  0.232833  0.184687  0.215277  0.149318 0.0970608         0  0.164908  0.160357  0.161251  0.146607  0.215715
 0.245585  0.254734  0.244798  0.231084  0.215817  0.242498  0.225948  0.223743  0.228701   0.23353  0.224954  0.232743  0.222739  0.249181  0.224649   0.25713  0.257859  0.238961  0.247033  0.248363  0.244978  0.203447  0.223132  0.159392   0.16796  0.164908         0  0.144842  0.166482   0.14028  0.225215
 0.229582  0.241714  0.237874  0.212873  0.197085  0.224336  0.210958  0.204016  0.212016   0.21168  0.215596  0.210814  0.216834  0.226381  0.216682  0.244174  0.230016  0.243387  0.246884  0.244514  0.237827  0.198058  0.215818  0.149963  0.165308  0.160357  0.144842         0  0.157512  0.129756  0.215706
 0.229182  0.250681  0.240421  0.218329  0.200947  0.229937  0.214883  0.212251  0.219577  0.218738  0.215972   0.21398  0.216716  0.233888  0.220501   0.23152  0.241472  0.233951  0.237516  0.242093  0.234102  0.189291  0.213525  0.158404  0.166477  0.161251  0.166482  0.157512         0 0.0727107  0.216771
 0.204479  0.223446   0.21282  0.196994   0.18091  0.204689  0.188316  0.191585  0.197006  0.201467  0.191092  0.195128  0.194791  0.210436  0.194776  0.209679  0.217634  0.210867  0.210531  0.215548  0.209718  0.175622  0.195926   0.14078  0.154421  0.146607   0.14028  0.129756 0.0727107         0  0.193491
 0.260939  0.276371  0.275377   0.25135  0.230162  0.257535  0.245898  0.235712  0.241006  0.251807  0.247092  0.242236  0.239824  0.255965  0.245939  0.260262  0.270778  0.260915  0.260512  0.261175  0.252375  0.219393  0.248649  0.211418   0.23438  0.215715  0.225215  0.215706  0.216771  0.193491         0

meanTree = (1:0.0253827,2:0.0392087,((3:0.0943014,(((4:0.0264861,5:0.0123063):0.019842,14:0.0586508):0.00218726,((6:0.0287114,7:0.0189723):0.0197186,(((8:0.015863,9:0.0190635):0.0138563,((10:0.0331165,12:0.0335096):0.00274172,13:0.0374488):0.000957676):0.000868067,11:0.0383577):0.00303868):0.00815735):0.0146518):0.00293321,(15:0.0969865,((((16:0.0499342,17:0.0482331):0.032628,((18:0.00711976,19:0.0109188):0.0233612,(20:0.0128086,21:0.00834602):0.0194532):0.0413054):0.0582495,(((24:0.0693248,(25:0.0537561,26:0.0432632):0.0319137):0.00136989,((27:0.0786368,28:0.0659991):0.00835385,(29:0.047468,30:0.0255407):0.031504):0.00409602):0.0127486,31:0.124401):0.00496097):0.0025561,(22:0.0871567,23:0.112629):0.00240983):0.00867543):0.0292393):0.0619729);
(1,2,((3,(15,((((16,17),((18,19),(20,21))),(((24,(25,26)),((27,28),(29,30))),31)),(22,23)))),((4,5),(((((6,7),((8,9),(10,12))),13),11),14)))); 0.0328291
(1,2,((3,((4,5),(((6,7),((((8,9),(10,12)),13),11)),14))),(15,(((16,17),((18,19),(20,21))),(22,(23,(((24,((25,26),(27,28))),(29,30)),31))))))); 0.0497607
(1,2,((3,(15,((((16,17),((18,19),(20,21))),(22,(((24,((27,28),(29,30))),(25,26)),31))),23))),(((4,5),14),(((((6,7),(10,12)),(8,9)),13),11)))); 0.0443816
(1,2,((3,(15,((((((16,17),((18,19),(20,21))),31),(24,((25,26),((27,28),(29,30))))),22),23))),(((4,5),14),((6,7),(((8,9),11),((10,12),13)))))); 0.0472591
(1,2,((3,(((4,5),14),(((6,7),((8,9),(10,12))),(11,13)))),(15,(((16,17),((18,19),(20,21))),((22,23),((24,((25,26),((27,28),(29,30)))),31)))))); 0.0411981
(1,2,((3,(15,(((((16,17),((18,19),(20,21))),31),(24,((25,26),((27,28),(29,30))))),(22,23)))),((4,5),(((6,7),(((8,9),((10,12),13)),11)),14)))); 0.0397063
(1,2,((3,(15,(((16,17),((18,19),(20,21))),((22,23),(((24,((27,28),(29,30))),(25,26)),31))))),(((4,5),14),((6,7),(((8,9),(10,12)),(11,13)))))); 0.0382219
(1,2,((3,(15,((((16,17),((18,19),(20,21))),(((24,(25,26)),((27,28),(29,30))),31)),(22,23)))),(((4,5),14),((6,7),(((8,9),((10,12),13)),11))))); 0.0417944
(1,2,((3,(((4,5),14),((6,7),((((8,9),(10,12)),13),11)))),(15,(((16,17),((18,19),(20,21))),(22,(23,((((24,(27,28)),(25,26)),(29,30)),31))))))); 0.0384678
(1,2,((3,(15,(((16,17),((18,19),(20,21))),((22,((((24,(25,26)),(27,28)),(29,30)),31)),23)))),(((4,5),((6,7),(((8,9),((10,12),13)),11))),14))); 0.0445406
(1,2,((3,(((4,5),14),(((6,7),11),(((8,9),(10,12)),13)))),(15,(((16,17),((18,19),(20,21))),(((22,31),(24,((25,26),((27,28),(29,30))))),23))))); 0.0462125
(1,2,((3,(15,((((16,17),((18,19),(20,21))),((((24,(25,26)),(27,28)),(29,30)),31)),(22,23)))),(((4,5),14),((6,7),(((8,9),((10,12),13)),11))))); 0.0439842
(1,2,((3,(((4,5),14),(((6,7),(((8,9),(10,12)),13)),11))),(15,((((16,17),((18,19),(20,21))),((((24,(25,26)),(27,28)),(29,30)),31)),(22,23))))); 0.0518655
(1,2,((3,(15,((((16,17),((18,19),(20,21))),((22,23),31)),((24,((27,28),(29,30))),(25,26))))),(((4,5),14),((6,7),(((8,9),(10,12)),(11,13)))))); 0.0422798
(1,2,((3,(15,((((16,17),((18,19),(20,21))),((24,((25,26),((27,28),(29,30)))),31)),(22,23)))),((4,5),(((6,7),14),(((8,9),(10,(12,13))),11))))); 0.0395702
(1,2,((3,(((4,5),14),((6,7),(((8,9),11),((10,12),13))))),(15,((((16,17),((18,19),(20,21))),(22,(((24,(25,26)),((27,28),(29,30))),31))),23)))); 0.037687
(1,2,((3,(15,(((16,17),((18,19),(20,21))),((22,23),((((24,(27,28)),(29,30)),(25,26)),31))))),(((4,5),14),((6,7),((((8,9),(10,12)),13),11))))); 0.0466099
(1,2,((3,((4,5),(((6,7),((((8,9),(10,12)),13),11)),14))),(15,(((16,17),((18,19),(20,21))),((22,(((24,(25,26)),((27,28),(29,30))),31)),23))))); 0.0422573
(1,2,((3,((4,5),(((6,7),((8,9),((10,12),(11,13)))),14))),(15,(((((16,17),((18,19),(20,21))),31),(24,((25,26),((27,28),(29,30))))),(22,23))))); 0.0493613
(1,2,((3,(((4,5),(((6,7),((8,9),((10,12),13))),11)),14)),(15,(((((16,17),((18,19),(20,21))),(((24,(25,26)),((27,28),(29,30))),31)),22),23)))); 0.0425462
(1,2,((3,(((4,5),14),((6,7),((((8,9),(10,12)),13),11)))),(15,(((16,17),((18,19),(20,21))),(((22,31),(((24,(27,28)),(25,26)),(29,30))),23))))); 0.0383379
(1,2,((3,(15,((((16,17),((18,19),(20,21))),(22,(((24,(25,26)),((27,28),(29,30))),31))),23))),(((4,5),14),((6,7),(((8,9),((10,12),13)),11))))); 0.0468909
(1,2,((3,(((4,5),14),((6,7),(((8,9),((11,13),12)),10)))),(15,(((((16,17),((18,19),(20,21))),23),(((24,((25,26),(27,28))),(29,30)),31)),22)))); 0.0501722
(1,2,((3,(((4,5),14),((6,7),((((8,9),(10,12)),13),11)))),((15,22),(((((16,17),((18,19),(20,21))),31),((24,(25,26)),((27,28),(29,30)))),23)))); 0.0407983
(1,2,((3,(((4,5),14),((6,7),((((8,9),(10,12)),13),11)))),(15,((((16,17),((18,19),(20,21))),(22,((24,((25,26),((27,28),(29,30)))),31))),23)))); 0.0381807
(1,2,((3,((4,5),(((6,7),((((8,9),(10,12)),13),11)),14))),(15,(((16,17),((18,19),(20,21))),((22,23),((24,((25,26),((27,28),(29,30)))),31)))))); 0.0371999
(1,2,((3,(15,((((16,17),((18,19),(20,21))),((22,31),((24,(25,26)),((27,28),(29,30))))),23))),(((4,5),14),((6,7),(((8,9),((10,12),13)),11))))); 0.0432011
(1,2,((3,(((4,5),14),((6,7),((((8,9),(10,12)),13),11)))),(15,(((((16,17),((18,19),(20,21))),(((24,(25,26)),((27,28),(29,30))),31)),23),22)))); 0.0361261
(1,2,((3,((15,22),(((((16,17),((18,19),(20,21))),31),(24,((25,26),((27,28),(29,30))))),23))),(((4,5),14),((6,7),(((8,9),((10,12),13)),11))))); 0.0414766
(1,2,((3,(15,((((16,17),((18,19),(20,21))),((((24,(25,26)),(27,28)),(29,30)),31)),(22,23)))),(((4,5),14),((6,7),((((8,9),11),(10,12)),13))))); 0.0483028
(1,2,((3,((4,5),(((6,7),(((8,9),((10,12),13)),11)),14))),(15,((((16,17),((18,19),(20,21))),(((24,(25,26)),((27,28),(29,30))),31)),(22,23))))); 0.0457335
(1,2,((3,((4,5),(((6,7),(((8,9),11),((10,12),13))),14))),(15,(((((16,17),((18,19),(20,21))),(((24,(25,26)),((27,28),(29,30))),31)),22),23)))); 0.0371244
(1,2,((3,(((4,5),14),((6,7),(((8,9),((10,12),13)),11)))),(15,((((16,17),((18,19),(20,21))),(((24,(25,26)),((27,28),(29,30))),31)),(22,23))))); 0.0519468
(1,2,((3,(15,(((16,17),((18,19),(20,21))),((22,((24,((25,26),((27,28),(29,30)))),31)),23)))),(((4,5),14),((6,7),(((8,9),11),((10,12),13)))))); 0.0403378
(1,2,((3,(((4,5),14),((6,7),(((8,9),((10,12),13)),11)))),((15,22),(((((16,17),((18,19),(20,21))),31),(((24,(25,26)),(27,28)),(29,30))),23)))); 0.0479628
(1,2,((3,(15,(((16,17),((18,19),(20,21))),((22,23),((24,((25,26),((27,28),(29,30)))),31))))),((4,5),(((6,7),(((8,9),11),((10,12),13))),14)))); 0.0424595
(1,2,((3,(15,(((16,17),((18,19),(20,21))),((22,23),(((24,(25,26)),((27,28),(29,30))),31))))),(((4,5),14),((6,7),(((8,9),(10,12)),(11,13)))))); 0.0528351
(1,2,((3,(15,(((((16,17),((18,19),(20,21))),31),(((24,(27,28)),(25,26)),(29,30))),(22,23)))),((4,5),(((6,7),(((8,9),(10,12)),(11,13))),14)))); 0.0418526
(1,2,((3,(15,(((16,17),((18,19),(20,21))),((22,23),((24,((25,26),((27,28),(29,30)))),31))))),(((4,5),14),(((6,7),((8,9),((10,12),13))),11)))); 0.0481283
(1,2,((3,(((4,5),14),(((6,7),((10,12),13)),((8,9),11)))),(15,(((((16,17),((18,19),(20,21))),((24,((25,26),((27,28),(29,30)))),31)),23),22)))); 0.0484273
(1,2,((3,(((4,5),14),((6,7),(((8,9),((10,12),13)),11)))),(15,(((16,17),((18,19),(20,21))),((22,(((24,(25,26)),((27,28),(29,30))),31)),23))))); 0.0413145
(1,2,((3,(15,(((16,17),((18,19),(20,21))),(((22,((24,(25,26)),((27,28),(29,30)))),31),23)))),(((4,5),14),((6,7),(((8,9),((10,12),13)),11))))); 0.0373486
(1,2,((3,((15,22),((((16,17),((18,19),(20,21))),23),((((24,(27,28)),(25,26)),(29,30)),31)))),(((4,5),14),((6,7),((8,9),((10,12),(11,13))))))); 0.0443872
(1,2,((3,(15,(((16,17),((18,19),(20,21))),((22,23),(((24,(25,26)),((27,28),(29,30))),31))))),((4,5),(((6,7),(((8,9),11),((10,12),13))),14)))); 0.0422625
(1,2,((3,((15,((((16,17),((18,19),(20,21))),22),(((24,((27,28),(29,30))),(25,26)),31))),23)),(((4,5),((((((6,7),10),12),(8,9)),13),11)),14))); 0.0378675
(1,2,((3,(((4,5),14),((6,7),(((8,9),11),((10,12),13))))),(15,((((16,17),((18,19),(20,21))),(((24,((25,26),(27,28))),(29,30)),31)),(22,23))))); 0.0418462
(1,2,((3,(((4,5),14),((6,7),(((8,9),(10,12)),(11,13))))),(15,((((16,17),((18,19),(20,21))),(((24,((25,26),(27,28))),(29,30)),31)),(22,23))))); 0.0388874
(1,2,((3,(((4,5),14),((6,7),((((8,9),(10,12)),13),11)))),(15,(((16,17),((18,19),(20,21))),(((22,31),23),((24,(25,26)),((27,28),(29,30)))))))); 0.0358431
(1,2,((3,((4,5),(((6,7),(((8,9),(10,12)),(11,13))),14))),(15,(((16,17),((18,19),(20,21))),((22,23),(((24,((27,28),(29,30))),(25,26)),31)))))); 0.0413931
(1,2,((3,(((4,5),14),((6,7),(((8,9),11),((10,12),13))))),(15,(((16,17),((18,19),(20,21))),((22,23),((24,((25,26),((27,28),(29,30)))),31)))))); 0.0375528
(1,2,((3,(((4,5),14),((6,7),(((8,9),((10,12),13)),11)))),(15,(((16,17),((18,19),(20,21))),(22,(23,((24,((25,26),((27,28),(29,30)))),31))))))); 0.0389437
(1,2,((3,(15,(((((16,17),((18,19),(20,21))),(((24,(25,26)),((27,28),(29,30))),31)),22),23))),(((4,5),14),((6,7),(((8,9),((10,13),12)),11))))); 0.0362049
(1,2,((3,((4,5),(((6,7),(((8,9),((10,12),13)),11)),14))),(15,((((16,17),((18,19),(20,21))),(((24,(25,26)),((27,28),(29,30))),31)),(22,23))))); 0.0422044
(1,2,((3,(15,((((16,17),((18,19),(20,21))),((((24,(25,26)),(27,28)),(29,30)),31)),(22,23)))),(((4,5),14),((6,7),(((8,9),((10,12),13)),11))))); 0.0406866
(1,2,((3,(((4,5),14),((6,7),((((8,9),(10,12)),13),11)))),(15,((((16,17),((18,19),(20,21))),(23,(((24,(25,26)),((27,28),(29,30))),31))),22)))); 0.0439186
(1,2,((3,((4,5),((((6,7),((8,9),(10,(12,13)))),11),14))),(15,(((((16,17),((18,19),(20,21))),(((24,(25,26)),((27,28),(29,30))),31)),22),23)))); 0.0404025
(1,2,((3,((4,5),(((6,7),(((8,9),((10,12),13)),11)),14))),(15,(((16,17),((18,19),(20,21))),((22,23),((24,(((25,26),(27,28)),(29,30))),31)))))); 0.0449155
(1,2,((3,(((4,5),14),((6,7),(((((8,9),12),10),13),11)))),(15,((((16,17),((18,19),(20,21))),((22,((24,(25,26)),((27,28),(29,30)))),31)),23)))); 0.0403308
(1,2,((3,(((4,5),14),((6,7),(((8,9),((10,12),13)),11)))),(15,((((16,17),((18,19),(20,21))),((22,31),23)),(24,((25,26),((27,28),(29,30)))))))); 0.0381021
(1,2,((3,(15,(((16,17),((18,19),(20,21))),((22,((24,((25,26),((27,28),(29,30)))),31)),23)))),(((4,5),14),((((6,7),10),(12,13)),((8,9),11))))); 0.0366117
(1,2,((3,((4,5),(((6,7),(((8,9),(10,12)),(11,13))),14))),(15,(((16,17),((18,19),(20,21))),(((22,31),23),(24,((25,26),((27,28),(29,30))))))))); 0.0422755
(1,2,((3,((4,5),(((6,7),(((8,9),((10,12),13)),11)),14))),(15,(((16,17),((18,19),(20,21))),(22,(23,(((24,(25,26)),((27,28),(29,30))),31))))))); 0.0481173
(1,2,((3,(15,(((16,17),((18,19),(20,21))),((22,(((24,(25,26)),((27,28),(29,30))),31)),23)))),((4,5),(((6,7),(((8,9),((10,12),13)),11)),14)))); 0.0416885
(1,2,((3,(15,((((16,17),((18,19),(20,21))),(((24,(25,26)),((27,28),(29,30))),31)),(22,23)))),((4,5),(((6,7),((8,9),((10,12),(11,13)))),14)))); 0.0385478
(1,2,((3,(15,(((((16,17),((18,19),(20,21))),31),((24,(25,26)),((27,28),(29,30)))),(22,23)))),((4,5),(((6,7),((8,9),(((10,12),13),11))),14)))); 0.0498809
(1,2,((3,((15,22),(((((16,17),((18,19),(20,21))),31),((24,((25,26),(27,28))),(29,30))),23))),(((4,5),14),((6,7),((((8,9),11),(10,12)),13))))); 0.0440029
(1,2,((3,(((4,5),14),((6,7),(((8,9),(11,13)),(10,12))))),((15,((22,((24,((25,26),((27,28),(29,30)))),31)),23)),((16,17),((18,19),(20,21)))))); 0.0408912
(1,2,((3,(15,(((16,17),((18,19),(20,21))),(((22,31),((24,(25,26)),((27,28),(29,30)))),23)))),(((4,5),14),((6,7),((((8,9),10),(12,13)),11))))); 0.0405759
(1,2,((3,(15,((((((16,17),((18,19),(20,21))),31),22),(24,((25,26),((27,28),(29,30))))),23))),(((4,5),14),((6,7),(((8,9),((10,12),13)),11))))); 0.0379651
(1,2,((3,(((4,5),14),((6,7),(((8,9),((10,12),13)),11)))),(15,((((16,17),((18,19),(20,21))),((24,((25,26),((27,28),(29,30)))),31)),(22,23))))); 0.0368279
(1,2,((3,((4,5),(((6,7),(((8,9),((10,12),13)),11)),14))),(15,((((16,17),((18,19),(20,21))),(((24,(25,26)),(27,(28,(29,30)))),31)),(22,23))))); 0.0401562
(1,2,((3,((4,5),(((6,7),(((8,9),((10,12),13)),11)),14))),(15,((((16,17),((18,19),(20,21))),(((24,(25,26)),((27,28),(29,30))),31)),(22,23))))); 0.0461101
(1,2,((3,(15,(((16,17),((18,19),(20,21))),(22,(23,(((24,(25,26)),((27,28),(29,30))),31)))))),(((4,5),14),((6,7),((((8,9),(10,12)),13),11))))); 0.0443407
(1,2,((3,(15,((((16,17),((18,19),(20,21))),((((24,(27,28)),(25,26)),(29,30)),31)),(22,23)))),((4,5),(((6,7),(((8,9),((10,12),13)),11)),14)))); 0.0424305
(1,2,((3,((4,5),(((6,7),(((8,9),((10,12),13)),11)),14))),(15,(((((16,17),((18,19),(20,21))),31),(22,(24,((25,26),((27,28),(29,30)))))),23)))); 0.0441041
(1,2,((3,(15,(((16,17),((18,19),(20,21))),((22,23),((24,((25,26),((27,28),(29,30)))),31))))),(((4,5),14),((6,7),(((8,9),((10,12),13)),11))))); 0.0420147
(1,2,((3,(15,(((16,17),((18,19),(20,21))),((22,(((24,(25,26)),((27,28),(29,30))),31)),23)))),((4,5),((((((6,7),10),(12,13)),(8,9)),11),14)))); 0.0460181
(1,2,((3,(15,(((16,17),((18,19),(20,21))),(22,(23,((((24,(27,28)),(25,26)),(29,30)),31)))))),(((4,5),14),((((6,7),((10,12),13)),(8,9)),11)))); 0.046327
(1,2,((3,(((4,5),14),((6,7),((8,9),(((10,12),13),11))))),(15,((((16,17),((18,19),(20,21))),(((24,((27,28),(29,30))),(25,26)),31)),(22,23))))); 0.0375543
(1,2,((3,(((4,5),14),((6,7),(((8,9),11),((10,12),13))))),(15,((((16,17),((18,19),(20,21))),((24,((25,26),((27,28),(29,30)))),31)),(22,23))))); 0.0507122
(1,2,((3,(15,(((((16,17),((18,19),(20,21))),(((24,(25,26)),((27,28),(29,30))),31)),22),23))),(((4,5),14),((((6,7),((10,12),13)),(8,9)),11)))); 0.0386799
(1,2,((3,(((4,5),14),((6,7),((((8,9),(10,12)),13),11)))),(15,((((16,17),((18,19),(20,21))),((((24,(27,28)),(25,26)),(29,30)),31)),(22,23))))); 0.0398885
(1,2,((3,((4,5),(((6,7),((((8,9),(10,12)),11),13)),14))),(15,(((16,17),((18,19),(20,21))),((22,23),((((24,(27,28)),(25,26)),(29,30)),31)))))); 0.0400751
