Pi: 0.246366 0.249603 0.173876 0.330155
S:  0.370391  0.164918  0.114041  0.036187  0.296784 0.0176787
