Pi: 0.281827 0.262459 0.145116 0.310598
S:  0.103456 0.0853875  0.417381 0.0931781  0.257737 0.0428594
