Pi: 0.235717  0.24323 0.193614 0.327439
S:  0.0364585   0.274236  0.0757578  0.0123143   0.594673 0.00656098
