        0 0.0635438 0.0671899 0.0521486 0.0711752 0.0454443 0.0647877 0.0589906 0.0584794 0.0564402 0.0381154 0.0553118 0.0397196 0.0424578 0.0589417 0.0549198 0.0328706 0.0279533  0.063954 0.0508787 0.0508417 0.0548147 0.0498333 0.0717894 0.0592416 0.0658018 0.0437789 0.0606943 0.0662428 0.0486993 0.0546562 0.0496772 0.0418696 0.0407036  0.070079 0.0427231  0.055832 0.0623863 0.0467247 0.0674112 0.0502569 0.0418959 0.0607152 0.0530838 0.0537353 0.0478065 0.0382267 0.0544636 0.0781772 0.0694727 0.0647324 0.0628388 0.0511483 0.0561881 0.0542044 0.0527798 0.0534272 0.0661622 0.0621581  0.063258 0.0480805 0.0608422 0.0433522 0.0516951 0.0554285 0.0674767 0.0628378 0.0648305 0.0613374 0.0371931 0.0510331 0.0646981 0.0626802 0.0577729 0.0484407 0.0341529 0.0446023 0.0558085 0.0623728 0.0447609 0.0567768 0.0692658 0.0462446 0.0520002 0.0429975 0.0781606 0.0430613 0.0450732 0.0463269 0.0406728 0.0644428 0.0522557 0.0549511 0.0522727 0.0396992 0.0420941 0.0602367 0.0468794 0.0526891 0.0454728
0.0635438         0 0.0520329 0.0501135 0.0491909 0.0632596 0.0440926 0.0526453 0.0506709 0.0510881 0.0535994 0.0432445 0.0484212 0.0469458   0.06667 0.0489137 0.0539079  0.048904 0.0457955 0.0467963 0.0730327 0.0300307 0.0703595 0.0381724 0.0518675 0.0449519 0.0690193 0.0565821 0.0464933 0.0575457 0.0614131 0.0345621 0.0531472 0.0495274 0.0604922 0.0643798  0.060017 0.0776219 0.0438953 0.0460261 0.0353358 0.0363405  0.043196 0.0443017  0.054987 0.0457192 0.0438397 0.0689372  0.050379 0.0642102 0.0347488 0.0493251 0.0400855  0.037586 0.0566384 0.0518357 0.0498589 0.0659059 0.0581651 0.0663416 0.0553718 0.0413616 0.0367028  0.035401 0.0483961 0.0607312 0.0455914 0.0411756 0.0560955 0.0472339 0.0482194 0.0472329 0.0651157 0.0252079 0.0672794 0.0424092 0.0556655 0.0405313 0.0559006 0.0591219 0.0476922 0.0329331 0.0541092 0.0617036 0.0579057 0.0556706  0.043599 0.0344526 0.0526473 0.0451769 0.0628866 0.0515531 0.0497706 0.0584272 0.0410781 0.0627127  0.062176 0.0484924 0.0662113 0.0361326
0.0671899 0.0520329         0 0.0572652 0.0566756 0.0413134 0.0505106 0.0628065 0.0636879 0.0339312 0.0506794 0.0631739 0.0549738 0.0675717  0.040464 0.0561119 0.0609079 0.0549338 0.0729955  0.047621 0.0678358 0.0500903 0.0715842  0.067655 0.0584942   0.05851 0.0675263 0.0394154 0.0397201  0.054851 0.0749049 0.0369589  0.073818 0.0665142 0.0657978 0.0652675 0.0415308  0.084375 0.0482882 0.0553015 0.0514676 0.0552328 0.0489309  0.039512  0.041228 0.0545652 0.0437644 0.0629653 0.0300418 0.0383373 0.0507027 0.0555513 0.0443105 0.0351126 0.0597468 0.0591454 0.0503944 0.0821666 0.0508652 0.0521002 0.0749494 0.0582362 0.0402427 0.0482651 0.0548227 0.0510137 0.0458355 0.0340006 0.0668283 0.0613514 0.0484936 0.0649443 0.0537672  0.049798 0.0594821  0.047089 0.0444803 0.0550507  0.027022 0.0767395 0.0400494 0.0629041 0.0555694 0.0617564 0.0556193 0.0452839 0.0677023 0.0458434 0.0570951 0.0594717 0.0546821 0.0352973 0.0535858 0.0415435 0.0610371 0.0643954 0.0444478 0.0653302  0.050543 0.0402936
0.0521486 0.0501135 0.0572652         0 0.0643391 0.0503628 0.0259187 0.0633208 0.0575811 0.0433776 0.0555275 0.0450365 0.0476923 0.0506104 0.0602447 0.0470102 0.0446388 0.0289912 0.0676235 0.0556613 0.0657043 0.0535905  0.068972 0.0618896 0.0529474 0.0611964 0.0587746 0.0651737 0.0522075 0.0510641 0.0550335 0.0428937 0.0494815 0.0497535 0.0757574 0.0585905 0.0531201  0.066476 0.0258822 0.0655974  0.057498 0.0470302 0.0614007  0.055214 0.0463968 0.0502312 0.0511119 0.0513694 0.0596224 0.0639686 0.0567246 0.0531591  0.046494  0.039661 0.0543304 0.0517662 0.0501928 0.0760642  0.070728 0.0627456 0.0421447 0.0660296 0.0476767 0.0406075 0.0345211 0.0666842 0.0653013 0.0460745 0.0638341 0.0315191 0.0394961 0.0547882 0.0635152 0.0483302 0.0439713 0.0335932 0.0411194 0.0548726 0.0652194 0.0516163 0.0568009 0.0645673 0.0641318 0.0644471 0.0486587 0.0698331 0.0410488  0.049529 0.0397105 0.0360533 0.0791661 0.0633309 0.0449465 0.0436836 0.0419614 0.0578944 0.0513317 0.0476742 0.0308751 0.0471481
0.0711752 0.0491909 0.0566756 0.0643391         0 0.0625514  0.057626 0.0652012 0.0630441 0.0710115 0.0560162 0.0534968 0.0413156 0.0556656 0.0481715 0.0398427 0.0611303 0.0574723 0.0563958 0.0562155  0.073234 0.0441509 0.0660224 0.0341343 0.0611478 0.0552129 0.0668787 0.0642102 0.0509943 0.0592801 0.0750861  0.056752 0.0672021 0.0650451 0.0556492 0.0518445 0.0590893 0.0766825 0.0472596 0.0622836 0.0572937 0.0557844 0.0597812  0.043035 0.0396404  0.050933 0.0613669  0.059791 0.0487257 0.0732887 0.0642991 0.0580438 0.0537316 0.0514436 0.0542018 0.0525305 0.0428294 0.0657298 0.0573466 0.0791958 0.0664431 0.0467513 0.0491331 0.0668089 0.0498693 0.0688764  0.053157 0.0662007 0.0409151 0.0546222 0.0448494 0.0536304  0.049867 0.0544508  0.057933 0.0534099 0.0548457 0.0560072  0.061557 0.0565117 0.0440777 0.0399377 0.0591534 0.0763897 0.0494331 0.0586643  0.058729 0.0476965 0.0649932 0.0570726 0.0670635 0.0491676 0.0530491  0.060803 0.0619912 0.0560988 0.0719293 0.0526372  0.078007 0.0465256
0.0454443 0.0632596 0.0413134 0.0503628 0.0625514         0 0.0507869 0.0683241 0.0557916 0.0440323 0.0503473 0.0614485 0.0402353 0.0555969 0.0393289 0.0529468  0.048127 0.0408151 0.0798613 0.0548677 0.0543842 0.0603732 0.0602928 0.0733408 0.0594752 0.0755684 0.0530559  0.056248 0.0597582 0.0435708  0.065812 0.0435941 0.0564408 0.0632132 0.0745039 0.0500094 0.0206342 0.0754031 0.0468098 0.0666673 0.0513774 0.0572619 0.0654272 0.0545787 0.0312517 0.0359846 0.0414186 0.0562098 0.0626266 0.0534752 0.0666894 0.0700384 0.0568179 0.0503435 0.0538787 0.0591167 0.0530674 0.0735943 0.0566088 0.0602829 0.0663816 0.0659034 0.0495463 0.0542564 0.0579779 0.0633017  0.059193 0.0506194 0.0668925 0.0414273 0.0502602 0.0660887 0.0476337 0.0639468 0.0533607 0.0385701  0.038806  0.064851 0.0449047 0.0682514 0.0560832 0.0733433 0.0564354 0.0595231 0.0479345  0.068735 0.0623715 0.0514847 0.0493373 0.0529244  0.062073 0.0449033 0.0537757 0.0340945 0.0618575 0.0477726 0.0333568 0.0543823 0.0425079 0.0474274
0.0647877 0.0440926 0.0505106 0.0259187  0.057626 0.0507869         0 0.0683791 0.0652128 0.0443628 0.0663269 0.0555997 0.0475279  0.057971 0.0633607  0.043968 0.0582209 0.0422034 0.0726398 0.0646777  0.077898 0.0522831  0.081002 0.0601399 0.0642829 0.0679348 0.0722883 0.0693042  0.045696 0.0572726 0.0682018 0.0399677 0.0631924 0.0605126 0.0784149 0.0682574 0.0502394  0.083665 0.0337735 0.0681067 0.0560034  0.055507 0.0673289 0.0556641 0.0446967 0.0483657 0.0559686 0.0590894 0.0536907 0.0649813 0.0613598 0.0592437 0.0539739 0.0400708 0.0655515 0.0633982 0.0564774 0.0792179 0.0753478 0.0631027 0.0613554 0.0704426 0.0512103 0.0476848 0.0441155 0.0686794 0.0683176 0.0366793 0.0699603 0.0397719 0.0485236 0.0619719 0.0662633 0.0508097 0.0581562 0.0433153 0.0519988 0.0620083 0.0661391  0.064652 0.0601717 0.0587824 0.0741629 0.0742259 0.0597015 0.0676493 0.0533594  0.048201 0.0523882 0.0510631 0.0799822 0.0625091 0.0555668 0.0521098 0.0530972 0.0666684 0.0495055 0.0546637 0.0419736 0.0516032
0.0589906 0.0526453 0.0628065 0.0633208 0.0652012 0.0683241 0.0683791         0 0.0560124 0.0496282 0.0443078 0.0601344 0.0534993  0.042162 0.0624713 0.0461566 0.0387388 0.0496254 0.0311022 0.0432004 0.0472584  0.028713 0.0455511 0.0565648 0.0566276 0.0501901 0.0577199 0.0486885 0.0449256 0.0377318 0.0388801 0.0390294 0.0563225 0.0384442 0.0286314 0.0464284 0.0632754 0.0588919 0.0447886 0.0234611 0.0412546 0.0382617 0.0477786 0.0524441 0.0579439 0.0558569 0.0454596 0.0424023 0.0594417 0.0633621 0.0490113 0.0292522 0.0331237 0.0419646 0.0538724 0.0570898 0.0405407 0.0394281 0.0430459 0.0595566 0.0572644 0.0444725 0.0386649 0.0462933  0.048373 0.0425942  0.044458 0.0574698 0.0424142 0.0561387 0.0424127 0.0461629 0.0552912 0.0386066 0.0543485 0.0445349 0.0593892 0.0429699 0.0604931 0.0541849   0.03786 0.0442143 0.0466862 0.0306552 0.0469778 0.0491942 0.0447188 0.0428804 0.0567089  0.048823 0.0367231 0.0555434 0.0675338 0.0635183 0.0415494  0.043398 0.0643072 0.0365746 0.0692054 0.0329351
0.0584794 0.0506709 0.0636879 0.0575811 0.0630441 0.0557916 0.0652128 0.0560124         0 0.0598675 0.0469772 0.0354996  0.054667  0.041896 0.0554823  0.061047 0.0380508 0.0514992 0.0587126  0.040358 0.0432447 0.0537729 0.0414125 0.0497707 0.0267442 0.0610702 0.0496313 0.0611099 0.0727119 0.0406428 0.0407478 0.0496545 0.0289422 0.0577942 0.0616895  0.047184 0.0479499 0.0528064 0.0506973 0.0444964 0.0431005 0.0485619 0.0532803 0.0645837 0.0513845 0.0412732 0.0508858 0.0662711  0.067292 0.0629757  0.047462 0.0627258 0.0495834 0.0499842 0.0310272 0.0402081 0.0446995 0.0549762  0.041843 0.0796998 0.0435268 0.0386075 0.0518334 0.0409064  0.054026 0.0630873 0.0403606 0.0646519  0.046084 0.0463068 0.0428426 0.0313666 0.0487668  0.050571 0.0615877 0.0376129 0.0455394 0.0463299 0.0533013 0.0597872 0.0539048 0.0631298 0.0414965 0.0494356 0.0446046 0.0645532  0.045328 0.0583721 0.0409471 0.0353693 0.0638315 0.0612687 0.0425929 0.0428474 0.0535671 0.0421918 0.0566316 0.0394641 0.0655549 0.0396794
0.0564402 0.0510881 0.0339312 0.0433776 0.0710115 0.0440323 0.0443628 0.0496282 0.0598675         0 0.0487428 0.0624314 0.0525548 0.0607717 0.0554345 0.0541854 0.0490748 0.0437335 0.0668133 0.0457499 0.0613572 0.0460156    0.0668 0.0711547  0.058546 0.0586841 0.0662687 0.0477204 0.0388685 0.0471424 0.0595009 0.0261399 0.0635234 0.0498023 0.0655629 0.0631858 0.0431321 0.0786274  0.039261 0.0485562 0.0475706 0.0474901 0.0524667 0.0468838 0.0463708 0.0527712 0.0366262 0.0537286 0.0473912 0.0379451 0.0464189 0.0464216 0.0395639  0.031206 0.0613485  0.062812 0.0533087 0.0739062 0.0551805  0.037513 0.0651572 0.0627002 0.0377389 0.0327669 0.0513057 0.0421822 0.0540351 0.0242544 0.0685385 0.0509779 0.0462019 0.0611894 0.0625696 0.0430983 0.0555403 0.0360785 0.0436296  0.055241 0.0443783 0.0701585 0.0456145 0.0646039 0.0563096 0.0456477 0.0540395 0.0488537  0.056807 0.0408878  0.050244  0.050368 0.0534037 0.0454347 0.0594588 0.0429502 0.0467877 0.0582793 0.0383063 0.0561274 0.0341602 0.0384044
0.0381154 0.0535994 0.0506794 0.0555275 0.0560162 0.0503473 0.0663269 0.0443078 0.0469772 0.0487428         0 0.0454899 0.0424643 0.0456277 0.0417683 0.0535004 0.0326651 0.0367859 0.0460567 0.0180978 0.0411711 0.0403305 0.0345255 0.0543674 0.0392151   0.03884 0.0425986 0.0390389 0.0518222 0.0441211 0.0500307 0.0446141 0.0459321  0.035619  0.046578  0.036752 0.0542103 0.0524326 0.0406195 0.0455767 0.0475611 0.0287865 0.0368018 0.0336878 0.0454595 0.0500594  0.030464 0.0488776 0.0542048 0.0536414 0.0443983 0.0409586 0.0278068 0.0408394 0.0344754 0.0351245 0.0339096 0.0599668 0.0325939 0.0600168 0.0452895  0.033754 0.0286227 0.0430215 0.0452369 0.0498652 0.0372716 0.0598046 0.0406432 0.0484375  0.033776 0.0448387 0.0501494 0.0422721 0.0409913 0.0297523 0.0284626 0.0375609 0.0415532 0.0465343 0.0275583 0.0558078 0.0157977 0.0372461 0.0314253 0.0536695 0.0437133 0.0388464 0.0461584 0.0356704 0.0473663 0.0347278 0.0397351 0.0387094 0.0370471 0.0389606 0.0579903 0.0458458 0.0573303  0.024119
0.0553118 0.0432445 0.0631739 0.0450365 0.0534968 0.0614485 0.0555997 0.0601344 0.0354996 0.0624314 0.0454899         0 0.0543405 0.0396994 0.0536524 0.0513997 0.0378508 0.0436018 0.0547003 0.0431966 0.0570337 0.0487013  0.053812 0.0456262 0.0271037 0.0453637  0.043195  0.056647 0.0656952  0.048947 0.0505204 0.0495012 0.0353034 0.0560987 0.0656219 0.0481504 0.0601478 0.0483003 0.0397791 0.0546599 0.0463264 0.0431274 0.0417585 0.0525963 0.0528384 0.0526941 0.0545972 0.0638837 0.0586342 0.0659309 0.0419591 0.0551139 0.0415547 0.0431896 0.0354398 0.0217187 0.0384054 0.0692364 0.0567958 0.0766699 0.0254679 0.0403788 0.0421979 0.0384593 0.0347975 0.0670683 0.0412981  0.061186  0.043677 0.0420522  0.033244 0.0396617 0.0512245 0.0392044 0.0475947 0.0370329 0.0444884  0.031643 0.0550665  0.039198 0.0480406 0.0573451 0.0445029 0.0636858  0.036253 0.0641127 0.0282968 0.0510502 0.0275556 0.0204793 0.0725164 0.0599575 0.0245295 0.0487314 0.0396926   0.04914 0.0698606 0.0405616 0.0594844 0.0382681
0.0397196 0.0484212 0.0549738 0.0476923 0.0413156 0.0402353 0.0475279 0.0534993  0.054667 0.0525548 0.0424643 0.0543405         0 0.0411575 0.0500009  0.034599 0.0412233 0.0317145 0.0540406 0.0481249 0.0577118 0.0392389 0.0526576 0.0473797 0.0600052 0.0602298 0.0569437 0.0628964 0.0479778 0.0444601 0.0585805 0.0421932 0.0476869 0.0399531 0.0570406 0.0385966  0.041723 0.0710565  0.034768 0.0582819  0.046135  0.041073 0.0619573 0.0415645 0.0288678 0.0283748 0.0383523 0.0447984 0.0622322 0.0655676 0.0620317 0.0544847 0.0484312 0.0473209 0.0507402 0.0550408 0.0445989 0.0524474 0.0536044 0.0615244 0.0560173 0.0513167 0.0399169 0.0536098 0.0494679 0.0597805 0.0584612 0.0554657 0.0472354  0.027765 0.0421935 0.0524363  0.052718 0.0514249 0.0495579 0.0313244 0.0404772 0.0578059 0.0603148 0.0477436  0.046687 0.0466613  0.050514 0.0553929 0.0417261 0.0637024 0.0470434 0.0325992 0.0549024 0.0449722 0.0574551 0.0406594 0.0542222 0.0480098 0.0459326 0.0378638 0.0509248 0.0381628 0.0579525 0.0385277
0.0424578 0.0469458 0.0675717 0.0506104 0.0556656 0.0555969  0.057971  0.042162  0.041896 0.0607717 0.0456277 0.0396994 0.0411575         0 0.0568533 0.0381023 0.0260366 0.0327364  0.042686 0.0495124 0.0419791 0.0392596 0.0417962 0.0487941 0.0454536 0.0597378 0.0362633 0.0555248 0.0595955 0.0315763 0.0324919 0.0421042 0.0295791 0.0443785 0.0494434 0.0326013 0.0551806  0.044933  0.039477 0.0467978   0.03424 0.0349589 0.0520892  0.057366 0.0512143 0.0358252 0.0451483 0.0469062 0.0688354 0.0746308 0.0558486 0.0516139 0.0419092 0.0470682 0.0394386 0.0402524 0.0344321 0.0406198 0.0522471 0.0749507 0.0364064 0.0430272 0.0427028 0.0473439 0.0393866 0.0655438 0.0466251 0.0631575  0.038731 0.0332455 0.0386629 0.0408531 0.0441157 0.0452642 0.0479099 0.0364992 0.0532961 0.0383687 0.0627356 0.0367675 0.0497447 0.0457679 0.0464313 0.0493102 0.0378221 0.0700142 0.0268815  0.046388 0.0396699 0.0333799 0.0587254 0.0607808 0.0500673  0.055373 0.0401158 0.0341205 0.0603489 0.0175249 0.0646334 0.0358217
0.0589417   0.06667  0.040464 0.0602447 0.0481715 0.0393289 0.0633607 0.0624713 0.0554823 0.0554345 0.0417683 0.0536524 0.0500009 0.0568533         0 0.0487274 0.0473045 0.0501586 0.0708409 0.0463646  0.047426 0.0560708 0.0492694 0.0643122 0.0480452 0.0611983 0.0431079 0.0428808 0.0554651  0.041067  0.065072 0.0512378  0.063338 0.0678052 0.0579769 0.0393651 0.0401529 0.0603358 0.0447397 0.0587995 0.0565656 0.0578127 0.0531455 0.0461524 0.0309305 0.0528408 0.0530505 0.0484769 0.0450995 0.0517896 0.0628575 0.0581045 0.0469918 0.0447519 0.0408965 0.0426275 0.0337825 0.0714932 0.0431176 0.0675985 0.0623357 0.0528743 0.0453304   0.05948 0.0459031 0.0577402 0.0425219 0.0616684 0.0466757 0.0556993 0.0347458 0.0570519  0.026586 0.0601295  0.038112  0.044568 0.0369303 0.0521449  0.035893 0.0602325 0.0364807 0.0678455 0.0463031 0.0612635 0.0319145 0.0546166 0.0603645 0.0551091 0.0481442  0.050216 0.0566959  0.042499 0.0442877  0.036981 0.0624729 0.0433042  0.054809 0.0532027  0.056028 0.0403649
0.0549198 0.0489137 0.0561119 0.0470102 0.0398427 0.0529468  0.043968 0.0461566  0.061047 0.0541854 0.0535004 0.0513997  0.034599 0.0381023 0.0487274         0 0.0409842 0.0388912 0.0519074 0.0576817 0.0603158 0.0338918 0.0592509  0.050329 0.0614134 0.0586137 0.0531707 0.0581297 0.0397648 0.0370505 0.0563397 0.0376493 0.0573748 0.0523608 0.0515002 0.0399469 0.0497238 0.0655634 0.0276702 0.0532341 0.0426967 0.0489528 0.0581588 0.0455232 0.0357995 0.0451019 0.0537309 0.0355664 0.0526352 0.0659463 0.0615277 0.0458849  0.044837 0.0390849 0.0559695 0.0530981  0.036443 0.0538191 0.0608372 0.0601888   0.05528  0.056029 0.0384483 0.0535003  0.033683 0.0563275 0.0542442 0.0510665 0.0422389 0.0371992 0.0339975 0.0547772 0.0433389 0.0453886 0.0406652 0.0402408 0.0542958 0.0496436 0.0621595 0.0406537 0.0427904 0.0421494 0.0606602 0.0626018 0.0369967   0.05622 0.0398972 0.0366721 0.0477164 0.0441208 0.0574107 0.0520876 0.0584437 0.0596019 0.0448813 0.0402536 0.0618222 0.0308698 0.0577913 0.0393188
0.0328706 0.0539079 0.0609079 0.0446388 0.0611303  0.048127 0.0582209 0.0387388 0.0380508 0.0490748 0.0326651 0.0378508 0.0412233 0.0260366 0.0473045 0.0409842         0 0.0273234  0.048705 0.0389864 0.0313281 0.0415996  0.031395 0.0565833 0.0384982 0.0540151 0.0300684 0.0504537 0.0573289 0.0236223 0.0294805 0.0382065 0.0296681  0.038695 0.0511593 0.0264901 0.0478437 0.0401339 0.0313869 0.0444217 0.0379209 0.0360418 0.0482363 0.0512737 0.0442343  0.042722   0.04105 0.0391738 0.0637076 0.0595878 0.0508687 0.0454479 0.0355627 0.0397207 0.0353715 0.0361402 0.0318177 0.0481793 0.0460588 0.0617012 0.0316131 0.0451378 0.0352482 0.0377602 0.0358557 0.0528191 0.0437953 0.0577483 0.0387228 0.0326024 0.0279574 0.0415941 0.0426859 0.0432925 0.0345859 0.0229026   0.03924 0.0379129 0.0539114 0.0342096  0.041698 0.0576735 0.0374428 0.0386845 0.0227862 0.0610089 0.0250249 0.0429611 0.0283999 0.0211594 0.0536431 0.0528222 0.0451596 0.0443151 0.0317083 0.0228917 0.0555365 0.0223823 0.0492558 0.0293445
0.0279533  0.048904 0.0549338 0.0289912 0.0574723 0.0408151 0.0422034 0.0496254 0.0514992 0.0437335 0.0367859 0.0436018 0.0317145 0.0327364 0.0501586 0.0388912 0.0273234         0 0.0538961 0.0441611 0.0478357 0.0423669 0.0495918 0.0566495 0.0479431  0.055972 0.0416564 0.0528074 0.0480054 0.0381619 0.0435646 0.0364844 0.0381098 0.0339408 0.0596849 0.0390555 0.0480373 0.0546383 0.0241894 0.0566826 0.0453403 0.0303596 0.0529222 0.0451385 0.0408505 0.0377104 0.0343089 0.0387837 0.0607641  0.063483 0.0553255 0.0461456 0.0360656 0.0379986 0.0428869 0.0423039 0.0373662 0.0593603 0.0560997 0.0599421 0.0368789 0.0529345 0.0354673 0.0410936 0.0332165 0.0609238 0.0546813 0.0511197 0.0505451 0.0242499 0.0333798 0.0488203 0.0521543 0.0449442 0.0348543 0.0221651  0.033857 0.0447107 0.0572344 0.0389082 0.0452149 0.0546029 0.0466235 0.0490047 0.0355832 0.0674926 0.0320234  0.038327 0.0372964 0.0298656 0.0634395 0.0507636 0.0423632 0.0395299 0.0319258 0.0407023 0.0469643 0.0347981 0.0399568 0.0336164
 0.063954 0.0457955 0.0729955 0.0676235 0.0563958 0.0798613 0.0726398 0.0311022 0.0587126 0.0668133 0.0460567 0.0547003 0.0540406  0.042686 0.0708409 0.0519074  0.048705 0.0538961         0 0.0436502 0.0606391 0.0284647 0.0517637 0.0399811 0.0564948 0.0399264 0.0636906 0.0577124 0.0522007 0.0553829 0.0490786 0.0528417 0.0551807 0.0367832 0.0315666 0.0516647 0.0770053 0.0603497 0.0507139 0.0373042 0.0499133 0.0321301 0.0465122 0.0507338 0.0654186 0.0593716 0.0509693  0.055804 0.0642661 0.0783016  0.048996  0.034032 0.0368551  0.051307 0.0527168 0.0527144 0.0434382 0.0443061 0.0493134  0.075913 0.0527452 0.0333846  0.043481 0.0545022 0.0505064 0.0597682 0.0480762  0.069806 0.0369881 0.0588236 0.0476669 0.0414612 0.0645608 0.0378273 0.0612889 0.0514761 0.0630377 0.0407727 0.0699744 0.0486548 0.0420926  0.030234 0.0457514 0.0481326 0.0532095 0.0592886 0.0434819 0.0452304 0.0645522 0.0504301 0.0532658 0.0599415 0.0628941  0.070294 0.0421214  0.053655 0.0780361 0.0426831 0.0830677 0.0385344
0.0508787 0.0467963  0.047621 0.0556613 0.0562155 0.0548677 0.0646777 0.0432004  0.040358 0.0457499 0.0180978 0.0431966 0.0481249 0.0495124 0.0463646 0.0576817 0.0389864 0.0441611 0.0436502         0  0.045785 0.0386337 0.0398727 0.0490955  0.033609 0.0328008 0.0509543   0.03911 0.0513478 0.0468355 0.0498294 0.0435196  0.046227 0.0385503  0.046171 0.0451083 0.0542846 0.0557726 0.0428795 0.0366052 0.0470122 0.0291027 0.0313425 0.0363603 0.0471927 0.0502959 0.0311401 0.0555698 0.0493794 0.0495966 0.0324022 0.0390017 0.0257871 0.0386391 0.0330608 0.0366723 0.0366261 0.0608252 0.0267808 0.0612291 0.0467808 0.0267082 0.0311069 0.0369281 0.0472154  0.046329  0.031593 0.0559389 0.0418127 0.0514295 0.0350357 0.0375402 0.0525622 0.0361699 0.0493708  0.032593   0.03087 0.0365415 0.0384608  0.054405 0.0279457 0.0533816 0.0170278  0.034865   0.03859 0.0467313 0.0467985 0.0409605 0.0480362  0.037232 0.0464253 0.0367361  0.038509 0.0373705 0.0405445 0.0451434 0.0569069 0.0479071  0.060026 0.0233299
0.0508417 0.0730327 0.0678358 0.0657043  0.073234 0.0543842  0.077898 0.0472584 0.0432447 0.0613572 0.0411711 0.0570337 0.0577118 0.0419791  0.047426 0.0603158 0.0313281 0.0478357 0.0606391  0.045785         0 0.0593457 0.0198792 0.0693005 0.0429457 0.0699911 0.0331943 0.0522058 0.0706192 0.0286096 0.0317392 0.0556917 0.0443201 0.0562483  0.049513  0.031727 0.0533334 0.0363299 0.0529905 0.0484104 0.0544228 0.0508891 0.0596594 0.0677948 0.0545118 0.0511017 0.0511744 0.0456376 0.0727743 0.0683746  0.065917 0.0577596  0.048205 0.0555071 0.0328776 0.0463905 0.0382338 0.0479062 0.0375616 0.0787845 0.0510885 0.0508882 0.0553061 0.0578421 0.0535782 0.0625056 0.0475186 0.0755042   0.04475 0.0553151 0.0430618 0.0457439 0.0390422 0.0640068 0.0473828 0.0446125 0.0482883 0.0517109 0.0569574  0.058746 0.0505703 0.0718053 0.0408106 0.0365628 0.0385426 0.0705561 0.0529945 0.0651978 0.0491906 0.0468597 0.0551088 0.0640553 0.0567101 0.0460148 0.0590279 0.0324326 0.0556038 0.0406578 0.0654011 0.0430457
0.0548147 0.0300307 0.0500903 0.0535905 0.0441509 0.0603732 0.0522831  0.028713 0.0537729 0.0460156 0.0403305 0.0487013 0.0392389 0.0392596 0.0560708 0.0338918 0.0415996 0.0423669 0.0284647 0.0386337 0.0593457         0 0.0548154 0.0396344 0.0533222 0.0372778 0.0591765 0.0458399 0.0316404 0.0438034 0.0520368 0.0287881 0.0541173  0.036272 0.0369906 0.0476697 0.0569263 0.0672276 0.0348611 0.0321043 0.0316008 0.0292004 0.0385026 0.0327365 0.0469299 0.0462372 0.0378809 0.0481191  0.045533  0.058642 0.0389281 0.0295113 0.0272516 0.0313047 0.0520955  0.049409 0.0363949 0.0494447  0.045686 0.0546404 0.0540675 0.0355442 0.0230684 0.0392051  0.040616 0.0445852 0.0389298 0.0442131 0.0398978  0.046061 0.0367567 0.0445647 0.0538356 0.0224158 0.0526773 0.0366783 0.0515479 0.0353053 0.0523948 0.0472139 0.0293919  0.023875 0.0440881 0.0463048 0.0437605 0.0429746 0.0381436 0.0217511  0.051767 0.0423148 0.0421366 0.0407461 0.0551397 0.0580031 0.0325548 0.0464872 0.0616092   0.03654 0.0644555 0.0234015
0.0498333 0.0703595 0.0715842  0.068972 0.0660224 0.0602928  0.081002 0.0455511 0.0414125    0.0668 0.0345255  0.053812 0.0526576 0.0417962 0.0492694 0.0592509  0.031395 0.0495918 0.0517637 0.0398727 0.0198792 0.0548154         0 0.0599269 0.0424971 0.0623699 0.0383279 0.0567688 0.0708717 0.0358669 0.0365592 0.0590524 0.0418711 0.0501945 0.0437995  0.026157 0.0581758 0.0377371 0.0528925 0.0473487 0.0551357 0.0475972 0.0579305 0.0625281 0.0535325 0.0519122 0.0515456 0.0476801 0.0732411 0.0705328 0.0637506 0.0551548 0.0475607 0.0573989 0.0306388  0.043742 0.0373857 0.0423911  0.033315 0.0798952 0.0485601 0.0418844 0.0526462 0.0592239 0.0548831 0.0611991 0.0464086 0.0793656 0.0338454 0.0547107 0.0415793  0.040709 0.0435091  0.061284 0.0484767 0.0433927 0.0466329  0.050636 0.0600128 0.0519966  0.046512 0.0659156 0.0330511 0.0377621 0.0350039 0.0677067 0.0501672 0.0608315  0.053258 0.0444832 0.0535386 0.0595939 0.0552759  0.050099 0.0552966 0.0273815 0.0644111 0.0390354 0.0724689 0.0408361
0.0717894 0.0381724  0.067655 0.0618896 0.0341343 0.0733408 0.0601399 0.0565648 0.0497707 0.0711547 0.0543674 0.0456262 0.0473797 0.0487941 0.0643122  0.050329 0.0565833 0.0566495 0.0399811 0.0490955 0.0693005 0.0396344 0.0599269         0 0.0501559 0.0493699 0.0701158 0.0695119 0.0568761 0.0595029 0.0602954 0.0560746 0.0545431 0.0535918 0.0501606 0.0561392 0.0674362 0.0697439 0.0478405 0.0515221 0.0542516  0.045375 0.0576324 0.0529746 0.0533604 0.0496368 0.0596849 0.0641387 0.0572799 0.0783309 0.0553052 0.0513048 0.0485785   0.05002 0.0473498 0.0491277 0.0434235 0.0536776  0.053134 0.0855461 0.0551335 0.0339574 0.0515302 0.0576236 0.0500671 0.0696398 0.0509349 0.0688864 0.0360467 0.0537999 0.0449094  0.032334 0.0608217 0.0463492 0.0654449 0.0493899 0.0556183 0.0490719 0.0693904 0.0559111 0.0476955 0.0308422 0.0544816 0.0673904 0.0545956 0.0619972 0.0494796 0.0506527 0.0641968 0.0499321 0.0707823 0.0608957 0.0512323 0.0612367   0.05389   0.05771 0.0720572 0.0465086 0.0815383 0.0427544
0.0592416 0.0518675 0.0584942 0.0529474 0.0611478 0.0594752 0.0642829 0.0566276 0.0267442  0.058546 0.0392151 0.0271037 0.0600052 0.0454536 0.0480452 0.0614134 0.0384982 0.0479431 0.0564948  0.033609 0.0429457 0.0533222 0.0424971 0.0501559         0  0.049716 0.0427093 0.0496387 0.0666276 0.0447114  0.042512 0.0508905 0.0387816 0.0572539 0.0583815 0.0483615 0.0571541 0.0425573 0.0455415 0.0470081 0.0504408 0.0431177 0.0419245 0.0573766 0.0540299 0.0529005 0.0516787 0.0622134 0.0557366 0.0612222 0.0435215 0.0528262 0.0376901 0.0417831 0.0210283 0.0215612 0.0337714  0.065284 0.0409935 0.0799224 0.0352803 0.0348016 0.0469182 0.0400422 0.0412871 0.0639085 0.0330575 0.0646906 0.0426504 0.0528562 0.0331132 0.0293723 0.0469563 0.0463077 0.0502692 0.0378273  0.037721 0.0325947 0.0473595 0.0549874 0.0437074 0.0628588 0.0356843 0.0526699  0.039189 0.0618506 0.0422226 0.0591639 0.0360097 0.0305253 0.0680264 0.0604963 0.0256726 0.0365213 0.0488203 0.0493573 0.0599759 0.0458794 0.0605339 0.0345311
0.0658018 0.0449519   0.05851 0.0611964 0.0552129 0.0755684 0.0679348 0.0501901 0.0610702 0.0586841   0.03884 0.0453637 0.0602298 0.0597378 0.0611983 0.0586137 0.0540151  0.055972 0.0399264 0.0328008 0.0699911 0.0372778 0.0623699 0.0493699  0.049716         0 0.0642412 0.0474253 0.0498078 0.0641113 0.0662278  0.052748 0.0627795  0.046944 0.0531267   0.05994 0.0750786 0.0663612 0.0478938 0.0473846 0.0563239 0.0380067 0.0273171 0.0322245 0.0614589  0.069576 0.0502453 0.0651339 0.0472815 0.0606676 0.0308446 0.0352289 0.0307873 0.0438184 0.0534334 0.0436716 0.0462423 0.0751818 0.0522458 0.0640599 0.0516126 0.0368753 0.0330084 0.0451419 0.0463686 0.0533763 0.0420144 0.0597334   0.04802  0.062361 0.0427253 0.0516151  0.066731 0.0285088 0.0546295  0.048917 0.0513501 0.0358561 0.0535652  0.050681 0.0326533 0.0490528 0.0399915 0.0577955 0.0485983 0.0461382 0.0474828 0.0411918  0.056174  0.044971 0.0583708 0.0465425  0.047117 0.0614465 0.0387925 0.0619179 0.0803135  0.058095 0.0710338 0.0370747
0.0437789 0.0690193 0.0675263 0.0587746 0.0668787 0.0530559 0.0722883 0.0577199 0.0496313 0.0662687 0.0425986  0.043195 0.0569437 0.0362633 0.0431079 0.0531707 0.0300684 0.0416564 0.0636906 0.0509543 0.0331943 0.0591765 0.0383279 0.0701158 0.0427093 0.0642412         0 0.0477169 0.0714072 0.0362401 0.0455398 0.0560435 0.0423189 0.0610592 0.0610796 0.0297357 0.0577595 0.0312483 0.0490254 0.0598716 0.0521012 0.0501833 0.0513061 0.0610905 0.0546072 0.0548485 0.0535125 0.0508224 0.0709363 0.0709183 0.0629683 0.0614382 0.0476695 0.0551166 0.0359181 0.0325957 0.0364885 0.0643276  0.053459 0.0780082 0.0395022 0.0532209 0.0491904 0.0567412 0.0431087 0.0695588 0.0467911 0.0734789 0.0467362 0.0486579 0.0400432 0.0554312 0.0356625 0.0593737 0.0358631 0.0451797 0.0497046 0.0428911 0.0545814 0.0419691 0.0512129 0.0714526 0.0429678 0.0555337 0.0291528 0.0741179 0.0423544  0.060883 0.0339165 0.0377828 0.0633986 0.0620569 0.0445751  0.050658 0.0525932 0.0363916 0.0672251 0.0405215 0.0610524  0.044746
0.0606943 0.0565821 0.0394154 0.0651737 0.0642102  0.056248 0.0693042 0.0486885 0.0611099 0.0477204 0.0390389  0.056647 0.0628964 0.0555248 0.0428808 0.0581297 0.0504537 0.0528074 0.0577124   0.03911 0.0522058 0.0458399 0.0567688 0.0695119 0.0496387 0.0474253 0.0477169         0 0.0481881 0.0488261 0.0615424 0.0430616 0.0661059 0.0602918 0.0503631 0.0541692 0.0596086 0.0619658  0.052465 0.0442039 0.0474033 0.0436762 0.0270407  0.041956 0.0569581 0.0617003 0.0405376 0.0584079 0.0434501 0.0518325 0.0436137 0.0457751 0.0307012 0.0407123 0.0495934 0.0450552 0.0396499 0.0739712 0.0415442 0.0610365 0.0627205 0.0459496 0.0349333 0.0486345 0.0485515 0.0522988 0.0298067 0.0533421 0.0561633 0.0651355 0.0451099 0.0600436 0.0465399 0.0439426 0.0509738 0.0505274 0.0514409 0.0355293 0.0281049 0.0643989 0.0321869 0.0603343 0.0388366 0.0488323 0.0471965 0.0502679 0.0577277 0.0494738 0.0506584 0.0532992 0.0432238 0.0431219 0.0506801 0.0507894  0.053468 0.0575456  0.061297 0.0581267 0.0624768 0.0342919
0.0662428 0.0464933 0.0397201 0.0522075 0.0509943 0.0597582  0.045696 0.0449256 0.0727119 0.0388685 0.0518222 0.0656952 0.0479778 0.0595955 0.0554651 0.0397648 0.0573289 0.0480054 0.0522007 0.0513478 0.0706192 0.0316404 0.0708717 0.0568761 0.0666276 0.0498078 0.0714072 0.0481881         0 0.0540851 0.0670399 0.0350439 0.0743776 0.0493456 0.0491926 0.0616615 0.0590651 0.0807872 0.0364944 0.0495562 0.0527985 0.0449268 0.0521378 0.0347971  0.046946 0.0577317 0.0467804 0.0450872 0.0339232 0.0569136  0.054338 0.0311953 0.0352495 0.0308269 0.0644531  0.062785 0.0449318 0.0682299 0.0573491 0.0502322 0.0698447 0.0572812 0.0358976  0.051449 0.0435385 0.0486041 0.0544403 0.0389241 0.0572329 0.0575267 0.0434445 0.0598874 0.0609191  0.040609 0.0528617 0.0470062 0.0531787 0.0518809 0.0554153 0.0637984 0.0342589 0.0415685  0.060841  0.058363 0.0549859 0.0449076   0.05745 0.0352376 0.0633331 0.0580362 0.0537866  0.045153 0.0633905 0.0578063 0.0485646 0.0624061 0.0563547 0.0556356 0.0575208 0.0378675
0.0486993 0.0575457  0.054851 0.0510641 0.0592801 0.0435708 0.0572726 0.0377318 0.0406428 0.0471424 0.0441211  0.048947 0.0444601 0.0315763  0.041067 0.0370505 0.0236223 0.0381619 0.0553829 0.0468355 0.0286096 0.0438034 0.0358669 0.0595029 0.0447114 0.0641113 0.0362401 0.0488261 0.0540851         0 0.0327177 0.0357441 0.0429556 0.0520896 0.0467337 0.0288523 0.0374006 0.0473076 0.0356101 0.0396238 0.0371654 0.0469954 0.0545251 0.0572091 0.0384294 0.0388831 0.0463401 0.0347643 0.0590046 0.0573819 0.0572502 0.0488624 0.0411869 0.0392573 0.0390583 0.0458281 0.0305645 0.0431563 0.0423846 0.0632405 0.0489301 0.0499425 0.0423823 0.0453501   0.03984 0.0504521 0.0424606 0.0552679 0.0402039 0.0399929 0.0308548 0.0435865 0.0291427  0.050003 0.0402871 0.0330673  0.046208 0.0453408 0.0509495 0.0501242 0.0427724 0.0578958 0.0472048 0.0405113 0.0300071 0.0569834 0.0410844 0.0491942 0.0369859 0.0377556 0.0478288  0.054892 0.0541254 0.0447504 0.0483837 0.0240379 0.0470277 0.0235742 0.0524431 0.0330122
0.0546562 0.0614131 0.0749049 0.0550335 0.0750861  0.065812 0.0682018 0.0388801 0.0407478 0.0595009 0.0500307 0.0505204 0.0585805 0.0324919  0.065072 0.0563397 0.0294805 0.0435646 0.0490786 0.0498294 0.0317392 0.0520368 0.0365592 0.0602954  0.042512 0.0662278 0.0455398 0.0615424 0.0670399 0.0327177         0 0.0503726 0.0355567 0.0464116 0.0503333 0.0434656 0.0622241  0.038048 0.0464046 0.0428863 0.0501206 0.0434954  0.060229 0.0711265 0.0617192 0.0506146 0.0536202 0.0469188 0.0744799 0.0750104 0.0598494 0.0496794 0.0445799 0.0506226  0.039593 0.0486072 0.0411245 0.0406916 0.0503712 0.0796623 0.0394326 0.0509258 0.0550846 0.0482561 0.0464549 0.0644799 0.0528255 0.0702618  0.045874 0.0488124 0.0423419 0.0352404 0.0535588 0.0539631  0.052668 0.0418796 0.0551211 0.0467724 0.0694576 0.0531046 0.0554479 0.0619348 0.0507116 0.0382832 0.0463027 0.0723624 0.0389943 0.0620814 0.0467157 0.0396666 0.0640929 0.0735952 0.0584239 0.0544531 0.0480189 0.0414285  0.058801 0.0306307 0.0645573 0.0427981
0.0496772 0.0345621 0.0369589 0.0428937  0.056752 0.0435941 0.0399677 0.0390294 0.0496545 0.0261399 0.0446141 0.0495012 0.0421932 0.0421042 0.0512378 0.0376493 0.0382065 0.0364844 0.0528417 0.0435196 0.0556917 0.0287881 0.0590524 0.0560746 0.0508905  0.052748 0.0560435 0.0430616 0.0350439 0.0357441 0.0503726         0 0.0526175   0.04542 0.0541234 0.0523643 0.0405508 0.0705322 0.0316169 0.0384348 0.0243343 0.0376726  0.043845 0.0412214 0.0420437 0.0404803  0.033845 0.0497276 0.0442819 0.0458555 0.0407891 0.0417522 0.0320664 0.0215825 0.0537446 0.0517977 0.0409649 0.0594718 0.0500072 0.0450528 0.0560447 0.0495174 0.0255923 0.0266261 0.0411244 0.0432872 0.0412217 0.0238688 0.0547666 0.0411035 0.0375753 0.0511948 0.0512691 0.0299134 0.0520934 0.0285664 0.0460531 0.0399392 0.0425864 0.0567777 0.0381448 0.0462146 0.0499111 0.0458857 0.0447893 0.0465687  0.040974  0.028095 0.0402023 0.0398743 0.0471434  0.042375 0.0529673 0.0468692 0.0357549 0.0476826  0.043164 0.0396039 0.0442671  0.025362
0.0418696 0.0531472  0.073818 0.0494815 0.0672021 0.0564408 0.0631924 0.0563225 0.0289422 0.0635234 0.0459321 0.0353034 0.0476869 0.0295791  0.063338 0.0573748 0.0296681 0.0381098 0.0551807  0.046227 0.0443201 0.0541173 0.0418711 0.0545431 0.0387816 0.0627795 0.0423189 0.0661059 0.0743776 0.0429556 0.0355567 0.0526175         0  0.046183 0.0660388 0.0413304 0.0558609  0.046225 0.0472569 0.0551413 0.0463384 0.0408967 0.0574855 0.0649911 0.0554173 0.0393979 0.0470198 0.0611257 0.0787364 0.0742701 0.0542728 0.0631487 0.0509027 0.0562235 0.0361432 0.0413782 0.0480476 0.0536347  0.054984 0.0797284 0.0286453 0.0468317 0.0516369 0.0445205 0.0510861 0.0706014 0.0539568 0.0692925 0.0493744  0.032129  0.045646 0.0401971 0.0561789 0.0522308 0.0555575 0.0351791 0.0475195 0.0487334 0.0655881 0.0449546 0.0600846 0.0633042 0.0442448 0.0498777 0.0431475 0.0768435 0.0337819 0.0554764 0.0388772 0.0290805 0.0692695 0.0651519 0.0447589 0.0493411 0.0445507 0.0389647 0.0616045 0.0325698 0.0629583 0.0442868
0.0407036 0.0495274 0.0665142 0.0497535 0.0650451 0.0632132 0.0605126 0.0384442 0.0577942 0.0498023  0.035619 0.0560987 0.0399531 0.0443785 0.0678052 0.0523608  0.038695 0.0339408 0.0367832 0.0385503 0.0562483  0.036272 0.0501945 0.0535918 0.0572539  0.046944 0.0610592 0.0602918 0.0493456 0.0520896 0.0464116   0.04542  0.046183         0 0.0511569 0.0493964 0.0652778 0.0638284 0.0397803 0.0492788 0.0517333 0.0242698 0.0536218 0.0457039 0.0560488 0.0507235 0.0346456  0.047861 0.0680937 0.0687848 0.0512859 0.0375345 0.0365749 0.0474149 0.0529735 0.0555477 0.0488978 0.0529042 0.0534097 0.0601209 0.0469182 0.0480916 0.0384363 0.0447485 0.0500688 0.0557928 0.0589629 0.0597423 0.0511881 0.0428628 0.0456169 0.0482155 0.0695119 0.0416267 0.0527644 0.0343155 0.0459858  0.050347 0.0673806 0.0466402 0.0458883 0.0488068 0.0437399 0.0381892  0.049162 0.0642249 0.0404392 0.0364435 0.0576694 0.0420885  0.057088 0.0520297  0.058538 0.0558751 0.0295876 0.0483807 0.0618112 0.0433825 0.0612162 0.0370102
 0.070079 0.0604922 0.0657978 0.0757574 0.0556492 0.0745039 0.0784149 0.0286314 0.0616895 0.0655629  0.046578 0.0656219 0.0570406 0.0494434 0.0579769 0.0515002 0.0511593 0.0596849 0.0315666  0.046171  0.049513 0.0369906 0.0437995 0.0501606 0.0583815 0.0531267 0.0610796 0.0503631 0.0491926 0.0467337 0.0503333 0.0541234 0.0660388 0.0511569         0 0.0461316 0.0698566 0.0595455 0.0539253 0.0333662 0.0539572 0.0454725  0.052789 0.0544155  0.059456 0.0600336 0.0549939 0.0458296 0.0574379 0.0735077 0.0605258 0.0358289 0.0396806 0.0506415 0.0502276 0.0563869 0.0360457 0.0387032 0.0360057 0.0767965 0.0659587 0.0383866 0.0487365 0.0637456 0.0532806 0.0549163 0.0434525 0.0726031 0.0324511 0.0674238 0.0457412 0.0442345 0.0506497 0.0516716 0.0581585 0.0556987 0.0622599 0.0472875 0.0630681 0.0609182 0.0350551  0.040845  0.047002 0.0447341 0.0507899 0.0535555 0.0576171 0.0540668   0.06912 0.0598964 0.0427072   0.05803 0.0682222 0.0660748 0.0576043 0.0492438  0.070808 0.0462577 0.0837878 0.0386543
0.0427231 0.0643798 0.0652675 0.0585905 0.0518445 0.0500094 0.0682574 0.0464284  0.047184 0.0631858  0.036752 0.0481504 0.0385966 0.0326013 0.0393651 0.0399469 0.0264901 0.0390555 0.0516647 0.0451083  0.031727 0.0476697  0.026157 0.0561392 0.0483615   0.05994 0.0297357 0.0541692 0.0616615 0.0288523 0.0434656 0.0523643 0.0413304 0.0493964 0.0461316         0 0.0495336 0.0405289 0.0411689 0.0515692 0.0494915 0.0461251 0.0560247 0.0530363 0.0393438  0.043821 0.0489144 0.0360239 0.0672179 0.0683304 0.0634773 0.0531149 0.0459266  0.052513 0.0346438 0.0409621 0.0310808 0.0446968 0.0433824 0.0718113 0.0449151    0.0459 0.0448563 0.0582483 0.0437209 0.0594623 0.0479477 0.0713355  0.029676 0.0402979 0.0335457 0.0466391 0.0317242 0.0565174 0.0343987 0.0385581 0.0446372 0.0491325 0.0578917 0.0371381 0.0429446 0.0586382 0.0399068 0.0474734 0.0215839 0.0644939 0.0423976 0.0505318 0.0453658 0.0390213 0.0517752 0.0519466 0.0513244 0.0498661 0.0502436 0.0149749 0.0628194 0.0280599 0.0645369 0.0386202
 0.055832  0.060017 0.0415308 0.0531201 0.0590893 0.0206342 0.0502394 0.0632754 0.0479499 0.0431321 0.0542103 0.0601478  0.041723 0.0551806 0.0401529 0.0497238 0.0478437 0.0480373 0.0770053 0.0542846 0.0533334 0.0569263 0.0581758 0.0674362 0.0571541 0.0750786 0.0577595 0.0596086 0.0590651 0.0374006 0.0622241 0.0405508 0.0558609 0.0652778 0.0698566 0.0495336         0 0.0758406 0.0460075 0.0581046 0.0469432 0.0605179 0.0661661 0.0577954 0.0259722 0.0334143 0.0469007 0.0558484 0.0592888 0.0490231 0.0634985  0.068149 0.0574267 0.0476105 0.0530023 0.0609103 0.0516339  0.066125 0.0518063 0.0601479 0.0679388 0.0626269 0.0507443 0.0514458 0.0582777 0.0564563 0.0551832 0.0478668   0.06178 0.0424574 0.0475132 0.0597155 0.0430676 0.0612316 0.0572633 0.0386157 0.0429013 0.0649123 0.0453522 0.0703976 0.0547068 0.0697096 0.0581053  0.057117 0.0473699 0.0604192 0.0620863 0.0517781  0.049596 0.0525353 0.0573697 0.0469359 0.0573937 0.0372484 0.0635533 0.0434144  0.033513 0.0491897 0.0477843 0.0457652
0.0623863 0.0776219  0.084375  0.066476 0.0766825 0.0754031  0.083665 0.0588919 0.0528064 0.0786274 0.0524326 0.0483003 0.0710565  0.044933 0.0603358 0.0655634 0.0401339 0.0546383 0.0603497 0.0557726 0.0363299 0.0672276 0.0377371 0.0697439 0.0425573 0.0663612 0.0312483 0.0619658 0.0807872 0.0473076  0.038048 0.0705322  0.046225 0.0638284 0.0595455 0.0405289 0.0758406         0 0.0572326 0.0610496 0.0679857  0.055952 0.0601974 0.0750278 0.0691387 0.0684282 0.0679007 0.0548678 0.0800259 0.0845785 0.0689258 0.0605724 0.0530732 0.0645476 0.0356258 0.0382516 0.0419973  0.062424 0.0578139 0.0933109 0.0358866 0.0553969 0.0637388 0.0655748 0.0474738 0.0777223 0.0558779 0.0884908 0.0444821 0.0612607 0.0453717 0.0482174 0.0497455 0.0663128 0.0445092 0.0567888 0.0595088 0.0490386 0.0725717 0.0475736 0.0592695 0.0761317 0.0508847 0.0580342 0.0417618 0.0812968 0.0475812 0.0754605 0.0487899 0.0448416 0.0752325 0.0797771 0.0528295 0.0609505 0.0601968 0.0473475 0.0796772 0.0459177 0.0752064 0.0547908
0.0467247 0.0438953 0.0482882 0.0258822 0.0472596 0.0468098 0.0337735 0.0447886 0.0506973  0.039261 0.0406195 0.0397791  0.034768  0.039477 0.0447397 0.0276702 0.0313869 0.0241894 0.0507139 0.0428795 0.0529905 0.0348611 0.0528925 0.0478405 0.0455415 0.0478938 0.0490254  0.052465 0.0364944 0.0356101 0.0464046 0.0316169 0.0472569 0.0397803 0.0539253 0.0411689 0.0460075 0.0572326         0 0.0493941 0.0451979 0.0372027 0.0500199 0.0395934 0.0324829 0.0437851  0.043943 0.0331533 0.0452541 0.0550882 0.0498803 0.0350223 0.0311004 0.0245208 0.0438245 0.0414168 0.0303585 0.0591129 0.0539926 0.0544804 0.0401585  0.050379 0.0313911 0.0372107 0.0206341 0.0509422 0.0495895 0.0430862 0.0425674 0.0303267 0.0190745 0.0429357 0.0474495 0.0368727 0.0299425 0.0222962 0.0337931 0.0416182 0.0545804 0.0389959  0.035505 0.0481926 0.0504377 0.0526582 0.0304693 0.0525293 0.0313542 0.0348113 0.0360681 0.0280625 0.0612046 0.0486885 0.0419956 0.0407705 0.0317379 0.0408248 0.0502639 0.0326585 0.0384716 0.0290974
0.0674112 0.0460261 0.0553015 0.0655974 0.0622836 0.0666673 0.0681067 0.0234611 0.0444964 0.0485562 0.0455767 0.0546599 0.0582819 0.0467978 0.0587995 0.0532341 0.0444217 0.0566826 0.0373042 0.0366052 0.0484104 0.0321043 0.0473487 0.0515221 0.0470081 0.0473846 0.0598716 0.0442039 0.0495562 0.0396238 0.0428863 0.0384348 0.0551413 0.0492788 0.0333662 0.0515692 0.0581046 0.0610496 0.0493941         0 0.0376911  0.041469 0.0403734 0.0533556 0.0562818 0.0533066 0.0453124 0.0551666 0.0523221 0.0562528 0.0374267  0.037101  0.033589 0.0399125   0.04794 0.0530019 0.0406099 0.0459386 0.0327169 0.0638879 0.0590926 0.0349454 0.0402671  0.040846 0.0516111 0.0412775 0.0313632 0.0539935 0.0428211 0.0594231 0.0427349 0.0389107 0.0510979 0.0352016 0.0613278 0.0458735 0.0573377 0.0396718 0.0497745 0.0632152 0.0368206 0.0454854 0.0423503 0.0330097 0.0495399 0.0413839 0.0501162 0.0469187 0.0548695 0.0490879 0.0356091  0.053046 0.0612711 0.0577448 0.0490537 0.0476841 0.0610321 0.0414999 0.0713072 0.0305834
