Pi: 0.287423 0.270201 0.145968 0.296407
S:   0.235858    0.15639  0.0865938  0.0204245     0.4925 0.00823386
