Pi: 0.287529 0.270678 0.145221 0.296571
S:    0.23705   0.157686  0.0870234   0.018481   0.490882 0.00887737
