Pi: 0.287602 0.270175 0.145242 0.296981
S:   0.239692   0.153186   0.084454   0.019335   0.494567 0.00876551
