Pi: 0.288097 0.270367 0.145961 0.295575
S:  0.238581  0.155142 0.0866171 0.0203483   0.49132 0.0079917
