Pi: 0.287034 0.270805 0.145666 0.296495
S:   0.235304   0.155891  0.0852582  0.0201062   0.495221 0.00821973
