Pi: 0.288313  0.27061 0.147298  0.29378
S:   0.244064    0.15742  0.0846623  0.0197513   0.486425 0.00767781
