        0 0.0952594 0.0582907 0.0426184 0.0781889 0.0425221 0.0723827 0.0744275 0.0763618 0.0616096 0.0510277 0.0522828  0.067391  0.048239 0.0758667 0.0644644  0.087574 0.0456999 0.0699415 0.0770252 0.0604965 0.0510196 0.0641164 0.0561537 0.0633227 0.0577885 0.0703459 0.0385546 0.0623035  0.080108 0.0687718 0.0630352 0.0602288 0.0807502 0.0608178 0.0563112 0.0603667 0.0733168 0.0687433 0.0578865 0.0499103 0.0747103  0.035492 0.0656746 0.0757906 0.0491032 0.0649954 0.0668687 0.0529346 0.0715983  0.066203 0.0607798 0.0645889 0.0757948 0.0659691 0.0671583 0.0636123 0.0769904 0.0617343 0.0815837 0.0650719 0.0651037  0.056904 0.0815724 0.0654593 0.0516499 0.0520274 0.0512659 0.0411478 0.0931463 0.0551571 0.0791836  0.054899 0.0582897 0.0576634 0.0797376 0.0702924 0.0805148 0.0893374 0.0705059 0.0764092  0.080876 0.0655209  0.062194 0.0502097 0.0720966 0.0738592 0.0750716 0.0719301  0.062945 0.0673482 0.0784531 0.0730159 0.0632115 0.0631391 0.0783952 0.0738046 0.0487086 0.0506618 0.0521677
0.0952594         0 0.0565545 0.0709644   0.03255 0.0986223 0.0574614 0.0430204 0.0516356 0.0605809 0.0795355 0.0760037 0.0565736 0.0896328 0.0590344 0.0721542  0.054882 0.0775756 0.0596204 0.0476094 0.0606089 0.0736766 0.0694873 0.0755113 0.0723139 0.0868305 0.0481518 0.0796707 0.0680497 0.0420099 0.0481518 0.0572757  0.060392 0.0677853 0.0742608 0.0769847 0.0563382 0.0902224 0.0637858  0.061696 0.0835172 0.0560656 0.0839249 0.0876106 0.0447689 0.0677859 0.0512202  0.047103 0.0603529 0.0659679 0.0438187  0.079273 0.0614581 0.0569287  0.061707 0.0606959 0.0697582 0.0628721 0.0854598  0.053655 0.0461821 0.0602103 0.0682405 0.0638203 0.0571309 0.0861048  0.063493  0.069828  0.087847 0.0557158 0.0694441 0.0651265 0.0705711  0.067601 0.0894737 0.0603177 0.0657452 0.0623352 0.0413448 0.0745184  0.057424 0.0670223 0.0440846 0.0757173 0.0803319 0.0511919 0.0583062 0.0437152 0.0553922 0.0627482 0.0488312 0.0659994 0.0812543 0.0476569  0.067122  0.056083 0.0617653 0.0866204 0.0725614 0.0562668
0.0582907 0.0565545         0  0.055219 0.0464929 0.0649172 0.0409847 0.0373274 0.0562344 0.0299082 0.0386311 0.0580566  0.039804 0.0624439 0.0453838 0.0497591 0.0641776 0.0496799 0.0472766 0.0538482 0.0318853 0.0517729 0.0592285 0.0576475 0.0589971 0.0695852 0.0345955  0.060809 0.0370627 0.0397275 0.0372905 0.0355967 0.0456648 0.0600688 0.0495598 0.0564095 0.0336975 0.0697467 0.0486944 0.0417864 0.0564753  0.041964 0.0506954  0.059546 0.0484832 0.0503161 0.0420073 0.0335221 0.0341358 0.0604383 0.0336211 0.0640227 0.0454318 0.0451288 0.0478148 0.0548411 0.0599855 0.0546407  0.057582 0.0510049 0.0367689 0.0264088 0.0588468  0.063479 0.0383296 0.0534805 0.0416186 0.0528861 0.0643565 0.0675423 0.0464036 0.0594539 0.0515003 0.0389388 0.0666256 0.0556451 0.0292445 0.0624857 0.0521829 0.0560098 0.0591232   0.04792 0.0271914  0.049946 0.0588376 0.0403143 0.0409023 0.0430937 0.0492491 0.0479405 0.0398082 0.0583311 0.0619222 0.0353461 0.0609155  0.048506 0.0566647 0.0624885 0.0524464 0.0355129
0.0426184 0.0709644  0.055219         0  0.059581 0.0521236 0.0693176 0.0636488 0.0612742 0.0609886 0.0538939 0.0538737 0.0497432 0.0669185 0.0728898 0.0694071 0.0699812 0.0548827 0.0613634 0.0550608 0.0465301 0.0366362 0.0537913 0.0421347 0.0602342 0.0475409 0.0630074 0.0384085 0.0626837 0.0701562 0.0585285  0.060559 0.0409818 0.0792092 0.0656391 0.0563926  0.048773 0.0751314 0.0612907 0.0419329 0.0420205 0.0748388 0.0416488 0.0646265 0.0562009 0.0391145 0.0525378 0.0562735 0.0353623 0.0584291 0.0563444  0.053686   0.06578 0.0666452 0.0496508 0.0499028 0.0637095 0.0740142 0.0636307 0.0691204 0.0598932 0.0647563 0.0448842  0.072374 0.0541925  0.055542 0.0406725 0.0529386 0.0489597 0.0723834 0.0598741 0.0759524 0.0565432 0.0592195 0.0719234 0.0682329 0.0663913  0.068007 0.0755073 0.0706897 0.0643065  0.073281  0.053155 0.0641302 0.0495033 0.0565252 0.0624037  0.061818 0.0490367 0.0523432 0.0402692 0.0713525 0.0651385 0.0468891 0.0546434 0.0708382 0.0713839 0.0560393 0.0453782 0.0459494
0.0781889   0.03255 0.0464929  0.059581         0 0.0838714 0.0397384 0.0265675 0.0343453 0.0401053  0.060194 0.0724559 0.0486268 0.0755225 0.0420267 0.0453812 0.0415532 0.0640796 0.0482709 0.0444934 0.0482594 0.0567442 0.0655617 0.0598303 0.0486767 0.0746998 0.0357115 0.0730002 0.0550299 0.0378188 0.0357182  0.040922 0.0547763 0.0529736 0.0628963 0.0532291  0.041063 0.0713447 0.0650463 0.0475058 0.0702367 0.0527474 0.0647056 0.0789746  0.033625 0.0657705  0.047714 0.0305619 0.0500117  0.057203 0.0306487 0.0715862 0.0444985 0.0513617 0.0606807 0.0519536 0.0607645 0.0594992 0.0759494 0.0440161 0.0347848 0.0439481 0.0696175 0.0628718 0.0473525 0.0710228 0.0512471 0.0526735 0.0756776 0.0477541 0.0579166 0.0591147 0.0622527 0.0574177 0.0765983 0.0568768 0.0532413 0.0491789 0.0525072 0.0594233 0.0569807 0.0542852  0.030197 0.0602528 0.0732391 0.0299322 0.0589586 0.0470888 0.0544554 0.0520831 0.0462157 0.0606944 0.0661081   0.03487 0.0466714 0.0591981 0.0493392 0.0730245 0.0560219 0.0417073
0.0425221 0.0986223 0.0649172 0.0521236 0.0838714         0 0.0728983 0.0779479 0.0779806 0.0669189 0.0484992 0.0583865 0.0656426 0.0677769 0.0757371 0.0703909 0.0832443 0.0604916 0.0637796 0.0789644 0.0576539 0.0407829 0.0599755 0.0516519 0.0627818  0.047662    0.0706 0.0566979 0.0576272 0.0806221 0.0713818 0.0629809 0.0552475 0.0748494 0.0676193 0.0751232 0.0669734 0.0682618 0.0721771 0.0516262 0.0584805 0.0761404 0.0628169 0.0742711 0.0757257 0.0682215 0.0780691  0.068999 0.0531944 0.0716537  0.068179 0.0697358 0.0636102 0.0704593 0.0555042 0.0642897 0.0726005 0.0768788 0.0708015 0.0772604 0.0686548 0.0696605 0.0624742 0.0804545 0.0793207 0.0336299 0.0430201  0.063299 0.0482436 0.0944247 0.0547338  0.072707 0.0679506 0.0541946 0.0722871 0.0720217 0.0747775 0.0821168   0.08708 0.0631002 0.0846986 0.0760233 0.0699198 0.0556131 0.0610973 0.0796342 0.0652416 0.0721895 0.0664525 0.0705426 0.0621901 0.0797487  0.062646 0.0711054  0.068323 0.0762927 0.0702992 0.0519747 0.0705378 0.0586435
0.0723827 0.0574614 0.0409847 0.0693176 0.0397384 0.0728983         0 0.0259293 0.0541857 0.0327728 0.0493752 0.0645798 0.0574447 0.0618611  0.029524 0.0375936 0.0511869 0.0555512 0.0428433  0.066332 0.0484469 0.0597913 0.0578569 0.0715968 0.0501393 0.0691949 0.0245478 0.0689221 0.0321747 0.0332649 0.0314583 0.0350921 0.0631401 0.0371744 0.0513182 0.0539447 0.0439081 0.0712127 0.0546519 0.0488695  0.066852 0.0412435 0.0645427 0.0660531 0.0481589 0.0712489 0.0547452 0.0363733 0.0581698 0.0720911 0.0343878 0.0612973 0.0247164 0.0462321 0.0618004 0.0638448 0.0526453  0.062332 0.0618235 0.0299634 0.0387663 0.0331328 0.0691366 0.0609564 0.0642515 0.0581318 0.0483178 0.0467301 0.0641146 0.0660647 0.0535188 0.0404916 0.0503598 0.0464723 0.0587255 0.0537886  0.042912 0.0642163 0.0493685 0.0510448    0.0587 0.0430521 0.0386078 0.0365941 0.0656288 0.0496542 0.0509244 0.0491492 0.0645866 0.0481646 0.0542297 0.0506664 0.0624919 0.0527674 0.0502328 0.0485341 0.0390808 0.0667045 0.0574109 0.0404552
0.0744275 0.0430204 0.0373274 0.0636488 0.0265675 0.0779479 0.0259293         0  0.043588 0.0302467 0.0524192  0.064241 0.0426477 0.0662293  0.037053 0.0367415 0.0430917 0.0549924 0.0441709 0.0518846 0.0465797  0.059785 0.0610865 0.0620404 0.0502143 0.0724829 0.0268264 0.0704746 0.0420971 0.0294816 0.0230065 0.0318416 0.0511324 0.0450043 0.0514292 0.0503371 0.0378445 0.0710979   0.05409 0.0440629 0.0638939 0.0429896 0.0628766 0.0710186 0.0386039 0.0631387 0.0482988 0.0347801 0.0515664 0.0595144 0.0219048 0.0685622 0.0374758 0.0454926  0.054399 0.0489051 0.0508762 0.0565243 0.0717528 0.0303023 0.0311656 0.0299062 0.0672028 0.0541841  0.055386 0.0667154 0.0491917 0.0509175 0.0681616 0.0515641  0.049731 0.0516142 0.0543988 0.0431912 0.0664511  0.046965 0.0457933 0.0449793 0.0490544 0.0505041 0.0501482 0.0408331 0.0250872 0.0503268 0.0675177 0.0322963 0.0521445 0.0384085 0.0597652 0.0520606 0.0448379 0.0539738 0.0616776 0.0407739 0.0523895 0.0488553 0.0450956 0.0631541 0.0571061 0.0374244
0.0763618 0.0516356 0.0562344 0.0612742 0.0343453 0.0779806 0.0541857  0.043588         0 0.0424858 0.0588402    0.0688 0.0476766  0.074747 0.0559071 0.0456772 0.0285387 0.0560035 0.0388858  0.031468  0.051544  0.046862 0.0614672 0.0475171  0.035515 0.0688333 0.0433989 0.0748557 0.0637566 0.0444103 0.0503385 0.0475709 0.0474422 0.0573601 0.0559673 0.0496102 0.0463565 0.0474035 0.0706756 0.0449484 0.0664155 0.0639545 0.0663071 0.0801932 0.0258263 0.0683148 0.0505815 0.0436801 0.0573819 0.0403363 0.0355867 0.0714048 0.0474988 0.0552396  0.053301 0.0385558 0.0550287 0.0454822 0.0828348 0.0549069 0.0424052 0.0585892 0.0712833 0.0604481 0.0572371 0.0607969 0.0430711 0.0477614 0.0708963 0.0347042 0.0539775 0.0573402 0.0622912 0.0563677 0.0715272 0.0530876 0.0656865 0.0393058 0.0687476 0.0409873 0.0556421  0.062214 0.0442379 0.0680842 0.0705598 0.0368746 0.0694297 0.0502687 0.0499653 0.0544163 0.0523385 0.0603471 0.0568395 0.0390844 0.0397639 0.0625178 0.0484082 0.0635957 0.0545282  0.039062
0.0616096 0.0605809 0.0299082 0.0609886 0.0401053 0.0669189 0.0327728 0.0302467 0.0424858         0 0.0322934 0.0600175 0.0389157 0.0555033 0.0343712 0.0275939  0.047987 0.0420849  0.035398 0.0529291  0.033236 0.0496132 0.0581071 0.0569512 0.0475939 0.0657897  0.023318 0.0682415 0.0384707 0.0314325 0.0417956 0.0285972 0.0516796 0.0465503 0.0362293 0.0390069 0.0370085  0.053165 0.0572924  0.037354 0.0526155 0.0424735 0.0536229 0.0605383 0.0423822 0.0596577 0.0418004 0.0316938 0.0458261 0.0555491 0.0248706 0.0647066 0.0333091 0.0428547 0.0545525  0.052715 0.0505979 0.0521406 0.0631125 0.0437231 0.0311692 0.0299179 0.0671307 0.0557311 0.0489607 0.0516637  0.041115  0.041037 0.0627488 0.0603893 0.0445757 0.0524837 0.0487519 0.0376087  0.057501 0.0500934 0.0341555 0.0500118 0.0598656 0.0423028 0.0527538  0.041912 0.0282573 0.0499383 0.0597197 0.0317896 0.0518966 0.0471706 0.0563421 0.0437243 0.0466779 0.0478668 0.0564786 0.0371407 0.0481256 0.0524119 0.0471883  0.057354 0.0465519 0.0282298
0.0510277 0.0795355 0.0386311 0.0538939  0.060194 0.0484992 0.0493752 0.0524192 0.0588402 0.0322934         0 0.0611603 0.0415746 0.0636358 0.0513102 0.0432586 0.0653327 0.0434759 0.0473817  0.062958 0.0279658 0.0379028 0.0576337  0.052774 0.0569954   0.05296 0.0455536 0.0650001  0.045296 0.0529714 0.0539951 0.0420721 0.0536798 0.0584494 0.0476069  0.050164  0.041243 0.0487677  0.068348 0.0285894 0.0412724 0.0616104 0.0534593 0.0618516 0.0594429 0.0634606 0.0579793 0.0443641  0.041846 0.0591413 0.0464036 0.0626612 0.0480177 0.0435099  0.056696 0.0571711 0.0624269 0.0681881 0.0666603 0.0606007 0.0521237 0.0416963 0.0687678 0.0710647 0.0570395 0.0395665 0.0372376 0.0496548 0.0542377 0.0762735 0.0458961 0.0667387 0.0582567 0.0357668 0.0630102 0.0652551 0.0444679 0.0678846 0.0763643 0.0537065 0.0690844 0.0491782 0.0468333   0.05348 0.0579179 0.0476403 0.0501752 0.0571013 0.0602184 0.0532273 0.0459308 0.0625956 0.0608387 0.0448593 0.0550119 0.0686312 0.0577099 0.0533168 0.0517151 0.0420178
0.0522828 0.0760037 0.0580566 0.0538737 0.0724559 0.0583865 0.0645798  0.064241    0.0688 0.0600175 0.0611603         0 0.0564523 0.0418164 0.0672028 0.0691058 0.0699922 0.0381354 0.0494396 0.0698567 0.0577913 0.0610949 0.0286358 0.0643166 0.0700512 0.0455396  0.054643 0.0369529 0.0528615 0.0582705 0.0608163 0.0531391 0.0550649 0.0620678 0.0377645 0.0625637  0.065243 0.0752478 0.0439751 0.0533584 0.0531414 0.0575148  0.061933   0.05346 0.0658878 0.0413927 0.0493218 0.0608505 0.0586924 0.0705218 0.0509552 0.0457292  0.053334 0.0583072 0.0512615 0.0573938 0.0317169 0.0649841  0.061969 0.0614638 0.0523682 0.0648665 0.0254794 0.0440271 0.0780074 0.0558942 0.0473484 0.0396706 0.0349591 0.0848714 0.0475059 0.0559044 0.0304318 0.0468171 0.0398404 0.0524035 0.0716432 0.0701585 0.0634994 0.0598716 0.0412471 0.0662131 0.0590932 0.0573522 0.0237691 0.0728462  0.055435 0.0478344  0.064266 0.0495679 0.0562022 0.0487785 0.0695165 0.0657546   0.05628 0.0540465 0.0548724 0.0378127 0.0505726 0.0403274
 0.067391 0.0565736  0.039804 0.0497432 0.0486268 0.0656426 0.0574447 0.0426477 0.0476766 0.0389157 0.0415746 0.0564523         0 0.0714322 0.0556973 0.0539741 0.0514974 0.0518435 0.0437399 0.0440051 0.0300304 0.0475356 0.0543264 0.0432575 0.0628009 0.0577642 0.0436697 0.0685914 0.0523811  0.044389 0.0478087 0.0388206 0.0351447 0.0609677 0.0482713 0.0557857  0.044208 0.0614701 0.0597393  0.027559  0.047578 0.0580437 0.0623603 0.0667236 0.0464043 0.0518652 0.0465478  0.041931 0.0342978  0.047501 0.0322399 0.0703379 0.0571919 0.0421114 0.0419716 0.0359805 0.0572403 0.0608054 0.0771828 0.0526196 0.0423955 0.0445681 0.0584685 0.0512752 0.0536401 0.0595742 0.0418241 0.0560073 0.0650212 0.0599618 0.0465401 0.0695168  0.059901 0.0376347 0.0741296 0.0467145 0.0518837 0.0434801 0.0635476 0.0546168  0.050378  0.043527 0.0320712 0.0644653 0.0583613 0.0327483 0.0454747 0.0369444 0.0493773  0.054263 0.0264276 0.0576811 0.0585853 0.0361657 0.0583813 0.0607003 0.0601764 0.0530107 0.0556342 0.0383629
 0.048239 0.0896328 0.0624439 0.0669185 0.0755225 0.0677769 0.0618611 0.0662293  0.074747 0.0555033 0.0636358 0.0418164 0.0714322         0 0.0612831  0.059885 0.0758644 0.0441185 0.0588875 0.0842876 0.0671136 0.0717487 0.0570173 0.0751116 0.0668914 0.0650145  0.057007 0.0511745  0.052816 0.0665686  0.069701 0.0556398 0.0717521 0.0641798  0.037431 0.0483235 0.0733745 0.0792263 0.0554968 0.0691826 0.0601411 0.0566906 0.0530028 0.0505701 0.0724003 0.0525702 0.0531003  0.064788  0.069005 0.0833111 0.0578125 0.0581509 0.0537343 0.0750215 0.0710102 0.0761287 0.0419492  0.070283 0.0531516 0.0655927 0.0553357 0.0626546 0.0535899 0.0560217 0.0800785 0.0626898 0.0629673 0.0376225 0.0509599 0.0920682 0.0619611 0.0624549 0.0317643 0.0619705 0.0330944 0.0621843 0.0657679 0.0729301 0.0746763 0.0602043  0.052369 0.0701305 0.0615769 0.0567652 0.0400339 0.0743521 0.0734468 0.0718354 0.0782868 0.0505587 0.0754847 0.0511762 0.0688019 0.0751091 0.0607588 0.0643963 0.0658514 0.0530336 0.0457534 0.0458657
0.0758667 0.0590344 0.0453838 0.0728898 0.0420267 0.0757371  0.029524  0.037053 0.0559071 0.0343712 0.0513102 0.0672028 0.0556973 0.0612831         0 0.0417103 0.0540065 0.0640809 0.0432302 0.0705774   0.04522  0.063414 0.0620101 0.0709032 0.0583702 0.0702191 0.0278753 0.0771901 0.0351214 0.0366919 0.0482873 0.0265564 0.0685517 0.0303208 0.0512161 0.0583207 0.0593786  0.070214 0.0649099 0.0533753   0.07297 0.0342895 0.0716074 0.0686629 0.0546196 0.0729278 0.0540867 0.0260442 0.0537435 0.0753234 0.0356146 0.0730366  0.033827 0.0445694 0.0677877 0.0708398 0.0601949 0.0644645 0.0660999 0.0408771 0.0323109 0.0321108  0.070077 0.0560017  0.064242 0.0615499 0.0559723 0.0491665 0.0748987 0.0763301 0.0565776 0.0528939 0.0567705 0.0526719 0.0671652 0.0530296 0.0413735 0.0634084  0.047869 0.0546832 0.0601226  0.037183 0.0351329 0.0453244 0.0670359 0.0497567 0.0458608 0.0537142 0.0649371  0.049775 0.0571168 0.0484616 0.0616326 0.0566136 0.0538504 0.0596168 0.0454191 0.0719085 0.0595811 0.0444361
0.0644644 0.0721542 0.0497591 0.0694071 0.0453812 0.0703909 0.0375936 0.0367415 0.0456772 0.0275939 0.0432586 0.0691058 0.0539741  0.059885 0.0417103         0 0.0528556 0.0479114 0.0488218 0.0639087 0.0537789 0.0570747  0.068706 0.0597445 0.0417938 0.0708083 0.0409409 0.0755841 0.0504262 0.0479579 0.0445161 0.0346772 0.0634828 0.0432297 0.0489876 0.0409095  0.046886 0.0523701 0.0739527 0.0472152 0.0643779  0.055843 0.0601517 0.0784263 0.0546124 0.0745569 0.0625183 0.0438167 0.0605917 0.0604046 0.0369287 0.0753131 0.0353537 0.0531967 0.0693927 0.0559218 0.0531886 0.0629232 0.0795303 0.0525843 0.0402391 0.0388175 0.0797759 0.0664436 0.0637192 0.0609396 0.0524958  0.045141 0.0638918 0.0662758 0.0435231 0.0603897 0.0606435 0.0439253 0.0595405 0.0624472 0.0572672 0.0506632 0.0754011  0.046609 0.0656512 0.0510604 0.0439376 0.0541416 0.0715312 0.0414626  0.068426 0.0571985 0.0748999 0.0612219 0.0636596 0.0641984 0.0649392 0.0492385 0.0462143 0.0691346 0.0436627 0.0547779 0.0572875 0.0420667
 0.087574  0.054882 0.0641776 0.0699812 0.0415532 0.0832443 0.0511869 0.0430917 0.0285387  0.047987 0.0653327 0.0699922 0.0514974 0.0758644 0.0540065 0.0528556         0 0.0644117 0.0331342 0.0496265 0.0554709 0.0568299 0.0571096 0.0589496 0.0445731 0.0660996 0.0409613   0.08175 0.0588185  0.043404 0.0532272 0.0499527 0.0549993 0.0511639 0.0544411 0.0534351 0.0581959 0.0605291 0.0657223 0.0507534 0.0695693 0.0651777 0.0749493 0.0736097  0.028088 0.0759275  0.054332 0.0495106 0.0659271 0.0600669 0.0382966 0.0699778 0.0486409 0.0597452 0.0557777 0.0480788 0.0528251 0.0572781 0.0803193 0.0392539 0.0492041 0.0629423 0.0722964 0.0492955 0.0753069 0.0646071  0.049783 0.0504825 0.0752823 0.0392721 0.0658925 0.0509129 0.0604177  0.062719 0.0718436 0.0400491 0.0665006 0.0403432 0.0641273 0.0401606  0.048354 0.0532562 0.0477321 0.0628481 0.0697533 0.0458628 0.0695911 0.0536595 0.0556963 0.0506509 0.0545732 0.0486747 0.0490974 0.0569928 0.0432843 0.0587139 0.0505671 0.0678709 0.0581805 0.0427387
0.0456999 0.0775756 0.0496799 0.0548827 0.0640796 0.0604916 0.0555512 0.0549924 0.0560035 0.0420849 0.0434759 0.0381354 0.0518435 0.0441185 0.0640809 0.0479114 0.0644117         0 0.0483099 0.0591388 0.0518088 0.0524736 0.0463186 0.0611995 0.0573568 0.0551589 0.0487629  0.045824 0.0568851 0.0515897 0.0550943 0.0513145 0.0545601 0.0627323 0.0311964 0.0415734 0.0455567 0.0536701 0.0571537 0.0428762 0.0389676 0.0613927 0.0507218  0.059126 0.0591138 0.0483421 0.0479241 0.0578204 0.0599768 0.0547057  0.046123 0.0472505 0.0461343  0.052579 0.0560493 0.0514464 0.0330702 0.0583278 0.0674398 0.0633466 0.0511965 0.0568756  0.054714 0.0599628 0.0653426 0.0522593 0.0417577 0.0334343 0.0324362  0.071913 0.0398697 0.0575468 0.0364836 0.0366302 0.0323218 0.0630619 0.0637421 0.0642092 0.0764418 0.0513412 0.0493266 0.0659785 0.0559981 0.0620663 0.0413518 0.0581974 0.0643045 0.0515317 0.0667702  0.050428  0.056904 0.0548954 0.0716719 0.0499216 0.0490702 0.0593385 0.0516117 0.0366398 0.0421838 0.0352214
0.0699415 0.0596204 0.0472766 0.0613634 0.0482709 0.0637796 0.0428433 0.0441709 0.0388858  0.035398 0.0473817 0.0494396 0.0437399 0.0588875 0.0432302 0.0488218 0.0331342 0.0483099         0  0.053442 0.0380769 0.0459202 0.0360462 0.0543987 0.0465165 0.0498636 0.0260761  0.066459 0.0378006 0.0332473 0.0492339 0.0355395 0.0493346 0.0405826 0.0338474 0.0517843  0.051771 0.0532314 0.0495284  0.039274 0.0589902   0.04882 0.0643086 0.0547548 0.0356231 0.0633277 0.0426338  0.037217 0.0518526 0.0610009 0.0291057 0.0550823 0.0317801  0.045762 0.0457803 0.0488693 0.0419946 0.0509461 0.0609014 0.0367969 0.0375174 0.0518415 0.0546086 0.0390767 0.0674399 0.0422744 0.0321838  0.034748 0.0593397 0.0592391 0.0497957  0.036098 0.0422992 0.0460331 0.0550163 0.0320255 0.0517107 0.0519295 0.0528774 0.0335767 0.0428618 0.0441345 0.0403667 0.0447406 0.0498428 0.0492429 0.0505915 0.0427997 0.0468988 0.0343477 0.0456972 0.0323699 0.0442344 0.0518447 0.0372589 0.0444004 0.0380152 0.0537096 0.0476216 0.0241419
0.0770252 0.0476094 0.0538482 0.0550608 0.0444934 0.0789644  0.066332 0.0518846  0.031468 0.0529291  0.062958 0.0698567 0.0440051 0.0842876 0.0705774 0.0639087 0.0496265 0.0591388  0.053442         0 0.0515815 0.0478626 0.0664893 0.0501441 0.0542099 0.0759484 0.0536613 0.0703595 0.0732417  0.050627 0.0552424 0.0602151 0.0353822 0.0768782 0.0656858 0.0634686 0.0417048 0.0597164 0.0686673 0.0451716 0.0623041 0.0682409 0.0694972 0.0844897 0.0328426 0.0577534 0.0490703 0.0540831 0.0526212 0.0253747 0.0451539 0.0737686 0.0629979 0.0566618 0.0419266 0.0357427  0.065767 0.0425139 0.0861993 0.0667244 0.0509817 0.0646495 0.0678499 0.0696321 0.0462716 0.0663927 0.0437264 0.0630036 0.0730921  0.035338  0.057517 0.0677987 0.0686061 0.0564693 0.0821345 0.0614484 0.0677627 0.0502541 0.0691956 0.0556646  0.060542 0.0741763 0.0489506 0.0803379 0.0735849 0.0435386 0.0662666 0.0479066 0.0393987 0.0623595 0.0424413 0.0706067  0.068963 0.0299561 0.0606361 0.0606975 0.0647885 0.0707503  0.063014 0.0484559
0.0604965 0.0606089 0.0318853 0.0465301 0.0482594 0.0576539 0.0484469 0.0465797  0.051544  0.033236 0.0279658 0.0577913 0.0300304 0.0671136   0.04522 0.0537789 0.0554709 0.0518088 0.0380769 0.0515815         0 0.0366998 0.0494005 0.0502381 0.0595692 0.0514944 0.0359502 0.0630091 0.0413003 0.0421531 0.0505136 0.0384174  0.044925 0.0576246 0.0478012 0.0536916 0.0406549 0.0586176 0.0573278 0.0260069 0.0443689 0.0534691 0.0557229 0.0543737 0.0460378 0.0537643 0.0418096 0.0310796 0.0271072 0.0574711 0.0374892 0.0584288 0.0486594 0.0385515 0.0461874 0.0535008 0.0619105 0.0625185 0.0588809 0.0513216  0.043854 0.0411896 0.0566429 0.0597575 0.0471742  0.043913 0.0329867 0.0489837 0.0621344 0.0676058 0.0523575 0.0618688 0.0536565 0.0427629 0.0694604 0.0532779 0.0344267 0.0625635 0.0584828 0.0551886 0.0573218 0.0433912  0.033486 0.0531698 0.0528541 0.0394733 0.0359074 0.0475962 0.0405799 0.0395512  0.026885 0.0509588 0.0546409  0.036747 0.0526377 0.0578582 0.0577718 0.0616666 0.0465233 0.0349321
0.0510196 0.0736766 0.0517729 0.0366362 0.0567442 0.0407829 0.0597913  0.059785  0.046862 0.0496132 0.0379028 0.0610949 0.0475356 0.0717487  0.063414 0.0570747 0.0568299 0.0524736 0.0459202 0.0478626 0.0366998         0 0.0526142 0.0343934 0.0421078 0.0448807 0.0536014 0.0564233 0.0558465 0.0613825 0.0567224 0.0531582 0.0387067 0.0672595 0.0605504 0.0561763  0.042875 0.0479137 0.0677907 0.0299492 0.0465143 0.0711522 0.0522928 0.0684564 0.0459332 0.0602098 0.0580872 0.0487869   0.03903  0.047493 0.0509805 0.0579834 0.0531014 0.0554098 0.0432041 0.0451406 0.0649086  0.060765 0.0674175 0.0640548 0.0559635  0.059914 0.0603659 0.0732203 0.0562445 0.0303518 0.0214915 0.0499527 0.0521669 0.0627678 0.0523424  0.063506 0.0609741 0.0506012 0.0708585 0.0627772 0.0605718 0.0645725 0.0761796 0.0501168 0.0703223 0.0654161 0.0523353 0.0569716 0.0583655  0.052735 0.0585413 0.0592677 0.0407241 0.0519472 0.0413492 0.0675328 0.0508113 0.0435256  0.046537 0.0673919 0.0590491   0.05594 0.0512399 0.0421917
0.0641164 0.0694873 0.0592285 0.0537913 0.0655617 0.0599755 0.0578569 0.0610865 0.0614672 0.0581071 0.0576337 0.0286358 0.0543264 0.0570173 0.0620101  0.068706 0.0571096 0.0463186 0.0360462 0.0664893 0.0494005 0.0526142         0 0.0633178 0.0651859 0.0318904 0.0474998  0.047446 0.0482791 0.0512854 0.0574781 0.0519258  0.056206 0.0540315 0.0418415 0.0629159 0.0612008 0.0699937 0.0460266  0.044913 0.0539809 0.0616942  0.066616 0.0504635 0.0569306 0.0553962 0.0497943 0.0538247 0.0576961 0.0720851 0.0484104 0.0356916 0.0469123 0.0512434 0.0504801 0.0563785  0.036571 0.0688042 0.0599675 0.0509484 0.0543872 0.0662129 0.0331705 0.0439184 0.0797719 0.0486397 0.0383873   0.03652 0.0408395 0.0777515 0.0538544  0.046295 0.0345593 0.0502715 0.0470241 0.0480912  0.068473 0.0716566 0.0586623 0.0571662 0.0421777 0.0586422  0.057889 0.0503546   0.02947 0.0690865 0.0501354 0.0458075 0.0565666 0.0391328 0.0484975 0.0401867 0.0624583 0.0637804 0.0439154 0.0523736 0.0461407   0.04679 0.0482278 0.0373549
0.0561537 0.0755113 0.0576475 0.0421347 0.0598303 0.0516519 0.0715968 0.0620404 0.0475171 0.0569512  0.052774 0.0643166 0.0432575 0.0751116 0.0709032 0.0597445 0.0589496 0.0611995 0.0543987 0.0501441 0.0502381 0.0343934 0.0633178         0 0.0455463 0.0549115 0.0639525 0.0667795 0.0630291 0.0707271 0.0580903 0.0516487 0.0339698  0.071644 0.0656084 0.0601007 0.0550621  0.057224 0.0737837 0.0428931 0.0600663 0.0768048 0.0540471 0.0785989 0.0510917 0.0616173 0.0650259 0.0540596 0.0403391 0.0489283 0.0510753  0.076535 0.0649821  0.066828 0.0472863 0.0333476 0.0670042 0.0642372 0.0820781  0.069718 0.0558343 0.0612876 0.0639392 0.0697411 0.0617482 0.0511266 0.0414596 0.0584591 0.0638667  0.063084 0.0517386 0.0779337 0.0700563 0.0559793 0.0804456 0.0595685 0.0718383 0.0482818 0.0828497  0.052735 0.0710346 0.0649815 0.0504634 0.0652595 0.0653829 0.0490124 0.0687797 0.0595476 0.0520853 0.0652941 0.0501087 0.0774693 0.0480569 0.0499565 0.0537443 0.0768922 0.0662067 0.0495832 0.0590614 0.0473154
0.0633227 0.0723139 0.0589971 0.0602342 0.0486767 0.0627818 0.0501393 0.0502143  0.035515 0.0475939 0.0569954 0.0700512 0.0628009 0.0668914 0.0583702 0.0417938 0.0445731 0.0573568 0.0465165 0.0542099 0.0595692 0.0421078 0.0651859 0.0455463         0 0.0661498 0.0510635   0.06889 0.0561626 0.0602972  0.049365 0.0504308 0.0513111 0.0582183 0.0613926 0.0488368 0.0497939 0.0526313 0.0701087 0.0525621 0.0685885  0.068123 0.0548921 0.0778919 0.0388196 0.0735361 0.0638396  0.051599 0.0607933 0.0559204 0.0469442 0.0690736 0.0435569 0.0684267 0.0566447 0.0481367 0.0581655 0.0530315 0.0736757 0.0561913 0.0508369 0.0582957 0.0738042 0.0714189 0.0661528 0.0482715 0.0416991 0.0466062 0.0629673 0.0505629 0.0557831 0.0544749 0.0612818 0.0598229 0.0661511 0.0587258 0.0672389 0.0517352 0.0767482 0.0355244 0.0694159 0.0665237   0.05225 0.0526007 0.0707118  0.051862 0.0765096  0.064334 0.0583219 0.0579642 0.0639513 0.0686562 0.0461387 0.0543427 0.0402222 0.0656049 0.0503491 0.0593245 0.0556694 0.0428641
0.0577885 0.0868305 0.0695852 0.0475409 0.0746998  0.047662 0.0691949 0.0724829 0.0688333 0.0657897   0.05296 0.0455396 0.0577642 0.0650145 0.0702191 0.0708083 0.0660996 0.0551589 0.0498636 0.0759484 0.0514944 0.0448807 0.0318904 0.0549115 0.0661498         0 0.0631682 0.0542126 0.0570069 0.0704483 0.0679085 0.0586034 0.0611365 0.0621857 0.0557967 0.0636067 0.0679125 0.0668616 0.0675772 0.0436188 0.0500623 0.0792226 0.0646077 0.0590837 0.0682909 0.0654922 0.0667448 0.0611204 0.0568641 0.0761515 0.0612674 0.0476392 0.0597171 0.0609786 0.0608458 0.0602666 0.0542606 0.0846958 0.0693325 0.0645979 0.0673335 0.0724456 0.0488583 0.0618392 0.0862753 0.0459164 0.0434279 0.0453992 0.0413683 0.0872088 0.0601826 0.0676605  0.053534 0.0577116 0.0597907 0.0628169 0.0767085 0.0766672 0.0803647 0.0648824 0.0627631 0.0626336 0.0666772 0.0554363 0.0395133 0.0724758  0.060711 0.0633428 0.0657476 0.0521972  0.054435 0.0599075 0.0612015 0.0702345 0.0459423 0.0761923 0.0591477 0.0448156 0.0519167 0.0495262
0.0703459 0.0481518 0.0345955 0.0630074 0.0357115    0.0706 0.0245478 0.0268264 0.0433989  0.023318 0.0455536  0.054643 0.0436697  0.057007 0.0278753 0.0409409 0.0409613 0.0487629 0.0260761 0.0536613 0.0359502 0.0536014 0.0474998 0.0639525 0.0510635 0.0631682         0 0.0655963 0.0316936 0.0167339 0.0382171 0.0289428 0.0528179 0.0380702 0.0371882 0.0498635 0.0429197 0.0634915 0.0457086 0.0409126 0.0596149 0.0316433 0.0629178 0.0574185 0.0368113  0.059683 0.0367582 0.0280953  0.048804 0.0619332 0.0201851 0.0580416 0.0246136 0.0390412 0.0502624 0.0553836 0.0456292 0.0501557 0.0574277 0.0287613 0.0261226 0.0360641 0.0581665   0.04473 0.0560139 0.0529545 0.0395443  0.039528 0.0632089 0.0597014 0.0488109 0.0357661  0.042059  0.041688 0.0565318 0.0392312 0.0366172 0.0540042  0.040124 0.0434849  0.043579 0.0403349  0.028131 0.0430092 0.0561002 0.0419097 0.0429348 0.0389023 0.0504666 0.0356297 0.0426617 0.0342054 0.0560488 0.0436329 0.0459937 0.0373414 0.0386592 0.0621875 0.0495585 0.0264246
0.0385546 0.0796707  0.060809 0.0384085 0.0730002 0.0566979 0.0689221 0.0704746 0.0748557 0.0682415 0.0650001 0.0369529 0.0685914 0.0511745 0.0771901 0.0755841   0.08175  0.045824  0.066459 0.0703595 0.0630091 0.0564233  0.047446 0.0667795   0.06889 0.0542126 0.0655963         0 0.0631743 0.0716242 0.0629608 0.0673399 0.0571228 0.0797122 0.0605621 0.0632346 0.0589326 0.0843464  0.051427 0.0583788 0.0501561 0.0699404 0.0488188 0.0602237 0.0688269 0.0359044 0.0544967 0.0673427 0.0576937  0.071761 0.0636786  0.039193 0.0622931 0.0708455 0.0570949 0.0649595 0.0522231 0.0728216 0.0558774 0.0727707 0.0638459 0.0710392 0.0335217 0.0718901 0.0690312 0.0588888 0.0491705 0.0482693 0.0319741 0.0859943 0.0596626 0.0664375 0.0408142 0.0599352  0.051355  0.073094 0.0738672 0.0830032  0.072957 0.0736365 0.0609481 0.0829803 0.0660011 0.0625714 0.0375031 0.0766626 0.0660651 0.0640417 0.0633065 0.0538622 0.0589437 0.0677202 0.0781242 0.0630278 0.0609663 0.0631489 0.0683191 0.0542636 0.0488763 0.0501236
0.0623035 0.0680497 0.0370627 0.0626837 0.0550299 0.0576272 0.0321747 0.0420971 0.0637566 0.0384707  0.045296 0.0528615 0.0523811  0.052816 0.0351214 0.0504262 0.0588185 0.0568851 0.0378006 0.0732417 0.0413003 0.0558465 0.0482791 0.0630291 0.0561626 0.0570069 0.0316936 0.0631743         0 0.0448833 0.0418184  0.030399 0.0568702 0.0414295  0.045147 0.0588774   0.05448 0.0752587 0.0430436 0.0489271 0.0637527 0.0398172 0.0578276  0.049874 0.0540518   0.06337 0.0527041 0.0371068 0.0466041 0.0788364 0.0373036 0.0595095 0.0342994 0.0524225 0.0538429 0.0639076 0.0533167 0.0657176  0.047169 0.0335532 0.0401198  0.034828 0.0554018 0.0514114  0.067855  0.045925 0.0440587 0.0458853 0.0607687 0.0784005   0.05305 0.0452247 0.0442987 0.0463671 0.0585308 0.0422763 0.0382898 0.0655976 0.0473609  0.049939 0.0569124 0.0359894 0.0365654 0.0195509 0.0524286 0.0562583 0.0422047 0.0506896 0.0587182 0.0420177  0.050646 0.0453636 0.0480283 0.0605788 0.0541814 0.0464173 0.0480611 0.0584735 0.0542966 0.0354932
 0.080108 0.0420099 0.0397275 0.0701562 0.0378188 0.0806221 0.0332649 0.0294816 0.0444103 0.0314325 0.0529714 0.0582705  0.044389 0.0665686 0.0366919 0.0479579  0.043404 0.0515897 0.0332473  0.050627 0.0421531 0.0613825 0.0512854 0.0707271 0.0602972 0.0704483 0.0167339 0.0716242 0.0448833         0 0.0414227 0.0366048  0.056568  0.043167 0.0419512 0.0580698 0.0452781 0.0654434 0.0516647 0.0442301 0.0645268 0.0356851 0.0735589 0.0665608 0.0407467 0.0633762 0.0398365 0.0349225 0.0560753 0.0597715  0.024661 0.0632019 0.0340406 0.0335363 0.0532099 0.0561118 0.0480006 0.0495818  0.069746 0.0364941 0.0312331 0.0421588 0.0627536 0.0468642 0.0587304 0.0629549  0.046328 0.0479203 0.0686887 0.0582726  0.050292 0.0411029 0.0490719 0.0421636 0.0617479 0.0449495 0.0455993 0.0566331 0.0407176 0.0497749 0.0431829 0.0454256 0.0351656 0.0566003 0.0622437 0.0447944 0.0436976 0.0328802 0.0544093  0.045183 0.0443395 0.0394296 0.0673027 0.0434149  0.053188 0.0399817 0.0404594 0.0671831 0.0577368   0.03594
0.0687718 0.0481518 0.0372905 0.0585285 0.0357182 0.0713818 0.0314583 0.0230065 0.0503385 0.0417956 0.0539951 0.0608163 0.0478087  0.069701 0.0482873 0.0445161 0.0532272 0.0550943 0.0492339 0.0552424 0.0505136 0.0567224 0.0574781 0.0580903  0.049365 0.0679085 0.0382171 0.0629608 0.0418184 0.0414227         0 0.0363212 0.0488142 0.0495866 0.0587514 0.0582848 0.0340204 0.0749367 0.0526641 0.0438241 0.0664088 0.0515641 0.0591343 0.0735321 0.0449781 0.0633454 0.0565134 0.0391801 0.0500869 0.0626349 0.0311175 0.0642237 0.0394637 0.0482398 0.0529623 0.0451077  0.051792 0.0619239 0.0720678 0.0376997 0.0390956  0.034067 0.0626962 0.0620057 0.0579503 0.0634102 0.0453849 0.0525417 0.0608232 0.0574024 0.0446503  0.053242  0.055634 0.0414677 0.0664669 0.0536841 0.0544972 0.0548001 0.0527728 0.0557345 0.0581316 0.0471586  0.034154 0.0443558 0.0658555 0.0423395  0.052105 0.0358545 0.0611057 0.0567076 0.0457167 0.0639332 0.0640626 0.0432519 0.0512111 0.0515654 0.0418384  0.057244 0.0596062 0.0400393
0.0630352 0.0572757 0.0355967  0.060559  0.040922 0.0629809 0.0350921 0.0318416 0.0475709 0.0285972 0.0420721 0.0531391 0.0388206 0.0556398 0.0265564 0.0346772 0.0499527 0.0513145 0.0355395 0.0602151 0.0384174 0.0531582 0.0519258 0.0516487 0.0504308 0.0586034 0.0289428 0.0673399  0.030399 0.0366048 0.0363212         0 0.0521697 0.0303228 0.0417829  0.052538  0.049851 0.0613726 0.0575857 0.0402142 0.0638542 0.0372491 0.0607023 0.0657247  0.049232 0.0617093 0.0503553 0.0227352 0.0413043 0.0628227 0.0215184 0.0689746 0.0320958 0.0389701 0.0549226 0.0506572 0.0483115 0.0578485 0.0681179 0.0402597 0.0222158 0.0246403 0.0588643 0.0464619 0.0589037 0.0535946 0.0442992 0.0419635 0.0623335 0.0696848 0.0366771 0.0536515 0.0510468 0.0359161 0.0608682   0.04311 0.0459662 0.0483581 0.0514218 0.0456287 0.0525483 0.0303924 0.0248929 0.0407959 0.0570304 0.0398878 0.0420564 0.0379969 0.0594885 0.0495491 0.0471243 0.0504427 0.0537235 0.0466244 0.0460162 0.0561729 0.0373804 0.0504521  0.053634 0.0316133
0.0602288  0.060392 0.0456648 0.0409818 0.0547763 0.0552475 0.0631401 0.0511324 0.0474422 0.0516796 0.0536798 0.0550649 0.0351447 0.0717521 0.0685517 0.0634828 0.0549993 0.0545601 0.0493346 0.0353822  0.044925 0.0387067  0.056206 0.0339698 0.0513111 0.0611365 0.0528179 0.0571228 0.0568702  0.056568 0.0488142 0.0521697         0 0.0730984 0.0587215 0.0622802  0.043615 0.0659031 0.0522211 0.0389486  0.051955 0.0629626 0.0564626 0.0701078 0.0388618 0.0456692 0.0503478 0.0539218 0.0378059 0.0398208 0.0423801 0.0674525 0.0603749 0.0591909 0.0184178 0.0272796 0.0600621 0.0474793 0.0721705 0.0583058 0.0488045 0.0566371 0.0522178 0.0603183 0.0532639 0.0513435 0.0329998 0.0596111 0.0599396 0.0511264 0.0502625 0.0642021  0.059583 0.0466101  0.075595  0.047059   0.06116 0.0467704 0.0650884 0.0483543  0.057553 0.0640831 0.0425071 0.0632699 0.0599259 0.0482799 0.0565796 0.0448986 0.0353385 0.0578336 0.0332963 0.0664301 0.0509329 0.0414093 0.0620115 0.0527001 0.0652389 0.0544503 0.0594412 0.0411536
0.0807502 0.0677853 0.0600688 0.0792092 0.0529736 0.0748494 0.0371744 0.0450043 0.0573601 0.0465503 0.0584494 0.0620678 0.0609677 0.0641798 0.0303208 0.0432297 0.0511639 0.0627323 0.0405826 0.0768782 0.0576246 0.0672595 0.0540315  0.071644 0.0582183 0.0621857 0.0380702 0.0797122 0.0414295  0.043167 0.0495866 0.0303228 0.0730984         0 0.0504169 0.0646299 0.0672167 0.0669811 0.0698061  0.054807 0.0787022 0.0478628 0.0809282 0.0764141  0.061674 0.0825472 0.0670785 0.0404776 0.0665373 0.0787541  0.039984 0.0730752 0.0306011 0.0452295 0.0716114 0.0668443 0.0503731 0.0705488 0.0791959 0.0414442 0.0406291 0.0469659 0.0709461 0.0505799 0.0831488 0.0627763 0.0573022 0.0468669 0.0684076 0.0802683 0.0503418 0.0484615  0.058513 0.0500896 0.0610828 0.0515251 0.0646703 0.0633972 0.0577322 0.0520112 0.0600519  0.039096 0.0500725  0.044419 0.0666181 0.0611983 0.0542094 0.0499281 0.0761714 0.0588819 0.0651625 0.0513621 0.0648273 0.0675257 0.0469747  0.064839 0.0281975 0.0605058 0.0667508    0.0479
0.0608178 0.0742608 0.0495598 0.0656391 0.0628963 0.0676193 0.0513182 0.0514292 0.0559673 0.0362293 0.0476069 0.0377645 0.0482713  0.037431 0.0512161 0.0489876 0.0544411 0.0311964 0.0338474 0.0656858 0.0478012 0.0605504 0.0418415 0.0656084 0.0613926 0.0557967 0.0371882 0.0605621  0.045147 0.0419512 0.0587514 0.0417829 0.0587215 0.0504169         0 0.0432307  0.058729 0.0588906 0.0496458   0.04871 0.0495015 0.0491302 0.0599335 0.0467503 0.0556382 0.0536811  0.040266  0.051299 0.0603395 0.0665628 0.0383295  0.053977 0.0419935 0.0520861 0.0563268 0.0584683 0.0300325 0.0571057 0.0606319 0.0505379 0.0435183 0.0530934 0.0533592    0.0377 0.0723048 0.0535236 0.0474621 0.0313106 0.0513018 0.0741522 0.0489694 0.0499306 0.0302214 0.0429913 0.0354949 0.0442549 0.0546589 0.0574176 0.0646996 0.0435007 0.0349845 0.0509453 0.0484128 0.0554679 0.0383288 0.0568501 0.0581462 0.0504002 0.0647079 0.0400365 0.0572681 0.0316712 0.0600965 0.0590566 0.0501847 0.0513491 0.0505711 0.0451074 0.0425763 0.0297516
0.0563112 0.0769847 0.0564095 0.0563926 0.0532291 0.0751232 0.0539447 0.0503371 0.0496102 0.0390069  0.050164 0.0625637 0.0557857 0.0483235 0.0583207 0.0409095 0.0534351 0.0415734 0.0517843 0.0634686 0.0536916 0.0561763 0.0629159 0.0601007 0.0488368 0.0636067 0.0498635 0.0632346 0.0588774 0.0580698 0.0582848  0.052538 0.0622802 0.0646299 0.0432307         0 0.0510599 0.0607087 0.0668212 0.0520813 0.0454664 0.0695658  0.039939 0.0567592 0.0514633 0.0585873 0.0472688 0.0543504 0.0616057 0.0653637 0.0478153 0.0575445  0.052894 0.0683675 0.0687257 0.0597402 0.0474808 0.0695223 0.0647545 0.0581528  0.054863 0.0562402 0.0695532 0.0641898 0.0643508 0.0631453 0.0544137 0.0346623 0.0579756 0.0631444 0.0634803 0.0681004 0.0458882 0.0605955 0.0500781 0.0638513 0.0576606 0.0545303 0.0820043 0.0538933 0.0520435 0.0612556 0.0501627 0.0629592 0.0542209 0.0437503 0.0774416 0.0690538 0.0694898 0.0441574  0.062875 0.0552824 0.0607576 0.0535333 0.0429331 0.0712419 0.0636937 0.0561459  0.028331 0.0381601
0.0603667 0.0563382 0.0336975  0.048773  0.041063 0.0669734 0.0439081 0.0378445 0.0463565 0.0370085  0.041243  0.065243  0.044208 0.0733745 0.0593786  0.046886 0.0581959 0.0455567  0.051771 0.0417048 0.0406549  0.042875 0.0612008 0.0550621 0.0497939 0.0679125 0.0429197 0.0589326   0.05448 0.0452781 0.0340204  0.049851  0.043615 0.0672167  0.058729 0.0510599         0 0.0626436 0.0591723  0.033438 0.0499099 0.0619015 0.0502321  0.071497 0.0422736 0.0570431 0.0503035 0.0452837 0.0455498 0.0475321 0.0399243 0.0588413 0.0474847 0.0487795 0.0499099 0.0443462 0.0596862 0.0586533 0.0699389 0.0549586 0.0485608 0.0449025  0.066976 0.0743224 0.0406681 0.0564942 0.0358528  0.053219  0.057437 0.0521298 0.0480669 0.0605537 0.0579089 0.0417982 0.0678993  0.065881 0.0498917 0.0615656 0.0671819 0.0581579 0.0640572 0.0617102 0.0414998 0.0591756 0.0659917 0.0376633 0.0576821 0.0467883   0.05228 0.0537769 0.0392609 0.0677765 0.0690848 0.0241838 0.0529381 0.0561758 0.0548154 0.0613273 0.0526913 0.0395494
0.0733168 0.0902224 0.0697467 0.0751314 0.0713447 0.0682618 0.0712127 0.0710979 0.0474035  0.053165 0.0487677 0.0752478 0.0614701 0.0792263  0.070214 0.0523701 0.0605291 0.0536701 0.0532314 0.0597164 0.0586176 0.0479137 0.0699937  0.057224 0.0526313 0.0668616 0.0634915 0.0843464 0.0752587 0.0654434 0.0749367 0.0613726 0.0659031 0.0669811 0.0588906 0.0607087 0.0626436         0 0.0920131 0.0500282 0.0647279 0.0810335 0.0771921 0.0874796 0.0627928  0.084271 0.0736947 0.0634437 0.0711589 0.0495572 0.0611364 0.0793025 0.0601088 0.0583042 0.0685839 0.0586281 0.0679224 0.0613068 0.0948011 0.0801379 0.0656182 0.0711568 0.0868481 0.0800779 0.0766032 0.0515042 0.0506817 0.0573729 0.0683651 0.0700963 0.0555117 0.0735349 0.0748233 0.0562398 0.0711118 0.0757246 0.0779411 0.0677807 0.0960788 0.0463113 0.0785246 0.0729007 0.0700905 0.0796408 0.0756293 0.0627185 0.0781706 0.0698778 0.0703678 0.0716778  0.070673 0.0752218 0.0688845 0.0593871 0.0556053 0.0850114 0.0603745 0.0618721 0.0667919 0.0579241
0.0687433 0.0637858 0.0486944 0.0612907 0.0650463 0.0721771 0.0546519   0.05409 0.0706756 0.0572924  0.068348 0.0439751 0.0597393 0.0554968 0.0649099 0.0739527 0.0657223 0.0571537 0.0495284 0.0686673 0.0573278 0.0677907 0.0460266 0.0737837 0.0701087 0.0675772 0.0457086  0.051427 0.0430436 0.0516647 0.0526641 0.0575857 0.0522211 0.0698061 0.0496458 0.0668212 0.0591723 0.0920131         0 0.0614771 0.0631094 0.0496992 0.0609261  0.045691 0.0535576 0.0461439 0.0415259 0.0601605 0.0586129 0.0793461 0.0480973 0.0510991 0.0540566 0.0685402 0.0450262 0.0638993  0.049239 0.0621697 0.0439901 0.0445626 0.0525049 0.0609876 0.0396459 0.0480936 0.0711431 0.0624731 0.0507071 0.0541998 0.0605753 0.0744781 0.0658207 0.0459001 0.0349936 0.0589249  0.058834 0.0422972 0.0550633  0.070131  0.044382 0.0615614 0.0431311 0.0646882 0.0501597 0.0495394 0.0468267 0.0686374 0.0563785 0.0519436 0.0544203 0.0422808 0.0518641 0.0443769 0.0627007 0.0654885 0.0670949 0.0257315 0.0649042 0.0652156 0.0564342 0.0407316
0.0578865  0.061696 0.0417864 0.0419329 0.0475058 0.0516262 0.0488695 0.0440629 0.0449484  0.037354 0.0285894 0.0533584  0.027559 0.0691826 0.0533753 0.0472152 0.0507534 0.0428762  0.039274 0.0451716 0.0260069 0.0299492  0.044913 0.0428931 0.0525621 0.0436188 0.0409126 0.0583788 0.0489271 0.0442301 0.0438241 0.0402142 0.0389486  0.054807   0.04871 0.0520813  0.033438 0.0500282 0.0614771         0 0.0393887 0.0607041 0.0581064 0.0661452 0.0459617 0.0562823 0.0513166 0.0400477 0.0363768 0.0449032  0.035974 0.0566346  0.045512 0.0341964 0.0432479 0.0373822  0.053538 0.0622256 0.0720592 0.0516048 0.0452809 0.0468275 0.0572305 0.0601401 0.0550209 0.0445838 0.0254314 0.0465802 0.0490064 0.0611689 0.0396813 0.0597785 0.0555229  0.030876 0.0648894 0.0548681 0.0539049  0.055864 0.0664551 0.0516766  0.057106 0.0488204 0.0409319 0.0552747 0.0542174 0.0405086  0.044199 0.0396154 0.0487542 0.0497943 0.0265346 0.0578529 0.0596113 0.0333086 0.0453669 0.0605756 0.0482434  0.047441 0.0508936 0.0351976
