Pi: 0.286945 0.272096 0.146381 0.294578
S:   0.235692   0.155826  0.0852052  0.0199984   0.494705 0.00857401
