Pi: 0.286378 0.269137 0.146954 0.297532
S:   0.233322   0.156924  0.0883923  0.0204454   0.493363 0.00755379
