Pi: 0.286472 0.270995 0.145591 0.296942
S:   0.233142   0.156352  0.0837221  0.0188117   0.499094 0.00887896
