Pi: 0.288807 0.270055 0.146258  0.29488
S:   0.236897   0.156841  0.0872136  0.0199897   0.490743 0.00831552
