Pi:  0.28843 0.270372 0.146557  0.29464
S:   0.237078   0.155913   0.085834  0.0200354   0.491569 0.00957124
