Pi: 0.309357 0.288304 0.133626 0.268713
S:  0.250611  0.154505  0.113797 0.0327833  0.431515 0.0167894
