Pi:  0.28852 0.268631 0.147772 0.295076
S:    0.23866   0.161011  0.0858281  0.0192237   0.487226 0.00805145
