        0 0.0502328 0.0523895 0.0542486 0.0402222 0.0556053 0.0631391 0.0620115 0.0469747 0.0591213  0.046537 0.0578836 0.0480568 0.0490702 0.0481256 0.0429349 0.0538504 0.0493773 0.0529999 0.0541814 0.0426898 0.0510351 0.0459423 0.0607588 0.0709225 0.0588607 0.0688254 0.0606361 0.0644147 0.0429331 0.0595404 0.0439154 0.0583813 0.0529381  0.050811 0.0462143  0.053579 0.0686507 0.0372589  0.053223 0.0394591   0.05628 0.0605497 0.0422299   0.06608 0.0397639 0.0590762 0.0666185 0.0609663  0.046587  0.041123 0.0432773 0.0365019 0.0625199 0.0500898  0.050613 0.0454454 0.0410014  0.039362 0.0428374 0.0499579 0.0655426 0.0290378 0.0379733 0.0483788 0.0437587 0.0409134 0.0602312 0.0680131 0.0598558 0.0314852  0.042394 0.0415778 0.0634081 0.0549227 0.0561871 0.0627637 0.0327517 0.0386453 0.0457136 0.0376702 0.0622348 0.0402751 0.0552396 0.0529662 0.0459279  0.044582 0.0442099 0.0353651  0.062775 0.0581442 0.0494224 0.0545272  0.059518 0.0462787 0.0430771 0.0428719 0.0574939 0.0340476 0.0357997 0.0340476 0.0357997
0.0502328         0 0.0259293 0.0527674 0.0501393 0.0712127 0.0723827 0.0631401 0.0371744 0.0609564 0.0597913 0.0462321 0.0503598 0.0555512 0.0327728 0.0526453  0.029524 0.0387663 0.0656288 0.0321747 0.0481646 0.0365941 0.0691949 0.0618611 0.0642515 0.0542297 0.0509244  0.066332 0.0660647 0.0539447 0.0581698 0.0578569 0.0574447 0.0439081 0.0667045 0.0375936 0.0581318 0.0712489 0.0428433 0.0404916 0.0574109 0.0645798 0.0691366 0.0483178 0.0720911 0.0541857 0.0624919 0.0660531 0.0689221 0.0598496 0.0492794 0.0566248 0.0447104 0.0599578 0.0774839 0.0521018 0.0552256 0.0564504 0.0626431 0.0613091 0.0613875 0.0671161 0.0479079 0.0551367 0.0707885 0.0557116 0.0425014 0.0684245 0.0764288 0.0721726 0.0461937 0.0518519 0.0608494 0.0676706 0.0534507 0.0703853 0.0733969 0.0509888 0.0582168 0.0503589 0.0613338 0.0752691 0.0519223 0.0625943 0.0642695 0.0549161  0.050794 0.0443254 0.0413465 0.0733167 0.0426843 0.0467404 0.0710818 0.0661083 0.0653199 0.0589311 0.0483845  0.060632 0.0404552 0.0469636 0.0404552 0.0469636
0.0523895 0.0259293         0 0.0407739 0.0502143 0.0710979 0.0744275 0.0511324 0.0450043 0.0541841  0.059785 0.0454926 0.0543988 0.0549924 0.0302467 0.0508762  0.037053 0.0311656 0.0675177 0.0420971 0.0520606 0.0503268 0.0724829 0.0662293  0.055386 0.0448379 0.0521445 0.0518846 0.0515641 0.0503371 0.0515664 0.0610865 0.0426477 0.0378445 0.0631541 0.0367415 0.0667154 0.0631387 0.0441709 0.0516142 0.0571061  0.064241 0.0672028 0.0491917 0.0595144  0.043588 0.0616776 0.0710186 0.0704746 0.0584504 0.0509814 0.0570596 0.0555728 0.0669663 0.0773859 0.0480512  0.057575 0.0564206 0.0654173 0.0571186 0.0649328 0.0616272 0.0549187 0.0506098 0.0733969 0.0568063 0.0404178 0.0559127 0.0676943  0.068961 0.0524085 0.0587483 0.0564344 0.0708007 0.0588883 0.0749325 0.0754184 0.0533882 0.0656772 0.0456161 0.0621293 0.0696774 0.0535726 0.0522245 0.0664201 0.0688457 0.0448013 0.0473266 0.0429346 0.0804039 0.0271231 0.0504648 0.0724947 0.0678092 0.0716087 0.0697076 0.0543593 0.0595122 0.0374244 0.0475921 0.0374244 0.0475921
0.0542486 0.0527674 0.0407739         0 0.0543427 0.0593871 0.0632115 0.0414093 0.0675257 0.0704557 0.0435256 0.0445835 0.0623925 0.0499216 0.0371407 0.0629943 0.0566136 0.0407507 0.0676209 0.0605788 0.0554911 0.0686198 0.0702345 0.0751091 0.0276167 0.0351806 0.0545407 0.0299561 0.0524982 0.0535333 0.0376438 0.0637804 0.0361657 0.0241838 0.0644356 0.0492385 0.0616928 0.0522627 0.0518447 0.0673442 0.0538208 0.0657546 0.0651593 0.0398454 0.0367399 0.0390844 0.0714314 0.0770268 0.0630278 0.0671124 0.0648298 0.0557047 0.0673096 0.0618873  0.072705 0.0472355 0.0610766 0.0459221 0.0611988 0.0513594 0.0601948 0.0631418 0.0567695 0.0555592 0.0615336 0.0506856 0.0526099 0.0475986 0.0693202 0.0607859 0.0583191 0.0571695 0.0411172 0.0654256 0.0582087 0.0653477 0.0794801 0.0616931 0.0698404 0.0678484 0.0554901  0.075271 0.0692583 0.0451002 0.0512582 0.0716527 0.0563329 0.0507575 0.0508823 0.0753732 0.0517585 0.0587206  0.066769 0.0625158 0.0660636 0.0760625 0.0649258 0.0625464  0.040027 0.0501283  0.040027 0.0501283
0.0402222 0.0501393 0.0502143 0.0543427         0 0.0526313 0.0633227 0.0513111 0.0582183 0.0714189 0.0421078 0.0684267 0.0612818 0.0573568 0.0475939 0.0581655 0.0583702 0.0508369 0.0707118 0.0561626 0.0579642 0.0526007 0.0661498 0.0668914 0.0661528 0.0639513 0.0765096 0.0542099 0.0505629 0.0488368 0.0607933 0.0651859 0.0628009 0.0497939 0.0593245 0.0417938 0.0482715 0.0735361 0.0465165 0.0544749 0.0556694 0.0700512 0.0738042 0.0416991 0.0559204  0.035515 0.0461387 0.0778919   0.06889 0.0560408 0.0594333 0.0537538 0.0518246 0.0663913 0.0678616 0.0583703 0.0446841 0.0567939 0.0571432 0.0528968  0.061727 0.0700753 0.0394685 0.0484783 0.0642635 0.0602532 0.0180673 0.0611722 0.0695674  0.066443 0.0481685 0.0546508 0.0501797 0.0740633 0.0631741 0.0618825 0.0733577 0.0503732 0.0567731 0.0513545 0.0584575 0.0701988 0.0566612 0.0668701 0.0601554 0.0597119 0.0551798 0.0432706 0.0513541 0.0751112 0.0560299 0.0547904 0.0656036  0.073667 0.0631509 0.0560777 0.0539035 0.0657681 0.0428641 0.0492213 0.0428641 0.0492213
0.0556053 0.0712127 0.0710979 0.0593871 0.0526313         0 0.0733168 0.0659031 0.0669811 0.0800779 0.0479137 0.0583042 0.0748233 0.0536701  0.053165 0.0679224  0.070214 0.0656182 0.0756293 0.0752587 0.0716778 0.0796408 0.0668616 0.0792263 0.0766032  0.070673 0.0781706 0.0597164 0.0700963 0.0607087 0.0711589 0.0699937 0.0614701 0.0626436 0.0618721 0.0523701 0.0515042  0.084271 0.0532314 0.0735349 0.0667919 0.0752478 0.0868481 0.0506817 0.0495572 0.0474035 0.0688845 0.0874796 0.0843464 0.0711944 0.0635593 0.0618924 0.0749987 0.0775855 0.0695881 0.0744461 0.0771807 0.0612124 0.0679404 0.0593694 0.0689936 0.0823364  0.066761  0.063051 0.0657445 0.0691438 0.0567876 0.0632911 0.0833551 0.0624261 0.0567976  0.071263  0.063192 0.0763936 0.0720482 0.0817723 0.0800509 0.0523627 0.0675794 0.0706983  0.050326 0.0843537 0.0696036 0.0709547 0.0728024 0.0711257  0.059625 0.0712835 0.0663884 0.0826335 0.0778195  0.074054 0.0605917 0.0803332 0.0676426 0.0696742 0.0690977 0.0746344 0.0579241 0.0634102 0.0579241 0.0634102
0.0631391 0.0723827 0.0744275 0.0632115 0.0633227 0.0733168         0 0.0602288 0.0807502 0.0815724 0.0510196 0.0757948  0.054899 0.0456999 0.0616096 0.0636123 0.0758667 0.0650719 0.0502097 0.0623035  0.062945  0.062194 0.0577885  0.048239 0.0654593 0.0673482 0.0738592 0.0770252 0.0931463 0.0563112 0.0529346 0.0641164  0.067391 0.0603667 0.0487086 0.0644644 0.0516499 0.0491032 0.0699415 0.0791836 0.0506618 0.0522828  0.056904 0.0520274 0.0715983 0.0763618 0.0730159 0.0656746 0.0385546 0.0493786 0.0702693 0.0360732 0.0617827  0.038074 0.0508302 0.0557541 0.0441875 0.0481804 0.0578791 0.0443101 0.0364664 0.0500495 0.0504512 0.0478792 0.0336314 0.0501513  0.065165 0.0498082 0.0534372   0.03669 0.0535118 0.0634711 0.0361307 0.0455603 0.0518241 0.0282676 0.0502363 0.0575126  0.049554 0.0767224 0.0564057 0.0612891 0.0716421 0.0656659 0.0436945 0.0571793 0.0683192 0.0480903 0.0616938 0.0409286  0.070865  0.049981 0.0353066 0.0520566 0.0403474 0.0484351  0.053646  0.051562 0.0521677  0.045128 0.0521677  0.045128
0.0620115 0.0631401 0.0511324 0.0414093 0.0513111 0.0659031 0.0602288         0 0.0730984 0.0603183 0.0387067 0.0591909  0.059583 0.0545601 0.0516796 0.0600621 0.0685517 0.0488045 0.0599259 0.0568702 0.0578336 0.0632699 0.0611365 0.0717521 0.0532639 0.0332963 0.0565796 0.0353822 0.0511264 0.0622802 0.0378059  0.056206 0.0351447  0.043615 0.0544503 0.0634828 0.0513435 0.0456692 0.0493346 0.0642021 0.0594412 0.0550649 0.0522178 0.0329998 0.0398208 0.0474422 0.0509329 0.0701078 0.0571228 0.0636983 0.0633338 0.0478616 0.0664143 0.0622971 0.0688206 0.0518453 0.0623131 0.0440218 0.0607774 0.0572867 0.0519146 0.0474901 0.0649446 0.0516961 0.0656941 0.0520833 0.0434078 0.0400327 0.0585327 0.0615778  0.064283 0.0716958 0.0430113 0.0583027   0.06536 0.0645984 0.0623815 0.0627145 0.0655514 0.0636862 0.0591598 0.0524906 0.0673549 0.0410601 0.0586218 0.0806625 0.0573172 0.0580859 0.0529487 0.0672007 0.0445307  0.055639 0.0601928 0.0575712 0.0633454 0.0748076 0.0625657 0.0495327 0.0411536 0.0502849 0.0411536 0.0502849
0.0469747 0.0371744 0.0450043 0.0675257 0.0582183 0.0669811 0.0807502 0.0730984         0 0.0505799 0.0672595 0.0452295  0.058513 0.0627323 0.0465503 0.0503731 0.0303208 0.0406291 0.0666181 0.0414295 0.0588819  0.044419 0.0621857 0.0641798 0.0831488 0.0651625 0.0542094 0.0768782 0.0802683 0.0646299 0.0665373 0.0540315 0.0609677 0.0672167 0.0605058 0.0432297 0.0627763 0.0825472 0.0405826 0.0484615 0.0667508 0.0620678 0.0709461 0.0573022 0.0787541 0.0573601 0.0648273 0.0764141 0.0797122 0.0623836 0.0445138 0.0592403 0.0529089 0.0771693 0.0725957 0.0633114 0.0704297 0.0613201 0.0701395 0.0585462  0.061736 0.0787676 0.0578128 0.0524975   0.07219 0.0659432 0.0511338 0.0747812   0.08582 0.0774215 0.0459459  0.069595 0.0696294 0.0684502   0.06688 0.0819006 0.0693172 0.0407935 0.0501308 0.0365732 0.0565713 0.0711882  0.051323 0.0723177 0.0810555 0.0622404 0.0515279 0.0608106 0.0517767 0.0749463 0.0492675 0.0607467 0.0678026 0.0720125 0.0607693 0.0611531 0.0441702 0.0696435    0.0479 0.0540605    0.0479 0.0540605
0.0591213 0.0609564 0.0541841 0.0704557 0.0714189 0.0800779 0.0815724 0.0603183 0.0505799         0 0.0732203 0.0608744 0.0452807 0.0599628 0.0557311 0.0390988 0.0560017 0.0444386  0.050256 0.0514114 0.0500619 0.0607633 0.0618392 0.0560217 0.0842075 0.0578373 0.0589404 0.0696321 0.0752926 0.0641898 0.0651344 0.0439184 0.0512752 0.0743224 0.0572809 0.0664436 0.0706398 0.0607172 0.0390767 0.0532649 0.0604997 0.0440271 0.0495307 0.0593588 0.0760888 0.0604481  0.060549 0.0602675 0.0718901 0.0549585 0.0332478 0.0532119 0.0579066 0.0738556 0.0688267 0.0483978 0.0742767 0.0549551 0.0743415  0.055942 0.0551245 0.0585654 0.0699806 0.0473834  0.072182 0.0569722 0.0567172 0.0631084 0.0732943 0.0719436 0.0526052 0.0758438 0.0675246 0.0550987 0.0606454 0.0840142 0.0604867 0.0443006 0.0532381 0.0523887 0.0603136 0.0564924 0.0505935   0.05178 0.0800285 0.0733354 0.0400064 0.0646432 0.0433896 0.0697165 0.0448651 0.0516187  0.066325 0.0545687  0.061745 0.0700464  0.042884 0.0534381 0.0419998 0.0466009 0.0419998 0.0466009
 0.046537 0.0597913  0.059785 0.0435256 0.0421078 0.0479137 0.0510196 0.0387067 0.0672595 0.0732203         0 0.0554098 0.0609741 0.0524736 0.0496132 0.0649086  0.063414 0.0559635 0.0583655 0.0558465 0.0519472 0.0569716 0.0448807 0.0717487 0.0562445 0.0413492 0.0585413 0.0478626 0.0627678 0.0561763   0.03903 0.0526142 0.0475356  0.042875   0.05594 0.0570747 0.0303518 0.0602098 0.0459202  0.063506 0.0512399 0.0610949 0.0603659 0.0214915  0.047493  0.046862 0.0508113 0.0684564 0.0564233 0.0614335 0.0611213 0.0436929 0.0586562 0.0577524 0.0554721 0.0584183 0.0535182 0.0321505 0.0448024 0.0559839  0.044822 0.0590997 0.0511737 0.0552459 0.0517953  0.048254 0.0440715  0.051087 0.0696497 0.0581702 0.0555177 0.0597732 0.0364628 0.0571889 0.0611116 0.0529918 0.0622188 0.0551471 0.0544371 0.0639055  0.047086 0.0617331 0.0670464 0.0504642 0.0430655 0.0643294 0.0582757 0.0554208 0.0519054 0.0560843 0.0615776 0.0544654  0.048724 0.0572045 0.0500986 0.0581129 0.0604957 0.0528843 0.0421917 0.0488221 0.0421917 0.0488221
0.0578836 0.0462321 0.0454926 0.0445835 0.0684267 0.0583042 0.0757948 0.0591909 0.0452295 0.0608744 0.0554098         0 0.0612947  0.052579 0.0428547 0.0577168 0.0445694 0.0433473 0.0633017 0.0524225 0.0593049 0.0626735 0.0609786 0.0750215 0.0633411 0.0420275 0.0317743 0.0566618 0.0734648 0.0683675 0.0517388 0.0512434 0.0421114 0.0487795 0.0621257 0.0531967 0.0592109 0.0679388  0.045762 0.0589257 0.0655385 0.0583072 0.0647164 0.0456244 0.0570552 0.0552396 0.0758259 0.0764388 0.0708455 0.0733649 0.0555353 0.0586977 0.0649122 0.0689854 0.0758014  0.059858 0.0793129 0.0495425 0.0646013 0.0606751 0.0590469 0.0716459  0.067308 0.0599494 0.0664756 0.0552972 0.0623873  0.062822 0.0825727 0.0691473 0.0558461 0.0682318 0.0594064 0.0608116 0.0644216 0.0789797 0.0711512 0.0553678 0.0639641 0.0618781 0.0477822  0.074475  0.062928 0.0547729 0.0711167 0.0708844  0.058006 0.0661221 0.0530363 0.0723301 0.0546277 0.0658124 0.0637585 0.0628794  0.061587 0.0751597 0.0599325 0.0650817 0.0484445 0.0557863 0.0484445 0.0557863
0.0480568 0.0503598 0.0543988 0.0623925 0.0612818 0.0748233  0.054899  0.059583  0.058513 0.0452807 0.0609741 0.0612947         0 0.0364836 0.0487519 0.0285814 0.0567705 0.0493635 0.0251162 0.0442987 0.0288934 0.0489657  0.053534 0.0317643  0.071566 0.0576252 0.0595638 0.0686061 0.0753985 0.0458882 0.0606196 0.0345593  0.059901 0.0579089 0.0516287 0.0606435   0.05468  0.043551 0.0422992 0.0449606 0.0332185 0.0304318 0.0375902 0.0471003 0.0745526 0.0622912 0.0622736 0.0360883 0.0408142 0.0374875 0.0318369 0.0339993 0.0298479 0.0341326 0.0559398 0.0282512 0.0480119 0.0393211 0.0515442 0.0433887 0.0360984 0.0408384 0.0427527  0.037176    0.0442 0.0254727 0.0519073 0.0573565 0.0568011 0.0495933 0.0297997 0.0420306 0.0465013 0.0372414 0.0260437 0.0504156 0.0487517 0.0378993 0.0369734   0.06462 0.0472642 0.0588271 0.0388303 0.0450368 0.0497526 0.0385448 0.0423272 0.0378521 0.0210824 0.0448177  0.055254  0.024569  0.050585 0.0301294 0.0405138 0.0423935 0.0278297 0.0359254 0.0310694 0.0180082 0.0310694 0.0180082
0.0490702 0.0555512 0.0549924 0.0499216 0.0573568 0.0536701 0.0456999 0.0545601 0.0627323 0.0599628 0.0524736  0.052579 0.0364836         0 0.0420849 0.0330702 0.0640809 0.0511965 0.0413518 0.0568851  0.050428 0.0620663 0.0551589 0.0441185 0.0653426  0.056904 0.0643045 0.0591388  0.071913 0.0415734 0.0599768 0.0463186 0.0518435 0.0455567 0.0366398 0.0479114 0.0522593 0.0483421 0.0483099 0.0575468 0.0421838 0.0381354  0.054714 0.0417577 0.0547057 0.0560035 0.0716719  0.059126  0.045824 0.0441128 0.0442272 0.0330096 0.0469644 0.0369555 0.0579354 0.0427619  0.054193 0.0425491 0.0480061 0.0357563 0.0432762 0.0457252 0.0457204 0.0327333 0.0393029 0.0341701 0.0533267  0.038742 0.0471509 0.0283514 0.0301567 0.0462968 0.0373696 0.0467144 0.0395173 0.0521769 0.0495576 0.0363901 0.0482474 0.0653306 0.0319516 0.0611776 0.0414811 0.0462427 0.0525313 0.0477514 0.0449149 0.0415747 0.0382696 0.0564521 0.0591321 0.0442484 0.0385693 0.0488711 0.0455086 0.0492464  0.041302 0.0439269 0.0352214 0.0292211 0.0352214 0.0292211
0.0481256 0.0327728 0.0302467 0.0371407 0.0475939  0.053165 0.0616096 0.0516796 0.0465503 0.0557311 0.0496132 0.0428547 0.0487519 0.0420849         0 0.0505979 0.0343712 0.0311692 0.0597197 0.0384707 0.0437243 0.0499383 0.0657897 0.0555033 0.0489607 0.0466779 0.0518966 0.0529291 0.0603893 0.0390069 0.0458261 0.0581071 0.0389157 0.0370085  0.057354 0.0275939 0.0516637 0.0596577  0.035398 0.0524837 0.0465519 0.0600175 0.0671307  0.041115 0.0555491 0.0424858 0.0564786 0.0605383 0.0682415 0.0501325 0.0430575 0.0454063 0.0553553  0.056107 0.0645512 0.0436954 0.0528131 0.0473671  0.064083 0.0465501 0.0536634 0.0575758 0.0509457  0.047399 0.0616648 0.0519607 0.0413819 0.0499401 0.0669785 0.0554257 0.0424561 0.0540548 0.0520482  0.059252 0.0445684 0.0684582  0.071114  0.040797 0.0551856  0.052073 0.0549574 0.0712383 0.0562096 0.0511369 0.0546353   0.05717 0.0342307  0.043999 0.0397732  0.069927 0.0404857  0.040474 0.0592349 0.0595265 0.0602133 0.0573233 0.0475636 0.0511762 0.0282298 0.0391614 0.0282298 0.0391614
0.0429349 0.0526453 0.0508762 0.0629943 0.0581655 0.0679224 0.0636123 0.0600621 0.0503731 0.0390988 0.0649086 0.0577168 0.0285814 0.0330702 0.0505979         0 0.0601949  0.047594 0.0388918 0.0533167 0.0474015 0.0561177 0.0542606 0.0419492 0.0800201 0.0617621 0.0661537  0.065767 0.0702245 0.0474808 0.0685088  0.036571 0.0572403 0.0596862 0.0380112 0.0531886 0.0627983 0.0553025 0.0419946 0.0469315 0.0460066 0.0317169 0.0480202 0.0505166 0.0678306 0.0550287 0.0672704 0.0586731 0.0522231 0.0405459 0.0302109 0.0392898 0.0353821 0.0526384 0.0610184 0.0412764 0.0572662 0.0487222  0.051198  0.039566 0.0479961 0.0500801  0.045776 0.0245626 0.0510282 0.0380031 0.0486149 0.0515127 0.0521305 0.0492728 0.0263466 0.0506005 0.0484569 0.0519467 0.0471227 0.0623923 0.0469116 0.0296094 0.0424147 0.0519271 0.0372264 0.0534109 0.0196963 0.0487339 0.0666375 0.0503768 0.0397742 0.0441181 0.0299959 0.0613778 0.0510873 0.0443676 0.0507746  0.050799   0.04869 0.0503826 0.0296974 0.0473108 0.0346421 0.0280282 0.0346421 0.0280282
0.0538504  0.029524  0.037053 0.0566136 0.0583702  0.070214 0.0758667 0.0685517 0.0303208 0.0560017  0.063414 0.0445694 0.0567705 0.0640809 0.0343712 0.0601949         0 0.0323109 0.0670359 0.0351214  0.049775 0.0453244 0.0702191 0.0612831  0.064242 0.0571168 0.0458608 0.0705774 0.0763301 0.0583207 0.0537435 0.0620101 0.0556973 0.0593786 0.0719085 0.0417103 0.0615499 0.0729278 0.0432302 0.0528939 0.0595811 0.0672028  0.070077 0.0559723 0.0753234 0.0559071 0.0616326 0.0686629 0.0771901 0.0610249  0.049363 0.0602764 0.0587917 0.0706235  0.072866 0.0528706 0.0635364 0.0574639 0.0756075  0.058038 0.0602527 0.0748943 0.0580255 0.0596434 0.0708123 0.0634458 0.0516888 0.0737062 0.0876504 0.0761003 0.0511495 0.0649119  0.067469 0.0641177 0.0554118 0.0780831 0.0788798 0.0497335 0.0564229  0.050946 0.0662389  0.080077 0.0652651 0.0675155 0.0690074 0.0603047 0.0493761 0.0545937 0.0500378  0.072263 0.0464224 0.0511686 0.0715617 0.0649735 0.0633008 0.0641917 0.0486116 0.0669221 0.0444361 0.0521174 0.0444361 0.0521174
0.0493773 0.0387663 0.0311656 0.0407507 0.0508369 0.0656182 0.0650719 0.0488045 0.0406291 0.0444386 0.0559635 0.0433473 0.0493635 0.0511965 0.0311692  0.047594 0.0323109         0 0.0598548 0.0401198 0.0491676 0.0498117 0.0673335 0.0553357 0.0505256 0.0464984 0.0462051 0.0509817 0.0642801  0.054863 0.0432655 0.0543872 0.0423955 0.0485608 0.0571172 0.0402391  0.059224 0.0546064 0.0375174 0.0482251 0.0556389 0.0523682 0.0551679 0.0445785 0.0556974 0.0424052 0.0607075 0.0702587 0.0638459 0.0567614 0.0486597 0.0504059 0.0556675 0.0621576 0.0705204  0.036911 0.0593409 0.0496393 0.0704244 0.0401692 0.0510564 0.0639636 0.0520042  0.042369 0.0621712 0.0533392 0.0421776 0.0568381 0.0732985 0.0654759 0.0446855  0.061604 0.0523845 0.0536885 0.0507199 0.0687025 0.0696099 0.0451814 0.0524792 0.0492607 0.0563525 0.0673047 0.0580975 0.0554796 0.0648766 0.0621205 0.0460554 0.0423383 0.0431323 0.0677754 0.0352566 0.0481077 0.0643879 0.0566212 0.0557217 0.0669521 0.0393048 0.0606261 0.0297748 0.0411927 0.0297748 0.0411927
0.0529999 0.0656288 0.0675177 0.0676209 0.0707118 0.0756293 0.0502097 0.0599259 0.0666181  0.050256 0.0583655 0.0633017 0.0251162 0.0413518 0.0597197 0.0388918 0.0670359 0.0598548         0 0.0524286 0.0374094 0.0570332 0.0395133 0.0400339 0.0775349 0.0566208 0.0585404 0.0735849 0.0855019 0.0542209 0.0574769   0.02947 0.0583613 0.0659917 0.0467932 0.0715312 0.0534345 0.0412628 0.0498428 0.0618979 0.0354715 0.0237691 0.0294508 0.0489921 0.0771194 0.0705598 0.0643417 0.0357856 0.0375031 0.0400079 0.0393356  0.028177  0.043572 0.0407224 0.0421204  0.041378 0.0555924 0.0321622 0.0484136 0.0463788 0.0259239 0.0360966 0.0537533 0.0412368  0.036148  0.026713 0.0632609 0.0542631 0.0553372 0.0449288 0.0416489 0.0562455 0.0438153 0.0288269 0.0400192 0.0482224 0.0365906 0.0422627 0.0345494 0.0686857  0.043764 0.0490776 0.0493769 0.0426992 0.0490764 0.0505198 0.0492105 0.0541812 0.0360613  0.031551 0.0624176 0.0364221 0.0378586 0.0218269 0.0316873 0.0439796 0.0393182  0.030375 0.0405293 0.0279409 0.0405293 0.0279409
0.0541814 0.0321747 0.0420971 0.0605788 0.0561626 0.0752587 0.0623035 0.0568702 0.0414295 0.0514114 0.0558465 0.0524225 0.0442987 0.0568851 0.0384707 0.0533167 0.0351214 0.0401198 0.0524286         0 0.0420177 0.0195509 0.0570069  0.052816  0.067855  0.050646 0.0422047 0.0732417 0.0784005 0.0588774 0.0466041 0.0482791 0.0523811   0.05448 0.0584735 0.0504262  0.045925   0.06337 0.0378006 0.0452247 0.0542966 0.0528615 0.0554018 0.0440587 0.0788364 0.0637566 0.0480283  0.049874 0.0631743 0.0530332  0.044999 0.0420664 0.0460987  0.054965 0.0630539 0.0510097 0.0536338 0.0477443 0.0644101 0.0586035  0.043384 0.0542549 0.0543704 0.0511195 0.0659069 0.0537662 0.0461193 0.0644594 0.0717493 0.0686519 0.0492807 0.0644857 0.0594234 0.0513721 0.0515016 0.0640707 0.0577115 0.0466814 0.0427885 0.0481374 0.0631756 0.0583768 0.0575957 0.0602368 0.0601295 0.0584711 0.0490261  0.051134 0.0423644 0.0556861 0.0376268 0.0364816 0.0598341 0.0530927 0.0521308 0.0500579 0.0414316 0.0446627 0.0354932 0.0416558 0.0354932 0.0416558
0.0426898 0.0481646 0.0520606 0.0554911 0.0579642 0.0716778  0.062945 0.0578336 0.0588819 0.0500619 0.0519472 0.0593049 0.0288934  0.050428 0.0437243 0.0474015  0.049775 0.0491676 0.0374094 0.0420177         0 0.0483647 0.0521972 0.0505587 0.0626056  0.048259 0.0554657 0.0623595 0.0680733 0.0441574 0.0512322 0.0391328  0.054263 0.0537769 0.0649648 0.0612219 0.0508212 0.0504428 0.0343477 0.0482315 0.0270342 0.0495679 0.0462323 0.0425459 0.0738104 0.0544163 0.0528026 0.0324275 0.0538622 0.0446568 0.0332938 0.0407649 0.0383071 0.0470759 0.0526501  0.032565 0.0468063 0.0314567 0.0518417 0.0524761 0.0410105 0.0487139 0.0454617 0.0509229  0.051948 0.0316054 0.0498372 0.0628387 0.0699054 0.0612593 0.0411635 0.0420302 0.0490225 0.0463858 0.0318352 0.0567013 0.0639062 0.0440273 0.0425901 0.0646253 0.0543746 0.0661987  0.052501 0.0406313 0.0391007 0.0447377 0.0386526 0.0451951 0.0205018 0.0500827 0.0556954 0.0242759 0.0590446 0.0336039 0.0473967 0.0466972 0.0426394 0.0386633 0.0289052 0.0280984 0.0289052 0.0280984
0.0510351 0.0365941 0.0503268 0.0686198 0.0526007 0.0796408  0.062194 0.0632699  0.044419 0.0607633 0.0569716 0.0626735 0.0489657 0.0620663 0.0499383 0.0561177 0.0453244 0.0498117 0.0570332 0.0195509 0.0483647         0 0.0554363 0.0567652 0.0767108 0.0600746  0.054968 0.0803379 0.0827351 0.0629592 0.0554807 0.0503546 0.0644653 0.0591756  0.059021 0.0541416 0.0465359 0.0717045 0.0447406 0.0452793 0.0583819 0.0573522 0.0593678 0.0468325 0.0854524 0.0680842 0.0507504 0.0572884 0.0625714 0.0555236 0.0517367 0.0451177 0.0396073 0.0571832 0.0646644 0.0587227 0.0493511 0.0523377 0.0597703 0.0626226 0.0464339  0.060544 0.0481763 0.0521245 0.0666904 0.0570076 0.0454138  0.070885 0.0735317 0.0732524 0.0498689 0.0633989 0.0598739 0.0584173 0.0586004  0.059386 0.0563352 0.0497293 0.0404646 0.0472963 0.0641207 0.0577379  0.055941   0.06883 0.0623391 0.0559857 0.0580722 0.0503271   0.04687  0.055953  0.046764 0.0424695 0.0616837 0.0601525 0.0516512 0.0445823 0.0426668 0.0513253 0.0421717 0.0456791 0.0421717 0.0456791
0.0459423 0.0691949 0.0724829 0.0702345 0.0661498 0.0668616 0.0577885 0.0611365 0.0621857 0.0618392 0.0448807 0.0609786  0.053534 0.0551589 0.0657897 0.0542606 0.0702191 0.0673335 0.0395133 0.0570069 0.0521972 0.0554363         0 0.0650145 0.0862753  0.054435  0.060711 0.0759484 0.0872088 0.0636067 0.0568641 0.0318904 0.0577642 0.0679125 0.0448156 0.0708083 0.0459164 0.0654922 0.0498636 0.0676605 0.0519167 0.0455396 0.0488583 0.0434279 0.0761515 0.0688333 0.0612015 0.0590837 0.0542126 0.0541404 0.0490838 0.0368231 0.0511367  0.062685 0.0400061 0.0652587 0.0622434 0.0315177 0.0371419 0.0592848 0.0356447 0.0545872 0.0576472 0.0506511 0.0470933 0.0455712 0.0623641 0.0579878 0.0672996 0.0578044 0.0521603 0.0681212 0.0460444 0.0496464  0.065987  0.056907 0.0366604 0.0458172 0.0387256 0.0583433 0.0375349 0.0428993 0.0551198 0.0522688 0.0575761 0.0632639 0.0570667 0.0675365 0.0507837 0.0419434 0.0666744 0.0559524 0.0343084 0.0499108 0.0373499 0.0470297 0.0535412 0.0446668 0.0495262 0.0474115 0.0495262 0.0474115
0.0607588 0.0618611 0.0662293 0.0751091 0.0668914 0.0792263  0.048239 0.0717521 0.0641798 0.0560217 0.0717487 0.0750215 0.0317643 0.0441185 0.0555033 0.0419492 0.0612831 0.0553357 0.0400339  0.052816 0.0505587 0.0567652 0.0650145         0 0.0800785 0.0754847 0.0734468 0.0842876 0.0920682 0.0483235  0.069005 0.0570173 0.0714322 0.0733745 0.0530336  0.059885 0.0626898 0.0525702 0.0588875 0.0624549 0.0457534 0.0418164 0.0535899 0.0629673 0.0833111  0.074747 0.0688019 0.0505701 0.0511745 0.0324282 0.0457667 0.0407833 0.0491572 0.0429658 0.0570521 0.0412549 0.0493729 0.0560617 0.0695349 0.0397196 0.0423533 0.0513048 0.0506572 0.0404714 0.0454996 0.0493059 0.0606523 0.0613517 0.0599629  0.045521 0.0365389 0.0586989 0.0567175 0.0417467 0.0337691 0.0546068 0.0522729 0.0402237 0.0407692 0.0685074 0.0592878 0.0662914 0.0542126  0.065595 0.0611073 0.0432152 0.0498206  0.042395 0.0470473 0.0485087 0.0634157  0.034109 0.0480942 0.0460002 0.0446761 0.0426186 0.0285479 0.0495794 0.0458657 0.0340402 0.0458657 0.0340402
0.0709225 0.0642515  0.055386 0.0276167 0.0661528 0.0766032 0.0654593 0.0532639 0.0831488 0.0842075 0.0562445 0.0633411  0.071566 0.0653426 0.0489607 0.0800201  0.064242 0.0505256 0.0775349  0.067855 0.0626056 0.0767108 0.0862753 0.0800785         0 0.0499357 0.0634682 0.0462716 0.0675839 0.0643508 0.0402593 0.0797719 0.0536401 0.0406681 0.0818703 0.0637192 0.0708534  0.053982 0.0674399  0.079738 0.0614007 0.0780074 0.0726309  0.055274 0.0543827 0.0572371 0.0792473 0.0812838 0.0690312 0.0765584 0.0802843 0.0669639  0.079928 0.0648911 0.0816115 0.0511307 0.0648404 0.0583259  0.078888 0.0606682 0.0674289 0.0717128 0.0665157 0.0703168 0.0693908 0.0623311 0.0658715 0.0633167 0.0813126 0.0718013 0.0721328 0.0662795 0.0537685 0.0700575 0.0603428 0.0676985 0.0933016 0.0773316 0.0796276 0.0852024 0.0762294 0.0897718 0.0886616 0.0607285 0.0514571  0.078416 0.0710597 0.0563426 0.0643285 0.0794456 0.0641638 0.0634022 0.0796991 0.0667233 0.0743523 0.0853566 0.0749398  0.072628 0.0530413 0.0608736 0.0530413 0.0608736
0.0588607 0.0542297 0.0448379 0.0351806 0.0639513  0.070673 0.0673482 0.0332963 0.0651625 0.0578373 0.0413492 0.0420275 0.0576252  0.056904 0.0466779 0.0617621 0.0571168 0.0464984 0.0566208  0.050646  0.048259 0.0600746  0.054435 0.0754847 0.0499357         0  0.036711 0.0424413  0.060167  0.062875 0.0296721 0.0484975 0.0264276 0.0392609 0.0626206 0.0636596 0.0556301 0.0480315 0.0456972 0.0628412 0.0559375 0.0562022 0.0501423 0.0344074 0.0514925 0.0523385 0.0612765 0.0639451 0.0589437 0.0669112 0.0576407 0.0508411 0.0640426 0.0632554 0.0680148 0.0508376 0.0663766 0.0339008 0.0561692  0.062963 0.0510127 0.0511245 0.0660518 0.0591671  0.065549 0.0465552 0.0554441 0.0487625 0.0697601 0.0666592 0.0639899 0.0674924 0.0457858 0.0558164  0.062381 0.0684001 0.0659844  0.062592 0.0653844 0.0636772 0.0556135 0.0592033 0.0675703 0.0311161 0.0540895 0.0775132 0.0541856 0.0619374 0.0471558 0.0642459 0.0446177 0.0542164  0.061793 0.0511768 0.0621346 0.0749101 0.0640495 0.0482954 0.0405414 0.0506482 0.0405414 0.0506482
0.0688254 0.0509244 0.0521445 0.0545407 0.0765096 0.0781706 0.0738592 0.0565796 0.0542094 0.0589404 0.0585413 0.0317743 0.0595638 0.0643045 0.0518966 0.0661537 0.0458608 0.0462051 0.0585404 0.0422047 0.0554657  0.054968  0.060711 0.0734468 0.0634682  0.036711         0 0.0662666 0.0836491 0.0774416 0.0412794 0.0501354 0.0454747 0.0576821 0.0695164  0.068426 0.0575475 0.0605556 0.0505915 0.0611091 0.0676948  0.055435 0.0529356 0.0482963 0.0712566 0.0694297 0.0702315 0.0664094 0.0660651 0.0754307 0.0609318 0.0579326 0.0673208 0.0662623 0.0753612 0.0583041 0.0791806 0.0473796 0.0716378 0.0681598  0.051391 0.0653296 0.0740255 0.0666071 0.0701174 0.0563775 0.0676133 0.0692122 0.0858426 0.0768007 0.0660777 0.0770228 0.0635781  0.050703  0.064085 0.0760191 0.0677005 0.0650468 0.0624434 0.0681915 0.0629823 0.0694365 0.0741494 0.0558715 0.0687048 0.0761889 0.0651379 0.0699481 0.0561462 0.0612865 0.0519073  0.060687 0.0668163 0.0524471 0.0591652 0.0769751 0.0609947 0.0589713 0.0511924 0.0577214 0.0511924 0.0577214
0.0606361  0.066332 0.0518846 0.0299561 0.0542099 0.0597164 0.0770252 0.0353822 0.0768782 0.0696321 0.0478626 0.0566618 0.0686061 0.0591388 0.0529291  0.065767 0.0705774 0.0509817 0.0735849 0.0732417 0.0623595 0.0803379 0.0759484 0.0842876 0.0462716 0.0424413 0.0662666         0  0.035338 0.0634686 0.0526212 0.0664893 0.0440051 0.0417048 0.0707503 0.0639087 0.0663927 0.0577534  0.053442 0.0677987  0.063014 0.0698567 0.0678499 0.0437264 0.0253747  0.031468  0.068963 0.0844897 0.0703595 0.0756409 0.0689764 0.0655579 0.0733617 0.0732928 0.0818301 0.0534969 0.0727164 0.0537872 0.0669888 0.0603709 0.0696449 0.0695219 0.0666927 0.0618275 0.0717863 0.0568202 0.0505461 0.0545001  0.075296 0.0712312 0.0665112 0.0654119  0.050729 0.0733959 0.0684926 0.0769202 0.0853534 0.0691448  0.078475 0.0747318 0.0606486 0.0784535 0.0716846  0.046025 0.0642338 0.0819943 0.0617182 0.0610296 0.0558653 0.0847725 0.0598607 0.0683612 0.0765673 0.0688992 0.0753188 0.0871121 0.0721013 0.0699179 0.0484559 0.0585459 0.0484559 0.0585459
0.0644147 0.0660647 0.0515641 0.0524982 0.0505629 0.0700963 0.0931463 0.0511264 0.0802683 0.0752926 0.0627678 0.0734648 0.0753985  0.071913 0.0603893 0.0702245 0.0763301 0.0642801 0.0855019 0.0784005 0.0680733 0.0827351 0.0872088 0.0920682 0.0675839  0.060167 0.0836491  0.035338         0 0.0631444 0.0726553 0.0777515 0.0599618 0.0521298 0.0815041 0.0662758 0.0775623  0.076818 0.0592391 0.0693087 0.0692255 0.0848714 0.0843864 0.0585623 0.0499674 0.0347042 0.0651134 0.0887066 0.0859943 0.0776708 0.0709238 0.0767817 0.0745322 0.0858972 0.0913124  0.066195 0.0735152 0.0702462 0.0721989 0.0757889 0.0862334 0.0767166 0.0710114 0.0704057 0.0886948 0.0697255 0.0456416 0.0668083 0.0783405 0.0836263 0.0734415 0.0681383 0.0669014 0.0930245 0.0788629 0.0898206 0.0959085 0.0750873 0.0882965 0.0724526 0.0749385 0.0856872 0.0694158 0.0577393 0.0759078 0.0883742 0.0622991  0.067608 0.0598621  0.100967 0.0617659 0.0726882 0.0910863 0.0852776 0.0921017 0.0900401 0.0808831 0.0765546 0.0583157 0.0674143 0.0583157 0.0674143
0.0429331 0.0539447 0.0503371 0.0535333 0.0488368 0.0607087 0.0563112 0.0622802 0.0646299 0.0641898 0.0561763 0.0683675 0.0458882 0.0415734 0.0390069 0.0474808 0.0583207  0.054863 0.0542209 0.0588774 0.0441574 0.0629592 0.0636067 0.0483235 0.0643508  0.062875 0.0774416 0.0634686 0.0631444         0 0.0616057 0.0629159 0.0557857 0.0510599 0.0561459 0.0409095 0.0631453 0.0585873 0.0517843 0.0681004  0.028331 0.0625637 0.0695532 0.0544137 0.0653637 0.0496102 0.0607576 0.0567592 0.0632346 0.0276174 0.0426974 0.0435513 0.0523968 0.0555651 0.0509346 0.0449573 0.0352268 0.0495399 0.0539993 0.0431278 0.0570966 0.0511755 0.0423436 0.0430082  0.051034  0.047919 0.0473347 0.0459038 0.0517796 0.0407414   0.03913 0.0437782 0.0451329 0.0657646 0.0427963 0.0594715 0.0687962 0.0389062 0.0553678 0.0580709 0.0536492 0.0698288 0.0500382 0.0497229 0.0459917 0.0508137 0.0302869 0.0412893 0.0398608 0.0690178 0.0563189 0.0367582 0.0534251 0.0601177 0.0611393 0.0453767  0.051039 0.0485457 0.0381601 0.0351338 0.0381601 0.0351338
0.0595404 0.0581698 0.0515664 0.0376438 0.0607933 0.0711589 0.0529346 0.0378059 0.0665373 0.0651344   0.03903 0.0517388 0.0606196 0.0599768 0.0458261 0.0685088 0.0537435 0.0432655 0.0574769 0.0466041 0.0512322 0.0554807 0.0568641  0.069005 0.0402593 0.0296721 0.0412794 0.0526212 0.0726553 0.0616057         0 0.0576961 0.0342978 0.0455498  0.061482 0.0605917 0.0512561 0.0463247 0.0518526 0.0716514 0.0534166 0.0586924 0.0515424 0.0390888 0.0578313 0.0573819 0.0572554  0.064577 0.0576937 0.0619859  0.064356 0.0453167 0.0684687 0.0607556 0.0577824 0.0502789  0.057662 0.0364856 0.0640404 0.0542703 0.0426947 0.0532044 0.0626872  0.056744 0.0583233 0.0527055 0.0566617 0.0500688 0.0699345 0.0628722 0.0642666  0.071457 0.0430421 0.0504532 0.0598512 0.0583346  0.066135 0.0616764 0.0580749 0.0634458 0.0623648 0.0594611 0.0771352 0.0478826 0.0469963 0.0749576 0.0585523 0.0584219  0.055183  0.056014 0.0462667 0.0513228 0.0566911 0.0503823 0.0540197 0.0688649 0.0611652 0.0505984 0.0409222 0.0496639 0.0409222 0.0496639
0.0439154 0.0578569 0.0610865 0.0637804 0.0651859 0.0699937 0.0641164  0.056206 0.0540315 0.0439184 0.0526142 0.0512434 0.0345593 0.0463186 0.0581071  0.036571 0.0620101 0.0543872   0.02947 0.0482791 0.0391328 0.0503546 0.0318904 0.0570173 0.0797719 0.0484975 0.0501354 0.0664893 0.0777515 0.0629159 0.0576961         0 0.0543264 0.0612008   0.04679  0.068706 0.0486397 0.0553962 0.0360462  0.046295 0.0482278 0.0286358 0.0331705 0.0383873 0.0720851 0.0614672 0.0624583 0.0504635  0.047446 0.0549406 0.0363089 0.0368918 0.0364924 0.0527112 0.0547749   0.04858 0.0642512 0.0304862 0.0421624 0.0536272 0.0339492  0.050698 0.0529093 0.0433806 0.0495757 0.0310734 0.0561442 0.0602471 0.0671834 0.0610406 0.0413308 0.0571102 0.0473932 0.0400717 0.0527261 0.0587836 0.0405071 0.0414233  0.035715  0.059688 0.0352082 0.0477058 0.0412383 0.0433522 0.0591998 0.0548142 0.0511635 0.0572833 0.0322235 0.0440735 0.0584248 0.0472786 0.0476166 0.0369314 0.0362167  0.051588 0.0398209 0.0413149 0.0373549  0.035116 0.0373549  0.035116
0.0583813 0.0574447 0.0426477 0.0361657 0.0628009 0.0614701  0.067391 0.0351447 0.0609677 0.0512752 0.0475356 0.0421114  0.059901 0.0518435 0.0389157 0.0572403 0.0556973 0.0423955 0.0583613 0.0523811  0.054263 0.0644653 0.0577642 0.0714322 0.0536401 0.0264276 0.0454747 0.0440051 0.0599618 0.0557857 0.0342978 0.0543264         0  0.044208 0.0530107 0.0539741 0.0595742 0.0518652 0.0437399 0.0695168 0.0556342 0.0564523 0.0584685 0.0418241  0.047501 0.0476766 0.0585853 0.0667236 0.0685914  0.059619 0.0523448 0.0468683 0.0702934 0.0695242 0.0618909 0.0534076 0.0680811 0.0420585 0.0636988  0.055068 0.0538507  0.049881 0.0697715 0.0517711 0.0666522 0.0544841 0.0543202 0.0362024 0.0621503 0.0583769 0.0615503 0.0741074 0.0493847 0.0595002 0.0645111 0.0754461 0.0651307 0.0536984 0.0642689 0.0541419 0.0549177 0.0552849 0.0651831 0.0348984  0.061902 0.0813424 0.0427441 0.0650127 0.0507315 0.0713691  0.036688 0.0556152  0.057059 0.0586071 0.0647108 0.0738147 0.0626731 0.0472731 0.0383629 0.0498234 0.0383629 0.0498234
0.0529381 0.0439081 0.0378445 0.0241838 0.0497939 0.0626436 0.0603667  0.043615 0.0672167 0.0743224  0.042875 0.0487795 0.0579089 0.0455567 0.0370085 0.0596862 0.0593786 0.0485608 0.0659917   0.05448 0.0537769 0.0591756 0.0679125 0.0733745 0.0406681 0.0392609 0.0576821 0.0417048 0.0521298 0.0510599 0.0455498 0.0612008  0.044208         0 0.0613273  0.046886 0.0564942 0.0570431  0.051771 0.0605537 0.0526913  0.065243  0.066976 0.0358528 0.0475321 0.0463565 0.0690848  0.071497 0.0589326 0.0645835 0.0632296 0.0518122 0.0573884 0.0532851 0.0738572 0.0515356 0.0537678 0.0472162 0.0511656  0.057861 0.0600668 0.0569784 0.0504329 0.0545097  0.063133 0.0473778 0.0478211 0.0479239 0.0615334 0.0591559 0.0553186 0.0495052 0.0404814  0.068065 0.0570722 0.0594922 0.0737778 0.0610333 0.0679565 0.0657088    0.0548 0.0713571  0.061039 0.0468585 0.0480433 0.0663447 0.0571868  0.046159 0.0464043 0.0739265  0.050466  0.053755 0.0653727 0.0642491 0.0665659 0.0678126 0.0638486 0.0558661 0.0395494 0.0473502 0.0395494 0.0473502
 0.050811 0.0667045 0.0631541 0.0644356 0.0593245 0.0618721 0.0487086 0.0544503 0.0605058 0.0572809   0.05594 0.0621257 0.0516287 0.0366398  0.057354 0.0380112 0.0719085 0.0571172 0.0467932 0.0584735 0.0649648  0.059021 0.0448156 0.0530336 0.0818703 0.0626206 0.0695164 0.0707503 0.0815041 0.0561459  0.061482   0.04679 0.0530107 0.0613273         0 0.0547779  0.055989 0.0600569 0.0537096 0.0680536 0.0567673 0.0378127 0.0550049 0.0483562 0.0644812 0.0635957 0.0668554 0.0703517 0.0542636 0.0456534  0.051152 0.0303232 0.0547783 0.0587786 0.0507544 0.0606159   0.05981 0.0496441 0.0508112 0.0410665 0.0430324 0.0483611 0.0554375 0.0252585 0.0487154 0.0515321 0.0551236 0.0368805 0.0420398 0.0395365 0.0439302 0.0701626 0.0426437 0.0539667 0.0648222 0.0578261 0.0311431 0.0369689 0.0433486 0.0491744 0.0368824 0.0353018 0.0440547 0.0570981  0.068355 0.0667108 0.0525398 0.0574198 0.0534281 0.0582365 0.0540468 0.0569759 0.0313429 0.0608593 0.0454419 0.0511144  0.045374 0.0469518 0.0442686 0.0418134 0.0442686 0.0418134
0.0462143 0.0375936 0.0367415 0.0492385 0.0417938 0.0523701 0.0644644 0.0634828 0.0432297 0.0664436 0.0570747 0.0531967 0.0606435 0.0479114 0.0275939 0.0531886 0.0417103 0.0402391 0.0715312 0.0504262 0.0612219 0.0541416 0.0708083  0.059885 0.0637192 0.0636596  0.068426 0.0639087 0.0662758 0.0409095 0.0605917  0.068706 0.0539741  0.046886 0.0547779         0 0.0609396 0.0745569 0.0488218 0.0603897 0.0572875 0.0691058 0.0797759 0.0524958 0.0604046 0.0456772 0.0649392 0.0784263 0.0755841 0.0518322 0.0526496 0.0536209 0.0585889  0.067232 0.0694739 0.0580301  0.052826 0.0610177 0.0660211 0.0472469 0.0643936 0.0703554 0.0476969  0.045979 0.0653101 0.0641007 0.0415246 0.0547597 0.0681457 0.0577784 0.0426834 0.0587154 0.0562842 0.0731631 0.0591534 0.0718395 0.0742095  0.040964 0.0593077 0.0436655 0.0558316 0.0747894 0.0543662 0.0672631 0.0671686 0.0596277 0.0442259 0.0455104 0.0526797 0.0798912 0.0475024 0.0545671 0.0614911 0.0761823  0.066272 0.0574821 0.0508815 0.0657654 0.0420667 0.0490829 0.0420667 0.0490829
 0.053579 0.0581318 0.0667154 0.0616928 0.0482715 0.0515042 0.0516499 0.0513435 0.0627763 0.0706398 0.0303518 0.0592109   0.05468 0.0522593 0.0516637 0.0627983 0.0615499  0.059224 0.0534345  0.045925 0.0508212 0.0465359 0.0459164 0.0626898 0.0708534 0.0556301 0.0575475 0.0663927 0.0775623 0.0631453 0.0512561 0.0486397 0.0595742 0.0564942  0.055989 0.0609396         0  0.066915 0.0422744 0.0539506 0.0559216 0.0558942 0.0602591 0.0279248 0.0653043 0.0607969 0.0463533 0.0591877 0.0588888 0.0614592 0.0564979 0.0405265  0.053135  0.051153 0.0572892 0.0614067 0.0585677 0.0401474 0.0543436 0.0596224 0.0385421 0.0603382 0.0544637 0.0569726 0.0546266 0.0515557 0.0468305  0.063006 0.0752002 0.0617183 0.0516281 0.0637095 0.0518122  0.049227 0.0562042 0.0556184   0.05539 0.0508226 0.0440133 0.0669746 0.0521947 0.0632086 0.0654777 0.0624548 0.0519814 0.0565784   0.06042 0.0578783 0.0521084 0.0475365  0.065978 0.0498374  0.047484 0.0542122 0.0431299 0.0483793 0.0521868  0.049643 0.0444012 0.0478231 0.0444012 0.0478231
0.0686507 0.0712489 0.0631387 0.0522627 0.0735361  0.084271 0.0491032 0.0456692 0.0825472 0.0607172 0.0602098 0.0679388  0.043551 0.0483421 0.0596577 0.0553025 0.0729278 0.0546064 0.0412628   0.06337 0.0504428 0.0717045 0.0654922 0.0525702  0.053982 0.0480315 0.0605556 0.0577534  0.076818 0.0585873 0.0463247 0.0553962 0.0518652 0.0570431 0.0600569 0.0745569  0.066915         0 0.0633277 0.0731172 0.0464883 0.0413927 0.0343736 0.0528571 0.0623447 0.0683148 0.0734597 0.0559717 0.0359044  0.054133 0.0621782 0.0453092 0.0641429 0.0440159 0.0634005 0.0320557 0.0584776  0.042153 0.0646722 0.0476728 0.0427631 0.0371449 0.0628955 0.0503957 0.0479307 0.0373015 0.0663332 0.0461883 0.0544897 0.0489114 0.0591824 0.0631103 0.0399682 0.0387277 0.0446638  0.051269 0.0595773 0.0636185 0.0616516 0.0808411 0.0604253 0.0615179 0.0693506  0.038472 0.0481511 0.0687541 0.0596718  0.051123 0.0490182 0.0509647 0.0592146 0.0453037 0.0556029 0.0325049 0.0534064 0.0706243   0.05542 0.0452581 0.0452336 0.0406604 0.0452336 0.0406604
0.0372589 0.0428433 0.0441709 0.0518447 0.0465165 0.0532314 0.0699415 0.0493346 0.0405826 0.0390767 0.0459202  0.045762 0.0422992 0.0483099  0.035398 0.0419946 0.0432302 0.0375174 0.0498428 0.0378006 0.0343477 0.0447406 0.0498636 0.0588875 0.0674399 0.0456972 0.0505915  0.053442 0.0592391 0.0517843 0.0518526 0.0360462 0.0437399  0.051771 0.0537096 0.0488218 0.0422744 0.0633277         0  0.036098 0.0476216 0.0494396 0.0546086 0.0321838 0.0610009 0.0388858 0.0442344 0.0547548  0.066459 0.0532763  0.028838 0.0420825 0.0434069 0.0610228 0.0596062  0.045695  0.059964 0.0385341 0.0561117 0.0506676 0.0459246  0.058769 0.0509392 0.0447798 0.0617319 0.0458601  0.035655 0.0589707 0.0731854 0.0656178 0.0390733 0.0562846 0.0540675 0.0532703 0.0503488 0.0701602 0.0614591 0.0337483  0.041895  0.047491 0.0466772 0.0601447 0.0456892 0.0474109 0.0600947 0.0560873 0.0346294 0.0518084 0.0297025   0.06228 0.0458265  0.042361 0.0583048 0.0519808 0.0506118 0.0538514 0.0398609 0.0474201 0.0241419 0.0362507 0.0241419 0.0362507
