0 1:  0.246964  0.161943  0.137652 0.0323887  0.396761 0.0242915
0 2:  0.256303  0.193277  0.113445 0.0252101  0.394958 0.0168067
0 3:  0.240506  0.156118  0.113924 0.0421941  0.421941 0.0253165
0 4:  0.261905  0.170635  0.123016 0.0396825  0.392857 0.0119048
0 5:  0.250000  0.182203  0.127119 0.0381356  0.372881 0.0296610
1 2:  0.254545  0.136364  0.159091 0.0318182  0.395455 0.0227273
1 3:  0.278970  0.128755  0.115880 0.0300429  0.429185 0.0171674
1 4:  0.316964  0.147321  0.138393 0.0312500  0.348214 0.0178571
1 5:  0.263830  0.136170  0.123404 0.0425532  0.404255 0.0297872
2 3:  0.313901  0.143498  0.085202 0.0224215  0.417040 0.0179372
2 4:  0.299065  0.130841  0.158879 0.0467290  0.364486 0.0000000
2 5:  0.276699  0.145631  0.131068 0.0436893  0.393204 0.0097087
3 4:  0.186170  0.159574  0.053192 0.0053192  0.585106 0.0106383
3 5:  0.149701  0.167665  0.047904 0.0239521  0.598802 0.0119760
4 5:  0.163636  0.157576  0.078788 0.0363636  0.557576 0.0060606
avg   0.250611  0.154505  0.113797 0.0327833  0.431515 0.0167894
mcmc  0.224659  0.135836  0.072125 0.0164700  0.543790 0.0071209
bmcmc 0.239928  0.156600  0.083767 0.0189883  0.492537 0.0081797


