
Alignment summary:
 Camel: A=335 C=315 G=170 T=320
 Dolphin: A=350 C=336 G=144 T=310
 Pig: A=359 C=328 G=150 T=303
 Cow: A=356 C=344 G=153 T=287
 Sheep: A=359 C=322 G=148 T=311
 Giraffe: A=357 C=327 G=149 T=307

Jukes-Cantor Distance Matrix:

       0 0.255695 0.244674  0.24346 0.261888 0.242247
0.255695        0 0.223107 0.238621 0.227847 0.241036
0.244674 0.223107        0 0.226659 0.216054 0.206752
 0.24346 0.238621 0.226659        0 0.186234 0.162984
0.261888 0.227847 0.216054 0.186234        0 0.160807
0.242247 0.241036 0.206752 0.162984 0.160807        0


Tree topology:
(1,(2,3),(4,(5,6)));

Seed = 1092220590
stationary acceptance: 0.376146
symmetric acceptance: 0.452786
 0.28712  0.25834 0.154706 0.299834
 0.237175  0.162236 0.0901009 0.0233192  0.476335 0.0108345

 -0.85245  0.413023  0.282522  0.156904
 0.459036  -1.42608 0.0451328  0.921915
 0.524336 0.0753663 -0.634719 0.0350163
 0.150251  0.794331 0.0180674  -0.96265

stationary acceptance: 0.380582
symmetric acceptance: 0.457821
0.288283 0.259204 0.152177 0.300336
  0.241782   0.160637  0.0875916  0.0214896   0.480119 0.00838095

-0.849879  0.419349   0.27861   0.15192
 0.466393  -1.43399  0.041453   0.92614
 0.527797 0.0706073 -0.625941 0.0275369
 0.145822  0.799302 0.0139526 -0.959077

GTR Distance Matrix:

       0 0.266555 0.252148 0.252298 0.272414 0.253411
0.266555        0 0.230962 0.243353 0.235264 0.250077
0.252148 0.230962        0 0.229529 0.223353 0.212295
0.252298 0.243353 0.229529        0 0.184366  0.16161
0.272414 0.235264 0.223353 0.184366        0 0.161289
0.253411 0.250077 0.212295  0.16161 0.161289        0

GTR Tree
(1:0.1418063,(2:0.1239166,3:0.1070455):0.0020643,(4:0.0867894,(5:0.0853951,6:0.0758940):0.0055542):0.0293045);
MLE Branch Lengths
(1:0.1493909,(2:0.1253048,3:0.1071769):0.0206340,(4:0.0823987,(5:0.0872060,6:0.0761396):0.0211405):0.0483486);

Topology counts to file
Seed = 2839380510
Seeds per core: 
     2953847665
      511084967
     3128414202
     2388346585
     3622504172
     2214085297
     1338401797
     3631588146
ESS = 440.45, or 44.05 percent.
Times: 
0
1
1
0
0
21107
0
554
1
2
28898
