Pi: 0.286983  0.26941 0.146721 0.296886
S:   0.235726   0.155639  0.0865929  0.0202586   0.493426 0.00835778
