Pi: 0.286015 0.270448 0.147137   0.2964
S:   0.239071   0.156152  0.0825922  0.0201329   0.494088 0.00796336
