Pi:  0.28749 0.270824 0.145471 0.296215
S:   0.236893   0.155652  0.0866144  0.0203652   0.492547 0.00792915
