Pi: 0.287134 0.269542 0.147194 0.296131
S:   0.234908   0.158949  0.0863679  0.0205862   0.490754 0.00843483
