Processing command line ... done.
Reading alignment from FASTA file ... done.

Alignment summary:
 Camel: A=335 C=315 G=170 T=320
 Dolphin: A=350 C=336 G=144 T=310
 Pig: A=359 C=328 G=150 T=303
 Cow: A=356 C=344 G=153 T=287
 Sheep: A=359 C=322 G=148 T=311
 Giraffe: A=357 C=327 G=149 T=307

Finding initial Jukes-Cantor pairwise distances ... done.

       0 0.255695 0.244674  0.24346 0.261888 0.242247
0.255695        0 0.223107 0.238621 0.227847 0.241036
0.244674 0.223107        0 0.226659 0.216054 0.206752
 0.24346 0.238621 0.226659        0 0.186234 0.162984
0.261888 0.227847 0.216054 0.186234        0 0.160807
0.242247 0.241036 0.206752 0.162984 0.160807        0

Finding initial neighbor-joining tree ... done.

Tree topology:
(1,(2,3),(4,(5,6)));

Initializing random number generator ... done.
Seed = 3300051524
stationary acceptance: 0.380609
symmetric acceptance: 0.442638
0.288145 0.257428 0.153696 0.300731
 0.237136  0.165785 0.0901891 0.0237686  0.472065 0.0110565

-0.855662  0.411487  0.287676    0.1565
 0.460586  -1.42364 0.0461654  0.916888
 0.539329 0.0773235 -0.652621  0.035969
  0.14995  0.784862 0.0183828 -0.953195

stationary acceptance: 0.387312
symmetric acceptance: 0.461008
 0.28607  0.25979 0.152846 0.301294
    0.2393   0.156867  0.0876995  0.0194708   0.487684 0.00897893

-0.845714  0.418254  0.274176  0.153284
 0.460564  -1.43665 0.0374741  0.938612
 0.513152  0.063694 -0.606218 0.0293724
 0.145538  0.809317 0.0149006 -0.969755

Finding initial GTR pairwise distances ... done.

       0  0.26712 0.252695 0.252888 0.273173 0.253934
 0.26712        0 0.231368 0.243846 0.235718 0.250543
0.252695 0.231368        0  0.22995 0.223976 0.212783
0.252888 0.243846  0.22995        0 0.184587  0.16183
0.273173 0.235718 0.223976 0.184587        0 0.161551
0.253934 0.250543 0.212783  0.16183 0.161551        0

Beginning 10000 bootstrap replicates ...
|**********|**********|**********|**********|**********|**********|**********|**********|**********|**********|
done.

Topology counts:
(1,(((2,3),5),4),6);     1
(1,(((2,3),5),6),4);     2
(1,(((2,5),4),6),3);     1
(1,((2,(3,5)),4),6);     1
(1,((2,3),(5,6)),4);     6
(1,((2,3),5),(4,6));     3
(1,((2,5),(4,6)),3);    10
(1,((2,5),3),(4,6));     7
(1,(2,((4,5),6)),3);    29
(1,(2,((4,6),5)),3);  1361
(1,(2,(3,(5,6))),4);     4
(1,(2,(3,5)),(4,6));     1
(1,(2,(4,(5,6))),3);  1071
(1,(2,3),((4,5),6));   103
(1,(2,3),((4,6),5));  1015
(1,(2,3),(4,(5,6)));  2460
(1,2,(((3,5),6),4));     1
(1,2,(((3,6),4),5));     1
(1,2,((3,(5,6)),4));     6
(1,2,((3,5),(4,6)));     2
(1,2,(3,((4,5),6)));   125
(1,2,(3,((4,6),5)));  1757
(1,2,(3,(4,(5,6))));  2033

Generating 1000 random trees:
|**********|**********|**********|********