Processing command line ... done.
Reading alignment from FASTA file ... done.

Alignment summary:
 Camel: A=335 C=315 G=170 T=320
 Dolphin: A=350 C=336 G=144 T=310
 Pig: A=359 C=328 G=150 T=303
 Cow: A=356 C=344 G=153 T=287
 Sheep: A=359 C=322 G=148 T=311
 Giraffe: A=357 C=327 G=149 T=307

Finding initial Jukes-Cantor pairwise distances ... done.

       0 0.255695 0.244674  0.24346 0.261888 0.242247
0.255695        0 0.223107 0.238621 0.227847 0.241036
0.244674 0.223107        0 0.226659 0.216054 0.206752
 0.24346 0.238621 0.226659        0 0.186234 0.162984
0.261888 0.227847 0.216054 0.186234        0 0.160807
0.242247 0.241036 0.206752 0.162984 0.160807        0

Finding initial neighbor-joining tree ... done.

Tree topology:
(1,(2,3),(4,(5,6)));

Initializing random number generator ... done.
Seed = 655762791
stationary acceptance: 0.369836
symmetric acceptance: 0.451597
0.285875 0.259131 0.157513 0.297481
 0.232985  0.167495 0.0879986 0.0243068   0.47451 0.0127037

-0.854358  0.407495  0.292952  0.153911
  0.44955  -1.41203 0.0469006  0.915578
 0.531688 0.0771582 -0.649172 0.0403258
 0.147907  0.797548 0.0213521 -0.966807

stationary acceptance: 0.390718
symmetric acceptance: 0.466333
0.286824 0.260755 0.152486 0.299934
 0.238709   0.15835  0.085402 0.0212458  0.487136 0.0091566

 -0.84104  0.416124  0.276041  0.148875
 0.457726  -1.43255 0.0407389  0.934086
 0.519229 0.0696647 -0.618918 0.0300244
 0.142368  0.812072 0.0152644 -0.969704

Finding initial GTR pairwise distances ... done.

       0 0.267271 0.252847 0.252946 0.273255 0.254033
0.267271        0 0.231585 0.244032 0.235922 0.250677
0.252847 0.231585        0 0.230127 0.224113 0.212905
0.252946 0.244032 0.230127        0 0.184766 0.161938
0.273255 0.235922 0.224113 0.184766        0 0.161644
0.254033 0.250677 0.212905 0.161938 0.161644        0

Beginning 10000 bootstrap replicates ...
|**********|**********|**********|**********|**********|**********|**********|**********|**********|**********|
done.

Topology counts:
(1,(((2,3),5),4),6);     1
(1,(((2,3),5),6),4);     3
(1,(((2,4),5),6),3);     1
(1,((2,3),(5,6)),4);     7
(1,((2,3),5),(4,6));     6
(1,((2,5),(4,6)),3);    13
(1,((2,5),3),(4,6));     8
(1,(2,((4,5),6)),3);    26
(1,(2,((4,6),5)),3);  1363
(1,(2,(3,(5,6))),4);     2
(1,(2,(4,(5,6))),3);  1077
(1,(2,3),((4,5),6));   121
(1,(2,3),((4,6),5));  1055
(1,(2,3),(4,(5,6)));  2403
(1,(2,5),(3,(4,6)));     1
(1,2,((3,(5,6)),4));     3
(1,2,((3,4),(5,6)));     1
(1,2,((3,6),(4,5)));     1
(1,2,(3,((4,5),6)));   135
(1,2,(3,((4,6),5)));  1863
(1,2,(3,(4,(5,6))));  1910

Generating 1000 random trees:
|**********|**********|**********|**********|**********|**********|**********|**********|**********|**********|
done.
ESS = 358.96, or 35.90 percent.
