Processing command line ... done.
Reading alignment from FASTA file ... done.

Alignment summary:
 Camel: A=335 C=315 G=170 T=320
 Dolphin: A=350 C=336 G=144 T=310
 Pig: A=359 C=328 G=150 T=303
 Cow: A=356 C=344 G=153 T=287
 Sheep: A=359 C=322 G=148 T=311
 Giraffe: A=357 C=327 G=149 T=307

Finding initial Jukes-Cantor pairwise distances ... done.

       0 0.255695 0.244674  0.24346 0.261888 0.242247
0.255695        0 0.223107 0.238621 0.227847 0.241036
0.244674 0.223107        0 0.226659 0.216054 0.206752
 0.24346 0.238621 0.226659        0 0.186234 0.162984
0.261888 0.227847 0.216054 0.186234        0 0.160807
0.242247 0.241036 0.206752 0.162984 0.160807        0

Finding initial neighbor-joining tree ... done.

Tree topology:
(1,(2,3),(4,(5,6)));

Initializing random number generator ... done.
Seed = 857105356
stationary acceptance: 0.369343
symmetric acceptance: 0.438408
0.288784 0.256783 0.154234 0.300199
 0.235687  0.168533 0.0887662 0.0224128  0.472337 0.0122646

-0.853554  0.408067  0.291797   0.15369
 0.458921  -1.42228 0.0436415  0.919719
 0.546356 0.0726587 -0.658775   0.03976
 0.147845  0.786706 0.0204275 -0.954979

stationary acceptance: 0.380682
symmetric acceptance: 0.463248
0.286853 0.259757 0.152172 0.301218
  0.243268   0.155828  0.0879916  0.0226934    0.48241 0.00780798

-0.849022   0.42403  0.271617  0.153374
 0.468261  -1.44052 0.0436819  0.928579
 0.512013 0.0745648 -0.612233 0.0256551
  0.14606  0.800766 0.0129607 -0.959787

Finding initial GTR pairwise distances ... done.

       0 0.266673 0.252272  0.25237 0.272436 0.253543
0.266673        0 0.231004 0.243365 0.235287 0.250109
0.252272 0.231004        0 0.229593 0.223232 0.212239
 0.25237 0.243365 0.229593        0 0.184433 0.161622
0.272436 0.235287 0.223232 0.184433        0 0.161257
0.253543 0.250109 0.212239 0.161622 0.161257        0

Beginning 10000 bootstrap replicates ...
|**********|**********|**********|**********|**********|**********|**********|**********|**********|**********|
done.

Topology counts:
(1,(((2,3),5),4),6);     1
(1,(((2,3),5),6),4);     3
(1,((2,3),(5,6)),4);     8
(1,((2,3),5),(4,6));     4
(1,((2,4),(5,6)),3);     2
(1,((2,5),(4,6)),3);    11
(1,((2,5),3),(4,6));     5
(1,(2,((4,5),6)),3);     5
(1,(2,((4,6),5)),3);  1395
(1,(2,(3,(5,6))),4);     5
(1,(2,(4,(5,6))),3);  1008
(1,(2,3),((4,5),6));    98
(1,(2,3),((4,6),5));  1062
(1,(2,3),(4,(5,6)));  2360
(1,(2,4),(3,(5,6)));     1
(1,(2,5),(3,(4,6)));     1
(1,2,(((3,5),6),4));     1
(1,2,(((3,6),5),4));     1
(1,2,((3,(5,6)),4));    14
(1,2,((3,5),(4,6)));     1
(1,2,(3,((4,5),6)));   121
(1,2,(3,((4,6),5)));  1825
(1,2,(3,(4,(5,6))));  2068

Generating 1000 random trees:
|**********|**********|**********|**********|**********|**********|**********|**********|**********|**********|
done.
ESS = 27.48, or 2.75 percent.
