Pi: 0.289084 0.271045 0.145619 0.294252
S:   0.237209   0.156712  0.0865712  0.0199891    0.49127 0.00824882
